0.000000E+0	8.973956E-3
5.000000E-6	9.108305E-3
1.000000E-5	9.009600E-3
1.500000E-5	9.138465E-3
2.000000E-5	9.190559E-3
2.500000E-5	9.128869E-3
3.000000E-5	9.228945E-3
3.500000E-5	9.213865E-3
4.000000E-5	9.267330E-3
4.500000E-5	9.094596E-3
5.000000E-5	9.080887E-3
5.500000E-5	9.111047E-3
6.000000E-5	9.191930E-3
6.500000E-5	9.068549E-3
7.000000E-5	9.058952E-3
7.500000E-5	8.941054E-3
8.000000E-5	8.994520E-3
8.500000E-5	9.053469E-3
9.000000E-5	9.071290E-3
9.500000E-5	9.153545E-3
1.000000E-4	9.268701E-3
1.050000E-4	9.126127E-3
1.100000E-4	9.020567E-3
1.150000E-4	9.169996E-3
1.200000E-4	9.290636E-3
1.250000E-4	9.138465E-3
1.300000E-4	9.164512E-3
1.350000E-4	9.026051E-3
1.400000E-4	8.913636E-3
1.450000E-4	9.034276E-3
1.500000E-4	8.980811E-3
1.550000E-4	9.160399E-3
1.600000E-4	9.085000E-3
1.650000E-4	9.249508E-3
1.700000E-4	9.219348E-3
1.750000E-4	9.231687E-3
1.800000E-4	9.180963E-3
1.850000E-4	9.156287E-3
1.900000E-4	9.234428E-3
1.950000E-4	8.997262E-3
2.000000E-4	8.867025E-3
2.050000E-4	9.093225E-3
2.100000E-4	9.117901E-3
2.150000E-4	9.261847E-3
2.200000E-4	9.230316E-3
2.250000E-4	8.993149E-3
2.300000E-4	9.172738E-3
2.350000E-4	8.998632E-3
2.400000E-4	8.912265E-3
2.450000E-4	8.834124E-3
2.500000E-4	8.851945E-3
2.550000E-4	9.005487E-3
2.600000E-4	9.138465E-3
2.650000E-4	9.185076E-3
2.700000E-4	9.253621E-3
2.750000E-4	9.145319E-3
2.800000E-4	9.119272E-3
2.850000E-4	9.053469E-3
2.900000E-4	9.138465E-3
2.950000E-4	9.253621E-3
3.000000E-4	9.294748E-3
3.050000E-4	9.239912E-3
3.100000E-4	9.198785E-3
3.150000E-4	9.178221E-3
3.200000E-4	9.113789E-3
3.250000E-4	8.969843E-3
3.300000E-4	8.990407E-3
3.350000E-4	9.108305E-3
3.400000E-4	9.060323E-3
3.450000E-4	8.957505E-3
3.500000E-4	9.117901E-3
3.550000E-4	9.242654E-3
3.600000E-4	9.008229E-3
3.650000E-4	8.864284E-3
3.700000E-4	8.935571E-3
3.750000E-4	9.061694E-3
3.800000E-4	9.104192E-3
3.850000E-4	8.975327E-3
3.900000E-4	8.993149E-3
3.950000E-4	9.148061E-3
4.000000E-4	9.116530E-3
4.050000E-4	9.156287E-3
4.100000E-4	9.276927E-3
4.150000E-4	9.097338E-3
4.200000E-4	9.052098E-3
4.250000E-4	9.115160E-3
4.300000E-4	9.004116E-3
4.350000E-4	9.152174E-3
4.400000E-4	9.063065E-3
4.450000E-4	8.987665E-3
4.500000E-4	9.002745E-3
4.550000E-4	9.028792E-3
4.600000E-4	8.968472E-3
4.650000E-4	9.237170E-3
4.700000E-4	8.961618E-3
4.750000E-4	9.196043E-3
4.800000E-4	9.231687E-3
4.850000E-4	9.215236E-3
4.900000E-4	9.167254E-3
4.950000E-4	9.019196E-3
5.000000E-4	9.216607E-3
5.050000E-4	9.145319E-3
5.100000E-4	8.868396E-3
5.150000E-4	9.097338E-3
5.200000E-4	9.260476E-3
5.250000E-4	9.189188E-3
5.300000E-4	9.157658E-3
5.350000E-4	9.128869E-3
5.400000E-4	9.030163E-3
5.450000E-4	8.938313E-3
5.500000E-4	9.082258E-3
5.550000E-4	9.122014E-3
5.600000E-4	9.161770E-3
5.650000E-4	8.976698E-3
5.700000E-4	9.148061E-3
5.750000E-4	9.049356E-3
5.800000E-4	9.049356E-3
5.850000E-4	9.091854E-3
5.900000E-4	9.215236E-3
5.950000E-4	9.141207E-3
6.000000E-4	9.135723E-3
6.050000E-4	9.197414E-3
6.100000E-4	9.197414E-3
6.150000E-4	9.138465E-3
6.200000E-4	9.080887E-3
6.250000E-4	8.964360E-3
6.300000E-4	8.917749E-3
6.350000E-4	9.034276E-3
6.400000E-4	9.139836E-3
6.450000E-4	9.283781E-3
6.500000E-4	9.222090E-3
6.550000E-4	8.806705E-3
6.600000E-4	8.919120E-3
6.650000E-4	9.068549E-3
6.700000E-4	9.028792E-3
6.750000E-4	9.205639E-3
6.800000E-4	9.091854E-3
6.850000E-4	9.274185E-3
6.900000E-4	9.037018E-3
6.950000E-4	9.231687E-3
7.000000E-4	9.137094E-3
7.050000E-4	9.212494E-3
7.100000E-4	9.207010E-3
7.150000E-4	9.190559E-3
7.200000E-4	8.927345E-3
7.250000E-4	8.984923E-3
7.300000E-4	9.089112E-3
7.350000E-4	9.075403E-3
7.400000E-4	9.095967E-3
7.450000E-4	9.196043E-3
7.500000E-4	9.268701E-3
7.550000E-4	9.169996E-3
7.600000E-4	9.098709E-3
7.650000E-4	9.174109E-3
7.700000E-4	9.093225E-3
7.750000E-4	8.983552E-3
7.800000E-4	9.131610E-3
7.850000E-4	9.126127E-3
7.900000E-4	9.141207E-3
7.950000E-4	9.163141E-3
8.000000E-4	8.997262E-3
8.050000E-4	9.102821E-3
8.100000E-4	9.183705E-3
8.150000E-4	8.987665E-3
8.200000E-4	9.001374E-3
8.250000E-4	9.141207E-3
8.300000E-4	9.180963E-3
8.350000E-4	9.027421E-3
8.400000E-4	9.135723E-3
8.450000E-4	9.034276E-3
8.500000E-4	8.913636E-3
8.550000E-4	9.042501E-3
8.600000E-4	9.131610E-3
8.650000E-4	8.990407E-3
8.700000E-4	9.034276E-3
8.750000E-4	9.093225E-3
8.800000E-4	9.148061E-3
8.850000E-4	9.320796E-3
8.900000E-4	9.378374E-3
8.950000E-4	9.249508E-3
9.000000E-4	9.154916E-3
9.050000E-4	9.006858E-3
9.100000E-4	9.322166E-3
9.150000E-4	9.256363E-3
9.200000E-4	9.139836E-3
9.250000E-4	9.239912E-3
9.300000E-4	9.274185E-3
9.350000E-4	9.115160E-3
9.400000E-4	9.102821E-3
9.450000E-4	9.045243E-3
9.500000E-4	8.978069E-3
9.550000E-4	8.935571E-3
9.600000E-4	8.923233E-3
9.650000E-4	8.930087E-3
9.700000E-4	9.097338E-3
9.750000E-4	9.183705E-3
9.800000E-4	9.091854E-3
9.850000E-4	8.950651E-3
9.900000E-4	9.000003E-3
9.950000E-4	9.179592E-3
1.000000E-3	9.122014E-3
1.005000E-3	9.128869E-3
1.010000E-3	9.164512E-3
1.015000E-3	9.068549E-3
1.020000E-3	8.984923E-3
1.025000E-3	9.175479E-3
1.030000E-3	9.201527E-3
1.035000E-3	9.283781E-3
1.040000E-3	9.164512E-3
1.045000E-3	9.139836E-3
1.050000E-3	9.060323E-3
1.055000E-3	9.067178E-3
1.060000E-3	9.120643E-3
1.065000E-3	9.108305E-3
1.070000E-3	9.141207E-3
1.075000E-3	9.127498E-3
1.080000E-3	9.085000E-3
1.085000E-3	9.074032E-3
1.090000E-3	9.049356E-3
1.095000E-3	8.868396E-3
1.100000E-3	9.074032E-3
1.105000E-3	9.027421E-3
1.110000E-3	8.956134E-3
1.115000E-3	8.980811E-3
1.120000E-3	9.105563E-3
1.125000E-3	9.222090E-3
1.130000E-3	9.079516E-3
1.135000E-3	9.002745E-3
1.140000E-3	9.065807E-3
1.145000E-3	8.856058E-3
1.150000E-3	8.799851E-3
1.155000E-3	9.010971E-3
1.160000E-3	9.207010E-3
1.165000E-3	9.191930E-3
1.170000E-3	9.063065E-3
1.175000E-3	8.891702E-3
1.180000E-3	8.927345E-3
1.185000E-3	8.991778E-3
1.190000E-3	8.995891E-3
1.195000E-3	9.085000E-3
1.200000E-3	9.142578E-3
1.205000E-3	9.116530E-3
1.210000E-3	9.124756E-3
1.215000E-3	9.064436E-3
1.220000E-3	9.042501E-3
1.225000E-3	9.089112E-3
1.230000E-3	9.006858E-3
1.235000E-3	9.215236E-3
1.240000E-3	9.274185E-3
1.245000E-3	9.333134E-3
1.250000E-3	9.194672E-3
1.255000E-3	9.080887E-3
1.260000E-3	9.111047E-3
1.265000E-3	9.182334E-3
1.270000E-3	9.187818E-3
1.275000E-3	9.130239E-3
1.280000E-3	8.993149E-3
1.285000E-3	9.010971E-3
1.290000E-3	8.978069E-3
1.295000E-3	9.145319E-3
1.300000E-3	9.041131E-3
1.305000E-3	9.061694E-3
1.310000E-3	9.012341E-3
1.315000E-3	9.052098E-3
1.320000E-3	9.165883E-3
1.325000E-3	9.053469E-3
1.330000E-3	9.109676E-3
1.335000E-3	9.028792E-3
1.340000E-3	9.178221E-3
1.345000E-3	9.253621E-3
1.350000E-3	9.205639E-3
1.355000E-3	8.975327E-3
1.360000E-3	9.004116E-3
1.365000E-3	8.971214E-3
1.370000E-3	8.982182E-3
1.375000E-3	9.071290E-3
1.380000E-3	9.047985E-3
1.385000E-3	8.939683E-3
1.390000E-3	9.038389E-3
1.395000E-3	9.219348E-3
1.400000E-3	9.230316E-3
1.405000E-3	8.895814E-3
1.410000E-3	8.946538E-3
1.415000E-3	9.028792E-3
1.420000E-3	9.017825E-3
1.425000E-3	9.087741E-3
1.430000E-3	9.091854E-3
1.435000E-3	9.113789E-3
1.440000E-3	9.080887E-3
1.445000E-3	9.058952E-3
1.450000E-3	9.131610E-3
1.455000E-3	9.026051E-3
1.460000E-3	8.969843E-3
1.465000E-3	8.954763E-3
1.470000E-3	8.887589E-3
1.475000E-3	8.838236E-3
1.480000E-3	8.962989E-3
1.485000E-3	8.910894E-3
1.490000E-3	9.053469E-3
1.495000E-3	9.019196E-3
1.500000E-3	9.008229E-3
1.505000E-3	9.016454E-3
1.510000E-3	9.109676E-3
1.515000E-3	9.017825E-3
1.520000E-3	9.049356E-3
1.525000E-3	9.050727E-3
1.530000E-3	9.086370E-3
1.535000E-3	9.046614E-3
1.540000E-3	8.958876E-3
1.545000E-3	8.927345E-3
1.550000E-3	9.038389E-3
1.555000E-3	8.983552E-3
1.560000E-3	9.060323E-3
1.565000E-3	9.082258E-3
1.570000E-3	9.013712E-3
1.575000E-3	8.950651E-3
1.580000E-3	9.000003E-3
1.585000E-3	9.063065E-3
1.590000E-3	8.994520E-3
1.595000E-3	8.883476E-3
1.600000E-3	8.891702E-3
1.605000E-3	8.965731E-3
1.610000E-3	8.957505E-3
1.615000E-3	9.028792E-3
1.620000E-3	9.031534E-3
1.625000E-3	9.135723E-3
1.630000E-3	9.126127E-3
1.635000E-3	9.080887E-3
1.640000E-3	9.009600E-3
1.645000E-3	8.954763E-3
1.650000E-3	8.906782E-3
1.655000E-3	8.931458E-3
1.660000E-3	9.039760E-3
1.665000E-3	9.100080E-3
1.670000E-3	9.146690E-3
1.675000E-3	8.949280E-3
1.680000E-3	8.835495E-3
1.685000E-3	8.928716E-3
1.690000E-3	8.913636E-3
1.695000E-3	8.912265E-3
1.700000E-3	9.047985E-3
1.705000E-3	9.172738E-3
1.710000E-3	9.049356E-3
1.715000E-3	9.080887E-3
1.720000E-3	8.997262E-3
1.725000E-3	8.913636E-3
1.730000E-3	9.045243E-3
1.735000E-3	8.916378E-3
1.740000E-3	8.872509E-3
1.745000E-3	8.998632E-3
1.750000E-3	9.067178E-3
1.755000E-3	9.056211E-3
1.760000E-3	9.043872E-3
1.765000E-3	9.146690E-3
1.770000E-3	9.326279E-3
1.775000E-3	9.242654E-3
1.780000E-3	9.271443E-3
1.785000E-3	9.194672E-3
1.790000E-3	9.224832E-3
1.795000E-3	9.212494E-3
1.800000E-3	9.045243E-3
1.805000E-3	8.943796E-3
1.810000E-3	9.090483E-3
1.815000E-3	9.119272E-3
1.820000E-3	9.085000E-3
1.825000E-3	9.101450E-3
1.830000E-3	9.032905E-3
1.835000E-3	9.037018E-3
1.840000E-3	8.795738E-3
1.845000E-3	8.805335E-3
1.850000E-3	8.758724E-3
1.855000E-3	9.008229E-3
1.860000E-3	8.927345E-3
1.865000E-3	9.065807E-3
1.870000E-3	9.093225E-3
1.875000E-3	9.157658E-3
1.880000E-3	8.902669E-3
1.885000E-3	8.936942E-3
1.890000E-3	9.047985E-3
1.895000E-3	9.065807E-3
1.900000E-3	8.976698E-3
1.905000E-3	8.972585E-3
1.910000E-3	9.137094E-3
1.915000E-3	9.153545E-3
1.920000E-3	9.138465E-3
1.925000E-3	9.127498E-3
1.930000E-3	9.093225E-3
1.935000E-3	9.049356E-3
1.940000E-3	9.223461E-3
1.945000E-3	9.124756E-3
1.950000E-3	9.027421E-3
1.955000E-3	9.091854E-3
1.960000E-3	8.872509E-3
1.965000E-3	8.897185E-3
1.970000E-3	8.965731E-3
1.975000E-3	8.882105E-3
1.980000E-3	8.893073E-3
1.985000E-3	9.037018E-3
1.990000E-3	9.216607E-3
1.995000E-3	9.005487E-3
2.000000E-3	8.858800E-3
2.005000E-3	8.865654E-3
2.010000E-3	9.085000E-3
2.015000E-3	9.180963E-3
2.020000E-3	9.301603E-3
2.025000E-3	9.123385E-3
2.030000E-3	9.017825E-3
2.035000E-3	8.973956E-3
2.040000E-3	9.168625E-3
2.045000E-3	9.071290E-3
2.050000E-3	8.877993E-3
2.055000E-3	8.931458E-3
2.060000E-3	9.193301E-3
2.065000E-3	9.126127E-3
2.070000E-3	9.082258E-3
2.075000E-3	9.148061E-3
2.080000E-3	9.176850E-3
2.085000E-3	9.222090E-3
2.090000E-3	9.106934E-3
2.095000E-3	8.968472E-3
2.100000E-3	8.908153E-3
2.105000E-3	8.934200E-3
2.110000E-3	8.989036E-3
2.115000E-3	9.094596E-3
2.120000E-3	9.131610E-3
2.125000E-3	9.193301E-3
2.130000E-3	9.030163E-3
2.135000E-3	8.979440E-3
2.140000E-3	9.026051E-3
2.145000E-3	9.278297E-3
2.150000E-3	9.174109E-3
2.155000E-3	9.261847E-3
2.160000E-3	9.201527E-3
2.165000E-3	9.075403E-3
2.170000E-3	9.005487E-3
2.175000E-3	9.057581E-3
2.180000E-3	9.010971E-3
2.185000E-3	9.082258E-3
2.190000E-3	9.032905E-3
2.195000E-3	8.941054E-3
2.200000E-3	8.838236E-3
2.205000E-3	8.938313E-3
2.210000E-3	8.971214E-3
2.215000E-3	9.257734E-3
2.220000E-3	9.132981E-3
2.225000E-3	9.100080E-3
2.230000E-3	8.883476E-3
2.235000E-3	8.906782E-3
2.240000E-3	9.004116E-3
2.245000E-3	8.884847E-3
2.250000E-3	8.706629E-3
2.255000E-3	8.801222E-3
2.260000E-3	8.925974E-3
2.265000E-3	9.039760E-3
2.270000E-3	9.100080E-3
2.275000E-3	9.076774E-3
2.280000E-3	9.052098E-3
2.285000E-3	8.917749E-3
2.290000E-3	8.986294E-3
2.295000E-3	9.209752E-3
2.300000E-3	9.222090E-3
2.305000E-3	9.039760E-3
2.310000E-3	9.109676E-3
2.315000E-3	8.883476E-3
2.320000E-3	9.061694E-3
2.325000E-3	9.257734E-3
2.330000E-3	9.271443E-3
2.335000E-3	9.138465E-3
2.340000E-3	8.972585E-3
2.345000E-3	8.993149E-3
2.350000E-3	8.842349E-3
2.355000E-3	9.030163E-3
2.360000E-3	8.990407E-3
2.365000E-3	9.156287E-3
2.370000E-3	9.009600E-3
2.375000E-3	8.945167E-3
2.380000E-3	8.879364E-3
2.385000E-3	9.115160E-3
2.390000E-3	9.006858E-3
2.395000E-3	9.082258E-3
2.400000E-3	8.891702E-3
2.405000E-3	9.132981E-3
2.410000E-3	8.888960E-3
2.415000E-3	8.989036E-3
2.420000E-3	8.788884E-3
2.425000E-3	8.920491E-3
2.430000E-3	8.180201E-3
2.435000E-3	8.159637E-3
2.440000E-3	5.186141E-3
2.445000E-3	1.543641E-3
2.450000E-3	-4.241586E-3
2.455000E-3	-1.572156E-2
2.460000E-3	-6.174290E-2
2.465000E-3	-6.565273E-2
2.470000E-3	-2.281874E-2
2.475000E-3	-1.325886E-1
2.480000E-3	-1.263565E-1
2.485000E-3	-7.878464E-2
2.490000E-3	-8.546507E-2
2.495000E-3	-1.163077E-2
2.500000E-3	9.779775E-2
2.505000E-3	2.750258E-1
2.510000E-3	3.277701E-1
2.515000E-3	1.774022E-1
2.520000E-3	8.475631E-2
2.525000E-3	4.053360E-2
2.530000E-3	-4.020321E-2
2.535000E-3	-1.001173E-2
2.540000E-3	1.147709E-1
2.545000E-3	6.024861E-2
2.550000E-3	-3.900093E-2
2.555000E-3	5.424404E-2
2.560000E-3	5.965501E-2
2.565000E-3	-1.280591E-1
2.570000E-3	-5.255097E-2
2.575000E-3	3.934914E-2
2.580000E-3	-9.846264E-2
2.585000E-3	-8.423126E-2
2.590000E-3	3.172553E-2
2.595000E-3	-5.579180E-2
2.600000E-3	-8.715403E-2
2.605000E-3	4.912233E-2
2.610000E-3	5.480886E-3
2.615000E-3	-3.466064E-2
2.620000E-3	5.995524E-2
2.625000E-3	2.018386E-2
2.630000E-3	-6.379378E-2
2.635000E-3	1.881981E-2
2.640000E-3	5.860490E-2
2.645000E-3	-2.749765E-2
2.650000E-3	2.291334E-2
2.655000E-3	9.511900E-2
2.660000E-3	1.826322E-2
2.665000E-3	-1.671958E-2
2.670000E-3	1.227647E-2
2.675000E-3	-3.285378E-2
2.680000E-3	-7.578373E-2
2.685000E-3	-4.423231E-2
2.690000E-3	2.548516E-3
2.695000E-3	-2.575934E-3
2.700000E-3	4.139179E-2
2.705000E-3	6.762820E-2
2.710000E-3	2.606642E-2
2.715000E-3	3.582042E-2
2.720000E-3	8.055860E-2
2.725000E-3	5.804831E-2
2.730000E-3	5.227542E-2
2.735000E-3	7.484055E-2
2.740000E-3	4.448730E-2
2.745000E-3	7.109523E-3
2.750000E-3	1.958752E-2
2.755000E-3	1.108241E-2
2.760000E-3	-2.504647E-2
2.765000E-3	-6.565273E-3
2.770000E-3	3.918052E-3
2.775000E-3	-2.329308E-2
2.780000E-3	-1.264799E-2
2.785000E-3	6.539226E-3
2.790000E-3	-2.796787E-2
2.795000E-3	-1.256984E-2
2.800000E-3	2.355492E-2
2.805000E-3	6.879210E-3
2.810000E-3	6.371975E-3
2.815000E-3	3.208882E-2
2.820000E-3	-1.119208E-2
2.825000E-3	-4.208136E-2
2.830000E-3	9.733438E-4
2.835000E-3	9.586751E-3
2.840000E-3	-1.094121E-2
2.845000E-3	2.498752E-2
2.850000E-3	4.177427E-2
2.855000E-3	1.542407E-2
2.860000E-3	2.867663E-2
2.865000E-3	2.484494E-2
2.870000E-3	-1.080960E-2
2.875000E-3	4.035950E-3
2.880000E-3	2.344525E-2
2.885000E-3	5.134046E-3
2.890000E-3	7.553697E-3
2.895000E-3	2.650100E-2
2.900000E-3	-9.596348E-6
2.905000E-3	-6.045699E-4
2.910000E-3	2.375919E-2
2.915000E-3	1.906520E-2
2.920000E-3	5.820870E-3
2.925000E-3	7.836103E-3
2.930000E-3	1.632887E-2
2.935000E-3	2.123535E-3
2.940000E-3	-1.389277E-2
2.945000E-3	-5.664587E-3
2.950000E-3	-9.076774E-3
2.955000E-3	-9.223461E-3
2.960000E-3	4.802287E-3
2.965000E-3	1.132369E-2
2.970000E-3	8.496881E-3
2.975000E-3	1.344037E-2
2.980000E-3	6.156743E-3
2.985000E-3	6.164968E-3
2.990000E-3	1.443702E-2
2.995000E-3	6.548822E-3
3.000000E-3	9.656668E-3
3.005000E-3	2.894807E-2
3.010000E-3	2.993375E-2
3.015000E-3	2.532750E-2
3.020000E-3	3.368318E-2
3.025000E-3	2.022088E-2
3.030000E-3	1.453161E-4
3.035000E-3	8.491397E-3
3.040000E-3	6.665349E-3
3.045000E-3	-4.137397E-3
3.050000E-3	4.626811E-3
3.055000E-3	1.098096E-2
3.060000E-3	3.017366E-3
3.065000E-3	4.200459E-3
3.070000E-3	1.408607E-2
3.075000E-3	5.098403E-3
3.080000E-3	4.388273E-3
3.085000E-3	1.692659E-2
3.090000E-3	1.090145E-2
3.095000E-3	5.826354E-3
3.100000E-3	2.687252E-2
3.105000E-3	2.383184E-2
3.110000E-3	1.349109E-2
3.115000E-3	1.890618E-2
3.120000E-3	7.227421E-3
3.125000E-3	-1.132369E-2
3.130000E-3	-4.428029E-3
3.135000E-3	2.710283E-3
3.140000E-3	-3.111959E-3
3.145000E-3	-3.882408E-3
3.150000E-3	1.573801E-3
3.155000E-3	7.888198E-3
3.160000E-3	7.267177E-3
3.165000E-3	3.122926E-3
3.170000E-3	6.961465E-3
3.175000E-3	4.378676E-3
3.180000E-3	-4.277229E-4
3.185000E-3	5.506933E-3
3.190000E-3	1.382422E-2
3.195000E-3	2.045119E-2
3.200000E-3	1.959026E-2
3.205000E-3	1.245606E-2
3.210000E-3	1.088089E-2
3.215000E-3	9.812951E-3
3.220000E-3	1.300442E-2
3.225000E-3	1.272750E-2
3.230000E-3	1.532400E-2
3.235000E-3	1.868409E-2
3.240000E-3	1.258355E-2
3.245000E-3	1.082331E-2
3.250000E-3	9.981573E-3
3.255000E-3	4.722774E-3
3.260000E-3	4.266262E-3
3.265000E-3	6.429553E-3
3.270000E-3	-1.011729E-3
3.275000E-3	-2.645850E-3
3.280000E-3	8.808076E-3
3.285000E-3	1.374882E-2
3.290000E-3	1.069444E-2
3.295000E-3	1.613969E-2
3.300000E-3	1.967388E-2
3.305000E-3	1.480579E-2
3.310000E-3	1.953679E-2
3.315000E-3	1.730084E-2
3.320000E-3	5.760550E-3
3.325000E-3	7.563293E-3
3.330000E-3	1.005697E-2
3.335000E-3	1.979589E-3
3.340000E-3	3.732979E-3
3.345000E-3	1.020777E-2
3.350000E-3	-8.403659E-4
3.355000E-3	-2.763748E-3
3.360000E-3	1.136619E-2
3.365000E-3	8.965731E-3
3.370000E-3	5.582333E-3
3.375000E-3	7.620871E-3
3.380000E-3	-1.370907E-3
3.385000E-3	-1.102346E-2
3.390000E-3	-5.231380E-3
3.395000E-3	-9.966493E-4
3.400000E-3	-1.008987E-3
3.405000E-3	1.849902E-2
3.410000E-3	2.424997E-2
3.415000E-3	1.742834E-2
3.420000E-3	2.782804E-2
3.425000E-3	2.507389E-2
3.430000E-3	1.476192E-2
3.435000E-3	1.854426E-2
3.440000E-3	1.407784E-2
3.445000E-3	6.875098E-3
3.450000E-3	1.083976E-2
3.455000E-3	9.507239E-3
3.460000E-3	-2.739072E-3
3.465000E-3	2.412796E-4
3.470000E-3	9.527802E-4
3.475000E-3	-4.805028E-3
3.480000E-3	2.756894E-3
3.485000E-3	1.849627E-2
3.490000E-3	1.902544E-2
3.495000E-3	1.782590E-2
3.500000E-3	2.572781E-2
3.505000E-3	2.492583E-2
3.510000E-3	1.875401E-2
3.515000E-3	1.437807E-2
3.520000E-3	1.069856E-2
3.525000E-3	4.009902E-3
3.530000E-3	1.331151E-3
3.535000E-3	3.457427E-3
3.540000E-3	7.067025E-3
3.545000E-3	6.806552E-3
3.550000E-3	6.095052E-3
3.555000E-3	9.008229E-3
3.560000E-3	7.134199E-3
3.565000E-3	3.527343E-3
3.570000E-3	-2.056360E-5
3.575000E-3	1.561463E-3
3.580000E-3	4.160702E-3
3.585000E-3	3.694594E-3
3.590000E-3	5.819499E-3
3.595000E-3	4.944861E-3
3.600000E-3	2.807617E-3
3.605000E-3	6.281495E-3
3.610000E-3	8.012950E-3
3.615000E-3	8.011580E-3
3.620000E-3	1.178157E-2
3.625000E-3	1.332796E-2
3.630000E-3	1.376802E-2
3.635000E-3	1.396817E-2
3.640000E-3	7.912874E-3
3.645000E-3	3.543794E-3
3.650000E-3	3.772736E-3
3.655000E-3	3.942728E-3
3.660000E-3	7.013559E-3
3.665000E-3	1.346368E-2
3.670000E-3	1.364738E-2
3.675000E-3	1.074106E-2
3.680000E-3	8.425593E-3
3.685000E-3	8.457124E-3
3.690000E-3	1.548988E-2
3.695000E-3	2.475584E-2
3.700000E-3	2.626383E-2
3.705000E-3	2.034837E-2
3.710000E-3	1.625210E-2
3.715000E-3	1.452202E-2
3.720000E-3	1.218462E-2
3.725000E-3	1.063001E-2
3.730000E-3	1.003504E-2
3.735000E-3	8.543491E-3
3.740000E-3	5.223155E-3
3.745000E-3	-8.239150E-4
3.750000E-3	-3.391623E-3
3.755000E-3	3.018737E-3
3.760000E-3	7.925212E-3
3.765000E-3	1.194608E-2
3.770000E-3	1.685667E-2
3.775000E-3	1.766688E-2
3.780000E-3	1.174730E-2
3.785000E-3	8.871138E-3
3.790000E-3	1.046824E-2
3.795000E-3	7.342577E-3
3.800000E-3	6.731153E-3
3.805000E-3	7.054687E-3
3.810000E-3	2.027571E-3
3.815000E-3	-1.617670E-3
3.820000E-3	3.934503E-4
3.825000E-3	2.751410E-3
3.830000E-3	7.234275E-3
3.835000E-3	1.367754E-2
3.840000E-3	1.310587E-2
3.845000E-3	8.229554E-3
3.850000E-3	8.982182E-3
3.855000E-3	1.158416E-2
3.860000E-3	1.016116E-2
3.865000E-3	9.849966E-3
3.870000E-3	9.337246E-3
3.875000E-3	9.363294E-3
3.880000E-3	8.723080E-3
3.885000E-3	8.923233E-3
3.890000E-3	1.186520E-2
3.895000E-3	1.363641E-2
3.900000E-3	1.430130E-2
3.905000E-3	1.599711E-2
3.910000E-3	1.875675E-2
3.915000E-3	1.855248E-2
3.920000E-3	1.921874E-2
3.925000E-3	2.324098E-2
3.930000E-3	1.955187E-2
3.935000E-3	9.631991E-3
3.940000E-3	4.685760E-3
3.945000E-3	6.415844E-4
3.950000E-3	-2.617061E-3
3.955000E-3	9.555221E-4
3.960000E-3	8.240521E-3
3.965000E-3	1.226276E-2
3.970000E-3	1.396954E-2
3.975000E-3	1.163077E-2
3.980000E-3	4.070222E-3
3.985000E-3	-2.399087E-4
3.990000E-3	-9.486675E-4
3.995000E-3	-3.443718E-3
4.000000E-3	-1.037776E-3
4.005000E-3	6.141663E-3
4.010000E-3	6.237626E-3
4.015000E-3	7.570148E-3
4.020000E-3	1.193237E-2
4.025000E-3	8.193910E-3
4.030000E-3	2.638996E-3
4.035000E-3	3.321707E-3
4.040000E-3	3.606856E-3
4.045000E-3	5.319118E-3
4.050000E-3	9.873271E-3
4.055000E-3	1.004738E-2
4.060000E-3	8.502364E-3
4.065000E-3	1.207769E-2
4.070000E-3	1.372415E-2
4.075000E-3	1.279604E-2
4.080000E-3	1.341021E-2
4.085000E-3	1.251638E-2
4.090000E-3	9.430468E-3
4.095000E-3	1.056421E-2
4.100000E-3	1.439452E-2
4.105000E-3	1.511014E-2
4.110000E-3	1.684022E-2
4.115000E-3	1.884723E-2
4.120000E-3	1.491958E-2
4.125000E-3	1.177061E-2
4.130000E-3	1.117152E-2
4.135000E-3	7.890940E-3
4.140000E-3	5.486369E-3
4.145000E-3	5.275249E-3
4.150000E-3	4.300535E-3
4.155000E-3	3.848135E-3
4.160000E-3	4.526734E-3
4.165000E-3	3.513634E-3
4.170000E-3	3.063977E-3
4.175000E-3	4.300535E-3
4.180000E-3	4.088044E-3
4.185000E-3	2.814472E-3
4.190000E-3	6.302059E-3
4.195000E-3	1.039559E-2
4.200000E-3	1.198173E-2
4.205000E-3	1.229429E-2
4.210000E-3	1.265347E-2
4.215000E-3	1.479620E-2
4.220000E-3	1.511562E-2
4.225000E-3	1.152247E-2
4.230000E-3	9.087741E-3
4.235000E-3	8.646309E-3
4.240000E-3	5.790710E-3
4.245000E-3	2.835035E-3
4.250000E-3	4.418433E-3
4.255000E-3	7.204115E-3
4.260000E-3	1.018035E-2
4.265000E-3	1.443017E-2
4.270000E-3	1.445210E-2
4.275000E-3	1.087677E-2
4.280000E-3	1.065880E-2
4.285000E-3	1.202011E-2
4.290000E-3	1.353359E-2
4.295000E-3	1.780671E-2
4.300000E-3	1.927906E-2
4.305000E-3	1.569825E-2
4.310000E-3	1.476604E-2
4.315000E-3	1.315933E-2
4.320000E-3	7.810056E-3
4.325000E-3	7.268548E-3
4.330000E-3	9.004116E-3
4.335000E-3	7.826507E-3
4.340000E-3	8.558571E-3
4.345000E-3	9.749889E-3
4.350000E-3	6.584466E-3
4.355000E-3	6.415844E-3
4.360000E-3	9.507239E-3
4.365000E-3	8.284390E-3
4.370000E-3	7.125974E-3
4.375000E-3	8.660018E-3
4.380000E-3	5.375326E-3
4.385000E-3	2.506018E-3
4.390000E-3	5.297184E-3
4.395000E-3	6.149888E-3
4.400000E-3	6.995738E-3
4.405000E-3	1.200914E-2
4.410000E-3	1.353496E-2
4.415000E-3	1.223534E-2
4.420000E-3	1.393253E-2
4.425000E-3	1.443976E-2
4.430000E-3	1.223946E-2
4.435000E-3	1.276863E-2
4.440000E-3	1.380640E-2
4.445000E-3	1.138538E-2
4.450000E-3	1.049292E-2
4.455000E-3	9.745777E-3
4.460000E-3	6.733894E-3
4.465000E-3	4.580200E-3
4.470000E-3	5.202591E-3
4.475000E-3	5.117595E-3
4.480000E-3	5.609751E-3
4.485000E-3	9.189188E-3
4.490000E-3	1.164860E-2
4.495000E-3	1.107144E-2
4.500000E-3	9.684086E-3
4.505000E-3	7.394671E-3
4.510000E-3	4.688501E-3
4.515000E-3	4.570603E-3
4.520000E-3	6.522775E-3
4.525000E-3	7.596195E-3
4.530000E-3	6.982028E-3
4.535000E-3	5.863369E-3
4.540000E-3	6.361008E-3
4.545000E-3	7.568777E-3
4.550000E-3	7.633209E-3
4.555000E-3	7.417977E-3
4.560000E-3	9.245396E-3
4.565000E-3	1.101249E-2
4.570000E-3	1.107007E-2
4.575000E-3	1.048332E-2
4.580000E-3	9.494901E-3
4.585000E-3	8.051336E-3
4.590000E-3	6.233513E-3
4.595000E-3	5.601525E-3
4.600000E-3	6.458342E-3
4.605000E-3	6.916225E-3
4.610000E-3	7.870376E-3
4.615000E-3	8.915007E-3
4.620000E-3	1.016253E-2
4.625000E-3	1.301813E-2
4.630000E-3	1.565850E-2
4.635000E-3	1.646185E-2
4.640000E-3	1.634395E-2
4.645000E-3	1.566809E-2
4.650000E-3	1.369673E-2
4.655000E-3	1.179802E-2
4.660000E-3	1.122087E-2
4.665000E-3	9.537399E-3
4.670000E-3	7.666111E-3
4.675000E-3	7.182181E-3
4.680000E-3	5.608380E-3
4.685000E-3	3.036559E-3
4.690000E-3	3.605485E-3
4.695000E-3	5.214930E-3
4.700000E-3	6.112874E-3
4.705000E-3	7.807314E-3
4.710000E-3	8.052707E-3
4.715000E-3	6.159484E-3
4.720000E-3	4.100382E-3
4.725000E-3	3.062606E-3
4.730000E-3	2.124906E-3
4.735000E-3	2.798021E-3
4.740000E-3	4.621327E-3
4.745000E-3	5.016148E-3
4.750000E-3	4.677534E-3
4.755000E-3	3.709674E-3
4.760000E-3	1.750648E-3
4.765000E-3	2.274334E-3
4.770000E-3	4.998326E-3
4.775000E-3	5.701602E-3
4.780000E-3	6.870985E-3
4.785000E-3	8.542120E-3
4.790000E-3	7.623613E-3
4.795000E-3	1.009947E-2
4.800000E-3	1.439452E-2
4.805000E-3	2.010024E-2
4.810000E-3	2.788287E-2
4.815000E-3	2.931136E-2
4.820000E-3	2.536315E-2
4.825000E-3	2.309155E-2
4.830000E-3	1.833999E-2
4.835000E-3	1.269186E-2
4.840000E-3	1.531851E-2
4.845000E-3	1.570648E-2
4.850000E-3	1.054090E-2
4.855000E-3	1.201189E-2
4.860000E-3	1.247525E-2
4.865000E-3	4.329324E-3
4.870000E-3	2.751410E-3
4.875000E-3	4.644632E-3
4.880000E-3	-3.687739E-4
4.885000E-3	-1.148820E-3
4.890000E-3	2.680123E-3
4.895000E-3	-1.466870E-4
4.900000E-3	-1.672506E-4
4.905000E-3	6.724298E-3
4.910000E-3	6.838083E-3
4.915000E-3	6.201982E-3
4.920000E-3	1.126337E-2
4.925000E-3	1.065743E-2
4.930000E-3	6.873727E-3
4.935000E-3	8.765578E-3
4.940000E-3	8.424222E-3
4.945000E-3	4.370451E-3
4.950000E-3	4.755676E-3
4.955000E-3	5.867481E-3
4.960000E-3	4.430771E-3
4.965000E-3	5.268395E-3
4.970000E-3	6.992996E-3
4.975000E-3	7.327497E-3
4.980000E-3	7.985532E-3
4.985000E-3	9.353697E-3
4.990000E-3	1.130998E-2
4.995000E-3	1.445895E-2
5.000000E-3	1.715142E-2
5.005000E-3	1.925850E-2
5.010000E-3	2.117503E-2
5.015000E-3	2.115172E-2
5.020000E-3	1.924342E-2
5.025000E-3	1.765591E-2
5.030000E-3	1.533908E-2
5.035000E-3	1.294822E-2
5.040000E-3	1.142514E-2
5.045000E-3	1.008165E-2
5.050000E-3	8.284390E-3
5.055000E-3	6.569386E-3
5.060000E-3	5.493224E-3
5.065000E-3	5.787969E-3
5.070000E-3	6.023765E-3
5.075000E-3	5.402744E-3
5.080000E-3	4.868090E-3
5.085000E-3	5.671442E-3
5.090000E-3	5.580962E-3
5.095000E-3	6.159484E-3
5.100000E-3	9.169996E-3
5.105000E-3	1.069993E-2
5.110000E-3	1.098919E-2
5.115000E-3	1.239026E-2
5.120000E-3	1.157320E-2
5.125000E-3	8.343339E-3
5.130000E-3	8.474946E-3
5.135000E-3	7.980049E-3
5.140000E-3	4.315615E-3
5.145000E-3	3.879666E-3
5.150000E-3	4.946232E-3
5.155000E-3	4.389644E-3
5.160000E-3	5.227268E-3
5.165000E-3	8.450270E-3
5.170000E-3	1.010770E-2
5.175000E-3	1.060945E-2
5.180000E-3	1.268089E-2
5.185000E-3	1.385850E-2
5.190000E-3	1.289749E-2
5.195000E-3	1.268500E-2
5.200000E-3	1.178294E-2
5.205000E-3	1.026809E-2
5.210000E-3	1.039284E-2
5.215000E-3	1.133329E-2
5.220000E-3	1.089871E-2
5.225000E-3	9.941816E-3
5.230000E-3	1.034349E-2
5.235000E-3	8.598328E-3
5.240000E-3	6.855905E-3
5.245000E-3	6.955981E-3
5.250000E-3	5.364358E-3
5.255000E-3	3.983855E-3
5.260000E-3	4.473269E-3
5.265000E-3	5.138159E-3
5.270000E-3	5.219042E-3
5.275000E-3	7.345319E-3
5.280000E-3	8.510590E-3
5.285000E-3	7.932067E-3
5.290000E-3	8.931458E-3
5.295000E-3	1.016802E-2
5.300000E-3	1.023793E-2
5.305000E-3	1.234639E-2
5.310000E-3	1.418340E-2
5.315000E-3	1.308805E-2
5.320000E-3	1.297289E-2
5.325000E-3	1.389003E-2
5.330000E-3	1.122224E-2
5.335000E-3	1.010084E-2
5.340000E-3	1.158416E-2
5.345000E-3	8.547604E-3
5.350000E-3	6.411731E-3
5.355000E-3	7.017672E-3
5.360000E-3	3.968775E-3
5.365000E-3	2.968013E-3
5.370000E-3	6.237626E-3
5.375000E-3	7.016301E-3
5.380000E-3	7.327497E-3
5.385000E-3	9.980202E-3
5.390000E-3	1.056284E-2
5.395000E-3	8.474946E-3
5.400000E-3	9.217978E-3
5.405000E-3	8.388579E-3
5.410000E-3	4.999697E-3
5.415000E-3	5.439758E-3
5.420000E-3	7.032752E-3
5.425000E-3	7.060170E-3
5.430000E-3	9.315312E-3
5.435000E-3	1.129353E-2
5.440000E-3	1.025164E-2
5.445000E-3	9.020567E-3
5.450000E-3	8.834124E-3
5.455000E-3	7.202744E-3
5.460000E-3	6.663978E-3
5.465000E-3	8.065045E-3
5.470000E-3	8.302212E-3
5.475000E-3	8.702517E-3
5.480000E-3	9.607315E-3
5.485000E-3	9.431839E-3
5.490000E-3	8.865654E-3
5.495000E-3	8.942425E-3
5.500000E-3	9.150803E-3
5.505000E-3	9.644330E-3
5.510000E-3	1.029962E-2
5.515000E-3	1.170069E-2
5.520000E-3	1.334441E-2
5.525000E-3	1.406413E-2
5.530000E-3	1.426291E-2
5.535000E-3	1.407099E-2
5.540000E-3	1.230800E-2
5.545000E-3	1.012826E-2
5.550000E-3	8.717597E-3
5.555000E-3	7.359028E-3
5.560000E-3	6.129324E-3
5.565000E-3	6.240368E-3
5.570000E-3	6.587207E-3
5.575000E-3	6.236255E-3
5.580000E-3	6.794214E-3
5.585000E-3	7.327497E-3
5.590000E-3	7.464588E-3
5.595000E-3	8.680582E-3
5.600000E-3	9.433210E-3
5.605000E-3	9.727955E-3
5.610000E-3	1.113313E-2
5.615000E-3	1.179254E-2
5.620000E-3	1.103580E-2
5.625000E-3	1.134151E-2
5.630000E-3	1.128256E-2
5.635000E-3	9.770453E-3
5.640000E-3	9.282410E-3
5.645000E-3	8.518815E-3
5.650000E-3	6.524146E-3
5.655000E-3	6.817520E-3
5.660000E-3	8.081496E-3
5.665000E-3	8.309066E-3
5.670000E-3	9.700537E-3
5.675000E-3	1.029962E-2
5.680000E-3	9.581268E-3
5.685000E-3	9.100080E-3
5.690000E-3	8.791625E-3
5.695000E-3	8.017063E-3
5.700000E-3	7.775784E-3
5.705000E-3	8.336484E-3
5.710000E-3	7.997870E-3
5.715000E-3	7.922471E-3
5.720000E-3	8.420110E-3
5.725000E-3	8.351564E-3
5.730000E-3	8.288503E-3
5.735000E-3	8.362532E-3
5.740000E-3	7.627726E-3
5.745000E-3	7.394671E-3
5.750000E-3	8.376241E-3
5.755000E-3	8.895814E-3
5.760000E-3	9.209752E-3
5.765000E-3	9.685457E-3
5.770000E-3	9.623766E-3
5.775000E-3	9.678602E-3
5.780000E-3	1.012552E-2
5.785000E-3	1.060671E-2
5.790000E-3	1.094943E-2
5.795000E-3	1.104677E-2
5.800000E-3	1.027906E-2
5.805000E-3	9.985685E-3
5.810000E-3	1.052308E-2
5.815000E-3	1.033938E-2
5.820000E-3	1.044631E-2
5.825000E-3	1.059026E-2
5.830000E-3	9.455144E-3
5.835000E-3	7.937551E-3
5.840000E-3	7.120490E-3
5.845000E-3	6.489873E-3
5.850000E-3	6.217062E-3
5.855000E-3	6.121099E-3
5.860000E-3	6.100535E-3
5.865000E-3	6.059408E-3
5.870000E-3	5.989492E-3
5.875000E-3	5.785227E-3
5.880000E-3	5.936027E-3
5.885000E-3	7.115006E-3
5.890000E-3	8.132219E-3
5.895000E-3	9.105563E-3
5.900000E-3	1.024067E-2
5.905000E-3	1.143748E-2
5.910000E-3	1.236558E-2
5.915000E-3	1.321828E-2
5.920000E-3	1.396406E-2
5.925000E-3	1.361036E-2
5.930000E-3	1.306063E-2
5.935000E-3	1.228333E-2
5.940000E-3	1.049978E-2
5.945000E-3	9.137094E-3
5.950000E-3	8.236408E-3
5.955000E-3	7.627726E-3
5.960000E-3	7.837474E-3
5.965000E-3	8.808076E-3
5.970000E-3	9.692311E-3
5.975000E-3	9.673119E-3
5.980000E-3	9.361923E-3
5.985000E-3	8.932829E-3
5.990000E-3	8.824527E-3
5.995000E-3	9.404421E-3
6.000000E-3	1.020640E-2
6.005000E-3	1.107830E-2
6.010000E-3	1.167876E-2
6.015000E-3	1.202148E-2
6.020000E-3	1.229292E-2
6.025000E-3	1.206946E-2
6.030000E-3	1.118523E-2
6.035000E-3	9.466112E-3
6.040000E-3	7.804573E-3
6.045000E-3	6.271899E-3
6.050000E-3	4.958570E-3
6.055000E-3	4.491091E-3
6.060000E-3	4.720032E-3
6.065000E-3	5.291700E-3
6.070000E-3	5.905867E-3
6.075000E-3	6.639302E-3
6.080000E-3	7.401526E-3
6.085000E-3	7.906020E-3
6.090000E-3	8.820415E-3
6.095000E-3	1.011044E-2
6.100000E-3	1.123184E-2
6.105000E-3	1.209140E-2
6.110000E-3	1.276177E-2
6.115000E-3	1.239574E-2
6.120000E-3	1.197761E-2
6.125000E-3	1.094395E-2
6.130000E-3	9.481192E-3
6.135000E-3	8.384466E-3
6.140000E-3	7.023156E-3
6.145000E-3	6.285608E-3
6.150000E-3	6.034732E-3
6.155000E-3	6.313026E-3
6.160000E-3	6.326735E-3
6.165000E-3	6.936789E-3
6.170000E-3	7.848442E-3
6.175000E-3	8.877993E-3
6.180000E-3	9.781420E-3
6.185000E-3	1.006520E-2
6.190000E-3	1.019955E-2
6.195000E-3	1.036131E-2
6.200000E-3	1.037091E-2
6.205000E-3	1.066977E-2
6.210000E-3	1.130587E-2
6.215000E-3	1.159239E-2
6.220000E-3	1.197761E-2
6.225000E-3	1.247662E-2
6.230000E-3	1.258081E-2
6.235000E-3	1.237655E-2
6.240000E-3	1.163763E-2
6.245000E-3	1.018995E-2
6.250000E-3	8.945167E-3
6.255000E-3	7.738769E-3
6.260000E-3	7.258952E-3
6.265000E-3	7.479668E-3
6.270000E-3	7.826507E-3
6.275000E-3	8.158267E-3
6.280000E-3	8.066416E-3
6.285000E-3	7.609904E-3
6.290000E-3	7.552326E-3
6.295000E-3	7.284999E-3
6.300000E-3	7.286370E-3
6.305000E-3	7.291853E-3
6.310000E-3	7.581115E-3
6.315000E-3	8.199394E-3
6.320000E-3	8.941054E-3
6.325000E-3	9.693682E-3
6.330000E-3	1.015019E-2
6.335000E-3	1.068485E-2
6.340000E-3	1.110709E-2
6.345000E-3	1.160061E-2
6.350000E-3	1.147586E-2
6.355000E-3	1.106048E-2
6.360000E-3	1.056284E-2
6.365000E-3	1.046413E-2
6.370000E-3	1.042438E-2
6.375000E-3	1.068485E-2
6.380000E-3	1.141554E-2
6.385000E-3	1.180214E-2
6.390000E-3	1.217502E-2
6.395000E-3	1.248622E-2
6.400000E-3	1.243001E-2
6.405000E-3	1.247525E-2
6.410000E-3	1.235187E-2
6.415000E-3	1.243550E-2
6.420000E-3	1.244920E-2
6.425000E-3	1.262194E-2
6.430000E-3	1.255751E-2
6.435000E-3	1.214761E-2
6.440000E-3	1.112080E-2
6.445000E-3	9.726584E-3
6.450000E-3	8.215845E-3
6.455000E-3	6.722927E-3
6.460000E-3	5.849659E-3
6.465000E-3	5.335569E-3
6.470000E-3	5.055904E-3
6.475000E-3	4.969537E-3
6.480000E-3	5.317748E-3
6.485000E-3	6.042957E-3
6.490000E-3	6.776392E-3
6.495000E-3	7.252097E-3
6.500000E-3	7.895052E-3
6.505000E-3	8.531153E-3
6.510000E-3	8.590102E-3
6.515000E-3	8.129478E-3
6.520000E-3	7.896423E-3
6.525000E-3	7.178068E-3
6.530000E-3	6.544709E-3
6.535000E-3	6.387055E-3
6.540000E-3	6.807923E-3
6.545000E-3	7.915616E-3
6.550000E-3	9.433210E-3
6.555000E-3	1.089871E-2
6.560000E-3	1.214349E-2
6.565000E-3	1.273847E-2
6.570000E-3	1.263839E-2
6.575000E-3	1.246566E-2
6.580000E-3	1.183367E-2
6.585000E-3	1.073146E-2
6.590000E-3	9.981573E-3
6.595000E-3	9.281039E-3
6.600000E-3	8.786142E-3
6.605000E-3	8.947909E-3
6.610000E-3	9.017825E-3
6.615000E-3	9.148061E-3
6.620000E-3	9.191930E-3
6.625000E-3	9.274185E-3
6.630000E-3	8.969843E-3
6.635000E-3	8.884847E-3
6.640000E-3	8.743644E-3
6.645000E-3	8.943796E-3
6.650000E-3	9.180963E-3
6.655000E-3	8.820415E-3
6.660000E-3	8.095205E-3
6.665000E-3	7.009447E-3
6.670000E-3	5.591929E-3
6.675000E-3	4.784465E-3
6.680000E-3	4.452705E-3
6.685000E-3	4.866719E-3
6.690000E-3	6.247222E-3
6.695000E-3	7.733285E-3
6.700000E-3	9.375632E-3
6.705000E-3	1.100153E-2
6.710000E-3	1.192826E-2
6.715000E-3	1.255065E-2
6.720000E-3	1.299757E-2
6.725000E-3	1.260412E-2
6.730000E-3	1.185560E-2
6.735000E-3	1.028591E-2
6.740000E-3	8.964360E-3
6.745000E-3	8.376241E-3
6.750000E-3	8.043110E-3
6.755000E-3	7.937551E-3
6.760000E-3	8.377612E-3
6.765000E-3	8.761466E-3
6.770000E-3	9.120643E-3
6.775000E-3	9.622395E-3
6.780000E-3	1.018310E-2
6.785000E-3	1.034075E-2
6.790000E-3	1.038462E-2
6.795000E-3	9.841740E-3
6.800000E-3	9.086370E-3
6.805000E-3	8.343339E-3
6.810000E-3	7.619500E-3
6.815000E-3	7.157505E-3
6.820000E-3	6.883323E-3
6.825000E-3	6.751716E-3
6.830000E-3	6.738007E-3
6.835000E-3	6.687284E-3
6.840000E-3	6.721556E-3
6.845000E-3	7.182181E-3
6.850000E-3	7.944405E-3
6.855000E-3	8.851945E-3
6.860000E-3	9.862304E-3
6.865000E-3	1.049155E-2
6.870000E-3	1.070130E-2
6.875000E-3	1.048744E-2
6.880000E-3	9.732068E-3
6.885000E-3	8.952022E-3
6.890000E-3	8.417368E-3
6.895000E-3	8.524299E-3
6.900000E-3	8.872509E-3
6.905000E-3	9.275556E-3
6.910000E-3	9.801984E-3
6.915000E-3	1.069033E-2
6.920000E-3	1.112902E-2
6.925000E-3	1.137990E-2
6.930000E-3	1.093847E-2
6.935000E-3	1.010770E-2
6.940000E-3	8.913636E-3
6.945000E-3	7.651031E-3
6.950000E-3	6.488502E-3
6.955000E-3	5.659103E-3
6.960000E-3	5.384922E-3
6.965000E-3	5.752325E-3
6.970000E-3	6.259561E-3
6.975000E-3	6.688654E-3
6.980000E-3	6.920338E-3
6.985000E-3	7.123232E-3
6.990000E-3	7.338464E-3
6.995000E-3	7.497489E-3
7.000000E-3	7.618129E-3
7.005000E-3	7.805943E-3
7.010000E-3	8.040369E-3
7.015000E-3	8.627117E-3
7.020000E-3	9.411275E-3
7.025000E-3	1.018447E-2
7.030000E-3	1.133329E-2
7.035000E-3	1.203519E-2
7.040000E-3	1.243412E-2
7.045000E-3	1.251227E-2
7.050000E-3	1.246291E-2
7.055000E-3	1.214075E-2
7.060000E-3	1.152110E-2
7.065000E-3	1.060396E-2
7.070000E-3	1.031882E-2
7.075000E-3	9.688199E-3
7.080000E-3	9.250879E-3
7.085000E-3	8.840978E-3
7.090000E-3	8.532524E-3
7.095000E-3	8.254230E-3
7.100000E-3	8.126736E-3
7.105000E-3	8.118510E-3
7.110000E-3	8.219957E-3
7.115000E-3	8.769691E-3
7.120000E-3	9.361923E-3
7.125000E-3	9.622395E-3
7.130000E-3	1.008439E-2
7.135000E-3	9.978831E-3
7.140000E-3	9.372890E-3
7.145000E-3	8.828640E-3
7.150000E-3	8.365273E-3
7.155000E-3	7.947147E-3
7.160000E-3	8.063674E-3
7.165000E-3	8.399546E-3
7.170000E-3	8.690178E-3
7.175000E-3	9.219348E-3
7.180000E-3	9.509981E-3
7.185000E-3	9.906173E-3
7.190000E-3	9.771824E-3
7.195000E-3	9.888351E-3
7.200000E-3	9.741664E-3
7.205000E-3	9.697795E-3
7.210000E-3	9.763598E-3
7.215000E-3	1.001036E-2
7.220000E-3	1.058477E-2
7.225000E-3	1.116192E-2
7.230000E-3	1.189947E-2
7.235000E-3	1.216543E-2
7.240000E-3	1.243550E-2
7.245000E-3	1.227236E-2
7.250000E-3	1.177746E-2
7.255000E-3	1.128942E-2
7.260000E-3	1.088089E-2
7.265000E-3	9.936333E-3
7.270000E-3	9.342730E-3
7.275000E-3	8.843720E-3
7.280000E-3	8.425593E-3
7.285000E-3	7.973194E-3
7.290000E-3	7.860780E-3
7.295000E-3	7.788122E-3
7.300000E-3	7.737398E-3
7.305000E-3	8.015692E-3
7.310000E-3	8.491397E-3
7.315000E-3	8.886218E-3
7.320000E-3	9.381115E-3
7.325000E-3	1.013374E-2
7.330000E-3	1.059848E-2
7.335000E-3	1.042300E-2
7.340000E-3	1.029825E-2
7.345000E-3	9.955525E-3
7.350000E-3	9.619653E-3
7.355000E-3	9.292006E-3
7.360000E-3	9.538770E-3
7.365000E-3	9.774566E-3
7.370000E-3	1.027632E-2
7.375000E-3	1.070541E-2
7.380000E-3	1.096314E-2
7.385000E-3	1.073146E-2
7.390000E-3	1.003778E-2
7.395000E-3	9.161770E-3
7.400000E-3	8.178830E-3
7.405000E-3	7.575631E-3
7.410000E-3	7.286370E-3
7.415000E-3	7.420719E-3
7.420000E-3	7.372737E-3
7.425000E-3	7.915616E-3
7.430000E-3	8.325517E-3
7.435000E-3	8.520186E-3
7.440000E-3	8.713484E-3
7.445000E-3	8.740902E-3
7.450000E-3	8.570910E-3
7.455000E-3	8.873880E-3
7.460000E-3	9.050727E-3
7.465000E-3	9.124756E-3
7.470000E-3	9.072661E-3
7.475000E-3	9.124756E-3
7.480000E-3	8.882105E-3
7.485000E-3	8.469462E-3
7.490000E-3	8.018434E-3
7.495000E-3	7.697642E-3
7.500000E-3	7.637322E-3
7.505000E-3	7.781267E-3
7.510000E-3	8.287132E-3
7.515000E-3	9.031534E-3
7.520000E-3	9.762228E-3
7.525000E-3	1.038599E-2
7.530000E-3	1.109612E-2
7.535000E-3	1.147723E-2
7.540000E-3	1.172537E-2
7.545000E-3	1.202011E-2
7.550000E-3	1.205438E-2
7.555000E-3	1.175553E-2
7.560000E-3	1.107693E-2
7.565000E-3	1.032567E-2
7.570000E-3	9.738922E-3
7.575000E-3	9.224832E-3
7.580000E-3	8.587360E-3
7.585000E-3	8.123994E-3
7.590000E-3	7.912874E-3
7.595000E-3	7.653773E-3
7.600000E-3	7.511199E-3
7.605000E-3	7.609904E-3
7.610000E-3	8.049965E-3
7.615000E-3	8.161008E-3
7.620000E-3	8.488655E-3
7.625000E-3	8.322775E-3
7.630000E-3	8.217216E-3
7.635000E-3	7.825136E-3
7.640000E-3	7.539988E-3
7.645000E-3	7.387817E-3
7.650000E-3	7.468700E-3
7.655000E-3	7.555068E-3
7.660000E-3	7.862151E-3
7.665000E-3	8.373499E-3
7.670000E-3	8.725822E-3
7.675000E-3	9.035647E-3
7.680000E-3	9.297490E-3
7.685000E-3	9.658039E-3
7.690000E-3	9.589493E-3
7.695000E-3	9.981573E-3
7.700000E-3	1.035446E-2
7.705000E-3	1.079726E-2
7.710000E-3	1.106322E-2
7.715000E-3	1.132095E-2
7.720000E-3	1.104951E-2
7.725000E-3	1.100016E-2
7.730000E-3	1.075065E-2
7.735000E-3	1.038051E-2
7.740000E-3	9.538770E-3
7.745000E-3	8.720338E-3
7.750000E-3	7.966340E-3
7.755000E-3	7.365882E-3
7.760000E-3	6.976545E-3
7.765000E-3	7.056057E-3
7.770000E-3	7.744253E-3
7.775000E-3	8.291245E-3
7.780000E-3	8.938313E-3
7.785000E-3	9.379745E-3
7.790000E-3	9.445548E-3
7.795000E-3	9.334505E-3
7.800000E-3	9.444177E-3
7.805000E-3	9.449661E-3
7.810000E-3	9.568930E-3
7.815000E-3	9.507239E-3
7.820000E-3	9.052098E-3
7.825000E-3	8.758724E-3
7.830000E-3	8.532524E-3
7.835000E-3	8.443415E-3
7.840000E-3	8.562684E-3
7.845000E-3	8.620262E-3
7.850000E-3	8.806705E-3
7.855000E-3	9.222090E-3
7.860000E-3	9.629250E-3
7.865000E-3	1.001310E-2
7.870000E-3	1.046824E-2
7.875000E-3	1.050937E-2
7.880000E-3	1.049840E-2
7.885000E-3	1.025712E-2
7.890000E-3	9.877384E-3
7.895000E-3	9.319425E-3
7.900000E-3	8.902669E-3
7.905000E-3	8.871138E-3
7.910000E-3	9.017825E-3
7.915000E-3	9.263217E-3
7.920000E-3	9.603202E-3
7.925000E-3	1.005971E-2
7.930000E-3	1.034075E-2
7.935000E-3	1.021051E-2
7.940000E-3	1.002818E-2
7.945000E-3	9.577155E-3
7.950000E-3	9.349585E-3
7.955000E-3	9.427726E-3
7.960000E-3	9.172738E-3
7.965000E-3	8.953393E-3
7.970000E-3	8.705258E-3
7.975000E-3	8.575022E-3
7.980000E-3	8.813560E-3
7.985000E-3	9.053469E-3
7.990000E-3	9.519577E-3
7.995000E-3	9.752631E-3
8.000000E-3	9.930849E-3
8.005000E-3	1.038599E-2
8.010000E-3	1.071501E-2
8.015000E-3	1.098645E-2
8.020000E-3	1.107693E-2
8.025000E-3	1.122499E-2
8.030000E-3	1.091790E-2
8.035000E-3	1.062727E-2
8.040000E-3	1.016527E-2
8.045000E-3	1.022011E-2
8.050000E-3	1.007891E-2
8.055000E-3	1.010221E-2
8.060000E-3	1.016802E-2
8.065000E-3	1.042575E-2
8.070000E-3	1.063550E-2
8.075000E-3	1.073283E-2
8.080000E-3	1.062864E-2
8.085000E-3	1.049292E-2
8.090000E-3	9.851336E-3
8.095000E-3	8.991778E-3
8.100000E-3	8.483171E-3
8.105000E-3	7.943034E-3
8.110000E-3	7.619500E-3
8.115000E-3	7.453620E-3
8.120000E-3	7.404268E-3
8.125000E-3	7.664740E-3
8.130000E-3	7.849813E-3
8.135000E-3	7.954001E-3
8.140000E-3	8.302212E-3
8.145000E-3	8.642197E-3
8.150000E-3	8.638084E-3
8.155000E-3	8.824527E-3
8.160000E-3	9.231687E-3
8.165000E-3	9.523690E-3
8.170000E-3	9.758115E-3
8.175000E-3	9.999394E-3
8.180000E-3	1.018035E-2
8.185000E-3	1.013923E-2
8.190000E-3	9.837627E-3
8.195000E-3	9.349585E-3
8.200000E-3	8.792996E-3
8.205000E-3	8.089721E-3
8.210000E-3	7.871747E-3
8.215000E-3	7.659256E-3
8.220000E-3	7.727802E-3
8.225000E-3	7.944405E-3
8.230000E-3	7.973194E-3
8.235000E-3	7.875860E-3
8.240000E-3	7.937551E-3
8.245000E-3	7.753849E-3
8.250000E-3	7.601678E-3
8.255000E-3	7.291853E-3
8.260000E-3	7.331610E-3
8.265000E-3	7.604420E-3
8.270000E-3	8.114398E-3
8.275000E-3	8.632600E-3
8.280000E-3	9.063065E-3
8.285000E-3	9.470224E-3
8.290000E-3	9.534657E-3
8.295000E-3	9.716988E-3
8.300000E-3	9.467483E-3
8.305000E-3	9.246767E-3
8.310000E-3	8.857429E-3
8.315000E-3	8.359790E-3
8.320000E-3	8.244634E-3
8.325000E-3	8.215845E-3
8.330000E-3	7.881343E-3
8.335000E-3	7.627726E-3
8.340000E-3	7.289112E-3
8.345000E-3	7.060170E-3
8.350000E-3	6.695509E-3
8.355000E-3	6.958723E-3
8.360000E-3	7.115006E-3
8.365000E-3	7.730544E-3
8.370000E-3	8.169234E-3
8.375000E-3	8.660018E-3
8.380000E-3	8.813560E-3
8.385000E-3	8.831382E-3
8.390000E-3	8.858800E-3
8.395000E-3	8.743644E-3
8.400000E-3	8.568168E-3
8.405000E-3	8.764207E-3
8.410000E-3	9.246767E-3
8.415000E-3	9.453773E-3
8.420000E-3	1.005834E-2
8.425000E-3	1.023930E-2
8.430000E-3	1.038188E-2
8.435000E-3	1.025987E-2
8.440000E-3	9.969234E-3
8.445000E-3	9.673119E-3
8.450000E-3	9.515464E-3
8.455000E-3	9.209752E-3
8.460000E-3	9.420872E-3
8.465000E-3	9.886980E-3
8.470000E-3	1.035583E-2
8.475000E-3	1.038599E-2
8.480000E-3	1.067525E-2
8.485000E-3	1.060534E-2
8.490000E-3	1.045728E-2
8.495000E-3	1.032293E-2
8.500000E-3	9.915769E-3
8.505000E-3	9.651184E-3
8.510000E-3	9.267330E-3
8.515000E-3	8.921862E-3
8.520000E-3	8.994520E-3
8.525000E-3	8.909523E-3
8.530000E-3	8.745015E-3
8.535000E-3	8.851945E-3
8.540000E-3	8.941054E-3
8.545000E-3	8.880734E-3
8.550000E-3	8.638084E-3
8.555000E-3	8.228183E-3
8.560000E-3	7.888198E-3
8.565000E-3	7.731915E-3
8.570000E-3	7.550955E-3
8.575000E-3	7.544100E-3
8.580000E-3	7.844329E-3
8.585000E-3	8.428335E-3
8.590000E-3	9.016454E-3
8.595000E-3	9.681344E-3
8.600000E-3	1.000488E-2
8.605000E-3	1.081097E-2
8.610000E-3	1.116741E-2
8.615000E-3	1.136482E-2
8.620000E-3	1.166368E-2
8.625000E-3	1.175964E-2
8.630000E-3	1.117563E-2
8.635000E-3	1.102346E-2
8.640000E-3	1.067799E-2
8.645000E-3	1.037776E-2
8.650000E-3	9.832144E-3
8.655000E-3	9.393454E-3
8.660000E-3	8.854687E-3
8.665000E-3	8.485913E-3
8.670000E-3	8.029401E-3
8.675000E-3	7.699013E-3
8.680000E-3	7.664740E-3
8.685000E-3	7.320642E-3
8.690000E-3	7.253468E-3
8.695000E-3	7.374108E-3
8.700000E-3	7.607162E-3
8.705000E-3	7.897794E-3
8.710000E-3	8.251488E-3
8.715000E-3	8.673728E-3
8.720000E-3	9.154916E-3
8.725000E-3	9.573042E-3
8.730000E-3	9.710133E-3
8.735000E-3	1.004738E-2
8.740000E-3	1.005423E-2
8.745000E-3	1.026261E-2
8.750000E-3	1.018858E-2
8.755000E-3	9.918511E-3
8.760000E-3	9.599090E-3
8.765000E-3	9.536028E-3
8.770000E-3	9.403050E-3
8.775000E-3	9.324908E-3
8.780000E-3	9.275556E-3
8.785000E-3	9.387970E-3
8.790000E-3	9.758115E-3
8.795000E-3	9.930849E-3
8.800000E-3	1.007068E-2
8.805000E-3	9.966493E-3
8.810000E-3	9.977460E-3
8.815000E-3	1.002133E-2
8.820000E-3	9.755373E-3
8.825000E-3	9.205639E-3
8.830000E-3	8.883476E-3
8.835000E-3	8.406401E-3
8.840000E-3	7.938921E-3
8.845000E-3	7.699013E-3
8.850000E-3	7.644176E-3
8.855000E-3	7.496119E-3
8.860000E-3	7.411122E-3
8.865000E-3	7.405639E-3
8.870000E-3	7.759333E-3
8.875000E-3	8.240521E-3
8.880000E-3	8.831382E-3
8.885000E-3	9.468853E-3
8.890000E-3	9.869158E-3
8.895000E-3	1.019406E-2
8.900000E-3	1.059163E-2
8.905000E-3	1.100290E-2
8.910000E-3	1.086169E-2
8.915000E-3	1.089048E-2
8.920000E-3	1.083153E-2
8.925000E-3	1.076162E-2
8.930000E-3	1.059985E-2
8.935000E-3	1.073694E-2
8.940000E-3	1.058614E-2
8.945000E-3	1.055187E-2
8.950000E-3	1.035720E-2
8.955000E-3	9.987056E-3
8.960000E-3	9.756744E-3
8.965000E-3	9.792387E-3
8.970000E-3	9.821177E-3
8.975000E-3	9.645700E-3
8.980000E-3	1.009262E-2
8.985000E-3	1.013237E-2
8.990000E-3	9.939075E-3
8.995000E-3	9.896576E-3
9.000000E-3	9.642959E-3
9.005000E-3	9.270072E-3
9.010000E-3	8.956134E-3
9.015000E-3	8.483171E-3
9.020000E-3	8.110285E-3
9.025000E-3	7.700384E-3
9.030000E-3	7.731915E-3
9.035000E-3	7.648289E-3
9.040000E-3	7.422090E-3
9.045000E-3	7.249355E-3
9.050000E-3	7.295966E-3
9.055000E-3	7.198632E-3
9.060000E-3	7.557809E-3
9.065000E-3	7.788122E-3
9.070000E-3	8.066416E-3
9.075000E-3	8.182943E-3
9.080000E-3	8.632600E-3
9.085000E-3	9.212494E-3
9.090000E-3	9.688199E-3
9.095000E-3	9.937704E-3
9.100000E-3	1.018447E-2
9.105000E-3	1.029688E-2
9.110000E-3	1.027769E-2
9.115000E-3	1.016390E-2
9.120000E-3	9.966493E-3
9.125000E-3	9.636104E-3
9.130000E-3	9.256363E-3
9.135000E-3	8.902669E-3
9.140000E-3	8.309066E-3
9.145000E-3	7.867634E-3
9.150000E-3	7.549584E-3
9.155000E-3	7.419348E-3
9.160000E-3	7.618129E-3
9.165000E-3	7.821023E-3
9.170000E-3	7.767558E-3
9.175000E-3	8.082867E-3
9.180000E-3	8.336484E-3
9.185000E-3	8.714855E-3
9.190000E-3	8.677840E-3
9.195000E-3	8.887589E-3
9.200000E-3	8.967102E-3
9.205000E-3	8.924603E-3
9.210000E-3	8.647680E-3
9.215000E-3	8.669615E-3
9.220000E-3	8.794367E-3
9.225000E-3	8.673728E-3
9.230000E-3	8.768320E-3
9.235000E-3	8.873880E-3
9.240000E-3	8.897185E-3
9.245000E-3	8.772433E-3
9.250000E-3	8.458495E-3
9.255000E-3	8.049965E-3
9.260000E-3	8.125365E-3
9.265000E-3	8.141816E-3
9.270000E-3	8.152783E-3
9.275000E-3	8.437932E-3
9.280000E-3	8.828640E-3
9.285000E-3	9.711504E-3
9.290000E-3	1.007342E-2
9.295000E-3	1.013237E-2
9.300000E-3	1.017350E-2
9.305000E-3	1.031333E-2
9.310000E-3	1.030922E-2
9.315000E-3	1.029688E-2
9.320000E-3	1.011866E-2
9.325000E-3	1.011044E-2
9.330000E-3	1.019269E-2
9.335000E-3	1.005834E-2
9.340000E-3	9.697795E-3
9.345000E-3	9.353697E-3
9.350000E-3	9.119272E-3
9.355000E-3	8.773804E-3
9.360000E-3	8.494139E-3
9.365000E-3	8.509219E-3
9.370000E-3	8.761466E-3
9.375000E-3	8.810818E-3
9.380000E-3	9.253621E-3
9.385000E-3	9.553850E-3
9.390000E-3	9.944558E-3
9.395000E-3	1.008302E-2
9.400000E-3	1.033664E-2
9.405000E-3	1.021737E-2
9.410000E-3	1.004601E-2
9.415000E-3	9.922624E-3
9.420000E-3	9.559333E-3
9.425000E-3	9.360552E-3
9.430000E-3	9.289265E-3
9.435000E-3	9.307086E-3
9.440000E-3	9.304345E-3
9.445000E-3	9.457886E-3
9.450000E-3	9.570301E-3
9.455000E-3	9.478450E-3
9.460000E-3	9.629250E-3
9.465000E-3	9.622395E-3
9.470000E-3	9.573042E-3
9.475000E-3	9.453773E-3
9.480000E-3	9.297490E-3
9.485000E-3	9.211123E-3
9.490000E-3	8.694291E-3
9.495000E-3	8.740902E-3
9.500000E-3	8.660018E-3
9.505000E-3	8.786142E-3
9.510000E-3	8.898556E-3
9.515000E-3	8.987665E-3
9.520000E-3	8.991778E-3
9.525000E-3	9.371519E-3
9.530000E-3	9.958267E-3
9.535000E-3	1.035994E-2
9.540000E-3	1.052034E-2
9.545000E-3	1.049018E-2
9.550000E-3	1.043123E-2
9.555000E-3	1.064646E-2
9.560000E-3	1.055735E-2
9.565000E-3	1.048744E-2
9.570000E-3	1.033664E-2
9.575000E-3	1.019543E-2
9.580000E-3	1.001310E-2
9.585000E-3	9.858191E-3
9.590000E-3	9.633362E-3
9.595000E-3	9.697795E-3
9.600000E-3	9.756744E-3
9.605000E-3	9.719729E-3
9.610000E-3	9.803355E-3
9.615000E-3	9.457886E-3
9.620000E-3	9.407163E-3
9.625000E-3	9.234428E-3
9.630000E-3	9.461999E-3
9.635000E-3	9.504497E-3
9.640000E-3	9.411275E-3
9.645000E-3	9.301603E-3
9.650000E-3	9.319425E-3
9.655000E-3	9.233057E-3
9.660000E-3	9.228945E-3
9.665000E-3	9.150803E-3
9.670000E-3	9.091854E-3
9.675000E-3	9.052098E-3
9.680000E-3	8.995891E-3
9.685000E-3	9.057581E-3
9.690000E-3	9.126127E-3
9.695000E-3	9.330392E-3
9.700000E-3	9.518206E-3
9.705000E-3	9.496272E-3
9.710000E-3	9.531915E-3
9.715000E-3	9.533286E-3
9.720000E-3	9.625137E-3
9.725000E-3	9.758115E-3
9.730000E-3	1.000214E-2
9.735000E-3	1.015019E-2
9.740000E-3	1.019132E-2
9.745000E-3	1.037502E-2
9.750000E-3	1.032293E-2
9.755000E-3	1.042438E-2
9.760000E-3	1.026946E-2
9.765000E-3	1.007205E-2
9.770000E-3	9.943187E-3
9.775000E-3	9.404421E-3
9.780000E-3	9.026051E-3
9.785000E-3	8.814931E-3
9.790000E-3	8.880734E-3
9.795000E-3	8.797109E-3
9.800000E-3	8.702517E-3
9.805000E-3	8.625746E-3
9.810000E-3	8.616149E-3
9.815000E-3	8.668244E-3
9.820000E-3	8.572280E-3
9.825000E-3	8.540750E-3
9.830000E-3	8.366644E-3
9.835000E-3	8.418739E-3
9.840000E-3	8.620262E-3
9.845000E-3	8.612037E-3
9.850000E-3	8.421481E-3
9.855000E-3	8.757353E-3
9.860000E-3	8.627117E-3
9.865000E-3	8.596957E-3
9.870000E-3	8.764207E-3
9.875000E-3	8.766949E-3
9.880000E-3	8.938313E-3
9.885000E-3	9.119272E-3
9.890000E-3	9.315312E-3
9.895000E-3	9.122014E-3
9.900000E-3	8.912265E-3
9.905000E-3	8.601069E-3
9.910000E-3	8.233666E-3
9.915000E-3	8.041739E-3
9.920000E-3	7.778525E-3
9.925000E-3	7.594824E-3
9.930000E-3	7.778525E-3
9.935000E-3	7.921100E-3
9.940000E-3	8.181572E-3
9.945000E-3	8.343339E-3
9.950000E-3	8.612037E-3
9.955000E-3	8.952022E-3
9.960000E-3	9.171367E-3
9.965000E-3	9.286523E-3
9.970000E-3	9.315312E-3
9.975000E-3	9.311199E-3
9.980000E-3	9.316683E-3
9.985000E-3	9.401679E-3
9.990000E-3	9.348214E-3
9.995000E-3	9.494901E-3
