0.000000E+0	1.315248E-2
5.000000E-6	1.330602E-2
1.000000E-5	1.313055E-2
1.500000E-5	1.299345E-2
2.000000E-5	1.303458E-2
2.500000E-5	1.300305E-2
3.000000E-5	1.290572E-2
3.500000E-5	1.301128E-2
4.000000E-5	1.301950E-2
4.500000E-5	1.304007E-2
5.000000E-5	1.313603E-2
5.500000E-5	1.309490E-2
6.000000E-5	1.309079E-2
6.500000E-5	1.304418E-2
7.000000E-5	1.310313E-2
7.500000E-5	1.306337E-2
8.000000E-5	1.305515E-2
8.500000E-5	1.321006E-2
9.000000E-5	1.320183E-2
9.500000E-5	1.308668E-2
1.000000E-4	1.309353E-2
1.050000E-4	1.308531E-2
1.100000E-4	1.309901E-2
1.150000E-4	1.294547E-2
1.200000E-4	1.302087E-2
1.250000E-4	1.304692E-2
1.300000E-4	1.298797E-2
1.350000E-4	1.295644E-2
1.400000E-4	1.299208E-2
1.450000E-4	1.294273E-2
1.500000E-4	1.297015E-2
1.550000E-4	1.305240E-2
1.600000E-4	1.297563E-2
1.650000E-4	1.301128E-2
1.700000E-4	1.295233E-2
1.750000E-4	1.305103E-2
1.800000E-4	1.308119E-2
1.850000E-4	1.274943E-2
1.900000E-4	1.286596E-2
1.950000E-4	1.296604E-2
2.000000E-4	1.282072E-2
2.050000E-4	1.281524E-2
2.100000E-4	1.291531E-2
2.150000E-4	1.288241E-2
2.200000E-4	1.288790E-2
2.250000E-4	1.288378E-2
2.300000E-4	1.298660E-2
2.350000E-4	1.303047E-2
2.400000E-4	1.292080E-2
2.450000E-4	1.305926E-2
2.500000E-4	1.292217E-2
2.550000E-4	1.291943E-2
2.600000E-4	1.304829E-2
2.650000E-4	1.307434E-2
2.700000E-4	1.301402E-2
2.750000E-4	1.291943E-2
2.800000E-4	1.291943E-2
2.850000E-4	1.303047E-2
2.900000E-4	1.300716E-2
2.950000E-4	1.312369E-2
3.000000E-4	1.297426E-2
3.050000E-4	1.300716E-2
3.100000E-4	1.310861E-2
3.150000E-4	1.318264E-2
3.200000E-4	1.309764E-2
3.250000E-4	1.307023E-2
3.300000E-4	1.298934E-2
3.350000E-4	1.307023E-2
3.400000E-4	1.304829E-2
3.450000E-4	1.308805E-2
3.500000E-4	1.313877E-2
3.550000E-4	1.313603E-2
3.600000E-4	1.313192E-2
3.650000E-4	1.312232E-2
3.700000E-4	1.307845E-2
3.750000E-4	1.298934E-2
3.800000E-4	1.297152E-2
3.850000E-4	1.301539E-2
3.900000E-4	1.305652E-2
3.950000E-4	1.304829E-2
4.000000E-4	1.290160E-2
4.050000E-4	1.294410E-2
4.100000E-4	1.293588E-2
4.150000E-4	1.301402E-2
4.200000E-4	1.307023E-2
4.250000E-4	1.302087E-2
4.300000E-4	1.301950E-2
4.350000E-4	1.295918E-2
4.400000E-4	1.305789E-2
4.450000E-4	1.292628E-2
4.500000E-4	1.313603E-2
4.550000E-4	1.311272E-2
4.600000E-4	1.299483E-2
4.650000E-4	1.301813E-2
4.700000E-4	1.298660E-2
4.750000E-4	1.305652E-2
4.800000E-4	1.315796E-2
4.850000E-4	1.307160E-2
4.900000E-4	1.296192E-2
4.950000E-4	1.291120E-2
5.000000E-4	1.310313E-2
5.050000E-4	1.312780E-2
5.100000E-4	1.305103E-2
5.150000E-4	1.307982E-2
5.200000E-4	1.288927E-2
5.250000E-4	1.287282E-2
5.300000E-4	1.294547E-2
5.350000E-4	1.295507E-2
5.400000E-4	1.285636E-2
5.450000E-4	1.277274E-2
5.500000E-4	1.269597E-2
5.550000E-4	1.291943E-2
5.600000E-4	1.306474E-2
5.650000E-4	1.324159E-2
5.700000E-4	1.302361E-2
5.750000E-4	1.291531E-2
5.800000E-4	1.291668E-2
5.850000E-4	1.305652E-2
5.900000E-4	1.285774E-2
5.950000E-4	1.289201E-2
6.000000E-4	1.292354E-2
6.050000E-4	1.292080E-2
6.100000E-4	1.286459E-2
6.150000E-4	1.271105E-2
6.200000E-4	1.283717E-2
6.250000E-4	1.299208E-2
6.300000E-4	1.297289E-2
6.350000E-4	1.308668E-2
6.400000E-4	1.313740E-2
6.450000E-4	1.308393E-2
6.500000E-4	1.309764E-2
6.550000E-4	1.277137E-2
6.600000E-4	1.295507E-2
6.650000E-4	1.308119E-2
6.700000E-4	1.304692E-2
6.750000E-4	1.290572E-2
6.800000E-4	1.296055E-2
6.850000E-4	1.305926E-2
6.900000E-4	1.292628E-2
6.950000E-4	1.281387E-2
7.000000E-4	1.283032E-2
7.050000E-4	1.290846E-2
7.100000E-4	1.304555E-2
7.150000E-4	1.275766E-2
7.200000E-4	1.271790E-2
7.250000E-4	1.289749E-2
7.300000E-4	1.314151E-2
7.350000E-4	1.306337E-2
7.400000E-4	1.303321E-2
7.450000E-4	1.309901E-2
7.500000E-4	1.315933E-2
7.550000E-4	1.305789E-2
7.600000E-4	1.297975E-2
7.650000E-4	1.304144E-2
7.700000E-4	1.310313E-2
7.750000E-4	1.304692E-2
7.800000E-4	1.320732E-2
7.850000E-4	1.313055E-2
7.900000E-4	1.315111E-2
7.950000E-4	1.324159E-2
8.000000E-4	1.297975E-2
8.050000E-4	1.294959E-2
8.100000E-4	1.289201E-2
8.150000E-4	1.301128E-2
8.200000E-4	1.287419E-2
8.250000E-4	1.286870E-2
8.300000E-4	1.284951E-2
8.350000E-4	1.291806E-2
8.400000E-4	1.290983E-2
8.450000E-4	1.313192E-2
8.500000E-4	1.321143E-2
8.550000E-4	1.303047E-2
8.600000E-4	1.285774E-2
8.650000E-4	1.307708E-2
8.700000E-4	1.313055E-2
8.750000E-4	1.303732E-2
8.800000E-4	1.301128E-2
8.850000E-4	1.307982E-2
8.900000E-4	1.305515E-2
8.950000E-4	1.293451E-2
9.000000E-4	1.296192E-2
9.050000E-4	1.282209E-2
9.100000E-4	1.284951E-2
9.150000E-4	1.289064E-2
9.200000E-4	1.291806E-2
9.250000E-4	1.302224E-2
9.300000E-4	1.301813E-2
9.350000E-4	1.307023E-2
9.400000E-4	1.310313E-2
9.450000E-4	1.310039E-2
9.500000E-4	1.322103E-2
9.550000E-4	1.326764E-2
9.600000E-4	1.320457E-2
9.650000E-4	1.313740E-2
9.700000E-4	1.322514E-2
9.750000E-4	1.282072E-2
9.800000E-4	1.281387E-2
9.850000E-4	1.303321E-2
9.900000E-4	1.305652E-2
9.950000E-4	1.308942E-2
1.000000E-3	1.316208E-2
1.005000E-3	1.316208E-2
1.010000E-3	1.317579E-2
1.015000E-3	1.298934E-2
1.020000E-3	1.296055E-2
1.025000E-3	1.300991E-2
1.030000E-3	1.309353E-2
1.035000E-3	1.317853E-2
1.040000E-3	1.309353E-2
1.045000E-3	1.303184E-2
1.050000E-3	1.303869E-2
1.055000E-3	1.315522E-2
1.060000E-3	1.315933E-2
1.065000E-3	1.308256E-2
1.070000E-3	1.315659E-2
1.075000E-3	1.307571E-2
1.080000E-3	1.296741E-2
1.085000E-3	1.309353E-2
1.090000E-3	1.327723E-2
1.095000E-3	1.319772E-2
1.100000E-3	1.302224E-2
1.105000E-3	1.290709E-2
1.110000E-3	1.315796E-2
1.115000E-3	1.316756E-2
1.120000E-3	1.300853E-2
1.125000E-3	1.311135E-2
1.130000E-3	1.314974E-2
1.135000E-3	1.318401E-2
1.140000E-3	1.309079E-2
1.145000E-3	1.316482E-2
1.150000E-3	1.303869E-2
1.155000E-3	1.302773E-2
1.160000E-3	1.292765E-2
1.165000E-3	1.319909E-2
1.170000E-3	1.310039E-2
1.175000E-3	1.297015E-2
1.180000E-3	1.280838E-2
1.185000E-3	1.286870E-2
1.190000E-3	1.298660E-2
1.195000E-3	1.310313E-2
1.200000E-3	1.307845E-2
1.205000E-3	1.322514E-2
1.210000E-3	1.330602E-2
1.215000E-3	1.310313E-2
1.220000E-3	1.317304E-2
1.225000E-3	1.314837E-2
1.230000E-3	1.305515E-2
1.235000E-3	1.308805E-2
1.240000E-3	1.307845E-2
1.245000E-3	1.300168E-2
1.250000E-3	1.306063E-2
1.255000E-3	1.291806E-2
1.260000E-3	1.301265E-2
1.265000E-3	1.301128E-2
1.270000E-3	1.305377E-2
1.275000E-3	1.303321E-2
1.280000E-3	1.321554E-2
1.285000E-3	1.303869E-2
1.290000E-3	1.292765E-2
1.295000E-3	1.310998E-2
1.300000E-3	1.322514E-2
1.305000E-3	1.329917E-2
1.310000E-3	1.308668E-2
1.315000E-3	1.296192E-2
1.320000E-3	1.305789E-2
1.325000E-3	1.298523E-2
1.330000E-3	1.302361E-2
1.335000E-3	1.309353E-2
1.340000E-3	1.324570E-2
1.345000E-3	1.307434E-2
1.350000E-3	1.308942E-2
1.355000E-3	1.306885E-2
1.360000E-3	1.301539E-2
1.365000E-3	1.313055E-2
1.370000E-3	1.318264E-2
1.375000E-3	1.324844E-2
1.380000E-3	1.301265E-2
1.385000E-3	1.296192E-2
1.390000E-3	1.294684E-2
1.395000E-3	1.301128E-2
1.400000E-3	1.297426E-2
1.405000E-3	1.298660E-2
1.410000E-3	1.292354E-2
1.415000E-3	1.289475E-2
1.420000E-3	1.297289E-2
1.425000E-3	1.325393E-2
1.430000E-3	1.305515E-2
1.435000E-3	1.309627E-2
1.440000E-3	1.303047E-2
1.445000E-3	1.303184E-2
1.450000E-3	1.306611E-2
1.455000E-3	1.307023E-2
1.460000E-3	1.313192E-2
1.465000E-3	1.310998E-2
1.470000E-3	1.293725E-2
1.475000E-3	1.295644E-2
1.480000E-3	1.302910E-2
1.485000E-3	1.302224E-2
1.490000E-3	1.310587E-2
1.495000E-3	1.301813E-2
1.500000E-3	1.304692E-2
1.505000E-3	1.316482E-2
1.510000E-3	1.310176E-2
1.515000E-3	1.307571E-2
1.520000E-3	1.304692E-2
1.525000E-3	1.303458E-2
1.530000E-3	1.304555E-2
1.535000E-3	1.298934E-2
1.540000E-3	1.304692E-2
1.545000E-3	1.296604E-2
1.550000E-3	1.307160E-2
1.555000E-3	1.301676E-2
1.560000E-3	1.299620E-2
1.565000E-3	1.317030E-2
1.570000E-3	1.320869E-2
1.575000E-3	1.307845E-2
1.580000E-3	1.306337E-2
1.585000E-3	1.312232E-2
1.590000E-3	1.307708E-2
1.595000E-3	1.309901E-2
1.600000E-3	1.310039E-2
1.605000E-3	1.314014E-2
1.610000E-3	1.310998E-2
1.615000E-3	1.304281E-2
1.620000E-3	1.304281E-2
1.625000E-3	1.303732E-2
1.630000E-3	1.294684E-2
1.635000E-3	1.302910E-2
1.640000E-3	1.308942E-2
1.645000E-3	1.301128E-2
1.650000E-3	1.293725E-2
1.655000E-3	1.295096E-2
1.660000E-3	1.308668E-2
1.665000E-3	1.304007E-2
1.670000E-3	1.298523E-2
1.675000E-3	1.295096E-2
1.680000E-3	1.295918E-2
1.685000E-3	1.307845E-2
1.690000E-3	1.324981E-2
1.695000E-3	1.314563E-2
1.700000E-3	1.286048E-2
1.705000E-3	1.297152E-2
1.710000E-3	1.287830E-2
1.715000E-3	1.307160E-2
1.720000E-3	1.303321E-2
1.725000E-3	1.318401E-2
1.730000E-3	1.295781E-2
1.735000E-3	1.303321E-2
1.740000E-3	1.314563E-2
1.745000E-3	1.311135E-2
1.750000E-3	1.300853E-2
1.755000E-3	1.311409E-2
1.760000E-3	1.323885E-2
1.765000E-3	1.309764E-2
1.770000E-3	1.307982E-2
1.775000E-3	1.317853E-2
1.780000E-3	1.302087E-2
1.785000E-3	1.295370E-2
1.790000E-3	1.313740E-2
1.795000E-3	1.290572E-2
1.800000E-3	1.298386E-2
1.805000E-3	1.300168E-2
1.810000E-3	1.310998E-2
1.815000E-3	1.311409E-2
1.820000E-3	1.304555E-2
1.825000E-3	1.289886E-2
1.830000E-3	1.301813E-2
1.835000E-3	1.306337E-2
1.840000E-3	1.334167E-2
1.845000E-3	1.322240E-2
1.850000E-3	1.306474E-2
1.855000E-3	1.297837E-2
1.860000E-3	1.294547E-2
1.865000E-3	1.288378E-2
1.870000E-3	1.298386E-2
1.875000E-3	1.305789E-2
1.880000E-3	1.305103E-2
1.885000E-3	1.291531E-2
1.890000E-3	1.308256E-2
1.895000E-3	1.310039E-2
1.900000E-3	1.284403E-2
1.905000E-3	1.289475E-2
1.910000E-3	1.307434E-2
1.915000E-3	1.304555E-2
1.920000E-3	1.299894E-2
1.925000E-3	1.295096E-2
1.930000E-3	1.299620E-2
1.935000E-3	1.304418E-2
1.940000E-3	1.317579E-2
1.945000E-3	1.314837E-2
1.950000E-3	1.317441E-2
1.955000E-3	1.331151E-2
1.960000E-3	1.323748E-2
1.965000E-3	1.322103E-2
1.970000E-3	1.314837E-2
1.975000E-3	1.322925E-2
1.980000E-3	1.320046E-2
1.985000E-3	1.313055E-2
1.990000E-3	1.302499E-2
1.995000E-3	1.309216E-2
2.000000E-3	1.294822E-2
2.005000E-3	1.320595E-2
2.010000E-3	1.323885E-2
2.015000E-3	1.326764E-2
2.020000E-3	1.317304E-2
2.025000E-3	1.304144E-2
2.030000E-3	1.318949E-2
2.035000E-3	1.301950E-2
2.040000E-3	1.309079E-2
2.045000E-3	1.313055E-2
2.050000E-3	1.303184E-2
2.055000E-3	1.320732E-2
2.060000E-3	1.297289E-2
2.065000E-3	1.293451E-2
2.070000E-3	1.293999E-2
2.075000E-3	1.290572E-2
2.080000E-3	1.306474E-2
2.085000E-3	1.295918E-2
2.090000E-3	1.299071E-2
2.095000E-3	1.310724E-2
2.100000E-3	1.304692E-2
2.105000E-3	1.309901E-2
2.110000E-3	1.290435E-2
2.115000E-3	1.287007E-2
2.120000E-3	1.304555E-2
2.125000E-3	1.301402E-2
2.130000E-3	1.326901E-2
2.135000E-3	1.325941E-2
2.140000E-3	1.315659E-2
2.145000E-3	1.298249E-2
2.150000E-3	1.307708E-2
2.155000E-3	1.312917E-2
2.160000E-3	1.311409E-2
2.165000E-3	1.292902E-2
2.170000E-3	1.311547E-2
2.175000E-3	1.310861E-2
2.180000E-3	1.304007E-2
2.185000E-3	1.298934E-2
2.190000E-3	1.327312E-2
2.195000E-3	1.320457E-2
2.200000E-3	1.299208E-2
2.205000E-3	1.299345E-2
2.210000E-3	1.294273E-2
2.215000E-3	1.300716E-2
2.220000E-3	1.306474E-2
2.225000E-3	1.305240E-2
2.230000E-3	1.312643E-2
2.235000E-3	1.318812E-2
2.240000E-3	1.302910E-2
2.245000E-3	1.295233E-2
2.250000E-3	1.306474E-2
2.255000E-3	1.307297E-2
2.260000E-3	1.303047E-2
2.265000E-3	1.311547E-2
2.270000E-3	1.308668E-2
2.275000E-3	1.323611E-2
2.280000E-3	1.313466E-2
2.285000E-3	1.310587E-2
2.290000E-3	1.315385E-2
2.295000E-3	1.298934E-2
2.300000E-3	1.297700E-2
2.305000E-3	1.314700E-2
2.310000E-3	1.305652E-2
2.315000E-3	1.300168E-2
2.320000E-3	1.273710E-2
2.325000E-3	1.289475E-2
2.330000E-3	1.317853E-2
2.335000E-3	1.295096E-2
2.340000E-3	1.312643E-2
2.345000E-3	1.302910E-2
2.350000E-3	1.339924E-2
2.355000E-3	1.305926E-2
2.360000E-3	1.360762E-2
2.365000E-3	1.284540E-2
2.370000E-3	1.332796E-2
2.375000E-3	1.276863E-2
2.380000E-3	1.346505E-2
2.385000E-3	1.239163E-2
2.390000E-3	1.377761E-2
2.395000E-3	1.213527E-2
2.400000E-3	1.400244E-2
2.405000E-3	1.196665E-2
2.410000E-3	1.462072E-2
2.415000E-3	1.140183E-2
2.420000E-3	1.510876E-2
2.425000E-3	1.063824E-2
2.430000E-3	1.605469E-2
2.435000E-3	1.459193E-2
2.440000E-3	2.518630E-2
2.445000E-3	-1.245016E-1
2.450000E-3	-7.212615E-2
2.455000E-3	6.090528E-2
2.460000E-3	-4.158646E-2
2.465000E-3	-5.315965E-2
2.470000E-3	2.687937E-2
2.475000E-3	-7.207268E-2
2.480000E-3	-2.387434E-2
2.485000E-3	1.243961E-2
2.490000E-3	-8.163887E-2
2.495000E-3	5.225623E-2
2.500000E-3	1.725711E-1
2.505000E-3	4.225546E-2
2.510000E-3	1.311409E-2
2.515000E-3	6.664389E-2
2.520000E-3	1.459056E-2
2.525000E-3	3.041768E-2
2.530000E-3	9.824330E-2
2.535000E-3	7.918769E-2
2.540000E-3	6.711823E-2
2.545000E-3	1.164531E-1
2.550000E-3	5.580276E-2
2.555000E-3	2.785134E-2
2.560000E-3	8.617383E-2
2.565000E-3	3.622895E-2
2.570000E-3	-1.643580E-2
2.575000E-3	5.998266E-2
2.580000E-3	3.382713E-2
2.585000E-3	-3.978783E-2
2.590000E-3	3.407663E-2
2.595000E-3	3.957808E-2
2.600000E-3	-5.675966E-2
2.605000E-3	1.724190E-2
2.610000E-3	4.747039E-2
2.615000E-3	-6.675494E-2
2.620000E-3	-2.229643E-2
2.625000E-3	2.369201E-2
2.630000E-3	-7.471579E-2
2.635000E-3	-2.074045E-2
2.640000E-3	5.429065E-2
2.645000E-3	-5.009842E-2
2.650000E-3	-2.844357E-2
2.655000E-3	5.767953E-2
2.660000E-3	-3.147739E-2
2.665000E-3	-2.847511E-2
2.670000E-3	6.085867E-2
2.675000E-3	-8.424222E-3
2.680000E-3	-8.751869E-3
2.685000E-3	6.418860E-2
2.690000E-3	-4.304647E-3
2.695000E-3	-1.993024E-2
2.700000E-3	6.016773E-2
2.705000E-3	2.326977E-2
2.710000E-3	-1.434106E-2
2.715000E-3	5.248791E-2
2.720000E-3	2.754289E-2
2.725000E-3	-2.876574E-2
2.730000E-3	3.029293E-2
2.735000E-3	1.719391E-2
2.740000E-3	-4.814762E-2
2.745000E-3	1.421356E-2
2.750000E-3	2.558112E-2
2.755000E-3	-3.559422E-2
2.760000E-3	6.319880E-3
2.765000E-3	2.409780E-2
2.770000E-3	-3.326231E-2
2.775000E-3	2.113938E-3
2.780000E-3	3.871852E-2
2.785000E-3	-2.835310E-2
2.790000E-3	-1.420808E-2
2.795000E-3	4.599118E-2
2.800000E-3	-1.303732E-3
2.805000E-3	-1.049292E-2
2.810000E-3	5.100733E-2
2.815000E-3	1.924342E-2
2.820000E-3	2.656817E-3
2.825000E-3	5.551350E-2
2.830000E-3	3.093863E-2
2.835000E-3	1.070404E-2
2.840000E-3	6.515372E-2
2.845000E-3	4.632705E-2
2.850000E-3	3.890634E-3
2.855000E-3	4.686856E-2
2.860000E-3	4.503566E-2
2.865000E-3	1.170754E-3
2.870000E-3	3.201205E-2
2.875000E-3	4.002774E-2
2.880000E-3	-4.417062E-3
2.885000E-3	1.573938E-2
2.890000E-3	3.423429E-2
2.895000E-3	-5.903125E-3
2.900000E-3	7.742882E-3
2.905000E-3	3.179818E-2
2.910000E-3	-5.596042E-3
2.915000E-3	-9.004116E-3
2.920000E-3	1.733786E-2
2.925000E-3	-1.596832E-2
2.930000E-3	-1.373374E-2
2.935000E-3	3.306216E-2
2.940000E-3	1.402438E-3
2.945000E-3	-1.542819E-2
2.950000E-3	1.949155E-2
2.955000E-3	3.700078E-3
2.960000E-3	-9.588122E-3
2.965000E-3	2.174670E-2
2.970000E-3	1.712674E-2
2.975000E-3	-3.261387E-3
2.980000E-3	2.433908E-2
2.985000E-3	3.641814E-2
2.990000E-3	9.445548E-3
2.995000E-3	2.205241E-2
3.000000E-3	3.471684E-2
3.005000E-3	1.052582E-2
3.010000E-3	1.466322E-2
3.015000E-3	3.020793E-2
3.020000E-3	1.538980E-2
3.025000E-3	1.957518E-2
3.030000E-3	3.444403E-2
3.035000E-3	1.577502E-2
3.040000E-3	8.575022E-3
3.045000E-3	2.817214E-2
3.050000E-3	1.820838E-2
3.055000E-3	5.121708E-3
3.060000E-3	1.817685E-2
3.065000E-3	1.609170E-2
3.070000E-3	-3.931761E-3
3.075000E-3	-7.923841E-4
3.080000E-3	8.047223E-3
3.085000E-3	-3.854990E-3
3.090000E-3	3.564358E-4
3.095000E-3	2.611578E-3
3.100000E-3	-1.098371E-2
3.105000E-3	-2.808988E-3
3.110000E-3	5.949736E-3
3.115000E-3	-6.943643E-3
3.120000E-3	-9.254992E-3
3.125000E-3	2.850115E-3
3.130000E-3	1.967251E-3
3.135000E-3	-6.121099E-3
3.140000E-3	4.277229E-3
3.145000E-3	1.581341E-2
3.150000E-3	1.317990E-2
3.155000E-3	1.770800E-2
3.160000E-3	2.069110E-2
3.165000E-3	1.480168E-2
3.170000E-3	1.927358E-2
3.175000E-3	3.013527E-2
3.180000E-3	2.641875E-2
3.185000E-3	2.434045E-2
3.190000E-3	3.205591E-2
3.195000E-3	2.909476E-2
3.200000E-3	2.415675E-2
3.205000E-3	2.807480E-2
3.210000E-3	2.616787E-2
3.215000E-3	2.702194E-2
3.220000E-3	3.007632E-2
3.225000E-3	2.519453E-2
3.230000E-3	2.034426E-2
3.235000E-3	1.787114E-2
3.240000E-3	1.836741E-2
3.245000E-3	2.370983E-2
3.250000E-3	1.737624E-2
3.255000E-3	1.208866E-2
3.260000E-3	2.133405E-2
3.265000E-3	1.723093E-2
3.270000E-3	8.285761E-3
3.275000E-3	1.263016E-2
3.280000E-3	1.110983E-2
3.285000E-3	3.357351E-3
3.290000E-3	7.752478E-3
3.295000E-3	8.461237E-3
3.300000E-3	2.353847E-3
3.305000E-3	6.395280E-3
3.310000E-3	9.832144E-3
3.315000E-3	3.218889E-3
3.320000E-3	5.042195E-3
3.325000E-3	1.379544E-2
3.330000E-3	9.478450E-3
3.335000E-3	8.406401E-3
3.340000E-3	1.557624E-2
3.345000E-3	7.112265E-3
3.350000E-3	1.214623E-3
3.355000E-3	1.184052E-2
3.360000E-3	9.504497E-3
3.365000E-3	2.338767E-3
3.370000E-3	1.065606E-2
3.375000E-3	1.316208E-2
3.380000E-3	6.591320E-3
3.385000E-3	1.112491E-2
3.390000E-3	1.302773E-2
3.395000E-3	3.409445E-3
3.400000E-3	5.515158E-3
3.405000E-3	8.492768E-3
3.410000E-3	-1.795888E-4
3.415000E-3	2.994061E-3
3.420000E-3	1.095629E-2
3.425000E-3	6.470680E-3
3.430000E-3	7.472813E-3
3.435000E-3	1.671273E-2
3.440000E-3	1.445484E-2
3.445000E-3	1.319361E-2
3.450000E-3	2.243078E-2
3.455000E-3	2.252263E-2
3.460000E-3	2.145332E-2
3.465000E-3	2.886856E-2
3.470000E-3	2.533847E-2
3.475000E-3	1.585042E-2
3.480000E-3	2.199346E-2
3.485000E-3	2.357411E-2
3.490000E-3	2.072948E-2
3.495000E-3	2.825850E-2
3.500000E-3	2.746475E-2
3.505000E-3	1.959026E-2
3.510000E-3	2.456665E-2
3.515000E-3	2.220595E-2
3.520000E-3	1.427937E-2
3.525000E-3	1.877457E-2
3.530000E-3	1.805210E-2
3.535000E-3	1.163763E-2
3.540000E-3	1.676208E-2
3.545000E-3	1.342255E-2
3.550000E-3	4.630923E-3
3.555000E-3	1.139498E-2
3.560000E-3	9.616911E-3
3.565000E-3	-3.709674E-3
3.570000E-3	5.127192E-4
3.575000E-3	4.713178E-3
3.580000E-3	-2.412796E-3
3.585000E-3	2.384007E-3
3.590000E-3	7.618129E-3
3.595000E-3	1.139224E-3
3.600000E-3	4.059255E-3
3.605000E-3	1.099056E-2
3.610000E-3	7.250726E-3
3.615000E-3	1.079863E-2
3.620000E-3	1.820153E-2
3.625000E-3	1.403672E-2
3.630000E-3	1.288790E-2
3.635000E-3	1.956969E-2
3.640000E-3	1.717609E-2
3.645000E-3	1.523489E-2
3.650000E-3	2.164388E-2
3.655000E-3	2.090770E-2
3.660000E-3	1.611638E-2
3.665000E-3	1.916391E-2
3.670000E-3	1.918995E-2
3.675000E-3	1.547205E-2
3.680000E-3	1.872659E-2
3.685000E-3	1.785880E-2
3.690000E-3	1.129079E-2
3.695000E-3	1.190221E-2
3.700000E-3	1.090831E-2
3.705000E-3	4.221022E-3
3.710000E-3	6.408989E-3
3.715000E-3	8.765578E-3
3.720000E-3	4.358113E-3
3.725000E-3	6.081343E-3
3.730000E-3	1.056284E-2
3.735000E-3	5.900383E-3
3.740000E-3	4.959941E-3
3.745000E-3	9.132981E-3
3.750000E-3	9.950042E-3
3.755000E-3	9.903431E-3
3.760000E-3	1.256025E-2
3.765000E-3	1.141554E-2
3.770000E-3	1.142925E-2
3.775000E-3	1.549262E-2
3.780000E-3	1.482362E-2
3.785000E-3	1.304007E-2
3.790000E-3	2.072263E-2
3.795000E-3	2.296406E-2
3.800000E-3	1.765865E-2
3.805000E-3	2.047449E-2
3.810000E-3	2.114487E-2
3.815000E-3	1.751196E-2
3.820000E-3	2.074045E-2
3.825000E-3	2.075005E-2
3.830000E-3	1.586413E-2
3.835000E-3	1.793009E-2
3.840000E-3	1.802194E-2
3.845000E-3	1.345956E-2
3.850000E-3	1.246291E-2
3.855000E-3	1.421630E-2
3.860000E-3	1.210922E-2
3.865000E-3	1.136756E-2
3.870000E-3	1.258767E-2
3.875000E-3	8.431077E-3
3.880000E-3	7.365882E-3
3.885000E-3	1.280564E-2
3.890000E-3	1.327175E-2
3.895000E-3	1.132369E-2
3.900000E-3	1.275903E-2
3.905000E-3	1.368302E-2
3.910000E-3	1.310724E-2
3.915000E-3	1.467144E-2
3.920000E-3	1.540214E-2
3.925000E-3	1.441783E-2
3.930000E-3	1.677853E-2
3.935000E-3	1.843596E-2
3.940000E-3	1.669902E-2
3.945000E-3	1.770800E-2
3.950000E-3	1.803017E-2
3.955000E-3	1.672095E-2
3.960000E-3	1.759148E-2
3.965000E-3	1.682240E-2
3.970000E-3	1.398599E-2
3.975000E-3	1.441783E-2
3.980000E-3	1.386398E-2
3.985000E-3	1.063138E-2
3.990000E-3	1.004875E-2
3.995000E-3	8.787513E-3
4.000000E-3	4.534960E-3
4.005000E-3	3.099620E-3
4.010000E-3	4.290938E-3
4.015000E-3	2.833664E-3
4.020000E-3	3.142118E-3
4.025000E-3	5.785227E-3
4.030000E-3	5.243719E-3
4.035000E-3	4.691243E-3
4.040000E-3	7.246614E-3
4.045000E-3	7.361770E-3
4.050000E-3	6.230772E-3
4.055000E-3	8.415997E-3
4.060000E-3	1.042026E-2
4.065000E-3	1.161706E-2
4.070000E-3	1.447541E-2
4.075000E-3	1.624250E-2
4.080000E-3	1.557213E-2
4.085000E-3	1.594639E-2
4.090000E-3	1.654959E-2
4.095000E-3	1.590389E-2
4.100000E-3	1.651531E-2
4.105000E-3	1.873755E-2
4.110000E-3	1.900762E-2
4.115000E-3	1.854700E-2
4.120000E-3	1.853192E-2
4.125000E-3	1.701707E-2
4.130000E-3	1.650846E-2
4.135000E-3	1.792186E-2
4.140000E-3	1.854014E-2
4.145000E-3	1.872933E-2
4.150000E-3	1.927358E-2
4.155000E-3	1.870877E-2
4.160000E-3	1.824677E-2
4.165000E-3	1.751059E-2
4.170000E-3	1.486611E-2
4.175000E-3	1.282758E-2
4.180000E-3	1.199681E-2
4.185000E-3	9.774566E-3
4.190000E-3	8.801222E-3
4.195000E-3	9.472966E-3
4.200000E-3	8.772433E-3
4.205000E-3	7.434428E-3
4.210000E-3	7.777154E-3
4.215000E-3	7.504344E-3
4.220000E-3	5.778372E-3
4.225000E-3	7.230163E-3
4.230000E-3	8.480430E-3
4.235000E-3	8.307695E-3
4.240000E-3	9.341359E-3
4.245000E-3	9.866416E-3
4.250000E-3	1.013511E-2
4.255000E-3	1.196390E-2
4.260000E-3	1.243138E-2
4.265000E-3	1.053816E-2
4.270000E-3	1.042438E-2
4.275000E-3	1.187068E-2
4.280000E-3	1.219422E-2
4.285000E-3	1.347053E-2
4.290000E-3	1.605058E-2
4.295000E-3	1.685941E-2
4.300000E-3	1.637959E-2
4.305000E-3	1.596832E-2
4.310000E-3	1.559544E-2
4.315000E-3	1.589704E-2
4.320000E-3	1.713496E-2
4.325000E-3	1.706779E-2
4.330000E-3	1.726794E-2
4.335000E-3	1.805073E-2
4.340000E-3	1.704586E-2
4.345000E-3	1.562834E-2
4.350000E-3	1.633573E-2
4.355000E-3	1.710206E-2
4.360000E-3	1.564616E-2
4.365000E-3	1.419985E-2
4.370000E-3	1.346231E-2
4.375000E-3	1.265073E-2
4.380000E-3	1.283854E-2
4.385000E-3	1.343077E-2
4.390000E-3	1.392704E-2
4.395000E-3	1.441234E-2
4.400000E-3	1.390785E-2
4.405000E-3	1.216817E-2
4.410000E-3	1.195431E-2
4.415000E-3	1.326078E-2
4.420000E-3	1.366520E-2
4.425000E-3	1.326627E-2
4.430000E-3	1.313055E-2
4.435000E-3	1.244372E-2
4.440000E-3	1.164722E-2
4.445000E-3	1.108104E-2
4.450000E-3	1.010495E-2
4.455000E-3	9.736180E-3
4.460000E-3	1.017076E-2
4.465000E-3	9.767711E-3
4.470000E-3	8.672357E-3
4.475000E-3	9.876013E-3
4.480000E-3	1.029277E-2
4.485000E-3	8.255601E-3
4.490000E-3	7.609904E-3
4.495000E-3	7.603049E-3
4.500000E-3	5.195737E-3
4.505000E-3	6.021023E-3
4.510000E-3	7.605791E-3
4.515000E-3	6.159484E-3
4.520000E-3	6.807923E-3
4.525000E-3	7.815540E-3
4.530000E-3	6.081343E-3
4.535000E-3	7.027268E-3
4.540000E-3	9.398937E-3
4.545000E-3	9.475708E-3
4.550000E-3	1.278919E-2
4.555000E-3	1.822758E-2
4.560000E-3	2.144098E-2
4.565000E-3	2.292293E-2
4.570000E-3	2.302575E-2
4.575000E-3	2.161098E-2
4.580000E-3	2.024692E-2
4.585000E-3	2.173024E-2
4.590000E-3	2.310526E-2
4.595000E-3	2.309978E-2
4.600000E-3	2.451867E-2
4.605000E-3	2.435005E-2
4.610000E-3	2.139711E-2
4.615000E-3	1.949567E-2
4.620000E-3	1.917624E-2
4.625000E-3	1.344585E-2
4.630000E-3	1.200229E-2
4.635000E-3	1.348424E-2
4.640000E-3	1.142240E-2
4.645000E-3	1.107830E-2
4.650000E-3	1.117426E-2
4.655000E-3	8.409142E-3
4.660000E-3	8.295357E-3
4.665000E-3	9.385228E-3
4.670000E-3	8.780658E-3
4.675000E-3	9.250879E-3
4.680000E-3	9.755373E-3
4.685000E-3	9.374261E-3
4.690000E-3	1.022834E-2
4.695000E-3	1.170206E-2
4.700000E-3	1.293999E-2
4.705000E-3	1.436299E-2
4.710000E-3	1.543641E-2
4.715000E-3	1.666063E-2
4.720000E-3	1.765865E-2
4.725000E-3	1.795202E-2
4.730000E-3	1.829886E-2
4.735000E-3	1.843870E-2
4.740000E-3	1.810420E-2
4.745000E-3	1.877046E-2
4.750000E-3	1.805758E-2
4.755000E-3	1.698828E-2
4.760000E-3	1.703352E-2
4.765000E-3	1.619726E-2
4.770000E-3	1.504433E-2
4.775000E-3	1.429856E-2
4.780000E-3	1.283991E-2
4.785000E-3	1.140732E-2
4.790000E-3	9.932220E-3
4.795000E-3	7.482409E-3
4.800000E-3	6.376088E-3
4.805000E-3	6.119728E-3
4.810000E-3	5.325973E-3
4.815000E-3	5.378067E-3
4.820000E-3	5.650878E-3
4.825000E-3	4.611731E-3
4.830000E-3	4.127800E-3
4.835000E-3	5.109370E-3
4.840000E-3	5.567253E-3
4.845000E-3	6.636560E-3
4.850000E-3	8.125365E-3
4.855000E-3	8.967102E-3
4.860000E-3	9.866416E-3
4.865000E-3	1.062042E-2
4.870000E-3	1.035994E-2
4.875000E-3	1.041752E-2
4.880000E-3	1.168561E-2
4.885000E-3	1.283032E-2
4.890000E-3	1.366794E-2
4.895000E-3	1.479071E-2
4.900000E-3	1.600534E-2
4.905000E-3	1.673603E-2
4.910000E-3	1.736253E-2
4.915000E-3	1.718569E-2
4.920000E-3	1.561052E-2
4.925000E-3	1.501006E-2
4.930000E-3	1.499909E-2
4.935000E-3	1.366109E-2
4.940000E-3	1.331973E-2
4.945000E-3	1.407510E-2
4.950000E-3	1.266718E-2
4.955000E-3	1.164174E-2
4.960000E-3	1.232034E-2
4.965000E-3	1.130861E-2
4.970000E-3	1.080412E-2
4.975000E-3	1.251775E-2
4.980000E-3	1.229978E-2
4.985000E-3	1.171714E-2
4.990000E-3	1.327860E-2
4.995000E-3	1.383382E-2
5.000000E-3	1.306885E-2
5.005000E-3	1.449871E-2
5.010000E-3	1.506764E-2
5.015000E-3	1.336360E-2
5.020000E-3	1.338416E-2
5.025000E-3	1.412582E-2
5.030000E-3	1.341707E-2
5.035000E-3	1.446718E-2
5.040000E-3	1.633161E-2
5.045000E-3	1.571608E-2
5.050000E-3	1.522666E-2
5.055000E-3	1.628637E-2
5.060000E-3	1.567221E-2
5.065000E-3	1.582301E-2
5.070000E-3	1.773405E-2
5.075000E-3	1.763809E-2
5.080000E-3	1.653314E-2
5.085000E-3	1.698416E-2
5.090000E-3	1.700884E-2
5.095000E-3	1.578736E-2
5.100000E-3	1.635492E-2
5.105000E-3	1.664281E-2
5.110000E-3	1.546794E-2
5.115000E-3	1.476741E-2
5.120000E-3	1.469064E-2
5.125000E-3	1.403809E-2
5.130000E-3	1.351166E-2
5.135000E-3	1.329917E-2
5.140000E-3	1.240396E-2
5.145000E-3	1.168013E-2
5.150000E-3	1.176238E-2
5.155000E-3	1.105636E-2
5.160000E-3	1.092064E-2
5.165000E-3	1.174456E-2
5.170000E-3	1.129627E-2
5.175000E-3	1.018858E-2
5.180000E-3	1.023382E-2
5.185000E-3	9.889722E-3
5.190000E-3	8.980811E-3
5.195000E-3	9.697795E-3
5.200000E-3	1.061493E-2
5.205000E-3	1.050937E-2
5.210000E-3	1.032978E-2
5.215000E-3	9.775937E-3
5.220000E-3	8.995891E-3
5.225000E-3	9.293377E-3
5.230000E-3	1.031744E-2
5.235000E-3	1.091653E-2
5.240000E-3	1.159102E-2
5.245000E-3	1.232582E-2
5.250000E-3	1.246291E-2
5.255000E-3	1.208866E-2
5.260000E-3	1.205438E-2
5.265000E-3	1.234639E-2
5.270000E-3	1.236010E-2
5.275000E-3	1.272476E-2
5.280000E-3	1.305789E-2
5.285000E-3	1.246428E-2
5.290000E-3	1.172537E-2
5.295000E-3	1.138675E-2
5.300000E-3	1.135796E-2
5.305000E-3	1.206261E-2
5.310000E-3	1.256847E-2
5.315000E-3	1.227373E-2
5.320000E-3	1.247662E-2
5.325000E-3	1.291943E-2
5.330000E-3	1.292217E-2
5.335000E-3	1.288790E-2
5.340000E-3	1.323336E-2
5.345000E-3	1.356238E-2
5.350000E-3	1.351577E-2
5.355000E-3	1.400518E-2
5.360000E-3	1.489216E-2
5.365000E-3	1.562971E-2
5.370000E-3	1.639330E-2
5.375000E-3	1.804388E-2
5.380000E-3	1.956147E-2
5.385000E-3	1.972461E-2
5.390000E-3	2.041966E-2
5.395000E-3	2.106673E-2
5.400000E-3	2.094471E-2
5.405000E-3	2.053344E-2
5.410000E-3	2.057320E-2
5.415000E-3	1.952583E-2
5.420000E-3	1.848394E-2
5.425000E-3	1.780671E-2
5.430000E-3	1.595324E-2
5.435000E-3	1.413953E-2
5.440000E-3	1.374882E-2
5.445000E-3	1.261920E-2
5.450000E-3	1.076573E-2
5.455000E-3	9.684086E-3
5.460000E-3	8.813560E-3
5.465000E-3	7.656515E-3
5.470000E-3	7.295966E-3
5.475000E-3	6.598175E-3
5.480000E-3	5.586445E-3
5.485000E-3	5.693376E-3
5.490000E-3	5.852401E-3
5.495000E-3	5.024374E-3
5.500000E-3	5.213559E-3
5.505000E-3	6.280124E-3
5.510000E-3	6.632447E-3
5.515000E-3	7.221937E-3
5.520000E-3	8.341968E-3
5.525000E-3	8.950651E-3
5.530000E-3	9.751260E-3
5.535000E-3	1.065880E-2
5.540000E-3	1.084524E-2
5.545000E-3	1.155263E-2
5.550000E-3	1.207769E-2
5.555000E-3	1.241767E-2
5.560000E-3	1.336223E-2
5.565000E-3	1.407099E-2
5.570000E-3	1.404357E-2
5.575000E-3	1.491684E-2
5.580000E-3	1.551729E-2
5.585000E-3	1.493329E-2
5.590000E-3	1.516497E-2
5.595000E-3	1.588607E-2
5.600000E-3	1.558447E-2
5.605000E-3	1.589018E-2
5.610000E-3	1.699239E-2
5.615000E-3	1.668531E-2
5.620000E-3	1.639742E-2
5.625000E-3	1.660305E-2
5.630000E-3	1.587921E-2
5.635000E-3	1.529658E-2
5.640000E-3	1.613832E-2
5.645000E-3	1.625347E-2
5.650000E-3	1.613969E-2
5.655000E-3	1.741052E-2
5.660000E-3	1.748180E-2
5.665000E-3	1.657289E-2
5.670000E-3	1.675385E-2
5.675000E-3	1.674014E-2
5.680000E-3	1.584220E-2
5.685000E-3	1.621097E-2
5.690000E-3	1.674974E-2
5.695000E-3	1.590663E-2
5.700000E-3	1.579010E-2
5.705000E-3	1.585591E-2
5.710000E-3	1.446170E-2
5.715000E-3	1.359117E-2
5.720000E-3	1.312095E-2
5.725000E-3	1.188713E-2
5.730000E-3	1.103854E-2
5.735000E-3	1.085073E-2
5.740000E-3	1.005149E-2
5.745000E-3	9.585381E-3
5.750000E-3	9.504497E-3
5.755000E-3	9.169996E-3
5.760000E-3	8.558571E-3
5.765000E-3	8.627117E-3
5.770000E-3	8.322775E-3
5.775000E-3	8.169234E-3
5.780000E-3	9.038389E-3
5.785000E-3	9.533286E-3
5.790000E-3	9.889722E-3
5.795000E-3	1.092339E-2
5.800000E-3	1.147175E-2
5.805000E-3	1.193923E-2
5.810000E-3	1.279742E-2
5.815000E-3	1.354319E-2
5.820000E-3	1.395446E-2
5.825000E-3	1.468378E-2
5.830000E-3	1.509780E-2
5.835000E-3	1.468241E-2
5.840000E-3	1.453710E-2
5.845000E-3	1.427799E-2
5.850000E-3	1.397502E-2
5.855000E-3	1.384479E-2
5.860000E-3	1.358157E-2
5.865000E-3	1.314151E-2
5.870000E-3	1.264387E-2
5.875000E-3	1.216680E-2
5.880000E-3	1.172537E-2
5.885000E-3	1.098233E-2
5.890000E-3	1.069307E-2
5.895000E-3	1.028317E-2
5.900000E-3	9.770453E-3
5.905000E-3	9.823918E-3
5.910000E-3	1.008028E-2
5.915000E-3	1.032841E-2
5.920000E-3	1.072323E-2
5.925000E-3	1.133329E-2
5.930000E-3	1.182133E-2
5.935000E-3	1.237243E-2
5.940000E-3	1.305789E-2
5.945000E-3	1.370633E-2
5.950000E-3	1.463991E-2
5.955000E-3	1.552963E-2
5.960000E-3	1.606017E-2
5.965000E-3	1.671684E-2
5.970000E-3	1.763535E-2
5.975000E-3	1.819193E-2
5.980000E-3	1.845241E-2
5.985000E-3	1.849353E-2
5.990000E-3	1.839894E-2
5.995000E-3	1.829338E-2
6.000000E-3	1.821524E-2
6.005000E-3	1.786977E-2
6.010000E-3	1.739269E-2
6.015000E-3	1.699102E-2
6.020000E-3	1.604509E-2
6.025000E-3	1.479894E-2
6.030000E-3	1.384616E-2
6.035000E-3	1.325119E-2
6.040000E-3	1.254106E-2
6.045000E-3	1.199543E-2
6.050000E-3	1.164585E-2
6.055000E-3	1.080000E-2
6.060000E-3	1.023108E-2
6.065000E-3	1.037776E-2
6.070000E-3	1.032019E-2
6.075000E-3	1.047784E-2
6.080000E-3	1.075339E-2
6.085000E-3	1.074106E-2
6.090000E-3	1.062042E-2
6.095000E-3	1.093024E-2
6.100000E-3	1.135933E-2
6.105000E-3	1.161158E-2
6.110000E-3	1.239163E-2
6.115000E-3	1.302087E-2
6.120000E-3	1.310998E-2
6.125000E-3	1.310313E-2
6.130000E-3	1.318264E-2
6.135000E-3	1.302087E-2
6.140000E-3	1.307571E-2
6.145000E-3	1.275492E-2
6.150000E-3	1.205164E-2
6.155000E-3	1.142651E-2
6.160000E-3	1.140046E-2
6.165000E-3	1.065058E-2
6.170000E-3	9.934962E-3
6.175000E-3	9.471595E-3
6.180000E-3	9.138465E-3
6.185000E-3	8.629858E-3
6.190000E-3	8.713484E-3
6.195000E-3	8.605182E-3
6.200000E-3	8.954763E-3
6.205000E-3	9.294748E-3
6.210000E-3	9.542882E-3
6.215000E-3	9.584010E-3
6.220000E-3	9.806097E-3
6.225000E-3	1.013923E-2
6.230000E-3	1.041615E-2
6.235000E-3	1.078492E-2
6.240000E-3	1.127845E-2
6.245000E-3	1.187617E-2
6.250000E-3	1.233953E-2
6.255000E-3	1.281250E-2
6.260000E-3	1.332247E-2
6.265000E-3	1.411486E-2
6.270000E-3	1.448226E-2
6.275000E-3	1.497167E-2
6.280000E-3	1.538980E-2
6.285000E-3	1.547754E-2
6.290000E-3	1.558310E-2
6.295000E-3	1.569414E-2
6.300000E-3	1.557761E-2
6.305000E-3	1.579148E-2
6.310000E-3	1.592034E-2
6.315000E-3	1.590526E-2
6.320000E-3	1.594090E-2
6.325000E-3	1.591897E-2
6.330000E-3	1.581752E-2
6.335000E-3	1.599163E-2
6.340000E-3	1.633710E-2
6.345000E-3	1.674289E-2
6.350000E-3	1.706642E-2
6.355000E-3	1.737213E-2
6.360000E-3	1.767784E-2
6.365000E-3	1.779574E-2
6.370000E-3	1.759970E-2
6.375000E-3	1.724464E-2
6.380000E-3	1.733786E-2
6.385000E-3	1.731592E-2
6.390000E-3	1.709658E-2
6.395000E-3	1.663047E-2
6.400000E-3	1.630831E-2
6.405000E-3	1.581889E-2
6.410000E-3	1.499087E-2
6.415000E-3	1.428211E-2
6.420000E-3	1.350892E-2
6.425000E-3	1.295781E-2
6.430000E-3	1.247525E-2
6.435000E-3	1.213253E-2
6.440000E-3	1.180351E-2
6.445000E-3	1.172811E-2
6.450000E-3	1.168698E-2
6.455000E-3	1.150328E-2
6.460000E-3	1.143610E-2
6.465000E-3	1.116878E-2
6.470000E-3	1.116878E-2
6.475000E-3	1.102209E-2
6.480000E-3	1.069170E-2
6.485000E-3	1.059437E-2
6.490000E-3	1.040381E-2
6.495000E-3	1.046002E-2
6.500000E-3	1.006657E-2
6.505000E-3	9.855449E-3
6.510000E-3	9.727955E-3
6.515000E-3	9.759486E-3
6.520000E-3	9.808838E-3
6.525000E-3	1.009810E-2
6.530000E-3	1.011866E-2
6.535000E-3	1.019681E-2
6.540000E-3	1.024616E-2
6.545000E-3	1.025850E-2
6.550000E-3	1.082468E-2
6.555000E-3	1.138401E-2
6.560000E-3	1.227510E-2
6.565000E-3	1.282346E-2
6.570000E-3	1.333892E-2
6.575000E-3	1.365149E-2
6.580000E-3	1.374882E-2
6.585000E-3	1.409566E-2
6.590000E-3	1.424098E-2
6.595000E-3	1.403534E-2
6.600000E-3	1.388043E-2
6.605000E-3	1.387358E-2
6.610000E-3	1.376939E-2
6.615000E-3	1.376116E-2
6.620000E-3	1.363641E-2
6.625000E-3	1.308531E-2
6.630000E-3	1.263154E-2
6.635000E-3	1.264662E-2
6.640000E-3	1.248622E-2
6.645000E-3	1.233679E-2
6.650000E-3	1.247251E-2
6.655000E-3	1.238614E-2
6.660000E-3	1.251912E-2
6.665000E-3	1.246291E-2
6.670000E-3	1.237518E-2
6.675000E-3	1.255476E-2
6.680000E-3	1.280290E-2
6.685000E-3	1.316208E-2
6.690000E-3	1.377350E-2
6.695000E-3	1.449734E-2
6.700000E-3	1.517731E-2
6.705000E-3	1.574624E-2
6.710000E-3	1.625896E-2
6.715000E-3	1.669765E-2
6.720000E-3	1.698691E-2
6.725000E-3	1.735294E-2
6.730000E-3	1.755995E-2
6.735000E-3	1.749140E-2
6.740000E-3	1.742971E-2
6.745000E-3	1.718295E-2
6.750000E-3	1.666886E-2
6.755000E-3	1.612461E-2
6.760000E-3	1.572156E-2
6.765000E-3	1.520884E-2
6.770000E-3	1.490176E-2
6.775000E-3	1.459742E-2
6.780000E-3	1.417243E-2
6.785000E-3	1.385164E-2
6.790000E-3	1.321828E-2
6.795000E-3	1.257670E-2
6.800000E-3	1.217091E-2
6.805000E-3	1.203930E-2
6.810000E-3	1.164037E-2
6.815000E-3	1.131684E-2
6.820000E-3	1.109612E-2
6.825000E-3	1.104951E-2
6.830000E-3	1.059300E-2
6.835000E-3	1.035309E-2
6.840000E-3	9.858191E-3
6.845000E-3	9.597719E-3
6.850000E-3	9.309828E-3
6.855000E-3	8.941054E-3
6.860000E-3	8.864284E-3
6.865000E-3	8.972585E-3
6.870000E-3	9.315312E-3
6.875000E-3	9.563446E-3
6.880000E-3	9.718359E-3
6.885000E-3	1.012552E-2
6.890000E-3	1.048744E-2
6.895000E-3	1.094532E-2
6.900000E-3	1.161295E-2
6.905000E-3	1.191044E-2
6.910000E-3	1.239163E-2
6.915000E-3	1.300442E-2
6.920000E-3	1.337045E-2
6.925000E-3	1.339513E-2
6.930000E-3	1.344997E-2
6.935000E-3	1.347464E-2
6.940000E-3	1.305789E-2
6.945000E-3	1.253831E-2
6.950000E-3	1.218462E-2
6.955000E-3	1.164311E-2
6.960000E-3	1.144981E-2
6.965000E-3	1.099193E-2
6.970000E-3	1.068485E-2
6.975000E-3	1.064235E-2
6.980000E-3	1.044768E-2
6.985000E-3	1.041889E-2
6.990000E-3	1.038188E-2
6.995000E-3	1.072323E-2
7.000000E-3	1.108927E-2
7.005000E-3	1.148409E-2
7.010000E-3	1.192003E-2
7.015000E-3	1.211333E-2
7.020000E-3	1.244235E-2
7.025000E-3	1.257122E-2
7.030000E-3	1.277822E-2
7.035000E-3	1.316619E-2
7.040000E-3	1.351851E-2
7.045000E-3	1.394349E-2
7.050000E-3	1.433694E-2
7.055000E-3	1.463717E-2
7.060000E-3	1.481813E-2
7.065000E-3	1.513207E-2
7.070000E-3	1.535004E-2
7.075000E-3	1.576543E-2
7.080000E-3	1.620001E-2
7.085000E-3	1.647830E-2
7.090000E-3	1.649338E-2
7.095000E-3	1.637411E-2
7.100000E-3	1.619041E-2
7.105000E-3	1.595050E-2
7.110000E-3	1.555979E-2
7.115000E-3	1.495796E-2
7.120000E-3	1.473588E-2
7.125000E-3	1.413953E-2
7.130000E-3	1.338279E-2
7.135000E-3	1.285499E-2
7.140000E-3	1.244646E-2
7.145000E-3	1.203382E-2
7.150000E-3	1.174319E-2
7.155000E-3	1.175827E-2
7.160000E-3	1.192552E-2
7.165000E-3	1.189673E-2
7.170000E-3	1.219147E-2
7.175000E-3	1.276040E-2
7.180000E-3	1.330465E-2
7.185000E-3	1.362818E-2
7.190000E-3	1.380366E-2
7.195000E-3	1.417106E-2
7.200000E-3	1.463032E-2
7.205000E-3	1.499498E-2
7.210000E-3	1.534593E-2
7.215000E-3	1.558721E-2
7.220000E-3	1.563382E-2
7.225000E-3	1.559407E-2
7.230000E-3	1.555842E-2
7.235000E-3	1.527464E-2
7.240000E-3	1.498675E-2
7.245000E-3	1.448089E-2
7.250000E-3	1.394761E-2
7.255000E-3	1.362544E-2
7.260000E-3	1.333070E-2
7.265000E-3	1.320320E-2
7.270000E-3	1.285088E-2
7.275000E-3	1.240122E-2
7.280000E-3	1.193511E-2
7.285000E-3	1.124966E-2
7.290000E-3	1.079041E-2
7.295000E-3	1.046687E-2
7.300000E-3	1.030099E-2
7.305000E-3	1.028043E-2
7.310000E-3	1.022148E-2
7.315000E-3	9.885609E-3
7.320000E-3	9.525061E-3
7.325000E-3	9.611428E-3
7.330000E-3	9.250879E-3
7.335000E-3	9.250879E-3
7.340000E-3	9.404421E-3
7.345000E-3	9.726584E-3
7.350000E-3	9.775937E-3
7.355000E-3	1.006383E-2
7.360000E-3	1.031333E-2
7.365000E-3	1.085758E-2
7.370000E-3	1.147997E-2
7.375000E-3	1.201189E-2
7.380000E-3	1.257259E-2
7.385000E-3	1.326352E-2
7.390000E-3	1.378584E-2
7.395000E-3	1.453984E-2
7.400000E-3	1.488394E-2
7.405000E-3	1.514304E-2
7.410000E-3	1.545423E-2
7.415000E-3	1.555294E-2
7.420000E-3	1.565439E-2
7.425000E-3	1.532948E-2
7.430000E-3	1.526779E-2
7.435000E-3	1.510876E-2
7.440000E-3	1.487023E-2
7.445000E-3	1.461935E-2
7.450000E-3	1.457822E-2
7.455000E-3	1.428622E-2
7.460000E-3	1.389140E-2
7.465000E-3	1.359665E-2
7.470000E-3	1.355964E-2
7.475000E-3	1.323199E-2
7.480000E-3	1.319361E-2
7.485000E-3	1.308805E-2
7.490000E-3	1.317853E-2
7.495000E-3	1.291806E-2
7.500000E-3	1.294136E-2
7.505000E-3	1.310450E-2
7.510000E-3	1.307023E-2
7.515000E-3	1.320595E-2
7.520000E-3	1.355416E-2
7.525000E-3	1.376802E-2
7.530000E-3	1.397777E-2
7.535000E-3	1.425606E-2
7.540000E-3	1.436162E-2
7.545000E-3	1.453984E-2
7.550000E-3	1.460701E-2
7.555000E-3	1.465774E-2
7.560000E-3	1.448911E-2
7.565000E-3	1.425880E-2
7.570000E-3	1.415187E-2
7.575000E-3	1.388592E-2
7.580000E-3	1.361310E-2
7.585000E-3	1.334989E-2
7.590000E-3	1.308668E-2
7.595000E-3	1.274943E-2
7.600000E-3	1.234090E-2
7.605000E-3	1.204205E-2
7.610000E-3	1.180214E-2
7.615000E-3	1.161432E-2
7.620000E-3	1.130861E-2
7.625000E-3	1.110572E-2
7.630000E-3	1.100427E-2
7.635000E-3	1.067388E-2
7.640000E-3	1.080823E-2
7.645000E-3	1.086444E-2
7.650000E-3	1.100838E-2
7.655000E-3	1.114410E-2
7.660000E-3	1.147586E-2
7.665000E-3	1.177198E-2
7.670000E-3	1.205575E-2
7.675000E-3	1.243687E-2
7.680000E-3	1.272476E-2
7.685000E-3	1.273710E-2
7.690000E-3	1.302499E-2
7.695000E-3	1.358843E-2
7.700000E-3	1.410800E-2
7.705000E-3	1.453847E-2
7.710000E-3	1.508683E-2
7.715000E-3	1.505119E-2
7.720000E-3	1.507312E-2
7.725000E-3	1.512796E-2
7.730000E-3	1.528698E-2
7.735000E-3	1.535004E-2
7.740000E-3	1.529384E-2
7.745000E-3	1.540214E-2
7.750000E-3	1.546246E-2
7.755000E-3	1.536238E-2
7.760000E-3	1.506901E-2
7.765000E-3	1.491821E-2
7.770000E-3	1.460564E-2
7.775000E-3	1.420671E-2
7.780000E-3	1.371181E-2
7.785000E-3	1.344997E-2
7.790000E-3	1.322651E-2
7.795000E-3	1.294410E-2
7.800000E-3	1.295918E-2
7.805000E-3	1.295781E-2
7.810000E-3	1.290572E-2
7.815000E-3	1.300442E-2
7.820000E-3	1.285774E-2
7.825000E-3	1.284540E-2
7.830000E-3	1.263016E-2
7.835000E-3	1.275355E-2
7.840000E-3	1.269186E-2
7.845000E-3	1.243275E-2
7.850000E-3	1.247799E-2
7.855000E-3	1.251364E-2
7.860000E-3	1.244920E-2
7.865000E-3	1.272064E-2
7.870000E-3	1.295096E-2
7.875000E-3	1.330876E-2
7.880000E-3	1.329917E-2
7.885000E-3	1.319635E-2
7.890000E-3	1.315933E-2
7.895000E-3	1.311135E-2
7.900000E-3	1.308256E-2
7.905000E-3	1.312369E-2
7.910000E-3	1.300579E-2
7.915000E-3	1.269048E-2
7.920000E-3	1.257944E-2
7.925000E-3	1.243138E-2
7.930000E-3	1.245469E-2
7.935000E-3	1.213115E-2
7.940000E-3	1.208043E-2
7.945000E-3	1.183915E-2
7.950000E-3	1.164997E-2
7.955000E-3	1.151699E-2
7.960000E-3	1.124555E-2
7.965000E-3	1.108927E-2
7.970000E-3	1.121265E-2
7.975000E-3	1.116192E-2
7.980000E-3	1.120579E-2
7.985000E-3	1.113039E-2
7.990000E-3	1.145667E-2
7.995000E-3	1.192689E-2
8.000000E-3	1.209414E-2
8.005000E-3	1.225179E-2
8.010000E-3	1.246840E-2
8.015000E-3	1.240808E-2
8.020000E-3	1.255751E-2
8.025000E-3	1.282483E-2
8.030000E-3	1.321006E-2
8.035000E-3	1.346916E-2
8.040000E-3	1.359254E-2
8.045000E-3	1.379818E-2
8.050000E-3	1.404220E-2
8.055000E-3	1.418066E-2
8.060000E-3	1.410389E-2
8.065000E-3	1.393664E-2
8.070000E-3	1.397640E-2
8.075000E-3	1.406687E-2
8.080000E-3	1.423413E-2
8.085000E-3	1.464128E-2
8.090000E-3	1.492780E-2
8.095000E-3	1.514167E-2
8.100000E-3	1.541585E-2
8.105000E-3	1.574624E-2
8.110000E-3	1.608622E-2
8.115000E-3	1.653314E-2
8.120000E-3	1.670313E-2
8.125000E-3	1.678950E-2
8.130000E-3	1.686627E-2
8.135000E-3	1.669353E-2
8.140000E-3	1.660442E-2
8.145000E-3	1.638371E-2
8.150000E-3	1.595873E-2
8.155000E-3	1.576269E-2
8.160000E-3	1.546246E-2
8.165000E-3	1.484555E-2
8.170000E-3	1.437670E-2
8.175000E-3	1.378447E-2
8.180000E-3	1.332933E-2
8.185000E-3	1.251364E-2
8.190000E-3	1.204890E-2
8.195000E-3	1.176238E-2
8.200000E-3	1.147175E-2
8.205000E-3	1.101112E-2
8.210000E-3	1.087129E-2
8.215000E-3	1.076847E-2
8.220000E-3	1.083016E-2
8.225000E-3	1.074791E-2
8.230000E-3	1.055872E-2
8.235000E-3	1.085895E-2
8.240000E-3	1.106870E-2
8.245000E-3	1.099604E-2
8.250000E-3	1.119345E-2
8.255000E-3	1.147038E-2
8.260000E-3	1.160610E-2
8.265000E-3	1.175827E-2
8.270000E-3	1.191181E-2
8.275000E-3	1.205027E-2
8.280000E-3	1.196665E-2
8.285000E-3	1.175278E-2
8.290000E-3	1.158005E-2
8.295000E-3	1.144159E-2
8.300000E-3	1.103854E-2
8.305000E-3	1.077670E-2
8.310000E-3	1.041615E-2
8.315000E-3	1.026398E-2
8.320000E-3	9.854078E-3
8.325000E-3	9.501755E-3
8.330000E-3	9.002745E-3
8.335000E-3	8.847833E-3
8.340000E-3	8.787513E-3
8.345000E-3	8.654535E-3
8.350000E-3	8.692920E-3
8.355000E-3	8.684695E-3
8.360000E-3	9.200156E-3
8.365000E-3	9.511352E-3
8.370000E-3	9.934962E-3
8.375000E-3	1.053131E-2
8.380000E-3	1.115781E-2
8.385000E-3	1.198447E-2
8.390000E-3	1.287144E-2
8.395000E-3	1.370358E-2
8.400000E-3	1.455766E-2
8.405000E-3	1.541585E-2
8.410000E-3	1.629049E-2
8.415000E-3	1.707327E-2
8.420000E-3	1.788074E-2
8.425000E-3	1.860595E-2
8.430000E-3	1.911730E-2
8.435000E-3	1.952583E-2
8.440000E-3	1.983976E-2
8.445000E-3	2.013862E-2
8.450000E-3	2.019757E-2
8.455000E-3	2.014822E-2
8.460000E-3	2.001250E-2
8.465000E-3	1.976711E-2
8.470000E-3	1.956010E-2
8.475000E-3	1.914746E-2
8.480000E-3	1.844007E-2
8.485000E-3	1.763260E-2
8.490000E-3	1.701021E-2
8.495000E-3	1.615477E-2
8.500000E-3	1.532400E-2
8.505000E-3	1.459193E-2
8.510000E-3	1.388454E-2
8.515000E-3	1.314151E-2
8.520000E-3	1.261920E-2
8.525000E-3	1.210922E-2
8.530000E-3	1.164037E-2
8.535000E-3	1.117563E-2
8.540000E-3	1.085895E-2
8.545000E-3	1.050389E-2
8.550000E-3	1.043123E-2
8.555000E-3	1.080549E-2
8.560000E-3	1.069582E-2
8.565000E-3	1.087952E-2
8.570000E-3	1.103306E-2
8.575000E-3	1.114273E-2
8.580000E-3	1.112628E-2
8.585000E-3	1.123732E-2
8.590000E-3	1.164997E-2
8.595000E-3	1.181722E-2
8.600000E-3	1.181310E-2
8.605000E-3	1.169795E-2
8.610000E-3	1.170206E-2
8.615000E-3	1.163352E-2
8.620000E-3	1.149917E-2
8.625000E-3	1.148409E-2
8.630000E-3	1.130587E-2
8.635000E-3	1.131135E-2
8.640000E-3	1.123732E-2
8.645000E-3	1.091242E-2
8.650000E-3	1.050526E-2
8.655000E-3	1.014745E-2
8.660000E-3	9.818435E-3
8.665000E-3	9.551108E-3
8.670000E-3	9.470224E-3
8.675000E-3	9.594977E-3
8.680000E-3	9.566188E-3
8.685000E-3	9.385228E-3
8.690000E-3	9.649813E-3
8.695000E-3	9.854078E-3
8.700000E-3	1.008987E-2
8.705000E-3	1.032704E-2
8.710000E-3	1.068485E-2
8.715000E-3	1.110572E-2
8.720000E-3	1.158828E-2
8.725000E-3	1.218462E-2
8.730000E-3	1.273984E-2
8.735000E-3	1.340884E-2
8.740000E-3	1.404494E-2
8.745000E-3	1.453984E-2
8.750000E-3	1.490176E-2
8.755000E-3	1.524037E-2
8.760000E-3	1.565301E-2
8.765000E-3	1.602453E-2
8.770000E-3	1.648241E-2
8.775000E-3	1.690191E-2
8.780000E-3	1.704997E-2
8.785000E-3	1.715416E-2
8.790000E-3	1.719528E-2
8.795000E-3	1.738310E-2
8.800000E-3	1.728302E-2
8.805000E-3	1.723367E-2
8.810000E-3	1.720214E-2
8.815000E-3	1.704997E-2
8.820000E-3	1.692110E-2
8.825000E-3	1.671821E-2
8.830000E-3	1.619589E-2
8.835000E-3	1.573527E-2
8.840000E-3	1.525271E-2
8.845000E-3	1.470572E-2
8.850000E-3	1.410526E-2
8.855000E-3	1.338828E-2
8.860000E-3	1.296192E-2
8.865000E-3	1.255476E-2
8.870000E-3	1.211196E-2
8.875000E-3	1.191044E-2
8.880000E-3	1.180488E-2
8.885000E-3	1.161295E-2
8.890000E-3	1.127708E-2
8.895000E-3	1.105088E-2
8.900000E-3	1.107144E-2
8.905000E-3	1.127434E-2
8.910000E-3	1.142925E-2
8.915000E-3	1.142788E-2
8.920000E-3	1.153207E-2
8.925000E-3	1.180077E-2
8.930000E-3	1.187068E-2
8.935000E-3	1.203108E-2
8.940000E-3	1.217091E-2
8.945000E-3	1.203382E-2
8.950000E-3	1.198584E-2
8.955000E-3	1.215994E-2
8.960000E-3	1.232034E-2
8.965000E-3	1.215857E-2
8.970000E-3	1.198858E-2
8.975000E-3	1.187205E-2
8.980000E-3	1.171166E-2
8.985000E-3	1.134288E-2
8.990000E-3	1.111531E-2
8.995000E-3	1.095629E-2
9.000000E-3	1.066017E-2
9.005000E-3	1.035309E-2
9.010000E-3	1.020914E-2
9.015000E-3	9.928107E-3
9.020000E-3	9.573042E-3
9.025000E-3	9.653926E-3
9.030000E-3	9.904802E-3
9.035000E-3	1.004463E-2
9.040000E-3	1.046002E-2
9.045000E-3	1.093984E-2
9.050000E-3	1.139498E-2
9.055000E-3	1.217502E-2
9.060000E-3	1.308805E-2
9.065000E-3	1.392978E-2
9.070000E-3	1.473314E-2
9.075000E-3	1.554334E-2
9.080000E-3	1.633298E-2
9.085000E-3	1.667434E-2
9.090000E-3	1.730907E-2
9.095000E-3	1.774228E-2
9.100000E-3	1.805210E-2
9.105000E-3	1.843047E-2
9.110000E-3	1.852918E-2
9.115000E-3	1.846611E-2
9.120000E-3	1.813436E-2
9.125000E-3	1.785880E-2
9.130000E-3	1.737624E-2
9.135000E-3	1.686078E-2
9.140000E-3	1.613557E-2
9.145000E-3	1.565713E-2
9.150000E-3	1.492506E-2
9.155000E-3	1.430678E-2
9.160000E-3	1.366657E-2
9.165000E-3	1.300305E-2
9.170000E-3	1.250952E-2
9.175000E-3	1.212293E-2
9.180000E-3	1.178980E-2
9.185000E-3	1.138812E-2
9.190000E-3	1.108104E-2
9.195000E-3	1.088774E-2
9.200000E-3	1.066566E-2
9.205000E-3	1.050937E-2
9.210000E-3	1.048744E-2
9.215000E-3	1.059026E-2
9.220000E-3	1.109201E-2
9.225000E-3	1.144844E-2
9.230000E-3	1.139498E-2
9.235000E-3	1.164037E-2
9.240000E-3	1.198721E-2
9.245000E-3	1.213390E-2
9.250000E-3	1.240259E-2
9.255000E-3	1.242727E-2
9.260000E-3	1.280427E-2
9.265000E-3	1.284403E-2
9.270000E-3	1.309764E-2
9.275000E-3	1.311958E-2
9.280000E-3	1.291668E-2
9.285000E-3	1.293588E-2
9.290000E-3	1.281387E-2
9.295000E-3	1.269460E-2
9.300000E-3	1.257396E-2
9.305000E-3	1.220107E-2
9.310000E-3	1.176649E-2
9.315000E-3	1.166642E-2
9.320000E-3	1.162666E-2
9.325000E-3	1.159787E-2
9.330000E-3	1.161981E-2
9.335000E-3	1.179391E-2
9.340000E-3	1.197898E-2
9.345000E-3	1.227784E-2
9.350000E-3	1.244372E-2
9.355000E-3	1.283032E-2
9.360000E-3	1.309764E-2
9.365000E-3	1.328272E-2
9.370000E-3	1.355004E-2
9.375000E-3	1.412994E-2
9.380000E-3	1.452065E-2
9.385000E-3	1.477152E-2
9.390000E-3	1.485103E-2
9.395000E-3	1.523352E-2
9.400000E-3	1.549399E-2
9.405000E-3	1.581615E-2
9.410000E-3	1.590937E-2
9.415000E-3	1.588607E-2
9.420000E-3	1.584357E-2
9.425000E-3	1.592582E-2
9.430000E-3	1.584220E-2
9.435000E-3	1.545423E-2
9.440000E-3	1.499498E-2
9.445000E-3	1.476878E-2
9.450000E-3	1.465911E-2
9.455000E-3	1.426291E-2
9.460000E-3	1.401889E-2
9.465000E-3	1.376665E-2
9.470000E-3	1.359528E-2
9.475000E-3	1.313192E-2
9.480000E-3	1.286459E-2
9.485000E-3	1.275903E-2
9.490000E-3	1.239985E-2
9.495000E-3	1.210099E-2
9.500000E-3	1.192415E-2
9.505000E-3	1.196802E-2
9.510000E-3	1.169384E-2
9.515000E-3	1.157731E-2
9.520000E-3	1.155674E-2
9.525000E-3	1.152796E-2
9.530000E-3	1.160198E-2
9.535000E-3	1.165408E-2
9.540000E-3	1.172537E-2
9.545000E-3	1.170206E-2
9.550000E-3	1.186246E-2
9.555000E-3	1.202834E-2
9.560000E-3	1.237243E-2
9.565000E-3	1.248074E-2
9.570000E-3	1.256847E-2
9.575000E-3	1.265895E-2
9.580000E-3	1.295644E-2
9.585000E-3	1.301265E-2
9.590000E-3	1.311135E-2
9.595000E-3	1.339102E-2
9.600000E-3	1.360625E-2
9.605000E-3	1.362270E-2
9.610000E-3	1.352400E-2
9.615000E-3	1.358432E-2
9.620000E-3	1.353085E-2
9.625000E-3	1.335400E-2
9.630000E-3	1.342392E-2
9.635000E-3	1.360762E-2
9.640000E-3	1.336223E-2
9.645000E-3	1.341981E-2
9.650000E-3	1.341021E-2
9.655000E-3	1.338828E-2
9.660000E-3	1.330465E-2
9.665000E-3	1.335263E-2
9.670000E-3	1.352125E-2
9.675000E-3	1.391882E-2
9.680000E-3	1.407921E-2
9.685000E-3	1.420534E-2
9.690000E-3	1.456040E-2
9.695000E-3	1.493055E-2
9.700000E-3	1.502925E-2
9.705000E-3	1.505119E-2
9.710000E-3	1.500732E-2
9.715000E-3	1.521432E-2
9.720000E-3	1.511699E-2
9.725000E-3	1.515538E-2
9.730000E-3	1.489764E-2
9.735000E-3	1.467693E-2
9.740000E-3	1.432735E-2
9.745000E-3	1.400930E-2
9.750000E-3	1.390511E-2
9.755000E-3	1.347464E-2
9.760000E-3	1.340610E-2
9.765000E-3	1.321280E-2
9.770000E-3	1.294136E-2
9.775000E-3	1.273161E-2
9.780000E-3	1.277685E-2
9.785000E-3	1.253831E-2
9.790000E-3	1.254243E-2
9.795000E-3	1.221478E-2
9.800000E-3	1.226002E-2
9.805000E-3	1.222575E-2
9.810000E-3	1.205713E-2
9.815000E-3	1.199406E-2
9.820000E-3	1.210922E-2
9.825000E-3	1.201874E-2
9.830000E-3	1.212430E-2
9.835000E-3	1.202422E-2
9.840000E-3	1.202148E-2
9.845000E-3	1.197213E-2
9.850000E-3	1.212019E-2
9.855000E-3	1.208729E-2
9.860000E-3	1.217502E-2
9.865000E-3	1.217502E-2
9.870000E-3	1.229978E-2
9.875000E-3	1.228607E-2
9.880000E-3	1.217502E-2
9.885000E-3	1.232445E-2
9.890000E-3	1.232857E-2
9.895000E-3	1.204342E-2
9.900000E-3	1.218051E-2
9.905000E-3	1.208180E-2
9.910000E-3	1.187205E-2
9.915000E-3	1.171440E-2
9.920000E-3	1.182270E-2
9.925000E-3	1.176924E-2
9.930000E-3	1.153618E-2
9.935000E-3	1.142377E-2
9.940000E-3	1.150876E-2
9.945000E-3	1.151013E-2
9.950000E-3	1.146764E-2
9.955000E-3	1.159513E-2
9.960000E-3	1.148272E-2
9.965000E-3	1.162940E-2
9.970000E-3	1.159513E-2
9.975000E-3	1.170069E-2
9.980000E-3	1.182818E-2
9.985000E-3	1.218736E-2
9.990000E-3	1.240671E-2
9.995000E-3	1.248759E-2
