0.000000E+0	2.786505E-2
5.000000E-6	4.043216E-2
1.000000E-5	2.631730E-2
1.500000E-5	2.016467E-2
2.000000E-5	3.074396E-2
2.500000E-5	2.957457E-2
3.000000E-5	5.097717E-2
3.500000E-5	4.653269E-2
4.000000E-5	2.254868E-2
4.500000E-5	4.842043E-3
5.000000E-5	8.277535E-3
5.500000E-5	1.002818E-2
6.000000E-5	7.200003E-3
6.500000E-5	1.186109E-2
7.000000E-5	3.327191E-3
7.500000E-5	1.117152E-2
8.000000E-5	4.350299E-2
8.500000E-5	5.108410E-2
9.000000E-5	3.199559E-2
9.500000E-5	2.757031E-2
1.000000E-4	2.272278E-2
1.050000E-4	2.158493E-2
1.100000E-4	3.746551E-2
1.150000E-4	3.904343E-2
1.200000E-4	3.250009E-2
1.250000E-4	2.372080E-2
1.300000E-4	2.197289E-2
1.350000E-4	2.614731E-2
1.400000E-4	3.658402E-2
1.450000E-4	3.905988E-2
1.500000E-4	3.281951E-2
1.550000E-4	4.275447E-2
1.600000E-4	2.395660E-2
1.650000E-4	1.047921E-2
1.700000E-4	1.966566E-2
1.750000E-4	3.352827E-2
1.800000E-4	4.648334E-2
1.850000E-4	3.785759E-2
1.900000E-4	3.284830E-2
1.950000E-4	2.966231E-2
2.000000E-4	4.225683E-2
2.050000E-4	3.751212E-2
2.100000E-4	1.039422E-2
2.150000E-4	2.733040E-2
2.200000E-4	4.411441E-2
2.250000E-4	2.948546E-2
2.300000E-4	2.548927E-2
2.350000E-4	4.769659E-2
2.400000E-4	4.847938E-2
2.450000E-4	1.590663E-2
2.500000E-4	1.925576E-2
2.550000E-4	3.098661E-2
2.600000E-4	2.382225E-2
2.650000E-4	3.286612E-2
2.700000E-4	4.060489E-2
2.750000E-4	4.782957E-2
2.800000E-4	5.331182E-2
2.850000E-4	4.335493E-2
2.900000E-4	1.962590E-2
2.950000E-4	2.398127E-2
3.000000E-4	3.457564E-2
3.050000E-4	2.393192E-2
3.100000E-4	1.835644E-2
3.150000E-4	2.401280E-2
3.200000E-4	1.398462E-2
3.250000E-4	2.435416E-2
3.300000E-4	5.713665E-2
3.350000E-4	5.285668E-2
3.400000E-4	3.247678E-2
3.450000E-4	1.321554E-2
3.500000E-4	8.143187E-4
3.550000E-4	4.148364E-3
3.600000E-4	2.010983E-2
3.650000E-4	2.463108E-2
3.700000E-4	1.534045E-2
3.750000E-4	2.996117E-2
3.800000E-4	3.763276E-2
3.850000E-4	4.004419E-2
3.900000E-4	4.931974E-2
3.950000E-4	3.022301E-2
4.000000E-4	1.228333E-3
4.050000E-4	1.011729E-3
4.100000E-4	2.497792E-2
4.150000E-4	3.942043E-2
4.200000E-4	5.249476E-2
4.250000E-4	6.359911E-2
4.300000E-4	4.726750E-2
4.350000E-4	3.336924E-2
4.400000E-4	2.578676E-2
4.450000E-4	1.552552E-2
4.500000E-4	2.748120E-2
4.550000E-4	5.191898E-2
4.600000E-4	4.392385E-2
4.650000E-4	2.375919E-2
4.700000E-4	1.711577E-2
4.750000E-4	8.596957E-3
4.800000E-4	1.596969E-2
4.850000E-4	4.837656E-2
4.900000E-4	5.067831E-2
4.950000E-4	2.477777E-2
5.000000E-4	1.567358E-2
5.050000E-4	1.656330E-2
5.100000E-4	2.502179E-2
5.150000E-4	4.233497E-2
5.200000E-4	3.847313E-2
5.250000E-4	2.092963E-2
5.300000E-4	2.062666E-2
5.350000E-4	2.845180E-2
5.400000E-4	2.442133E-2
5.450000E-4	3.368318E-2
5.500000E-4	4.148227E-2
5.550000E-4	1.632887E-2
5.600000E-4	1.193511E-2
5.650000E-4	3.681707E-2
5.700000E-4	4.164129E-2
5.750000E-4	3.313893E-2
5.800000E-4	3.073162E-2
5.850000E-4	3.183794E-2
5.900000E-4	3.252888E-2
5.950000E-4	4.056102E-2
6.000000E-4	3.554624E-2
6.050000E-4	2.512187E-2
6.100000E-4	2.834076E-2
6.150000E-4	2.530831E-2
6.200000E-4	2.290237E-2
6.250000E-4	3.565592E-2
6.300000E-4	4.374975E-2
6.350000E-4	3.816330E-2
6.400000E-4	3.949583E-2
6.450000E-4	3.303474E-2
6.500000E-4	1.382285E-2
6.550000E-4	1.216406E-2
6.600000E-4	1.386809E-2
6.650000E-4	1.219970E-2
6.700000E-4	2.355218E-2
6.750000E-4	3.441662E-2
6.800000E-4	2.192628E-2
6.850000E-4	2.048272E-2
6.900000E-4	4.003185E-2
6.950000E-4	3.843474E-2
7.000000E-4	3.594518E-2
7.050000E-4	4.629141E-2
7.100000E-4	4.387999E-2
7.150000E-4	2.997351E-2
7.200000E-4	2.887815E-2
7.250000E-4	2.960885E-2
7.300000E-4	2.691776E-2
7.350000E-4	3.267282E-2
7.400000E-4	2.788424E-2
7.450000E-4	2.454609E-2
7.500000E-4	4.292858E-2
7.550000E-4	5.024648E-2
7.600000E-4	3.334045E-2
7.650000E-4	2.262408E-2
7.700000E-4	2.302575E-2
7.750000E-4	2.366871E-2
7.800000E-4	3.159255E-2
7.850000E-4	3.220260E-2
7.900000E-4	2.366185E-2
7.950000E-4	3.083718E-2
8.000000E-4	4.294503E-2
8.050000E-4	3.460169E-2
8.100000E-4	2.437335E-2
8.150000E-4	2.328211E-2
8.200000E-4	1.698005E-2
8.250000E-4	1.987267E-2
8.300000E-4	2.856010E-2
8.350000E-4	2.581006E-2
8.400000E-4	2.730298E-2
8.450000E-4	3.586978E-2
8.500000E-4	2.960747E-2
8.550000E-4	1.793557E-2
8.600000E-4	2.643245E-2
8.650000E-4	3.562027E-2
8.700000E-4	3.015172E-2
8.750000E-4	3.302926E-2
8.800000E-4	3.419316E-2
8.850000E-4	2.937579E-2
8.900000E-4	3.296894E-2
8.950000E-4	3.413695E-2
9.000000E-4	2.466947E-2
9.050000E-4	2.683687E-2
9.100000E-4	3.655660E-2
9.150000E-4	2.771562E-2
9.200000E-4	1.892126E-2
9.250000E-4	2.550435E-2
9.300000E-4	3.116620E-2
9.350000E-4	3.420961E-2
9.400000E-4	3.616315E-2
9.450000E-4	3.347480E-2
9.500000E-4	3.304297E-2
9.550000E-4	3.587252E-2
9.600000E-4	3.212994E-2
9.650000E-4	2.849430E-2
9.700000E-4	2.983093E-2
9.750000E-4	2.804190E-2
9.800000E-4	2.909201E-2
9.850000E-4	3.600413E-2
9.900000E-4	3.457016E-2
9.950000E-4	2.604038E-2
1.000000E-3	2.992553E-2
1.005000E-3	3.803444E-2
1.010000E-3	3.759438E-2
1.015000E-3	3.352827E-2
1.020000E-3	2.761281E-2
1.025000E-3	2.105165E-2
1.030000E-3	1.926535E-2
1.035000E-3	2.535766E-2
1.040000E-3	2.957320E-2
1.045000E-3	3.300184E-2
1.050000E-3	3.520489E-2
1.055000E-3	3.223413E-2
1.060000E-3	3.303200E-2
1.065000E-3	3.160214E-2
1.070000E-3	2.966094E-2
1.075000E-3	3.562027E-2
1.080000E-3	4.199636E-2
1.085000E-3	3.622621E-2
1.090000E-3	2.549613E-2
1.095000E-3	1.967937E-2
1.100000E-3	1.166368E-2
1.105000E-3	1.380640E-2
1.110000E-3	2.907556E-2
1.115000E-3	3.623444E-2
1.120000E-3	3.226978E-2
1.125000E-3	2.778554E-2
1.130000E-3	2.090085E-2
1.135000E-3	1.439726E-2
1.140000E-3	1.876086E-2
1.145000E-3	2.655584E-2
1.150000E-3	3.057808E-2
1.155000E-3	3.358448E-2
1.160000E-3	3.360093E-2
1.165000E-3	3.055751E-2
1.170000E-3	3.489506E-2
1.175000E-3	4.364282E-2
1.180000E-3	4.041982E-2
1.185000E-3	3.242332E-2
1.190000E-3	2.854091E-2
1.195000E-3	2.676010E-2
1.200000E-3	2.621174E-2
1.205000E-3	2.882469E-2
1.210000E-3	3.206414E-2
1.215000E-3	3.341311E-2
1.220000E-3	3.728455E-2
1.225000E-3	3.785485E-2
1.230000E-3	3.720915E-2
1.235000E-3	3.895843E-2
1.240000E-3	3.500336E-2
1.245000E-3	2.706993E-2
1.250000E-3	2.401692E-2
1.255000E-3	2.810085E-2
1.260000E-3	3.148013E-2
1.265000E-3	2.929354E-2
1.270000E-3	2.876711E-2
1.275000E-3	3.151989E-2
1.280000E-3	3.132385E-2
1.285000E-3	2.688897E-2
1.290000E-3	2.613908E-2
1.295000E-3	2.974319E-2
1.300000E-3	2.915919E-2
1.305000E-3	2.431166E-2
1.310000E-3	2.148211E-2
1.315000E-3	2.308607E-2
1.320000E-3	2.705485E-2
1.325000E-3	3.032309E-2
1.330000E-3	3.105515E-2
1.335000E-3	3.225607E-2
1.340000E-3	3.365439E-2
1.345000E-3	3.338706E-2
1.350000E-3	2.979666E-2
1.355000E-3	2.774030E-2
1.360000E-3	2.956086E-2
1.365000E-3	3.026962E-2
1.370000E-3	3.158158E-2
1.375000E-3	2.996254E-2
1.380000E-3	2.319711E-2
1.385000E-3	2.043611E-2
1.390000E-3	2.615005E-2
1.395000E-3	3.242195E-2
1.400000E-3	3.250968E-2
1.405000E-3	2.927434E-2
1.410000E-3	2.483672E-2
1.415000E-3	2.251029E-2
1.420000E-3	2.593619E-2
1.425000E-3	2.949506E-2
1.430000E-3	3.153360E-2
1.435000E-3	3.016132E-2
1.440000E-3	2.359194E-2
1.445000E-3	2.044296E-2
1.450000E-3	2.414167E-2
1.455000E-3	2.983367E-2
1.460000E-3	3.282225E-2
1.465000E-3	3.641129E-2
1.470000E-3	4.127663E-2
1.475000E-3	4.150420E-2
1.480000E-3	3.640580E-2
1.485000E-3	3.312385E-2
1.490000E-3	3.389704E-2
1.495000E-3	3.496361E-2
1.500000E-3	3.661829E-2
1.505000E-3	3.979743E-2
1.510000E-3	4.273665E-2
1.515000E-3	4.231715E-2
1.520000E-3	3.770131E-2
1.525000E-3	3.019148E-2
1.530000E-3	2.521372E-2
1.535000E-3	2.481890E-2
1.540000E-3	2.385104E-2
1.545000E-3	2.159315E-2
1.550000E-3	2.020168E-2
1.555000E-3	2.248013E-2
1.560000E-3	2.412659E-2
1.565000E-3	2.343291E-2
1.570000E-3	2.550435E-2
1.575000E-3	3.104419E-2
1.580000E-3	3.697199E-2
1.585000E-3	3.546673E-2
1.590000E-3	2.620351E-2
1.595000E-3	1.843870E-2
1.600000E-3	1.861280E-2
1.605000E-3	2.133405E-2
1.610000E-3	2.108592E-2
1.615000E-3	2.385926E-2
1.620000E-3	2.706718E-2
1.625000E-3	2.710831E-2
1.630000E-3	2.697122E-2
1.635000E-3	2.684647E-2
1.640000E-3	2.796513E-2
1.645000E-3	3.182149E-2
1.650000E-3	3.517747E-2
1.655000E-3	3.444952E-2
1.660000E-3	3.062880E-2
1.665000E-3	2.504784E-2
1.670000E-3	2.178234E-2
1.675000E-3	2.689582E-2
1.680000E-3	3.522819E-2
1.685000E-3	3.759438E-2
1.690000E-3	3.706384E-2
1.695000E-3	3.701174E-2
1.700000E-3	3.371471E-2
1.705000E-3	3.060824E-2
1.710000E-3	3.403139E-2
1.715000E-3	3.981936E-2
1.720000E-3	4.014701E-2
1.725000E-3	3.648120E-2
1.730000E-3	3.420961E-2
1.735000E-3	3.418767E-2
1.740000E-3	3.551883E-2
1.745000E-3	3.439468E-2
1.750000E-3	3.097290E-2
1.755000E-3	2.913040E-2
1.760000E-3	2.723444E-2
1.765000E-3	2.425271E-2
1.770000E-3	2.426094E-2
1.775000E-3	2.747160E-2
1.780000E-3	2.994883E-2
1.785000E-3	3.072888E-2
1.790000E-3	3.237396E-2
1.795000E-3	3.335553E-2
1.800000E-3	3.272218E-2
1.805000E-3	3.040946E-2
1.810000E-3	2.823931E-2
1.815000E-3	2.824342E-2
1.820000E-3	2.884388E-2
1.825000E-3	2.864784E-2
1.830000E-3	2.948135E-2
1.835000E-3	3.067678E-2
1.840000E-3	2.870816E-2
1.845000E-3	2.489704E-2
1.850000E-3	2.389491E-2
1.855000E-3	2.697670E-2
1.860000E-3	2.987480E-2
1.865000E-3	3.031349E-2
1.870000E-3	2.932096E-2
1.875000E-3	2.916741E-2
1.880000E-3	2.996528E-2
1.885000E-3	2.968562E-2
1.890000E-3	2.778965E-2
1.895000E-3	2.668059E-2
1.900000E-3	2.799392E-2
1.905000E-3	2.868760E-2
1.910000E-3	2.795142E-2
1.915000E-3	2.701509E-2
1.920000E-3	2.517259E-2
1.925000E-3	2.647221E-2
1.930000E-3	3.143352E-2
1.935000E-3	3.513634E-2
1.940000E-3	3.580260E-2
1.945000E-3	3.458935E-2
1.950000E-3	3.222179E-2
1.955000E-3	3.136361E-2
1.960000E-3	3.241920E-2
1.965000E-3	3.205180E-2
1.970000E-3	2.930450E-2
1.975000E-3	2.764022E-2
1.980000E-3	2.795827E-2
1.985000E-3	2.880687E-2
1.990000E-3	2.913451E-2
1.995000E-3	2.803916E-2
2.000000E-3	2.780747E-2
2.005000E-3	2.993512E-2
2.010000E-3	3.349262E-2
2.015000E-3	3.486902E-2
2.020000E-3	3.332400E-2
2.025000E-3	3.178722E-2
2.030000E-3	3.085500E-2
2.035000E-3	2.940321E-2
2.040000E-3	2.817488E-2
2.045000E-3	2.813101E-2
2.050000E-3	2.845043E-2
2.055000E-3	2.832842E-2
2.060000E-3	2.668744E-2
2.065000E-3	2.485317E-2
2.070000E-3	2.577168E-2
2.075000E-3	2.813512E-2
2.080000E-3	3.028470E-2
2.085000E-3	3.194898E-2
2.090000E-3	3.361875E-2
2.095000E-3	3.374350E-2
2.100000E-3	3.157747E-2
2.105000E-3	2.907282E-2
2.110000E-3	2.863824E-2
2.115000E-3	2.963352E-2
2.120000E-3	3.044510E-2
2.125000E-3	3.149384E-2
2.130000E-3	3.257823E-2
2.135000E-3	3.258783E-2
2.140000E-3	3.132796E-2
2.145000E-3	2.890557E-2
2.150000E-3	2.706993E-2
2.155000E-3	2.760458E-2
2.160000E-3	3.016818E-2
2.165000E-3	3.297853E-2
2.170000E-3	3.509933E-2
2.175000E-3	3.605074E-2
2.180000E-3	3.479362E-2
2.185000E-3	3.263718E-2
2.190000E-3	3.045607E-2
2.195000E-3	2.842027E-2
2.200000E-3	2.684784E-2
2.205000E-3	2.451456E-2
2.210000E-3	2.199757E-2
2.215000E-3	2.065820E-2
2.220000E-3	2.208942E-2
2.225000E-3	2.657229E-2
2.230000E-3	3.031486E-2
2.235000E-3	3.079742E-2
2.240000E-3	2.912354E-2
2.245000E-3	2.679849E-2
2.250000E-3	2.698630E-2
2.255000E-3	3.028333E-2
2.260000E-3	3.273863E-2
2.265000E-3	3.313071E-2
2.270000E-3	3.259057E-2
2.275000E-3	3.108805E-2
2.280000E-3	2.974319E-2
2.285000E-3	2.961570E-2
2.290000E-3	2.954030E-2
2.295000E-3	2.945256E-2
2.300000E-3	2.970344E-2
2.305000E-3	2.797335E-2
2.310000E-3	2.503824E-2
2.315000E-3	2.325058E-2
2.320000E-3	2.420062E-2
2.325000E-3	2.713847E-2
2.330000E-3	2.950329E-2
2.335000E-3	3.017914E-2
2.340000E-3	2.969247E-2
2.345000E-3	2.828044E-2
2.350000E-3	2.766901E-2
2.355000E-3	2.993512E-2
2.360000E-3	3.345013E-2
2.365000E-3	3.523505E-2
2.370000E-3	3.493071E-2
2.375000E-3	3.282911E-2
2.380000E-3	3.074944E-2
2.385000E-3	2.971441E-2
2.390000E-3	2.966917E-2
2.395000E-3	2.983093E-2
2.400000E-3	3.029156E-2
2.405000E-3	3.084266E-2
2.410000E-3	3.141022E-2
2.415000E-3	3.021204E-2
2.420000E-3	2.902621E-2
2.425000E-3	2.832979E-2
2.430000E-3	2.900016E-2
2.435000E-3	3.010100E-2
2.440000E-3	3.329110E-2
2.445000E-3	1.948744E-2
2.450000E-3	1.844281E-2
2.455000E-3	2.351791E-2
2.460000E-3	1.853466E-2
2.465000E-3	1.832628E-2
2.470000E-3	7.999241E-3
2.475000E-3	1.262057E-2
2.480000E-3	1.705682E-2
2.485000E-3	2.602804E-2
2.490000E-3	2.877533E-2
2.495000E-3	5.681860E-2
2.500000E-3	8.358145E-2
2.505000E-3	5.347222E-2
2.510000E-3	3.275782E-2
2.515000E-3	5.743140E-2
2.520000E-3	3.508013E-2
2.525000E-3	2.320945E-2
2.530000E-3	5.624557E-2
2.535000E-3	3.071380E-2
2.540000E-3	1.169109E-2
2.545000E-3	4.292721E-2
2.550000E-3	2.443230E-2
2.555000E-3	-1.278919E-2
2.560000E-3	3.069186E-2
2.565000E-3	3.103870E-2
2.570000E-3	1.035035E-3
2.575000E-3	4.108334E-2
2.580000E-3	4.376894E-2
2.585000E-3	5.060017E-3
2.590000E-3	3.705013E-2
2.595000E-3	4.696864E-2
2.600000E-3	5.671442E-3
2.605000E-3	2.967465E-2
2.610000E-3	5.242759E-2
2.615000E-3	1.559818E-2
2.620000E-3	3.174746E-2
2.625000E-3	5.625105E-2
2.630000E-3	1.602590E-2
2.635000E-3	1.829338E-2
2.640000E-3	4.908532E-2
2.645000E-3	1.178432E-2
2.650000E-3	4.421175E-3
2.655000E-3	4.602408E-2
2.660000E-3	2.710146E-2
2.665000E-3	1.307434E-2
2.670000E-3	4.915798E-2
2.675000E-3	3.515279E-2
2.680000E-3	1.652354E-2
2.685000E-3	4.461479E-2
2.690000E-3	3.652918E-2
2.695000E-3	1.755035E-2
2.700000E-3	4.657519E-2
2.705000E-3	4.944038E-2
2.710000E-3	2.550435E-2
2.715000E-3	4.137945E-2
2.720000E-3	4.446673E-2
2.725000E-3	1.637822E-2
2.730000E-3	2.802134E-2
2.735000E-3	3.618920E-2
2.740000E-3	1.522940E-2
2.745000E-3	2.531791E-2
2.750000E-3	3.914624E-2
2.755000E-3	2.414578E-2
2.760000E-3	2.870953E-2
2.765000E-3	3.747785E-2
2.770000E-3	1.758736E-2
2.775000E-3	1.632202E-2
2.780000E-3	3.137046E-2
2.785000E-3	1.978081E-2
2.790000E-3	2.033055E-2
2.795000E-3	3.653741E-2
2.800000E-3	2.547693E-2
2.805000E-3	1.957518E-2
2.810000E-3	3.657031E-2
2.815000E-3	3.149658E-2
2.820000E-3	2.244586E-2
2.825000E-3	3.654152E-2
2.830000E-3	3.499514E-2
2.835000E-3	2.334791E-2
2.840000E-3	3.686780E-2
2.845000E-3	4.330695E-2
2.850000E-3	3.074259E-2
2.855000E-3	3.490055E-2
2.860000E-3	3.845942E-2
2.865000E-3	2.725226E-2
2.870000E-3	2.627069E-2
2.875000E-3	2.941281E-2
2.880000E-3	2.538782E-2
2.885000E-3	2.897274E-2
2.890000E-3	3.379285E-2
2.895000E-3	2.614182E-2
2.900000E-3	2.781433E-2
2.905000E-3	3.418082E-2
2.910000E-3	2.587861E-2
2.915000E-3	2.620351E-2
2.920000E-3	3.533101E-2
2.925000E-3	2.805150E-2
2.930000E-3	2.323413E-2
2.935000E-3	3.297853E-2
2.940000E-3	3.177899E-2
2.945000E-3	2.725500E-2
2.950000E-3	3.445774E-2
2.955000E-3	2.987480E-2
2.960000E-3	2.153009E-2
2.965000E-3	2.876574E-2
2.970000E-3	3.086048E-2
2.975000E-3	2.779239E-2
2.980000E-3	3.576696E-2
2.985000E-3	3.796178E-2
2.990000E-3	3.055340E-2
2.995000E-3	3.200108E-2
3.000000E-3	3.274548E-2
3.005000E-3	2.726460E-2
3.010000E-3	3.062332E-2
3.015000E-3	3.363657E-2
3.020000E-3	2.887815E-2
3.025000E-3	3.198874E-2
3.030000E-3	3.621250E-2
3.035000E-3	2.991319E-2
3.040000E-3	2.910435E-2
3.045000E-3	3.201342E-2
3.050000E-3	2.819133E-2
3.055000E-3	2.930999E-2
3.060000E-3	3.526521E-2
3.065000E-3	3.137183E-2
3.070000E-3	2.813512E-2
3.075000E-3	3.079879E-2
3.080000E-3	2.599239E-2
3.085000E-3	2.299422E-2
3.090000E-3	2.812690E-2
3.095000E-3	2.780610E-2
3.100000E-3	2.587861E-2
3.105000E-3	3.146505E-2
3.110000E-3	3.340763E-2
3.115000E-3	3.032309E-2
3.120000E-3	3.358173E-2
3.125000E-3	3.440428E-2
3.130000E-3	2.895355E-2
3.135000E-3	3.025728E-2
3.140000E-3	3.155965E-2
3.145000E-3	2.724129E-2
3.150000E-3	2.955127E-2
3.155000E-3	3.386825E-2
3.160000E-3	3.181875E-2
3.165000E-3	3.113055E-2
3.170000E-3	3.232050E-2
3.175000E-3	2.969247E-2
3.180000E-3	2.973497E-2
3.185000E-3	3.363383E-2
3.190000E-3	3.246170E-2
3.195000E-3	3.033954E-2
3.200000E-3	3.044784E-2
3.205000E-3	2.642149E-2
3.210000E-3	2.268302E-2
3.215000E-3	2.484357E-2
3.220000E-3	2.619666E-2
3.225000E-3	2.658600E-2
3.230000E-3	3.021204E-2
3.235000E-3	3.128546E-2
3.240000E-3	2.944434E-2
3.245000E-3	3.005850E-2
3.250000E-3	3.047115E-2
3.255000E-3	2.940595E-2
3.260000E-3	2.999133E-2
3.265000E-3	2.917564E-2
3.270000E-3	2.737015E-2
3.275000E-3	2.944434E-2
3.280000E-3	3.240001E-2
3.285000E-3	3.277153E-2
3.290000E-3	3.427541E-2
3.295000E-3	3.563946E-2
3.300000E-3	3.403550E-2
3.305000E-3	3.243703E-2
3.310000E-3	3.143764E-2
3.315000E-3	2.960885E-2
3.320000E-3	2.958280E-2
3.325000E-3	2.950603E-2
3.330000E-3	2.779651E-2
3.335000E-3	2.819407E-2
3.340000E-3	2.941144E-2
3.345000E-3	2.809125E-2
3.350000E-3	2.814883E-2
3.355000E-3	2.941966E-2
3.360000E-3	2.859849E-2
3.365000E-3	2.778554E-2
3.370000E-3	2.795827E-2
3.375000E-3	2.666140E-2
3.380000E-3	2.580595E-2
3.385000E-3	2.662164E-2
3.390000E-3	2.690953E-2
3.395000E-3	2.749491E-2
3.400000E-3	2.879041E-2
3.405000E-3	2.881372E-2
3.410000E-3	2.833802E-2
3.415000E-3	2.981174E-2
3.420000E-3	2.958828E-2
3.425000E-3	2.811456E-2
3.430000E-3	2.891105E-2
3.435000E-3	2.963763E-2
3.440000E-3	3.004205E-2
3.445000E-3	3.235477E-2
3.450000E-3	3.261387E-2
3.455000E-3	2.971852E-2
3.460000E-3	2.840382E-2
3.465000E-3	2.789384E-2
3.470000E-3	2.740580E-2
3.475000E-3	2.969933E-2
3.480000E-3	3.192568E-2
3.485000E-3	3.197914E-2
3.490000E-3	3.236574E-2
3.495000E-3	3.238767E-2
3.500000E-3	3.061646E-2
3.505000E-3	2.987891E-2
3.510000E-3	2.907008E-2
3.515000E-3	2.835310E-2
3.520000E-3	2.988988E-2
3.525000E-3	3.096604E-2
3.530000E-3	3.028607E-2
3.535000E-3	2.971715E-2
3.540000E-3	2.972811E-2
3.545000E-3	2.823657E-2
3.550000E-3	2.702880E-2
3.555000E-3	2.822012E-2
3.560000E-3	2.886856E-2
3.565000E-3	2.790344E-2
3.570000E-3	2.801037E-2
3.575000E-3	2.822286E-2
3.580000E-3	2.772248E-2
3.585000E-3	2.878082E-2
3.590000E-3	3.062606E-2
3.595000E-3	3.141022E-2
3.600000E-3	3.306764E-2
3.605000E-3	3.428090E-2
3.610000E-3	3.338981E-2
3.615000E-3	3.299224E-2
3.620000E-3	3.247267E-2
3.625000E-3	3.044647E-2
3.630000E-3	2.973223E-2
3.635000E-3	2.940732E-2
3.640000E-3	2.745241E-2
3.645000E-3	2.516437E-2
3.650000E-3	2.440077E-2
3.655000E-3	2.464753E-2
3.660000E-3	2.629948E-2
3.665000E-3	2.868760E-2
3.670000E-3	2.870953E-2
3.675000E-3	2.817214E-2
3.680000E-3	2.834350E-2
3.685000E-3	2.848333E-2
3.690000E-3	2.982271E-2
3.695000E-3	3.241098E-2
3.700000E-3	3.412873E-2
3.705000E-3	3.439879E-2
3.710000E-3	3.399575E-2
3.715000E-3	3.265637E-2
3.720000E-3	3.042454E-2
3.725000E-3	2.887952E-2
3.730000E-3	2.758950E-2
3.735000E-3	2.656543E-2
3.740000E-3	2.761555E-2
3.745000E-3	2.984190E-2
3.750000E-3	3.115386E-2
3.755000E-3	3.141570E-2
3.760000E-3	3.132796E-2
3.765000E-3	2.971441E-2
3.770000E-3	2.847099E-2
3.775000E-3	2.957594E-2
3.780000E-3	3.056163E-2
3.785000E-3	3.175980E-2
3.790000E-3	3.287435E-2
3.795000E-3	3.253299E-2
3.800000E-3	3.191060E-2
3.805000E-3	3.127587E-2
3.810000E-3	3.093451E-2
3.815000E-3	3.061372E-2
3.820000E-3	3.080702E-2
3.825000E-3	3.066719E-2
3.830000E-3	3.051227E-2
3.835000E-3	3.118813E-2
3.840000E-3	3.227937E-2
3.845000E-3	3.309506E-2
3.850000E-3	3.374213E-2
3.855000E-3	3.334731E-2
3.860000E-3	3.256178E-2
3.865000E-3	3.220123E-2
3.870000E-3	3.219712E-2
3.875000E-3	3.174609E-2
3.880000E-3	3.077000E-2
3.885000E-3	3.008181E-2
3.890000E-3	2.919346E-2
3.895000E-3	2.738249E-2
3.900000E-3	2.716178E-2
3.905000E-3	2.803230E-2
3.910000E-3	2.830648E-2
3.915000E-3	2.860397E-2
3.920000E-3	2.902484E-2
3.925000E-3	2.926338E-2
3.930000E-3	2.893162E-2
3.935000E-3	2.893847E-2
3.940000E-3	2.883154E-2
3.945000E-3	2.893710E-2
3.950000E-3	2.926201E-2
3.955000E-3	2.972537E-2
3.960000E-3	3.030390E-2
3.965000E-3	3.034639E-2
3.970000E-3	2.971166E-2
3.975000E-3	2.809399E-2
3.980000E-3	2.659422E-2
3.985000E-3	2.579498E-2
3.990000E-3	2.540702E-2
3.995000E-3	2.618021E-2
4.000000E-3	2.769917E-2
4.005000E-3	2.887541E-2
4.010000E-3	3.035873E-2
4.015000E-3	3.150892E-2
4.020000E-3	3.101403E-2
4.025000E-3	3.078097E-2
4.030000E-3	3.116757E-2
4.035000E-3	3.083032E-2
4.040000E-3	3.074533E-2
4.045000E-3	3.077137E-2
4.050000E-3	2.985287E-2
4.055000E-3	2.903306E-2
4.060000E-3	2.904129E-2
4.065000E-3	2.844083E-2
4.070000E-3	2.802408E-2
4.075000E-3	2.817899E-2
4.080000E-3	2.780199E-2
4.085000E-3	2.788013E-2
4.090000E-3	2.854502E-2
4.095000E-3	2.895629E-2
4.100000E-3	2.937853E-2
4.105000E-3	2.935523E-2
4.110000E-3	2.845317E-2
4.115000E-3	2.792674E-2
4.120000E-3	2.860808E-2
4.125000E-3	2.978432E-2
4.130000E-3	3.110999E-2
4.135000E-3	3.229994E-2
4.140000E-3	3.276056E-2
4.145000E-3	3.203672E-2
4.150000E-3	3.093040E-2
4.155000E-3	3.048897E-2
4.160000E-3	3.001052E-2
4.165000E-3	3.003794E-2
4.170000E-3	3.129369E-2
4.175000E-3	3.196955E-2
4.180000E-3	3.285515E-2
4.185000E-3	3.369004E-2
4.190000E-3	3.328425E-2
4.195000E-3	3.256452E-2
4.200000E-3	3.287709E-2
4.205000E-3	3.301144E-2
4.210000E-3	3.255904E-2
4.215000E-3	3.206414E-2
4.220000E-3	3.068364E-2
4.225000E-3	2.902347E-2
4.230000E-3	2.801311E-2
4.235000E-3	2.689445E-2
4.240000E-3	2.588546E-2
4.245000E-3	2.602941E-2
4.250000E-3	2.637762E-2
4.255000E-3	2.675736E-2
4.260000E-3	2.718234E-2
4.265000E-3	2.770877E-2
4.270000E-3	2.800900E-2
4.275000E-3	2.834076E-2
4.280000E-3	2.920991E-2
4.285000E-3	3.004891E-2
4.290000E-3	3.007084E-2
4.295000E-3	3.011882E-2
4.300000E-3	2.999818E-2
4.305000E-3	2.942514E-2
4.310000E-3	2.907419E-2
4.315000E-3	2.885622E-2
4.320000E-3	2.894944E-2
4.325000E-3	2.935386E-2
4.330000E-3	2.987206E-2
4.335000E-3	3.006262E-2
4.340000E-3	3.086323E-2
4.345000E-3	3.137457E-2
4.350000E-3	3.149521E-2
4.355000E-3	3.153223E-2
4.360000E-3	3.160489E-2
4.365000E-3	3.110999E-2
4.370000E-3	3.088242E-2
4.375000E-3	3.078097E-2
4.380000E-3	3.080016E-2
4.385000E-3	3.150070E-2
4.390000E-3	3.191882E-2
4.395000E-3	3.193665E-2
4.400000E-3	3.189963E-2
4.405000E-3	3.177762E-2
4.410000E-3	3.108943E-2
4.415000E-3	3.045195E-2
4.420000E-3	2.964723E-2
4.425000E-3	2.861631E-2
4.430000E-3	2.779102E-2
4.435000E-3	2.750999E-2
4.440000E-3	2.744555E-2
4.445000E-3	2.776635E-2
4.450000E-3	2.850938E-2
4.455000E-3	2.902347E-2
4.460000E-3	2.968013E-2
4.465000E-3	3.067404E-2
4.470000E-3	3.129643E-2
4.475000E-3	3.146231E-2
4.480000E-3	3.120321E-2
4.485000E-3	3.106338E-2
4.490000E-3	3.109902E-2
4.495000E-3	3.143215E-2
4.500000E-3	3.167617E-2
4.505000E-3	3.153634E-2
4.510000E-3	3.134578E-2
4.515000E-3	3.110588E-2
4.520000E-3	3.003109E-2
4.525000E-3	2.961022E-2
4.530000E-3	2.957594E-2
4.535000E-3	2.993923E-2
4.540000E-3	3.065485E-2
4.545000E-3	3.073299E-2
4.550000E-3	2.997899E-2
4.555000E-3	2.902621E-2
4.560000E-3	2.808303E-2
4.565000E-3	2.713847E-2
4.570000E-3	2.710146E-2
4.575000E-3	2.783078E-2
4.580000E-3	2.868074E-2
4.585000E-3	2.948958E-2
4.590000E-3	3.011471E-2
4.595000E-3	3.019285E-2
4.600000E-3	3.013116E-2
4.605000E-3	2.990907E-2
4.610000E-3	3.002971E-2
4.615000E-3	2.987069E-2
4.620000E-3	3.003931E-2
4.625000E-3	3.042454E-2
4.630000E-3	3.090984E-2
4.635000E-3	3.154868E-2
4.640000E-3	3.192431E-2
4.645000E-3	3.163368E-2
4.650000E-3	3.109080E-2
4.655000E-3	3.058630E-2
4.660000E-3	3.012431E-2
4.665000E-3	3.001875E-2
4.670000E-3	3.007084E-2
4.675000E-3	3.031075E-2
4.680000E-3	3.077137E-2
4.685000E-3	3.073299E-2
4.690000E-3	3.019285E-2
4.695000E-3	3.001326E-2
4.700000E-3	2.969247E-2
4.705000E-3	2.901936E-2
4.710000E-3	2.864921E-2
4.715000E-3	2.850664E-2
4.720000E-3	2.813238E-2
4.725000E-3	2.809948E-2
4.730000E-3	2.792126E-2
4.735000E-3	2.781707E-2
4.740000E-3	2.820230E-2
4.745000E-3	2.882195E-2
4.750000E-3	2.952522E-2
4.755000E-3	3.002834E-2
4.760000E-3	3.057396E-2
4.765000E-3	3.093177E-2
4.770000E-3	3.109902E-2
4.775000E-3	3.098249E-2
4.780000E-3	3.090298E-2
4.785000E-3	3.096193E-2
4.790000E-3	3.072751E-2
4.795000E-3	2.976376E-2
4.800000E-3	2.903992E-2
4.805000E-3	2.878356E-2
4.810000E-3	2.933878E-2
4.815000E-3	3.026825E-2
4.820000E-3	3.174472E-2
4.825000E-3	3.286338E-2
4.830000E-3	3.334731E-2
4.835000E-3	3.347206E-2
4.840000E-3	3.280717E-2
4.845000E-3	3.161860E-2
4.850000E-3	3.061920E-2
4.855000E-3	2.998859E-2
4.860000E-3	2.911532E-2
4.865000E-3	2.878767E-2
4.870000E-3	2.869582E-2
4.875000E-3	2.831060E-2
4.880000E-3	2.846277E-2
4.885000E-3	2.864510E-2
4.890000E-3	2.883428E-2
4.895000E-3	2.948958E-2
4.900000E-3	3.016680E-2
4.905000E-3	3.076589E-2
4.910000E-3	3.137457E-2
4.915000E-3	3.145957E-2
4.920000E-3	3.087556E-2
4.925000E-3	3.042591E-2
4.930000E-3	2.935249E-2
4.935000E-3	2.862042E-2
4.940000E-3	2.835035E-2
4.945000E-3	2.804464E-2
4.950000E-3	2.782804E-2
4.955000E-3	2.746338E-2
4.960000E-3	2.735507E-2
4.965000E-3	2.741951E-2
4.970000E-3	2.745515E-2
4.975000E-3	2.770466E-2
4.980000E-3	2.805561E-2
4.985000E-3	2.812004E-2
4.990000E-3	2.815431E-2
4.995000E-3	2.808166E-2
5.000000E-3	2.780336E-2
5.005000E-3	2.765393E-2
5.010000E-3	2.810907E-2
5.015000E-3	2.837366E-2
5.020000E-3	2.897960E-2
5.025000E-3	2.929902E-2
5.030000E-3	2.924693E-2
5.035000E-3	2.906322E-2
5.040000E-3	2.933878E-2
5.045000E-3	2.964860E-2
5.050000E-3	3.027236E-2
5.055000E-3	3.034365E-2
5.060000E-3	3.000915E-2
5.065000E-3	2.990085E-2
5.070000E-3	2.976513E-2
5.075000E-3	2.956361E-2
5.080000E-3	2.972263E-2
5.085000E-3	2.971166E-2
5.090000E-3	3.004616E-2
5.095000E-3	3.082347E-2
5.100000E-3	3.159529E-2
5.105000E-3	3.185850E-2
5.110000E-3	3.176802E-2
5.115000E-3	3.145957E-2
5.120000E-3	3.085226E-2
5.125000E-3	3.062057E-2
5.130000E-3	3.064525E-2
5.135000E-3	3.093177E-2
5.140000E-3	3.088379E-2
5.145000E-3	3.045195E-2
5.150000E-3	3.020930E-2
5.155000E-3	3.019011E-2
5.160000E-3	3.025180E-2
5.165000E-3	3.002423E-2
5.170000E-3	2.962941E-2
5.175000E-3	2.936482E-2
5.180000E-3	2.888501E-2
5.185000E-3	2.840930E-2
5.190000E-3	2.805012E-2
5.195000E-3	2.820230E-2
5.200000E-3	2.846277E-2
5.205000E-3	2.955264E-2
5.210000E-3	3.051227E-2
5.215000E-3	3.110999E-2
5.220000E-3	3.127450E-2
5.225000E-3	3.085911E-2
5.230000E-3	3.013664E-2
5.235000E-3	2.988851E-2
5.240000E-3	2.990222E-2
5.245000E-3	2.999407E-2
5.250000E-3	3.035051E-2
5.255000E-3	3.048074E-2
5.260000E-3	3.070557E-2
5.265000E-3	3.054655E-2
5.270000E-3	3.059316E-2
5.275000E-3	3.047252E-2
5.280000E-3	3.008044E-2
5.285000E-3	2.941006E-2
5.290000E-3	2.893025E-2
5.295000E-3	2.891105E-2
5.300000E-3	2.928805E-2
5.305000E-3	2.980077E-2
5.310000E-3	3.016269E-2
5.315000E-3	3.002971E-2
5.320000E-3	2.966505E-2
5.325000E-3	2.882743E-2
5.330000E-3	2.795553E-2
5.335000E-3	2.723718E-2
5.340000E-3	2.656269E-2
5.345000E-3	2.612811E-2
5.350000E-3	2.626246E-2
5.355000E-3	2.649826E-2
5.360000E-3	2.698630E-2
5.365000E-3	2.754563E-2
5.370000E-3	2.788562E-2
5.375000E-3	2.813512E-2
5.380000E-3	2.886993E-2
5.385000E-3	2.960199E-2
5.390000E-3	3.056985E-2
5.395000E-3	3.121144E-2
5.400000E-3	3.087968E-2
5.405000E-3	3.053832E-2
5.410000E-3	2.996254E-2
5.415000E-3	2.933604E-2
5.420000E-3	2.905363E-2
5.425000E-3	2.923596E-2
5.430000E-3	2.958417E-2
5.435000E-3	3.022164E-2
5.440000E-3	3.042865E-2
5.445000E-3	3.066033E-2
5.450000E-3	3.121006E-2
5.455000E-3	3.148288E-2
5.460000E-3	3.173101E-2
5.465000E-3	3.205591E-2
5.470000E-3	3.216559E-2
5.475000E-3	3.232872E-2
5.480000E-3	3.193665E-2
5.485000E-3	3.125393E-2
5.490000E-3	3.077549E-2
5.495000E-3	3.030390E-2
5.500000E-3	3.005713E-2
5.505000E-3	3.014350E-2
5.510000E-3	3.022987E-2
5.515000E-3	3.026140E-2
5.520000E-3	3.006810E-2
5.525000E-3	2.960336E-2
5.530000E-3	2.898645E-2
5.535000E-3	2.865469E-2
5.540000E-3	2.866977E-2
5.545000E-3	2.873695E-2
5.550000E-3	2.920580E-2
5.555000E-3	2.979529E-2
5.560000E-3	3.113604E-2
5.565000E-3	3.212857E-2
5.570000E-3	3.272080E-2
5.575000E-3	3.279483E-2
5.580000E-3	3.227663E-2
5.585000E-3	3.131151E-2
5.590000E-3	3.055477E-2
5.595000E-3	2.985013E-2
5.600000E-3	2.951837E-2
5.605000E-3	2.938676E-2
5.610000E-3	2.913862E-2
5.615000E-3	2.886170E-2
5.620000E-3	2.892065E-2
5.625000E-3	2.862728E-2
5.630000E-3	2.811456E-2
5.635000E-3	2.782941E-2
5.640000E-3	2.743596E-2
5.645000E-3	2.750725E-2
5.650000E-3	2.776909E-2
5.655000E-3	2.833253E-2
5.660000E-3	2.888775E-2
5.665000E-3	2.905637E-2
5.670000E-3	2.901798E-2
5.675000E-3	2.861220E-2
5.680000E-3	2.778417E-2
5.685000E-3	2.734274E-2
5.690000E-3	2.744555E-2
5.695000E-3	2.801174E-2
5.700000E-3	2.897686E-2
5.705000E-3	2.997488E-2
5.710000E-3	3.056300E-2
5.715000E-3	3.098661E-2
5.720000E-3	3.102911E-2
5.725000E-3	3.088653E-2
5.730000E-3	3.077686E-2
5.735000E-3	3.044510E-2
5.740000E-3	2.996254E-2
5.745000E-3	2.986109E-2
5.750000E-3	2.978843E-2
5.755000E-3	2.973771E-2
5.760000E-3	2.988988E-2
5.765000E-3	3.014350E-2
5.770000E-3	3.014624E-2
5.775000E-3	3.017914E-2
5.780000E-3	3.035599E-2
5.785000E-3	3.018463E-2
5.790000E-3	3.002012E-2
5.795000E-3	2.987617E-2
5.800000E-3	3.002286E-2
5.805000E-3	3.019422E-2
5.810000E-3	3.028607E-2
5.815000E-3	3.070968E-2
5.820000E-3	3.121692E-2
5.825000E-3	3.152400E-2
5.830000E-3	3.158021E-2
5.835000E-3	3.116345E-2
5.840000E-3	3.065759E-2
5.845000E-3	3.005165E-2
5.850000E-3	2.941692E-2
5.855000E-3	2.889460E-2
5.860000E-3	2.884662E-2
5.865000E-3	2.918112E-2
5.870000E-3	2.952385E-2
5.875000E-3	2.968425E-2
5.880000E-3	2.954578E-2
5.885000E-3	2.945668E-2
5.890000E-3	2.928805E-2
5.895000E-3	2.919346E-2
5.900000E-3	2.923870E-2
5.905000E-3	2.917427E-2
5.910000E-3	2.883565E-2
5.915000E-3	2.868485E-2
5.920000E-3	2.847099E-2
5.925000E-3	2.817488E-2
5.930000E-3	2.811319E-2
5.935000E-3	2.800077E-2
5.940000E-3	2.802134E-2
5.945000E-3	2.835995E-2
5.950000E-3	2.884251E-2
5.955000E-3	2.932233E-2
5.960000E-3	2.942789E-2
5.965000E-3	2.954853E-2
5.970000E-3	2.944845E-2
5.975000E-3	2.941144E-2
5.980000E-3	2.922499E-2
5.985000E-3	2.901387E-2
5.990000E-3	2.911121E-2
5.995000E-3	2.924281E-2
6.000000E-3	2.967465E-2
6.005000E-3	2.980900E-2
6.010000E-3	2.992004E-2
6.015000E-3	3.008729E-2
6.020000E-3	3.014487E-2
6.025000E-3	3.006810E-2
6.030000E-3	2.989948E-2
6.035000E-3	2.988988E-2
6.040000E-3	3.011745E-2
6.045000E-3	3.021067E-2
6.050000E-3	3.019696E-2
6.055000E-3	2.991593E-2
6.060000E-3	2.948409E-2
6.065000E-3	2.873695E-2
6.070000E-3	2.842712E-2
6.075000E-3	2.844220E-2
6.080000E-3	2.872872E-2
6.085000E-3	2.925378E-2
6.090000E-3	2.975965E-2
6.095000E-3	2.985698E-2
6.100000E-3	2.981722E-2
6.105000E-3	2.984875E-2
6.110000E-3	2.999681E-2
6.115000E-3	3.014076E-2
6.120000E-3	3.027236E-2
6.125000E-3	3.029019E-2
6.130000E-3	3.074670E-2
6.135000E-3	3.093040E-2
6.140000E-3	3.099483E-2
6.145000E-3	3.096879E-2
6.150000E-3	3.086734E-2
6.155000E-3	3.072065E-2
6.160000E-3	3.074259E-2
6.165000E-3	3.047389E-2
6.170000E-3	3.044236E-2
6.175000E-3	3.035873E-2
6.180000E-3	3.008866E-2
6.185000E-3	3.026414E-2
6.190000E-3	3.029567E-2
6.195000E-3	3.030938E-2
6.200000E-3	3.055888E-2
6.205000E-3	3.069597E-2
6.210000E-3	3.093725E-2
6.215000E-3	3.115523E-2
6.220000E-3	3.104830E-2
6.225000E-3	3.079879E-2
6.230000E-3	3.042454E-2
6.235000E-3	3.002423E-2
6.240000E-3	2.991319E-2
6.245000E-3	2.982408E-2
6.250000E-3	3.008318E-2
6.255000E-3	3.042591E-2
6.260000E-3	3.068638E-2
6.265000E-3	3.080016E-2
6.270000E-3	3.076178E-2
6.275000E-3	3.028333E-2
6.280000E-3	2.966231E-2
6.285000E-3	2.908790E-2
6.290000E-3	2.895218E-2
6.295000E-3	2.877396E-2
6.300000E-3	2.889323E-2
6.305000E-3	2.902895E-2
6.310000E-3	2.921265E-2
6.315000E-3	2.945668E-2
6.320000E-3	2.970344E-2
6.325000E-3	2.986932E-2
6.330000E-3	2.994746E-2
6.335000E-3	2.992553E-2
6.340000E-3	2.989948E-2
6.345000E-3	3.018051E-2
6.350000E-3	3.031623E-2
6.355000E-3	3.062057E-2
6.360000E-3	3.096467E-2
6.365000E-3	3.134030E-2
6.370000E-3	3.166521E-2
6.375000E-3	3.176254E-2
6.380000E-3	3.180641E-2
6.385000E-3	3.191471E-2
6.390000E-3	3.199148E-2
6.395000E-3	3.202027E-2
6.400000E-3	3.160214E-2
6.405000E-3	3.080839E-2
6.410000E-3	2.994198E-2
6.415000E-3	2.933329E-2
6.420000E-3	2.866840E-2
6.425000E-3	2.858752E-2
6.430000E-3	2.874929E-2
6.435000E-3	2.925104E-2
6.440000E-3	3.015172E-2
6.445000E-3	3.084403E-2
6.450000E-3	3.157747E-2
6.455000E-3	3.213954E-2
6.460000E-3	3.256315E-2
6.465000E-3	3.241646E-2
6.470000E-3	3.242058E-2
6.475000E-3	3.179955E-2
6.480000E-3	3.113604E-2
6.485000E-3	3.055614E-2
6.490000E-3	2.988303E-2
6.495000E-3	2.944297E-2
6.500000E-3	2.906185E-2
6.505000E-3	2.883291E-2
6.510000E-3	2.855462E-2
6.515000E-3	2.845591E-2
6.520000E-3	2.840656E-2
6.525000E-3	2.854502E-2
6.530000E-3	2.874243E-2
6.535000E-3	2.891380E-2
6.540000E-3	2.915919E-2
6.545000E-3	2.922636E-2
6.550000E-3	2.921951E-2
6.555000E-3	2.891380E-2
6.560000E-3	2.831745E-2
6.565000E-3	2.811044E-2
6.570000E-3	2.801311E-2
6.575000E-3	2.798843E-2
6.580000E-3	2.799666E-2
6.585000E-3	2.815431E-2
6.590000E-3	2.780885E-2
6.595000E-3	2.752370E-2
6.600000E-3	2.744693E-2
6.605000E-3	2.718097E-2
6.610000E-3	2.733862E-2
6.615000E-3	2.794319E-2
6.620000E-3	2.858478E-2
6.625000E-3	2.941555E-2
6.630000E-3	2.995569E-2
6.635000E-3	3.045744E-2
6.640000E-3	3.103185E-2
6.645000E-3	3.153497E-2
6.650000E-3	3.190374E-2
6.655000E-3	3.191882E-2
6.660000E-3	3.195995E-2
6.665000E-3	3.199559E-2
6.670000E-3	3.206962E-2
6.675000E-3	3.182560E-2
6.680000E-3	3.180230E-2
6.685000E-3	3.139788E-2
6.690000E-3	3.088653E-2
6.695000E-3	3.040671E-2
6.700000E-3	3.008729E-2
6.705000E-3	2.961707E-2
6.710000E-3	2.931547E-2
6.715000E-3	2.905637E-2
6.720000E-3	2.927572E-2
6.725000E-3	2.972949E-2
6.730000E-3	2.996254E-2
6.735000E-3	2.982682E-2
6.740000E-3	2.971303E-2
6.745000E-3	2.944297E-2
6.750000E-3	2.890146E-2
6.755000E-3	2.896178E-2
6.760000E-3	2.894944E-2
6.765000E-3	2.886444E-2
6.770000E-3	2.891380E-2
6.775000E-3	2.905089E-2
6.780000E-3	2.917564E-2
6.785000E-3	2.938402E-2
6.790000E-3	2.958554E-2
6.795000E-3	2.984875E-2
6.800000E-3	2.988166E-2
6.805000E-3	3.023535E-2
6.810000E-3	3.050816E-2
6.815000E-3	3.048623E-2
6.820000E-3	3.050131E-2
6.825000E-3	3.081387E-2
6.830000E-3	3.079468E-2
6.835000E-3	3.077686E-2
6.840000E-3	3.043962E-2
6.845000E-3	3.032857E-2
6.850000E-3	2.993101E-2
6.855000E-3	2.985972E-2
6.860000E-3	2.959925E-2
6.865000E-3	2.952248E-2
6.870000E-3	2.932918E-2
6.875000E-3	2.900839E-2
6.880000E-3	2.877396E-2
6.885000E-3	2.875477E-2
6.890000E-3	2.835172E-2
6.895000E-3	2.824754E-2
6.900000E-3	2.837229E-2
6.905000E-3	2.839971E-2
6.910000E-3	2.826947E-2
6.915000E-3	2.834898E-2
6.920000E-3	2.873695E-2
6.925000E-3	2.869582E-2
6.930000E-3	2.899194E-2
6.935000E-3	2.938128E-2
6.940000E-3	2.960885E-2
6.945000E-3	2.969247E-2
6.950000E-3	2.955401E-2
6.955000E-3	2.957320E-2
6.960000E-3	2.966779E-2
6.965000E-3	2.978706E-2
6.970000E-3	2.986383E-2
6.975000E-3	2.988577E-2
6.980000E-3	3.022987E-2
6.985000E-3	3.067267E-2
6.990000E-3	3.093040E-2
6.995000E-3	3.141844E-2
7.000000E-3	3.201753E-2
7.005000E-3	3.203946E-2
7.010000E-3	3.232735E-2
7.015000E-3	3.188592E-2
7.020000E-3	3.134716E-2
7.025000E-3	3.074944E-2
7.030000E-3	3.031212E-2
7.035000E-3	2.993238E-2
7.040000E-3	2.961022E-2
7.045000E-3	2.889872E-2
7.050000E-3	2.884799E-2
7.055000E-3	2.879316E-2
7.060000E-3	2.857244E-2
7.065000E-3	2.873421E-2
7.070000E-3	2.883840E-2
7.075000E-3	2.941555E-2
7.080000E-3	3.016269E-2
7.085000E-3	3.079605E-2
7.090000E-3	3.100717E-2
7.095000E-3	3.143489E-2
7.100000E-3	3.146917E-2
7.105000E-3	3.163779E-2
7.110000E-3	3.167069E-2
7.115000E-3	3.144860E-2
7.120000E-3	3.129506E-2
7.125000E-3	3.109217E-2
7.130000E-3	3.070283E-2
7.135000E-3	3.005576E-2
7.140000E-3	2.993786E-2
7.145000E-3	2.960610E-2
7.150000E-3	2.927983E-2
7.155000E-3	2.930450E-2
7.160000E-3	2.901798E-2
7.165000E-3	2.897686E-2
7.170000E-3	2.893710E-2
7.175000E-3	2.912354E-2
7.180000E-3	2.936208E-2
7.185000E-3	2.941966E-2
7.190000E-3	2.953893E-2
7.195000E-3	2.983505E-2
7.200000E-3	2.964312E-2
7.205000E-3	2.970344E-2
7.210000E-3	2.983916E-2
7.215000E-3	2.998447E-2
7.220000E-3	3.018051E-2
7.225000E-3	3.027785E-2
7.230000E-3	3.048486E-2
7.235000E-3	3.055477E-2
7.240000E-3	3.067678E-2
7.245000E-3	3.061646E-2
7.250000E-3	3.071791E-2
7.255000E-3	3.046155E-2
7.260000E-3	3.036833E-2
7.265000E-3	3.008866E-2
7.270000E-3	2.995569E-2
7.275000E-3	2.975690E-2
7.280000E-3	2.947176E-2
7.285000E-3	2.910572E-2
7.290000E-3	2.893436E-2
7.295000E-3	2.868485E-2
7.300000E-3	2.847511E-2
7.305000E-3	2.839833E-2
7.310000E-3	2.821463E-2
7.315000E-3	2.790892E-2
7.320000E-3	2.783215E-2
7.325000E-3	2.784449E-2
7.330000E-3	2.813649E-2
7.335000E-3	2.865469E-2
7.340000E-3	2.942652E-2
7.345000E-3	2.987069E-2
7.350000E-3	3.008729E-2
7.355000E-3	3.009963E-2
7.360000E-3	2.972949E-2
7.365000E-3	2.928394E-2
7.370000E-3	2.893025E-2
7.375000E-3	2.890009E-2
7.380000E-3	2.877808E-2
7.385000E-3	2.846003E-2
7.390000E-3	2.824205E-2
7.395000E-3	2.833939E-2
7.400000E-3	2.846551E-2
7.405000E-3	2.886856E-2
7.410000E-3	2.926612E-2
7.415000E-3	2.992004E-2
7.420000E-3	3.057945E-2
7.425000E-3	3.114289E-2
7.430000E-3	3.151441E-2
7.435000E-3	3.215736E-2
7.440000E-3	3.233832E-2
7.445000E-3	3.237808E-2
7.450000E-3	3.233010E-2
7.455000E-3	3.223139E-2
7.460000E-3	3.196406E-2
7.465000E-3	3.186673E-2
7.470000E-3	3.154182E-2
7.475000E-3	3.120321E-2
7.480000E-3	3.093588E-2
7.485000E-3	3.038889E-2
7.490000E-3	3.002971E-2
7.495000E-3	2.985835E-2
7.500000E-3	2.972674E-2
7.505000E-3	2.957457E-2
7.510000E-3	2.969658E-2
7.515000E-3	2.987617E-2
7.520000E-3	3.019148E-2
7.525000E-3	3.017229E-2
7.530000E-3	3.048760E-2
7.535000E-3	3.060961E-2
7.540000E-3	3.039026E-2
7.545000E-3	3.039163E-2
7.550000E-3	3.033268E-2
7.555000E-3	3.008455E-2
7.560000E-3	2.989811E-2
7.565000E-3	2.961296E-2
7.570000E-3	2.913451E-2
7.575000E-3	2.882880E-2
7.580000E-3	2.863824E-2
7.585000E-3	2.826947E-2
7.590000E-3	2.799529E-2
7.595000E-3	2.801311E-2
7.600000E-3	2.805561E-2
7.605000E-3	2.802545E-2
7.610000E-3	2.824616E-2
7.615000E-3	2.855736E-2
7.620000E-3	2.899057E-2
7.625000E-3	2.905637E-2
7.630000E-3	2.919757E-2
7.635000E-3	2.947587E-2
7.640000E-3	2.958143E-2
7.645000E-3	2.957183E-2
7.650000E-3	2.951288E-2
7.655000E-3	2.960473E-2
7.660000E-3	2.967054E-2
7.665000E-3	2.969658E-2
7.670000E-3	2.952522E-2
7.675000E-3	2.960062E-2
7.680000E-3	2.942514E-2
7.685000E-3	2.937031E-2
7.690000E-3	2.953207E-2
7.695000E-3	2.968836E-2
7.700000E-3	2.978981E-2
7.705000E-3	2.997899E-2
7.710000E-3	2.993375E-2
7.715000E-3	3.027511E-2
7.720000E-3	3.051913E-2
7.725000E-3	3.071243E-2
7.730000E-3	3.077823E-2
7.735000E-3	3.111547E-2
7.740000E-3	3.097564E-2
7.745000E-3	3.105927E-2
7.750000E-3	3.098387E-2
7.755000E-3	3.068364E-2
7.760000E-3	3.074533E-2
7.765000E-3	3.053969E-2
7.770000E-3	3.045195E-2
7.775000E-3	3.054792E-2
7.780000E-3	3.060138E-2
7.785000E-3	3.059864E-2
7.790000E-3	3.086871E-2
7.795000E-3	3.107846E-2
7.800000E-3	3.112233E-2
7.805000E-3	3.116482E-2
7.810000E-3	3.117168E-2
7.815000E-3	3.106612E-2
7.820000E-3	3.071791E-2
7.825000E-3	3.044784E-2
7.830000E-3	3.015172E-2
7.835000E-3	2.988440E-2
7.840000E-3	2.948958E-2
7.845000E-3	2.912217E-2
7.850000E-3	2.900428E-2
7.855000E-3	2.856421E-2
7.860000E-3	2.832842E-2
7.865000E-3	2.788150E-2
7.870000E-3	2.779788E-2
7.875000E-3	2.811593E-2
7.880000E-3	2.837092E-2
7.885000E-3	2.841753E-2
7.890000E-3	2.874655E-2
7.895000E-3	2.918386E-2
7.900000E-3	2.955264E-2
7.905000E-3	2.965957E-2
7.910000E-3	2.989811E-2
7.915000E-3	2.997214E-2
7.920000E-3	2.971029E-2
7.925000E-3	2.956909E-2
7.930000E-3	2.937442E-2
7.935000E-3	2.918798E-2
7.940000E-3	2.910298E-2
7.945000E-3	2.906460E-2
7.950000E-3	2.894670E-2
7.955000E-3	2.892751E-2
7.960000E-3	2.901661E-2
7.965000E-3	2.916193E-2
7.970000E-3	2.950603E-2
7.975000E-3	2.988988E-2
7.980000E-3	2.989948E-2
7.985000E-3	3.017640E-2
7.990000E-3	3.037655E-2
7.995000E-3	3.059453E-2
8.000000E-3	3.051227E-2
8.005000E-3	3.063565E-2
8.010000E-3	3.070557E-2
8.015000E-3	3.089064E-2
8.020000E-3	3.063291E-2
8.025000E-3	3.061235E-2
8.030000E-3	3.053832E-2
8.035000E-3	3.025591E-2
8.040000E-3	3.032446E-2
8.045000E-3	3.025043E-2
8.050000E-3	3.021479E-2
8.055000E-3	3.032857E-2
8.060000E-3	3.024906E-2
8.065000E-3	3.048348E-2
8.070000E-3	3.049308E-2
8.075000E-3	3.030664E-2
8.080000E-3	3.038889E-2
8.085000E-3	3.030390E-2
8.090000E-3	3.035325E-2
8.095000E-3	3.021342E-2
8.100000E-3	3.015172E-2
8.105000E-3	3.004068E-2
8.110000E-3	2.972674E-2
8.115000E-3	2.940184E-2
8.120000E-3	2.930862E-2
8.125000E-3	2.896041E-2
8.130000E-3	2.903169E-2
8.135000E-3	2.901113E-2
8.140000E-3	2.920580E-2
8.145000E-3	2.942240E-2
8.150000E-3	2.972400E-2
8.155000E-3	2.994609E-2
8.160000E-3	3.007084E-2
8.165000E-3	2.982682E-2
8.170000E-3	2.987206E-2
8.175000E-3	2.988577E-2
8.180000E-3	2.969384E-2
8.185000E-3	2.976924E-2
8.190000E-3	2.953893E-2
8.195000E-3	2.921814E-2
8.200000E-3	2.902758E-2
8.205000E-3	2.895355E-2
8.210000E-3	2.872324E-2
8.215000E-3	2.872461E-2
8.220000E-3	2.877396E-2
8.225000E-3	2.898097E-2
8.230000E-3	2.901524E-2
8.235000E-3	2.947861E-2
8.240000E-3	2.990496E-2
8.245000E-3	3.008044E-2
8.250000E-3	3.009552E-2
8.255000E-3	3.036422E-2
8.260000E-3	3.041631E-2
8.265000E-3	3.034228E-2
8.270000E-3	3.020108E-2
8.275000E-3	3.014898E-2
8.280000E-3	2.973360E-2
8.285000E-3	2.970070E-2
8.290000E-3	2.963626E-2
8.295000E-3	2.958691E-2
8.300000E-3	2.949369E-2
8.305000E-3	2.948546E-2
8.310000E-3	2.951288E-2
8.315000E-3	2.944022E-2
8.320000E-3	2.934974E-2
8.325000E-3	2.927846E-2
8.330000E-3	2.927297E-2
8.335000E-3	2.937716E-2
8.340000E-3	2.933329E-2
8.345000E-3	2.944434E-2
8.350000E-3	2.976239E-2
8.355000E-3	2.981722E-2
8.360000E-3	2.992004E-2
8.365000E-3	3.014213E-2
8.370000E-3	3.027785E-2
8.375000E-3	3.027648E-2
8.380000E-3	3.024769E-2
8.385000E-3	3.013116E-2
8.390000E-3	3.009963E-2
8.395000E-3	3.027511E-2
8.400000E-3	3.025180E-2
8.405000E-3	3.000778E-2
8.410000E-3	3.003794E-2
8.415000E-3	3.006124E-2
8.420000E-3	3.007770E-2
8.425000E-3	3.018188E-2
8.430000E-3	3.036696E-2
8.435000E-3	3.042179E-2
8.440000E-3	3.054106E-2
8.445000E-3	3.042179E-2
8.450000E-3	3.007632E-2
8.455000E-3	3.004479E-2
8.460000E-3	2.981859E-2
8.465000E-3	2.979118E-2
8.470000E-3	2.962667E-2
8.475000E-3	2.972537E-2
8.480000E-3	2.977061E-2
8.485000E-3	2.968836E-2
8.490000E-3	2.921540E-2
8.495000E-3	2.893710E-2
8.500000E-3	2.886581E-2
8.505000E-3	2.902347E-2
8.510000E-3	2.911395E-2
8.515000E-3	2.927297E-2
8.520000E-3	2.906185E-2
8.525000E-3	2.904266E-2
8.530000E-3	2.901524E-2
8.535000E-3	2.899057E-2
8.540000E-3	2.901387E-2
8.545000E-3	2.895081E-2
8.550000E-3	2.886444E-2
8.555000E-3	2.909476E-2
8.560000E-3	2.935523E-2
8.565000E-3	2.943337E-2
8.570000E-3	2.955127E-2
8.575000E-3	2.964312E-2
8.580000E-3	2.937579E-2
8.585000E-3	2.911943E-2
8.590000E-3	2.898234E-2
8.595000E-3	2.856696E-2
8.600000E-3	2.863550E-2
8.605000E-3	2.843124E-2
8.610000E-3	2.820641E-2
8.615000E-3	2.845454E-2
8.620000E-3	2.875751E-2
8.625000E-3	2.879041E-2
8.630000E-3	2.905226E-2
8.635000E-3	2.929217E-2
8.640000E-3	2.951974E-2
8.645000E-3	2.981311E-2
8.650000E-3	2.994609E-2
8.655000E-3	2.998447E-2
8.660000E-3	2.988577E-2
8.665000E-3	2.981722E-2
8.670000E-3	2.979255E-2
8.675000E-3	2.967602E-2
8.680000E-3	2.972674E-2
8.685000E-3	2.977747E-2
8.690000E-3	2.979666E-2
8.695000E-3	2.991867E-2
8.700000E-3	3.010511E-2
8.705000E-3	3.009552E-2
8.710000E-3	2.990633E-2
8.715000E-3	3.006399E-2
8.720000E-3	3.008044E-2
8.725000E-3	2.994472E-2
8.730000E-3	3.044373E-2
8.735000E-3	3.070694E-2
8.740000E-3	3.062195E-2
8.745000E-3	3.102911E-2
8.750000E-3	3.102773E-2
8.755000E-3	3.071243E-2
8.760000E-3	3.057808E-2
8.765000E-3	3.071517E-2
8.770000E-3	3.023946E-2
8.775000E-3	3.008866E-2
8.780000E-3	2.997762E-2
8.785000E-3	2.978843E-2
8.790000E-3	2.941006E-2
8.795000E-3	2.921265E-2
8.800000E-3	2.945668E-2
8.805000E-3	2.951837E-2
8.810000E-3	2.957183E-2
8.815000E-3	2.955675E-2
8.820000E-3	2.944297E-2
8.825000E-3	2.963215E-2
8.830000E-3	2.962804E-2
8.835000E-3	2.954578E-2
8.840000E-3	2.983093E-2
8.845000E-3	2.954167E-2
8.850000E-3	2.916604E-2
8.855000E-3	2.919346E-2
8.860000E-3	2.907419E-2
8.865000E-3	2.909201E-2
8.870000E-3	2.919483E-2
8.875000E-3	2.901661E-2
8.880000E-3	2.923185E-2
8.885000E-3	2.956635E-2
8.890000E-3	2.957869E-2
8.895000E-3	2.943063E-2
8.900000E-3	2.951699E-2
8.905000E-3	2.951699E-2
8.910000E-3	2.959239E-2
8.915000E-3	2.966231E-2
8.920000E-3	2.979529E-2
8.925000E-3	2.987891E-2
8.930000E-3	3.000093E-2
8.935000E-3	3.013116E-2
8.940000E-3	3.024220E-2
8.945000E-3	3.003794E-2
8.950000E-3	2.986383E-2
8.955000E-3	3.005850E-2
8.960000E-3	2.987754E-2
8.965000E-3	3.006399E-2
8.970000E-3	3.022712E-2
8.975000E-3	3.012842E-2
8.980000E-3	3.037381E-2
8.985000E-3	3.063565E-2
8.990000E-3	3.066170E-2
8.995000E-3	3.053969E-2
9.000000E-3	3.071105E-2
9.005000E-3	3.050679E-2
9.010000E-3	3.041220E-2
9.015000E-3	3.018188E-2
9.020000E-3	3.015172E-2
9.025000E-3	2.977747E-2
9.030000E-3	2.950329E-2
9.035000E-3	2.956498E-2
9.040000E-3	2.946216E-2
9.045000E-3	2.928942E-2
9.050000E-3	2.915919E-2
9.055000E-3	2.919209E-2
9.060000E-3	2.902210E-2
9.065000E-3	2.916878E-2
9.070000E-3	2.907968E-2
9.075000E-3	2.909338E-2
9.080000E-3	2.931273E-2
9.085000E-3	2.962804E-2
9.090000E-3	2.969110E-2
9.095000E-3	3.010374E-2
9.100000E-3	3.012842E-2
9.105000E-3	3.031486E-2
9.110000E-3	3.038889E-2
9.115000E-3	3.031212E-2
9.120000E-3	3.021753E-2
9.125000E-3	3.015035E-2
9.130000E-3	2.961433E-2
9.135000E-3	2.920306E-2
9.140000E-3	2.907693E-2
9.145000E-3	2.877945E-2
9.150000E-3	2.884525E-2
9.155000E-3	2.876437E-2
9.160000E-3	2.880138E-2
9.165000E-3	2.862042E-2
9.170000E-3	2.872872E-2
9.175000E-3	2.865469E-2
9.180000E-3	2.884936E-2
9.185000E-3	2.924693E-2
9.190000E-3	2.912492E-2
9.195000E-3	2.899057E-2
9.200000E-3	2.909613E-2
9.205000E-3	2.907556E-2
9.210000E-3	2.888089E-2
9.215000E-3	2.878356E-2
9.220000E-3	2.879041E-2
9.225000E-3	2.882469E-2
9.230000E-3	2.900290E-2
9.235000E-3	2.899057E-2
9.240000E-3	2.909750E-2
9.245000E-3	2.941006E-2
9.250000E-3	2.955949E-2
9.255000E-3	2.957457E-2
9.260000E-3	2.997351E-2
9.265000E-3	3.028470E-2
9.270000E-3	3.047526E-2
9.275000E-3	3.078920E-2
9.280000E-3	3.113604E-2
9.285000E-3	3.115249E-2
9.290000E-3	3.132522E-2
9.295000E-3	3.169262E-2
9.300000E-3	3.143901E-2
9.305000E-3	3.167892E-2
9.310000E-3	3.179544E-2
9.315000E-3	3.146780E-2
9.320000E-3	3.135264E-2
9.325000E-3	3.131974E-2
9.330000E-3	3.090298E-2
9.335000E-3	3.062195E-2
9.340000E-3	3.040671E-2
9.345000E-3	3.006810E-2
9.350000E-3	2.978158E-2
9.355000E-3	2.960747E-2
9.360000E-3	2.946764E-2
9.365000E-3	2.941006E-2
9.370000E-3	2.933055E-2
9.375000E-3	2.940321E-2
9.380000E-3	2.916604E-2
9.385000E-3	2.897274E-2
9.390000E-3	2.921265E-2
9.395000E-3	2.904403E-2
9.400000E-3	2.883703E-2
9.405000E-3	2.889872E-2
9.410000E-3	2.901113E-2
9.415000E-3	2.905500E-2
9.420000E-3	2.958554E-2
9.425000E-3	2.956635E-2
9.430000E-3	2.967602E-2
9.435000E-3	2.989674E-2
9.440000E-3	2.998996E-2
9.445000E-3	2.988577E-2
9.450000E-3	2.999270E-2
9.455000E-3	2.991045E-2
9.460000E-3	2.987069E-2
9.465000E-3	2.999818E-2
9.470000E-3	3.002697E-2
9.475000E-3	2.993786E-2
9.480000E-3	2.979255E-2
9.485000E-3	3.014350E-2
9.490000E-3	3.009278E-2
9.495000E-3	3.013802E-2
9.500000E-3	3.016406E-2
9.505000E-3	3.032446E-2
9.510000E-3	3.010100E-2
9.515000E-3	3.026414E-2
9.520000E-3	3.015584E-2
9.525000E-3	3.005850E-2
9.530000E-3	3.015995E-2
9.535000E-3	3.008866E-2
9.540000E-3	2.969247E-2
9.545000E-3	2.945256E-2
9.550000E-3	2.946764E-2
9.555000E-3	2.930176E-2
9.560000E-3	2.917564E-2
9.565000E-3	2.903718E-2
9.570000E-3	2.878219E-2
9.575000E-3	2.871090E-2
9.580000E-3	2.852035E-2
9.585000E-3	2.840245E-2
9.590000E-3	2.865744E-2
9.595000E-3	2.859300E-2
9.600000E-3	2.868897E-2
9.605000E-3	2.905500E-2
9.610000E-3	2.879179E-2
9.615000E-3	2.902758E-2
9.620000E-3	2.905911E-2
9.625000E-3	2.902347E-2
9.630000E-3	2.921540E-2
9.635000E-3	2.932781E-2
9.640000E-3	2.932507E-2
9.645000E-3	2.950740E-2
9.650000E-3	2.943611E-2
9.655000E-3	2.956772E-2
9.660000E-3	2.978843E-2
9.665000E-3	3.005987E-2
9.670000E-3	3.015858E-2
9.675000E-3	3.034228E-2
9.680000E-3	3.061098E-2
9.685000E-3	3.092903E-2
9.690000E-3	3.122652E-2
9.695000E-3	3.135538E-2
9.700000E-3	3.151166E-2
9.705000E-3	3.172415E-2
9.710000E-3	3.178036E-2
9.715000E-3	3.166795E-2
9.720000E-3	3.150070E-2
9.725000E-3	3.133482E-2
9.730000E-3	3.136498E-2
9.735000E-3	3.104967E-2
9.740000E-3	3.064251E-2
9.745000E-3	3.034776E-2
9.750000E-3	3.021342E-2
9.755000E-3	3.002971E-2
9.760000E-3	2.994472E-2
9.765000E-3	2.984464E-2
9.770000E-3	2.946490E-2
9.775000E-3	2.951014E-2
9.780000E-3	2.975416E-2
9.785000E-3	2.957731E-2
9.790000E-3	2.961296E-2
9.795000E-3	2.975553E-2
9.800000E-3	2.995020E-2
9.805000E-3	2.990633E-2
9.810000E-3	2.965546E-2
9.815000E-3	2.936208E-2
9.820000E-3	2.939636E-2
9.825000E-3	2.919346E-2
9.830000E-3	2.893436E-2
9.835000E-3	2.871090E-2
9.840000E-3	2.868211E-2
9.845000E-3	2.863961E-2
9.850000E-3	2.832294E-2
9.855000E-3	2.848333E-2
9.860000E-3	2.863139E-2
9.865000E-3	2.873147E-2
9.870000E-3	2.897412E-2
9.875000E-3	2.912354E-2
9.880000E-3	2.904952E-2
9.885000E-3	2.914411E-2
9.890000E-3	2.937853E-2
9.895000E-3	2.920032E-2
9.900000E-3	2.924418E-2
9.905000E-3	2.969933E-2
9.910000E-3	2.969384E-2
9.915000E-3	2.956223E-2
9.920000E-3	2.958554E-2
9.925000E-3	2.954715E-2
9.930000E-3	2.980900E-2
9.935000E-3	3.003246E-2
9.940000E-3	3.000504E-2
9.945000E-3	2.983779E-2
9.950000E-3	3.011060E-2
9.955000E-3	3.019971E-2
9.960000E-3	3.027236E-2
9.965000E-3	3.045058E-2
9.970000E-3	3.049994E-2
9.975000E-3	3.052187E-2
9.980000E-3	3.069735E-2
9.985000E-3	3.096056E-2
9.990000E-3	3.091395E-2
9.995000E-3	3.106886E-2
