0.000000E+0	1.329780E-4
5.000000E-6	6.306171E-5
1.000000E-5	7.814169E-5
1.500000E-5	5.346537E-5
2.000000E-5	-3.015995E-5
2.500000E-5	3.564358E-5
3.000000E-5	1.686215E-4
3.500000E-5	1.754761E-4
4.000000E-5	1.124144E-4
4.500000E-5	7.539988E-5
5.000000E-5	2.152324E-4
5.500000E-5	9.322166E-5
6.000000E-5	-1.096725E-4
6.500000E-5	-1.494288E-4
7.000000E-5	-6.031990E-5
7.500000E-5	1.028180E-4
8.000000E-5	1.837015E-4
8.500000E-5	1.206398E-4
9.000000E-5	6.854534E-6
9.500000E-5	3.427267E-5
1.000000E-4	1.096725E-5
1.050000E-4	-1.919270E-5
1.100000E-4	-9.185076E-5
1.150000E-4	1.713634E-4
1.200000E-4	2.686977E-4
1.250000E-4	1.425743E-4
1.300000E-4	-7.814169E-5
1.350000E-4	-1.096725E-4
1.400000E-4	-9.047985E-5
1.450000E-4	1.206398E-4
1.500000E-4	2.604723E-5
1.550000E-4	-7.539988E-5
1.600000E-4	-1.507998E-4
1.650000E-4	6.717443E-5
1.700000E-4	6.854534E-5
1.750000E-4	1.919270E-4
1.800000E-4	2.207160E-4
1.850000E-4	1.028180E-4
1.900000E-4	3.290176E-5
1.950000E-4	-7.265806E-5
2.000000E-4	-2.056360E-5
2.050000E-4	1.370907E-6
2.100000E-4	4.661083E-5
2.150000E-4	2.741814E-5
2.200000E-4	9.870529E-5
2.250000E-4	8.225441E-5
2.300000E-4	1.919270E-5
2.350000E-4	-6.991625E-5
2.400000E-4	-3.153086E-5
2.450000E-4	-9.322166E-5
2.500000E-4	-3.838539E-5
2.550000E-4	-5.757809E-5
2.600000E-4	-2.467632E-5
2.650000E-4	-1.083016E-4
2.700000E-4	-4.386902E-5
2.750000E-4	8.362532E-5
2.800000E-4	2.371669E-4
2.850000E-4	1.974106E-4
2.900000E-4	9.870529E-5
2.950000E-4	-1.165271E-4
3.000000E-4	-7.539988E-5
3.050000E-4	7.128716E-5
3.100000E-4	1.288652E-4
3.150000E-4	2.769232E-4
3.200000E-4	1.069307E-4
3.250000E-4	3.975630E-5
3.300000E-4	-2.303123E-4
3.350000E-4	-2.659559E-4
3.400000E-4	0.000000E+0
3.450000E-4	8.910894E-5
3.500000E-4	4.935265E-5
3.550000E-4	1.041889E-4
3.600000E-4	-5.757809E-5
3.650000E-4	1.425743E-4
3.700000E-4	6.443262E-5
3.750000E-4	6.443262E-5
3.800000E-4	1.672506E-4
3.850000E-4	2.591014E-4
3.900000E-4	1.535416E-4
3.950000E-4	4.249811E-5
4.000000E-4	-8.088350E-5
4.050000E-4	-2.618432E-4
4.100000E-4	-1.055598E-4
4.150000E-4	2.522469E-4
4.200000E-4	2.453923E-4
4.250000E-4	1.727343E-4
4.300000E-4	1.274943E-4
4.350000E-4	4.798174E-5
4.400000E-4	-9.047985E-5
4.450000E-4	1.370907E-6
4.500000E-4	5.072355E-5
4.550000E-4	-1.041889E-4
4.600000E-4	-8.088350E-5
4.650000E-4	6.031990E-5
4.700000E-4	2.344251E-4
4.750000E-4	1.261234E-4
4.800000E-4	1.905560E-4
4.850000E-4	1.288652E-4
4.900000E-4	6.306171E-5
4.950000E-4	2.056360E-4
5.000000E-4	2.714396E-4
5.050000E-4	2.056360E-4
5.100000E-4	3.564358E-5
5.150000E-4	6.854534E-5
5.200000E-4	5.620718E-5
5.250000E-4	-1.782179E-5
5.300000E-4	1.329780E-4
5.350000E-4	1.151562E-4
5.400000E-4	2.686977E-4
5.450000E-4	1.617670E-4
5.500000E-4	2.070069E-4
5.550000E-4	7.402897E-5
5.600000E-4	-3.975630E-5
5.650000E-4	-5.620718E-5
5.700000E-4	9.322166E-5
5.750000E-4	1.549125E-4
5.800000E-4	-2.193451E-5
5.850000E-4	1.096725E-5
5.900000E-4	6.306171E-5
5.950000E-4	1.549125E-4
6.000000E-4	1.741052E-4
6.050000E-4	2.303123E-4
6.100000E-4	1.206398E-4
6.150000E-4	3.290176E-5
6.200000E-4	1.165271E-4
6.250000E-4	5.072355E-5
6.300000E-4	-7.814169E-5
6.350000E-4	2.220869E-4
6.400000E-4	1.699924E-4
6.450000E-4	2.056360E-5
6.500000E-4	-2.056360E-5
6.550000E-4	-1.124144E-4
6.600000E-4	5.894899E-5
6.650000E-4	-2.056360E-5
6.700000E-4	1.535416E-4
6.750000E-4	1.960397E-4
6.800000E-4	1.000762E-4
6.850000E-4	9.733438E-5
6.900000E-4	1.357198E-4
6.950000E-4	2.303123E-4
7.000000E-4	2.522469E-4
7.050000E-4	1.891851E-4
7.100000E-4	9.047985E-5
7.150000E-4	3.564358E-5
7.200000E-4	4.249811E-5
7.250000E-4	-1.233816E-5
7.300000E-4	2.083778E-4
7.350000E-4	1.768470E-4
7.400000E-4	8.773804E-5
7.450000E-4	7.951260E-5
7.500000E-4	2.111197E-4
7.550000E-4	-6.306171E-5
7.600000E-4	6.717443E-5
7.650000E-4	1.233816E-4
7.700000E-4	4.386902E-5
7.750000E-4	3.975630E-5
7.800000E-4	1.631379E-4
7.850000E-4	7.814169E-5
7.900000E-4	8.910894E-5
7.950000E-4	1.137853E-4
8.000000E-4	4.386902E-5
8.050000E-4	-1.850724E-4
8.100000E-4	6.854534E-6
8.150000E-4	1.864433E-4
8.200000E-4	1.795888E-4
8.250000E-4	1.741052E-4
8.300000E-4	1.384616E-4
8.350000E-4	1.247525E-4
8.400000E-4	2.042651E-4
8.450000E-4	1.398325E-4
8.500000E-4	1.754761E-4
8.550000E-4	2.591014E-4
8.600000E-4	4.249811E-5
8.650000E-4	1.631379E-4
8.700000E-4	2.056360E-4
8.750000E-4	1.864433E-4
8.800000E-4	1.288652E-4
8.850000E-4	9.047985E-5
8.900000E-4	-4.935265E-5
8.950000E-4	1.233816E-4
9.000000E-4	1.645088E-4
9.050000E-4	3.386140E-4
9.100000E-4	8.910894E-5
9.150000E-4	-1.507998E-5
9.200000E-4	6.854534E-5
9.250000E-4	2.604723E-5
9.300000E-4	2.316833E-4
9.350000E-4	2.481341E-4
9.400000E-4	1.837015E-4
9.450000E-4	3.701448E-5
9.500000E-4	5.620718E-5
9.550000E-4	1.233816E-4
9.600000E-4	4.386902E-5
9.650000E-4	-2.056360E-5
9.700000E-4	-6.580353E-5
9.750000E-4	-1.137853E-4
9.800000E-4	8.362532E-5
9.850000E-4	-3.564358E-5
9.900000E-4	1.782179E-5
9.950000E-4	1.494288E-4
1.000000E-3	1.178980E-4
1.005000E-3	2.193451E-5
1.010000E-3	2.330542E-5
1.015000E-3	3.153086E-5
1.020000E-3	4.523993E-5
1.025000E-3	1.178980E-4
1.030000E-3	2.083778E-4
1.035000E-3	-1.370907E-6
1.040000E-3	-4.661083E-5
1.045000E-3	4.249811E-5
1.050000E-3	1.343489E-4
1.055000E-3	1.096725E-5
1.060000E-3	1.713634E-4
1.065000E-3	9.733438E-5
1.070000E-3	2.878904E-5
1.075000E-3	1.261234E-4
1.080000E-3	6.854534E-5
1.085000E-3	-9.596348E-6
1.090000E-3	1.480579E-4
1.095000E-3	3.838539E-4
1.100000E-3	3.358722E-4
1.105000E-3	1.741052E-4
1.110000E-3	1.768470E-4
1.115000E-3	3.166795E-4
1.120000E-3	3.852248E-4
1.125000E-3	3.166795E-4
1.130000E-3	2.357960E-4
1.135000E-3	1.055598E-4
1.140000E-3	1.466870E-4
1.145000E-3	5.209446E-5
1.150000E-3	-1.453161E-4
1.155000E-3	1.398325E-4
1.160000E-3	1.425743E-4
1.165000E-3	7.814169E-5
1.170000E-3	1.878142E-4
1.175000E-3	1.288652E-4
1.180000E-3	1.165271E-4
1.185000E-3	1.398325E-4
1.190000E-3	-6.031990E-5
1.195000E-3	6.717443E-5
1.200000E-3	1.412034E-4
1.205000E-3	3.153086E-5
1.210000E-3	1.919270E-5
1.215000E-3	2.467632E-5
1.220000E-3	7.128716E-5
1.225000E-3	8.225441E-6
1.230000E-3	-3.015995E-5
1.235000E-3	8.362532E-5
1.240000E-3	1.603961E-4
1.245000E-3	2.741814E-5
1.250000E-3	1.069307E-4
1.255000E-3	1.686215E-4
1.260000E-3	2.303123E-4
1.265000E-3	2.028942E-4
1.270000E-3	1.412034E-4
1.275000E-3	2.193451E-5
1.280000E-3	1.521707E-4
1.285000E-3	6.443262E-5
1.290000E-3	1.178980E-4
1.295000E-3	8.088350E-5
1.300000E-3	1.837015E-4
1.305000E-3	1.151562E-4
1.310000E-3	1.480579E-4
1.315000E-3	7.128716E-5
1.320000E-3	1.028180E-4
1.325000E-3	-3.153086E-5
1.330000E-3	1.178980E-4
1.335000E-3	4.112720E-5
1.340000E-3	5.346537E-5
1.345000E-3	8.636713E-5
1.350000E-3	1.507998E-5
1.355000E-3	1.206398E-4
1.360000E-3	2.303123E-4
1.365000E-3	1.960397E-4
1.370000E-3	1.549125E-4
1.375000E-3	8.088350E-5
1.380000E-3	2.604723E-5
1.385000E-3	2.207160E-4
1.390000E-3	2.261996E-4
1.395000E-3	1.590252E-4
1.400000E-3	1.782179E-5
1.405000E-3	1.576543E-4
1.410000E-3	1.987815E-4
1.415000E-3	1.768470E-4
1.420000E-3	4.661083E-5
1.425000E-3	1.466870E-4
1.430000E-3	1.494288E-4
1.435000E-3	1.274943E-4
1.440000E-3	-3.701448E-5
1.445000E-3	1.370907E-6
1.450000E-3	3.564358E-5
1.455000E-3	1.562834E-4
1.460000E-3	1.754761E-4
1.465000E-3	3.015995E-4
1.470000E-3	1.727343E-4
1.475000E-3	8.225441E-5
1.480000E-3	2.028942E-4
1.485000E-3	2.563596E-4
1.490000E-3	1.782179E-4
1.495000E-3	-3.290176E-5
1.500000E-3	9.733438E-5
1.505000E-3	-9.596348E-6
1.510000E-3	1.782179E-5
1.515000E-3	-4.249811E-5
1.520000E-3	1.507998E-5
1.525000E-3	2.741814E-5
1.530000E-3	-7.128716E-5
1.535000E-3	9.733438E-5
1.540000E-3	1.645088E-4
1.545000E-3	2.481341E-4
1.550000E-3	2.138615E-4
1.555000E-3	7.402897E-5
1.560000E-3	1.000762E-4
1.565000E-3	1.370907E-4
1.570000E-3	6.717443E-5
1.575000E-3	-1.370907E-6
1.580000E-3	1.603961E-4
1.585000E-3	1.891851E-4
1.590000E-3	9.322166E-5
1.595000E-3	4.935265E-5
1.600000E-3	4.112720E-6
1.605000E-3	-1.370907E-6
1.610000E-3	2.330542E-5
1.615000E-3	-1.343489E-4
1.620000E-3	-8.636713E-5
1.625000E-3	6.854534E-5
1.630000E-3	1.837015E-4
1.635000E-3	3.290176E-5
1.640000E-3	2.330542E-5
1.645000E-3	1.494288E-4
1.650000E-3	1.370907E-6
1.655000E-3	-5.757809E-5
1.660000E-3	-1.288652E-4
1.665000E-3	-1.590252E-4
1.670000E-3	-1.672506E-4
1.675000E-3	6.031990E-5
1.680000E-3	4.661083E-5
1.685000E-3	7.539988E-5
1.690000E-3	4.935265E-5
1.695000E-3	2.056360E-5
1.700000E-3	2.741814E-5
1.705000E-3	1.439452E-4
1.710000E-3	-3.838539E-5
1.715000E-3	8.362532E-5
1.720000E-3	9.870529E-5
1.725000E-3	-8.499622E-5
1.730000E-3	-1.398325E-4
1.735000E-3	3.838539E-5
1.740000E-3	1.000762E-4
1.745000E-3	2.166033E-4
1.750000E-3	2.412796E-4
1.755000E-3	1.837015E-4
1.760000E-3	1.110435E-4
1.765000E-3	1.439452E-4
1.770000E-3	1.357198E-4
1.775000E-3	4.386902E-5
1.780000E-3	1.329780E-4
1.785000E-3	1.837015E-4
1.790000E-3	1.507998E-4
1.795000E-3	-1.370907E-5
1.800000E-3	1.096725E-4
1.805000E-3	2.083778E-4
1.810000E-3	5.757809E-5
1.815000E-3	-4.112720E-5
1.820000E-3	8.499622E-5
1.825000E-3	6.306171E-5
1.830000E-3	1.576543E-4
1.835000E-3	1.178980E-4
1.840000E-3	6.854534E-5
1.845000E-3	-9.596348E-6
1.850000E-3	1.206398E-4
1.855000E-3	-1.782179E-5
1.860000E-3	-1.110435E-4
1.865000E-3	-1.288652E-4
1.870000E-3	1.699924E-4
1.875000E-3	9.596348E-6
1.880000E-3	6.854534E-6
1.885000E-3	1.603961E-4
1.890000E-3	8.225441E-5
1.895000E-3	-7.128716E-5
1.900000E-3	2.741814E-6
1.905000E-3	1.370907E-4
1.910000E-3	3.153086E-5
1.915000E-3	9.596348E-6
1.920000E-3	1.055598E-4
1.925000E-3	9.596348E-6
1.930000E-3	-1.233816E-4
1.935000E-3	-1.247525E-4
1.940000E-3	-1.412034E-4
1.945000E-3	-2.330542E-5
1.950000E-3	2.878904E-5
1.955000E-3	1.891851E-4
1.960000E-3	5.209446E-5
1.965000E-3	-7.539988E-5
1.970000E-3	3.153086E-5
1.975000E-3	1.110435E-4
1.980000E-3	8.362532E-5
1.985000E-3	1.137853E-4
1.990000E-3	2.604723E-5
1.995000E-3	-1.878142E-4
2.000000E-3	-2.495050E-4
2.005000E-3	-2.878904E-5
2.010000E-3	1.041889E-4
2.015000E-3	1.768470E-4
2.020000E-3	-4.386902E-5
2.025000E-3	-3.838539E-5
2.030000E-3	-1.370907E-6
2.035000E-3	6.991625E-5
2.040000E-3	1.590252E-4
2.045000E-3	2.056360E-4
2.050000E-3	9.459257E-5
2.055000E-3	9.047985E-5
2.060000E-3	-2.604723E-5
2.065000E-3	-2.741814E-5
2.070000E-3	1.329780E-4
2.075000E-3	-2.741814E-6
2.080000E-3	-5.209446E-5
2.085000E-3	2.741814E-6
2.090000E-3	1.631379E-4
2.095000E-3	1.343489E-4
2.100000E-3	1.096725E-5
2.105000E-3	7.814169E-5
2.110000E-3	1.302361E-4
2.115000E-3	-5.483627E-6
2.120000E-3	-1.110435E-4
2.125000E-3	-1.562834E-4
2.130000E-3	-5.757809E-5
2.135000E-3	-2.741814E-6
2.140000E-3	1.178980E-4
2.145000E-3	4.661083E-5
2.150000E-3	3.290176E-5
2.155000E-3	1.110435E-4
2.160000E-3	1.384616E-4
2.165000E-3	6.991625E-5
2.170000E-3	3.153086E-5
2.175000E-3	-7.677078E-5
2.180000E-3	-7.677078E-5
2.185000E-3	-7.402897E-5
2.190000E-3	-5.757809E-5
2.195000E-3	-1.919270E-5
2.200000E-3	1.645088E-5
2.205000E-3	-2.330542E-5
2.210000E-3	1.028180E-4
2.215000E-3	2.481341E-4
2.220000E-3	1.521707E-4
2.225000E-3	-1.507998E-5
2.230000E-3	-6.854534E-6
2.235000E-3	1.165271E-4
2.240000E-3	2.604723E-5
2.245000E-3	5.757809E-5
2.250000E-3	-1.028180E-4
2.255000E-3	-7.677078E-5
2.260000E-3	-1.274943E-4
2.265000E-3	-5.894899E-5
2.270000E-3	8.088350E-5
2.275000E-3	1.617670E-4
2.280000E-3	1.521707E-4
2.285000E-3	1.357198E-4
2.290000E-3	4.523993E-5
2.295000E-3	1.329780E-4
2.300000E-3	9.322166E-5
2.305000E-3	8.910894E-5
2.310000E-3	4.935265E-5
2.315000E-3	1.535416E-4
2.320000E-3	-9.596348E-5
2.325000E-3	-1.699924E-4
2.330000E-3	2.741814E-5
2.335000E-3	6.717443E-5
2.340000E-3	1.699924E-4
2.345000E-3	-9.322166E-5
2.350000E-3	-1.727343E-4
2.355000E-3	5.483627E-6
2.360000E-3	1.329780E-4
2.365000E-3	-2.248287E-4
2.370000E-3	9.047985E-5
2.375000E-3	-3.015995E-5
2.380000E-3	2.906322E-4
2.385000E-3	-9.459257E-5
2.390000E-3	1.316071E-4
2.395000E-3	-9.733438E-5
2.400000E-3	1.686215E-4
2.405000E-3	-2.961159E-4
2.410000E-3	2.673268E-4
2.415000E-3	-3.331304E-4
2.420000E-3	4.482865E-4
2.425000E-3	-4.112720E-4
2.430000E-3	1.800001E-3
2.435000E-3	2.499163E-3
2.440000E-3	-4.955828E-3
2.445000E-3	-7.169157E-2
2.450000E-3	-6.228304E-2
2.455000E-3	3.162682E-2
2.460000E-3	-9.621710E-2
2.465000E-3	-9.603614E-2
2.470000E-3	8.842349E-4
2.475000E-3	-6.034321E-2
2.480000E-3	-1.276246E-1
2.485000E-3	-1.102209E-2
2.490000E-3	-2.159452E-2
2.495000E-3	-2.680534E-2
2.500000E-3	1.684598E-1
2.505000E-3	1.153179E-1
2.510000E-3	-5.528593E-2
2.515000E-3	1.295795E-1
2.520000E-3	9.516424E-2
2.525000E-3	-9.124070E-2
2.530000E-3	1.733361E-1
2.535000E-3	1.995752E-1
2.540000E-3	-2.293527E-3
2.545000E-3	1.112614E-1
2.550000E-3	1.587154E-1
2.555000E-3	-7.592082E-2
2.560000E-3	-7.333666E-2
2.565000E-3	1.166971E-1
2.570000E-3	-7.165730E-2
2.575000E-3	-6.246674E-2
2.580000E-3	1.580340E-1
2.585000E-3	-9.047163E-2
2.590000E-3	-1.204602E-1
2.595000E-3	5.673909E-2
2.600000E-3	-9.612113E-2
2.605000E-3	-1.689972E-1
2.610000E-3	9.922624E-3
2.615000E-3	1.182407E-2
2.620000E-3	-1.371263E-1
2.625000E-3	3.634548E-2
2.630000E-3	6.260931E-2
2.635000E-3	-1.185642E-1
2.640000E-3	2.801174E-2
2.645000E-3	4.028958E-2
2.650000E-3	-1.087458E-1
2.655000E-3	6.212950E-3
2.660000E-3	5.730528E-2
2.665000E-3	-3.698707E-2
2.670000E-3	-1.193923E-2
2.675000E-3	9.211260E-2
2.680000E-3	-1.019681E-2
2.685000E-3	-3.901052E-2
2.690000E-3	8.914047E-2
2.695000E-3	-2.622956E-2
2.700000E-3	-5.557930E-2
2.705000E-3	6.494808E-2
2.710000E-3	7.232904E-3
2.715000E-3	-4.386079E-2
2.720000E-3	5.604678E-2
2.725000E-3	3.731883E-2
2.730000E-3	-6.197459E-2
2.735000E-3	3.070009E-2
2.740000E-3	4.002500E-2
2.745000E-3	-6.718951E-2
2.750000E-3	1.923519E-2
2.755000E-3	4.529202E-2
2.760000E-3	-6.092447E-2
2.765000E-3	5.660474E-3
2.770000E-3	4.901677E-2
2.775000E-3	-5.292112E-2
2.780000E-3	-2.137244E-2
2.785000E-3	3.323489E-2
2.790000E-3	-5.393696E-2
2.795000E-3	-4.395813E-2
2.800000E-3	4.115599E-2
2.805000E-3	-3.814137E-2
2.810000E-3	-5.393422E-2
2.815000E-3	3.603292E-2
2.820000E-3	-1.865256E-2
2.825000E-3	-5.134732E-2
2.830000E-3	2.539605E-2
2.835000E-3	8.886218E-3
2.840000E-3	-3.871578E-2
2.845000E-3	3.167617E-2
2.850000E-3	3.196543E-2
2.855000E-3	-2.680671E-2
2.860000E-3	3.632766E-2
2.865000E-3	6.871396E-2
2.870000E-3	4.778981E-3
2.875000E-3	4.665333E-2
2.880000E-3	7.769203E-2
2.885000E-3	4.275858E-3
2.890000E-3	2.118325E-2
2.895000E-3	4.903460E-2
2.900000E-3	-1.022834E-2
2.905000E-3	-4.987359E-3
2.910000E-3	4.761022E-2
2.915000E-3	-9.360552E-3
2.920000E-3	-3.034776E-2
2.925000E-3	1.669627E-2
2.930000E-3	-2.970618E-2
2.935000E-3	-5.482531E-2
2.940000E-3	-4.899621E-3
2.945000E-3	-2.848196E-2
2.950000E-3	-4.654914E-2
2.955000E-3	4.813254E-3
2.960000E-3	-7.616758E-3
2.965000E-3	-4.127938E-2
2.970000E-3	-4.248440E-3
2.975000E-3	-2.571821E-3
2.980000E-3	-3.923535E-2
2.985000E-3	3.535569E-3
2.990000E-3	2.122849E-2
2.995000E-3	-2.099544E-2
3.000000E-3	5.709827E-3
3.005000E-3	2.747709E-2
3.010000E-3	-1.213527E-2
3.015000E-3	4.210055E-3
3.020000E-3	2.916330E-2
3.025000E-3	-5.275249E-3
3.030000E-3	3.675401E-3
3.035000E-3	3.423703E-2
3.040000E-3	3.438234E-3
3.045000E-3	-3.266871E-3
3.050000E-3	3.087008E-2
3.055000E-3	1.036406E-3
3.060000E-3	-1.703626E-2
3.065000E-3	2.303946E-2
3.070000E-3	3.653467E-3
3.075000E-3	-1.917899E-2
3.080000E-3	1.030236E-2
3.085000E-3	-7.996500E-3
3.090000E-3	-3.731883E-2
3.095000E-3	-1.618493E-2
3.100000E-3	-1.216817E-2
3.105000E-3	-3.330344E-2
3.110000E-3	-1.333892E-2
3.115000E-3	-6.592691E-3
3.120000E-3	-3.706932E-2
3.125000E-3	-1.805210E-2
3.130000E-3	-6.611884E-3
3.135000E-3	-2.948135E-2
3.140000E-3	-9.841740E-3
3.145000E-3	6.831229E-3
3.150000E-3	-1.280838E-2
3.155000E-3	-6.044328E-3
3.160000E-3	1.286870E-2
3.165000E-3	1.555979E-3
3.170000E-3	2.787054E-3
3.175000E-3	2.512461E-2
3.180000E-3	1.867312E-2
3.185000E-3	1.942712E-2
3.190000E-3	3.901875E-2
3.195000E-3	2.527541E-2
3.200000E-3	2.310663E-2
3.205000E-3	4.608440E-2
3.210000E-3	4.100794E-2
3.215000E-3	3.390664E-2
3.220000E-3	4.297656E-2
3.225000E-3	3.854990E-2
3.230000E-3	2.302849E-2
3.235000E-3	2.972811E-2
3.240000E-3	2.546459E-2
3.245000E-3	6.230772E-3
3.250000E-3	1.440412E-2
3.255000E-3	1.433831E-2
3.260000E-3	-6.709218E-3
3.265000E-3	-1.237106E-2
3.270000E-3	-1.663870E-2
3.275000E-3	-3.519666E-2
3.280000E-3	-3.959590E-2
3.285000E-3	-3.654289E-2
3.290000E-3	-4.827785E-2
3.295000E-3	-4.720306E-2
3.300000E-3	-3.290039E-2
3.305000E-3	-4.192507E-2
3.310000E-3	-4.432142E-2
3.315000E-3	-3.196406E-2
3.320000E-3	-3.523368E-2
3.325000E-3	-3.627694E-2
3.330000E-3	-1.954502E-2
3.335000E-3	-1.032978E-2
3.340000E-3	-6.171823E-3
3.345000E-3	9.012341E-3
3.350000E-3	1.363230E-2
3.355000E-3	1.202011E-2
3.360000E-3	2.545637E-2
3.365000E-3	2.844906E-2
3.370000E-3	2.110785E-2
3.375000E-3	2.806658E-2
3.380000E-3	2.897137E-2
3.385000E-3	2.483398E-2
3.390000E-3	2.861220E-2
3.395000E-3	2.561128E-2
3.400000E-3	2.057046E-2
3.405000E-3	1.907891E-2
3.410000E-3	1.339787E-2
3.415000E-3	2.050877E-3
3.420000E-3	-2.275705E-3
3.425000E-3	-2.799392E-3
3.430000E-3	-8.991778E-3
3.435000E-3	-6.817520E-3
3.440000E-3	-6.021023E-3
3.445000E-3	-1.198584E-2
3.450000E-3	-1.542133E-2
3.455000E-3	-1.925987E-2
3.460000E-3	-1.921600E-2
3.465000E-3	-1.930374E-2
3.470000E-3	-1.788759E-2
3.475000E-3	-1.132232E-2
3.480000E-3	-4.798174E-3
3.485000E-3	-8.993149E-4
3.490000E-3	-1.370907E-3
3.495000E-3	9.801984E-4
3.500000E-3	3.347754E-3
3.505000E-3	4.035950E-3
3.510000E-3	1.023930E-2
3.515000E-3	1.631379E-2
3.520000E-3	1.758325E-2
3.525000E-3	1.721174E-2
3.530000E-3	1.517045E-2
3.535000E-3	1.169384E-2
3.540000E-3	1.138812E-2
3.545000E-3	1.217091E-2
3.550000E-3	8.766949E-3
3.555000E-3	8.660018E-3
3.560000E-3	7.866263E-3
3.565000E-3	7.951260E-4
3.570000E-3	-1.839757E-3
3.575000E-3	-6.909370E-4
3.580000E-3	-2.693832E-3
3.585000E-3	-3.458798E-3
3.590000E-3	-4.030466E-3
3.595000E-3	-7.190406E-3
3.600000E-3	-1.189947E-2
3.605000E-3	-1.392019E-2
3.610000E-3	-1.327449E-2
3.615000E-3	-1.025575E-2
3.620000E-3	-9.704649E-3
3.625000E-3	-1.222026E-2
3.630000E-3	-8.703887E-3
3.635000E-3	-9.301603E-3
3.640000E-3	-1.082879E-2
3.645000E-3	-7.136941E-3
3.650000E-3	-6.633818E-3
3.655000E-3	-3.253162E-3
3.660000E-3	-8.047223E-4
3.665000E-3	-2.129018E-3
3.670000E-3	-1.828790E-3
3.675000E-3	5.620718E-4
3.680000E-3	-1.480579E-3
3.685000E-3	-1.645088E-4
3.690000E-3	5.243719E-3
3.695000E-3	5.070984E-3
3.700000E-3	5.901754E-3
3.705000E-3	9.581268E-3
3.710000E-3	4.569232E-3
3.715000E-3	1.096725E-4
3.720000E-3	4.868090E-3
3.725000E-3	2.591014E-3
3.730000E-3	3.395736E-3
3.735000E-3	8.292615E-3
3.740000E-3	7.212341E-3
3.745000E-3	2.527952E-3
3.750000E-3	5.500078E-3
3.755000E-3	6.991625E-4
3.760000E-3	-1.070952E-2
3.765000E-3	-1.020503E-2
3.770000E-3	-1.401615E-2
3.775000E-3	-1.542544E-2
3.780000E-3	-1.211333E-2
3.785000E-3	-8.295357E-3
3.790000E-3	-1.273572E-2
3.795000E-3	-8.341968E-3
3.800000E-3	-5.718052E-3
3.805000E-3	-5.833209E-3
3.810000E-3	-2.637625E-3
3.815000E-3	1.527190E-3
3.820000E-3	6.710589E-3
3.825000E-3	5.674183E-3
3.830000E-3	8.942425E-3
3.835000E-3	1.032019E-2
3.840000E-3	1.049840E-2
3.845000E-3	1.098233E-2
3.850000E-3	9.950042E-3
3.855000E-3	9.213865E-3
3.860000E-3	9.642959E-3
3.865000E-3	1.565987E-2
3.870000E-3	1.701158E-2
3.875000E-3	2.030313E-2
3.880000E-3	1.942301E-2
3.885000E-3	1.531988E-2
3.890000E-3	1.420808E-2
3.895000E-3	1.137304E-2
3.900000E-3	9.605944E-3
3.905000E-3	1.203519E-2
3.910000E-3	1.091790E-2
3.915000E-3	1.040244E-2
3.920000E-3	1.123595E-2
3.925000E-3	8.385837E-3
3.930000E-3	9.061694E-4
3.935000E-3	-1.327038E-3
3.940000E-3	-6.999850E-3
3.945000E-3	-1.734471E-2
3.950000E-3	-1.939011E-2
3.955000E-3	-1.985621E-2
3.960000E-3	-2.187830E-2
3.965000E-3	-1.915294E-2
3.970000E-3	-2.075964E-2
3.975000E-3	-2.646673E-2
3.980000E-3	-2.763063E-2
3.985000E-3	-2.612948E-2
3.990000E-3	-2.710968E-2
3.995000E-3	-2.367556E-2
4.000000E-3	-1.571882E-2
4.005000E-3	-1.487160E-2
4.010000E-3	-9.466112E-3
4.015000E-3	-1.730084E-3
4.020000E-3	-1.217365E-3
4.025000E-3	3.111959E-4
4.030000E-3	6.119728E-3
4.035000E-3	9.326279E-3
4.040000E-3	1.138127E-2
4.045000E-3	1.822346E-2
4.050000E-3	2.167678E-2
4.055000E-3	2.091044E-2
4.060000E-3	2.219498E-2
4.065000E-3	2.197564E-2
4.070000E-3	1.875949E-2
4.075000E-3	1.865393E-2
4.080000E-3	1.817000E-2
4.085000E-3	1.428074E-2
4.090000E-3	1.331013E-2
4.095000E-3	1.203793E-2
4.100000E-3	6.633818E-3
4.105000E-3	2.699316E-3
4.110000E-3	1.487434E-3
4.115000E-3	-3.517747E-3
4.120000E-3	-7.475555E-3
4.125000E-3	-8.990407E-3
4.130000E-3	-1.073283E-2
4.135000E-3	-1.204067E-2
4.140000E-3	-1.135659E-2
4.145000E-3	-1.155263E-2
4.150000E-3	-1.208043E-2
4.155000E-3	-8.256972E-3
4.160000E-3	-6.839454E-3
4.165000E-3	-6.022394E-3
4.170000E-3	-3.297031E-3
4.175000E-3	-1.379132E-3
4.180000E-3	-9.459257E-4
4.185000E-3	-4.811883E-4
4.190000E-3	-7.019043E-4
4.195000E-3	-1.146078E-3
4.200000E-3	8.074641E-4
4.205000E-3	3.735721E-3
4.210000E-3	3.689110E-3
4.215000E-3	2.965271E-3
4.220000E-3	3.919423E-3
4.225000E-3	2.575934E-3
4.230000E-3	1.619041E-3
4.235000E-3	2.482712E-3
4.240000E-3	1.159787E-3
4.245000E-3	3.632903E-4
4.250000E-3	2.492309E-3
4.255000E-3	1.014471E-3
4.260000E-3	-7.402897E-4
4.265000E-3	2.795279E-3
4.270000E-3	3.464282E-3
4.275000E-3	4.085302E-4
4.280000E-3	1.403809E-3
4.285000E-3	1.764357E-3
4.290000E-3	-3.153086E-4
4.295000E-3	1.650572E-3
4.300000E-3	1.487434E-3
4.305000E-3	-2.330542E-3
4.310000E-3	-2.277076E-3
4.315000E-3	-2.666414E-3
4.320000E-3	-6.425440E-3
4.325000E-3	-5.905867E-3
4.330000E-3	-4.939377E-3
4.335000E-3	-7.762074E-3
4.340000E-3	-6.062150E-3
4.345000E-3	-3.172278E-3
4.350000E-3	-4.190862E-3
4.355000E-3	-2.157807E-3
4.360000E-3	9.116530E-4
4.365000E-3	-1.061082E-3
4.370000E-3	-1.909673E-3
4.375000E-3	-4.208684E-4
4.380000E-3	-1.636863E-3
4.385000E-3	-1.331151E-3
4.390000E-3	1.795888E-4
4.395000E-3	-1.651943E-3
4.400000E-3	-1.706779E-3
4.405000E-3	5.017519E-4
4.410000E-3	-4.208684E-4
4.415000E-3	-2.493680E-3
4.420000E-3	-1.284540E-3
4.425000E-3	-1.960397E-3
4.430000E-3	-2.019346E-3
4.435000E-3	5.305409E-4
4.440000E-3	9.582639E-4
4.445000E-3	-1.003504E-3
4.450000E-3	1.672506E-4
4.455000E-3	1.536787E-3
4.460000E-3	9.788275E-4
4.465000E-3	2.504647E-3
4.470000E-3	3.926277E-3
4.475000E-3	3.804266E-3
4.480000E-3	4.507542E-3
4.485000E-3	6.038845E-3
4.490000E-3	5.767405E-3
4.495000E-3	6.008685E-3
4.500000E-3	6.807923E-3
4.505000E-3	5.380809E-3
4.510000E-3	3.705561E-3
4.515000E-3	3.260016E-3
4.520000E-3	1.916528E-3
4.525000E-3	9.829402E-4
4.530000E-3	2.139986E-3
4.535000E-3	3.238082E-3
4.540000E-3	2.723992E-3
4.545000E-3	3.091395E-3
4.550000E-3	3.859103E-3
4.555000E-3	3.572583E-3
4.560000E-3	4.417062E-3
4.565000E-3	5.298555E-3
4.570000E-3	4.744709E-3
4.575000E-3	5.007923E-3
4.580000E-3	4.947603E-3
4.585000E-3	3.575325E-3
4.590000E-3	3.198326E-3
4.595000E-3	4.163444E-3
4.600000E-3	3.055751E-3
4.605000E-3	1.327038E-3
4.610000E-3	5.990863E-4
4.615000E-3	-9.418130E-4
4.620000E-3	-2.939224E-3
4.625000E-3	-4.203200E-3
4.630000E-3	-5.061388E-3
4.635000E-3	-6.115615E-3
4.640000E-3	-5.495965E-3
4.645000E-3	-5.889416E-3
4.650000E-3	-8.217216E-3
4.655000E-3	-1.023793E-2
4.660000E-3	-1.165956E-2
4.665000E-3	-1.351714E-2
4.670000E-3	-1.395035E-2
4.675000E-3	-1.222438E-2
4.680000E-3	-1.027083E-2
4.685000E-3	-8.697033E-3
4.690000E-3	-5.868852E-3
4.695000E-3	-4.647374E-3
4.700000E-3	-3.989339E-3
4.705000E-3	-2.865195E-4
4.710000E-3	-6.964207E-4
4.715000E-3	-8.104801E-3
4.720000E-3	-9.493530E-3
4.725000E-3	-9.974718E-3
4.730000E-3	-1.371181E-2
4.735000E-3	-5.670071E-3
4.740000E-3	-7.759333E-4
4.745000E-3	-1.065195E-3
4.750000E-3	1.133192E-2
4.755000E-3	2.053344E-2
4.760000E-3	9.220719E-3
4.765000E-3	1.053953E-2
4.770000E-3	2.057868E-2
4.775000E-3	1.166916E-2
4.780000E-3	1.047647E-2
4.785000E-3	3.262484E-2
4.790000E-3	2.407861E-2
4.795000E-3	1.089185E-2
4.800000E-3	2.344662E-2
4.805000E-3	1.221752E-2
4.810000E-3	-5.457580E-3
4.815000E-3	3.139377E-3
4.820000E-3	5.315006E-3
4.825000E-3	-5.716681E-3
4.830000E-3	4.352629E-3
4.835000E-3	1.034486E-2
4.840000E-3	-8.147299E-3
4.845000E-3	-1.226962E-2
4.850000E-3	-2.506018E-3
4.855000E-3	-1.897609E-2
4.860000E-3	-1.601219E-2
4.865000E-3	-2.536178E-4
4.870000E-3	-7.149279E-3
4.875000E-3	-9.130239E-3
4.880000E-3	1.587510E-3
4.885000E-3	-6.429553E-4
4.890000E-3	-8.221328E-3
4.895000E-3	9.171367E-4
4.900000E-3	-1.056969E-3
4.905000E-3	-1.190633E-2
4.910000E-3	-3.423154E-3
4.915000E-3	5.346537E-4
4.920000E-3	-5.678296E-3
4.925000E-3	2.028942E-3
4.930000E-3	4.743338E-3
4.935000E-3	-3.080428E-3
4.940000E-3	-2.289414E-3
4.945000E-3	3.458798E-3
4.950000E-3	-2.748668E-3
4.955000E-3	-3.937244E-3
4.960000E-3	3.982484E-3
4.965000E-3	6.182790E-4
4.970000E-3	-2.769232E-4
4.975000E-3	7.716835E-3
4.980000E-3	4.352629E-3
4.985000E-3	8.225441E-6
4.990000E-3	4.794061E-3
4.995000E-3	2.573192E-3
5.000000E-3	-2.193451E-5
5.005000E-3	5.343795E-3
5.010000E-3	4.809141E-3
5.015000E-3	-8.485913E-4
5.020000E-3	1.725972E-3
5.025000E-3	2.015233E-4
5.030000E-3	-6.969690E-3
5.035000E-3	-4.678905E-3
5.040000E-3	-4.451334E-3
5.045000E-3	-1.031607E-2
5.050000E-3	-7.124603E-3
5.055000E-3	-4.000306E-3
5.060000E-3	-9.945929E-3
5.065000E-3	-8.583248E-3
5.070000E-3	-3.913939E-3
5.075000E-3	-7.785380E-3
5.080000E-3	-6.517291E-3
5.085000E-3	-5.524755E-4
5.090000E-3	-3.413558E-3
5.095000E-3	-3.922164E-3
5.100000E-3	2.022088E-3
5.105000E-3	8.513331E-4
5.110000E-3	1.237929E-3
5.115000E-3	8.474946E-3
5.120000E-3	9.113789E-3
5.125000E-3	7.768929E-3
5.130000E-3	1.299345E-2
5.135000E-3	1.263565E-2
5.140000E-3	7.752478E-3
5.145000E-3	1.103169E-2
5.150000E-3	1.006657E-2
5.155000E-3	5.973041E-3
5.160000E-3	9.812951E-3
5.165000E-3	1.113451E-2
5.170000E-3	5.086064E-3
5.175000E-3	4.625440E-3
5.180000E-3	4.174411E-3
5.185000E-3	-3.125668E-3
5.190000E-3	-1.779437E-3
5.195000E-3	-1.425743E-4
5.200000E-3	-6.110132E-3
5.205000E-3	-6.337702E-3
5.210000E-3	-2.914548E-3
5.215000E-3	-7.028639E-3
5.220000E-3	-7.250726E-3
5.225000E-3	-1.599848E-3
5.230000E-3	-1.199543E-3
5.235000E-3	-9.061694E-4
5.240000E-3	5.018890E-3
5.245000E-3	4.009902E-3
5.250000E-3	9.390712E-4
5.255000E-3	6.588578E-3
5.260000E-3	5.268395E-3
5.265000E-3	2.189338E-3
5.270000E-3	7.620871E-3
5.275000E-3	7.242501E-3
5.280000E-3	5.798936E-4
5.285000E-3	1.529932E-3
5.290000E-3	5.867481E-4
5.295000E-3	-7.531762E-3
5.300000E-3	-6.318510E-3
5.305000E-3	-2.599239E-3
5.310000E-3	-8.155525E-3
5.315000E-3	-7.974565E-3
5.320000E-3	-6.066263E-3
5.325000E-3	-1.324159E-2
5.330000E-3	-1.492918E-2
5.335000E-3	-1.209825E-2
5.340000E-3	-1.589704E-2
5.345000E-3	-1.691699E-2
5.350000E-3	-1.089185E-2
5.355000E-3	-1.052034E-2
5.360000E-3	-1.013786E-2
5.365000E-3	-4.403353E-3
5.370000E-3	-5.106628E-3
5.375000E-3	-7.794976E-3
5.380000E-3	-3.122926E-3
5.385000E-3	-2.865195E-4
5.390000E-3	2.974868E-4
5.395000E-3	6.609142E-3
5.400000E-3	1.021737E-2
5.405000E-3	8.725822E-3
5.410000E-3	1.157868E-2
5.415000E-3	1.339513E-2
5.420000E-3	1.090556E-2
5.425000E-3	1.222849E-2
5.430000E-3	1.496071E-2
5.435000E-3	1.358432E-2
5.440000E-3	1.484007E-2
5.445000E-3	1.748729E-2
5.450000E-3	1.503611E-2
5.455000E-3	1.427525E-2
5.460000E-3	1.599985E-2
5.465000E-3	1.310313E-2
5.470000E-3	1.026261E-2
5.475000E-3	1.016665E-2
5.480000E-3	7.158875E-3
5.485000E-3	4.270375E-3
5.490000E-3	4.297793E-3
5.495000E-3	1.869917E-3
5.500000E-3	-2.101600E-3
5.505000E-3	-3.515005E-3
5.510000E-3	-6.097794E-3
5.515000E-3	-1.066017E-2
5.520000E-3	-1.241082E-2
5.525000E-3	-1.400107E-2
5.530000E-3	-1.742560E-2
5.535000E-3	-1.682377E-2
5.540000E-3	-1.627129E-2
5.545000E-3	-1.824814E-2
5.550000E-3	-1.731592E-2
5.555000E-3	-1.481676E-2
5.560000E-3	-1.492095E-2
5.565000E-3	-1.313192E-2
5.570000E-3	-8.670986E-3
5.575000E-3	-7.119119E-3
5.580000E-3	-4.874945E-3
5.585000E-3	-5.757809E-5
5.590000E-3	2.898097E-3
5.595000E-3	5.737245E-3
5.600000E-3	1.011181E-2
5.605000E-3	1.152933E-2
5.610000E-3	1.113039E-2
5.615000E-3	1.126474E-2
5.620000E-3	9.686828E-3
5.625000E-3	7.756591E-3
5.630000E-3	8.185685E-3
5.635000E-3	8.300841E-3
5.640000E-3	7.690787E-3
5.645000E-3	7.515311E-3
5.650000E-3	5.523384E-3
5.655000E-3	2.253771E-3
5.660000E-3	5.236864E-4
5.665000E-3	-9.637475E-4
5.670000E-3	-2.940595E-3
5.675000E-3	-3.384769E-3
5.680000E-3	-3.125668E-3
5.685000E-3	-3.901601E-3
5.690000E-3	-4.267633E-3
5.695000E-3	-4.411578E-3
5.700000E-3	-6.005943E-3
5.705000E-3	-7.154763E-3
5.710000E-3	-6.452858E-3
5.715000E-3	-5.938768E-3
5.720000E-3	-5.031228E-3
5.725000E-3	-3.224373E-3
5.730000E-3	-1.380503E-3
5.735000E-3	-7.402897E-5
5.740000E-3	1.913786E-3
5.745000E-3	2.888501E-3
5.750000E-3	3.233969E-3
5.755000E-3	4.581571E-3
5.760000E-3	6.014168E-3
5.765000E-3	6.721556E-3
5.770000E-3	7.247984E-3
5.775000E-3	7.212341E-3
5.780000E-3	5.686522E-3
5.785000E-3	4.486978E-3
5.790000E-3	3.754914E-3
5.795000E-3	2.643108E-3
5.800000E-3	1.820564E-3
5.805000E-3	1.676619E-3
5.810000E-3	9.075403E-4
5.815000E-3	-1.617670E-4
5.820000E-3	-5.936027E-4
5.825000E-3	-8.787513E-4
5.830000E-3	-9.952784E-4
5.835000E-3	-1.864433E-4
5.840000E-3	1.050115E-3
5.845000E-3	1.986444E-3
5.850000E-3	2.991319E-3
5.855000E-3	3.935874E-3
5.860000E-3	4.107237E-3
5.865000E-3	4.385531E-3
5.870000E-3	4.485607E-3
5.875000E-3	3.547907E-3
5.880000E-3	2.385378E-3
5.885000E-3	1.583397E-3
5.890000E-3	1.220107E-4
5.895000E-3	-1.464128E-3
5.900000E-3	-2.196193E-3
5.905000E-3	-3.471136E-3
5.910000E-3	-5.427420E-3
5.915000E-3	-6.886065E-3
5.920000E-3	-8.858800E-3
5.925000E-3	-1.019269E-2
5.930000E-3	-9.689569E-3
5.935000E-3	-9.257734E-3
5.940000E-3	-8.381724E-3
5.945000E-3	-7.426202E-3
5.950000E-3	-6.722927E-3
5.955000E-3	-6.496727E-3
5.960000E-3	-6.104648E-3
5.965000E-3	-5.563140E-3
5.970000E-3	-4.976392E-3
5.975000E-3	-3.402591E-3
5.980000E-3	-1.300991E-3
5.985000E-3	8.321404E-4
5.990000E-3	2.962530E-3
5.995000E-3	4.133284E-3
6.000000E-3	4.656971E-3
6.005000E-3	4.832447E-3
6.010000E-3	4.818738E-3
6.015000E-3	4.463673E-3
6.020000E-3	4.093528E-3
6.025000E-3	3.827572E-3
6.030000E-3	3.151715E-3
6.035000E-3	2.654076E-3
6.040000E-3	1.876771E-3
6.045000E-3	1.124144E-3
6.050000E-3	6.552935E-4
6.055000E-3	5.415082E-4
6.060000E-3	6.086826E-4
6.065000E-3	1.321554E-3
6.070000E-3	2.052248E-3
6.075000E-3	2.841890E-3
6.080000E-3	3.398478E-3
6.085000E-3	4.000306E-3
6.090000E-3	4.258037E-3
6.095000E-3	4.275858E-3
6.100000E-3	3.900230E-3
6.105000E-3	3.723383E-3
6.110000E-3	3.508151E-3
6.115000E-3	3.530085E-3
6.120000E-3	3.801525E-3
6.125000E-3	3.573954E-3
6.130000E-3	2.870679E-3
6.135000E-3	1.786292E-3
6.140000E-3	1.233816E-3
6.145000E-3	6.347299E-4
6.150000E-3	1.891851E-4
6.155000E-3	1.549125E-4
6.160000E-3	1.398325E-4
6.165000E-3	4.455447E-4
6.170000E-3	6.895661E-4
6.175000E-3	1.645088E-5
6.180000E-3	-1.091242E-3
6.185000E-3	-2.030313E-3
6.190000E-3	-3.233969E-3
6.195000E-3	-4.282713E-3
6.200000E-3	-4.669309E-3
6.205000E-3	-5.053163E-3
6.210000E-3	-5.587816E-3
6.215000E-3	-5.871594E-3
6.220000E-3	-5.994976E-3
6.225000E-3	-6.666720E-3
6.230000E-3	-6.881952E-3
6.235000E-3	-6.901145E-3
6.240000E-3	-6.870985E-3
6.245000E-3	-6.256819E-3
6.250000E-3	-5.306780E-3
6.255000E-3	-4.463673E-3
6.260000E-3	-3.284693E-3
6.265000E-3	-2.207160E-3
6.270000E-3	-1.266718E-3
6.275000E-3	-3.015995E-5
6.280000E-3	1.066566E-3
6.285000E-3	2.447069E-3
6.290000E-3	3.968775E-3
6.295000E-3	5.342424E-3
6.300000E-3	6.498098E-3
6.305000E-3	7.663369E-3
6.310000E-3	8.957505E-3
6.315000E-3	9.737551E-3
6.320000E-3	9.714246E-3
6.325000E-3	9.275556E-3
6.330000E-3	8.705258E-3
6.335000E-3	7.804573E-3
6.340000E-3	6.854534E-3
6.345000E-3	6.138921E-3
6.350000E-3	5.327344E-3
6.355000E-3	4.508913E-3
6.360000E-3	3.191471E-3
6.365000E-3	1.620412E-3
6.370000E-3	-1.974106E-4
6.375000E-3	-1.793146E-3
6.380000E-3	-3.039300E-3
6.385000E-3	-4.090786E-3
6.390000E-3	-4.762530E-3
6.395000E-3	-5.065501E-3
6.400000E-3	-5.139530E-3
6.405000E-3	-5.153239E-3
6.410000E-3	-5.033970E-3
6.415000E-3	-4.948974E-3
6.420000E-3	-4.607618E-3
6.425000E-3	-4.122317E-3
6.430000E-3	-3.291547E-3
6.435000E-3	-2.437472E-3
6.440000E-3	-1.657426E-3
6.445000E-3	-7.224679E-4
6.450000E-3	4.715919E-4
6.455000E-3	1.612186E-3
6.460000E-3	3.114700E-3
6.465000E-3	5.066872E-3
6.470000E-3	6.908000E-3
6.475000E-3	8.272052E-3
6.480000E-3	8.954763E-3
6.485000E-3	8.679211E-3
6.490000E-3	7.630467E-3
6.495000E-3	6.318510E-3
6.500000E-3	5.069613E-3
6.505000E-3	3.938615E-3
6.510000E-3	2.999544E-3
6.515000E-3	2.200305E-3
6.520000E-3	1.235187E-3
6.525000E-3	-2.878904E-5
6.530000E-3	-1.222849E-3
6.535000E-3	-2.270222E-3
6.540000E-3	-3.059864E-3
6.545000E-3	-3.264129E-3
6.550000E-3	-3.232598E-3
6.555000E-3	-3.593147E-3
6.560000E-3	-4.045546E-3
6.565000E-3	-4.275858E-3
6.570000E-3	-4.825592E-3
6.575000E-3	-5.147755E-3
6.580000E-3	-4.890025E-3
6.585000E-3	-4.303277E-3
6.590000E-3	-3.265500E-3
6.595000E-3	-2.171516E-3
6.600000E-3	-1.258492E-3
6.605000E-3	-6.169081E-4
6.610000E-3	-2.659559E-4
6.615000E-3	-2.481341E-4
6.620000E-3	-3.591776E-4
6.625000E-3	-5.387664E-4
6.630000E-3	-7.169843E-4
6.635000E-3	-6.964207E-4
6.640000E-3	3.564358E-5
6.645000E-3	5.099773E-4
6.650000E-3	7.019043E-4
6.655000E-3	1.185834E-3
6.660000E-3	1.693070E-3
6.665000E-3	2.056360E-3
6.670000E-3	2.333283E-3
6.675000E-3	2.506018E-3
6.680000E-3	2.695203E-3
6.685000E-3	2.856970E-3
6.690000E-3	2.819955E-3
6.695000E-3	2.326429E-3
6.700000E-3	1.800001E-3
6.705000E-3	9.486675E-4
6.710000E-3	1.384616E-4
6.715000E-3	-1.072049E-3
6.720000E-3	-2.248287E-3
6.725000E-3	-3.584921E-3
6.730000E-3	-4.567862E-3
6.735000E-3	-5.324602E-3
6.740000E-3	-5.870223E-3
6.745000E-3	-5.955219E-3
6.750000E-3	-5.583704E-3
6.755000E-3	-5.465806E-3
6.760000E-3	-5.113482E-3
6.765000E-3	-4.205942E-3
6.770000E-3	-3.192842E-3
6.775000E-3	-2.248287E-3
6.780000E-3	-1.188576E-3
6.785000E-3	1.028180E-4
6.790000E-3	1.624525E-3
6.795000E-3	3.127038E-3
6.800000E-3	4.580200E-3
6.805000E-3	5.567253E-3
6.810000E-3	6.733894E-3
6.815000E-3	7.649660E-3
6.820000E-3	8.302212E-3
6.825000E-3	8.969843E-3
6.830000E-3	9.146690E-3
6.835000E-3	8.605182E-3
6.840000E-3	7.831991E-3
6.845000E-3	7.193148E-3
6.850000E-3	6.125212E-3
6.855000E-3	4.556894E-3
6.860000E-3	2.998173E-3
6.865000E-3	1.317441E-3
6.870000E-3	-3.002286E-4
6.875000E-3	-1.283169E-3
6.880000E-3	-2.078295E-3
6.885000E-3	-2.841890E-3
6.890000E-3	-3.602743E-3
6.895000E-3	-4.277229E-3
6.900000E-3	-5.423307E-3
6.905000E-3	-6.621480E-3
6.910000E-3	-7.786751E-3
6.915000E-3	-8.276165E-3
6.920000E-3	-8.808076E-3
6.925000E-3	-8.915007E-3
6.930000E-3	-8.476317E-3
6.935000E-3	-7.482409E-3
6.940000E-3	-6.277382E-3
6.945000E-3	-4.803658E-3
6.950000E-3	-2.951562E-3
6.955000E-3	-1.213253E-3
6.960000E-3	2.906322E-4
6.965000E-3	1.525819E-3
6.970000E-3	2.847373E-3
6.975000E-3	4.001677E-3
6.980000E-3	5.128562E-3
6.985000E-3	5.957961E-3
6.990000E-3	6.478906E-3
6.995000E-3	6.908000E-3
7.000000E-3	7.167101E-3
7.005000E-3	7.160246E-3
7.010000E-3	6.854534E-3
7.015000E-3	6.164968E-3
7.020000E-3	5.665958E-3
7.025000E-3	4.935265E-3
7.030000E-3	4.092157E-3
7.035000E-3	3.063977E-3
7.040000E-3	2.027571E-3
7.045000E-3	7.677078E-4
7.050000E-3	-6.977916E-4
7.055000E-3	-2.234578E-3
7.060000E-3	-3.912568E-3
7.065000E-3	-5.098403E-3
7.070000E-3	-6.159484E-3
7.075000E-3	-7.091701E-3
7.080000E-3	-7.679820E-3
7.085000E-3	-7.655144E-3
7.090000E-3	-7.463217E-3
7.095000E-3	-6.892920E-3
7.100000E-3	-6.158113E-3
7.105000E-3	-5.024374E-3
7.110000E-3	-3.686368E-3
7.115000E-3	-2.371669E-3
7.120000E-3	-8.993149E-4
7.125000E-3	8.581877E-4
7.130000E-3	2.501905E-3
7.135000E-3	4.307389E-3
7.140000E-3	5.730391E-3
7.145000E-3	7.130086E-3
7.150000E-3	7.814169E-3
7.155000E-3	8.425593E-3
7.160000E-3	8.917749E-3
7.165000E-3	8.830011E-3
7.170000E-3	8.631229E-3
7.175000E-3	8.063674E-3
7.180000E-3	7.274032E-3
7.185000E-3	6.011426E-3
7.190000E-3	4.518509E-3
7.195000E-3	2.536178E-3
7.200000E-3	5.702972E-4
7.205000E-3	-1.133740E-3
7.210000E-3	-2.689719E-3
7.215000E-3	-4.212797E-3
7.220000E-3	-5.161464E-3
7.225000E-3	-5.816758E-3
7.230000E-3	-6.422698E-3
7.235000E-3	-6.942272E-3
7.240000E-3	-6.925821E-3
7.245000E-3	-6.731153E-3
7.250000E-3	-5.981266E-3
7.255000E-3	-5.362988E-3
7.260000E-3	-4.703581E-3
7.265000E-3	-3.720641E-3
7.270000E-3	-2.850115E-3
7.275000E-3	-2.309978E-3
7.280000E-3	-1.549125E-3
7.285000E-3	-6.470680E-4
7.290000E-3	3.153086E-4
7.295000E-3	1.209140E-3
7.300000E-3	1.882255E-3
7.305000E-3	2.586901E-3
7.310000E-3	2.917290E-3
7.315000E-3	3.096879E-3
7.320000E-3	3.077686E-3
7.325000E-3	3.349125E-3
7.330000E-3	3.598630E-3
7.335000E-3	3.757656E-3
7.340000E-3	3.817976E-3
7.345000E-3	3.595889E-3
7.350000E-3	3.176391E-3
7.355000E-3	2.595127E-3
7.360000E-3	2.120793E-3
7.365000E-3	1.949430E-3
7.370000E-3	1.610816E-3
7.375000E-3	1.247525E-3
7.380000E-3	1.109064E-3
7.385000E-3	7.567406E-4
7.390000E-3	-6.306171E-5
7.395000E-3	-1.025438E-3
7.400000E-3	-1.972735E-3
7.405000E-3	-3.225744E-3
7.410000E-3	-3.827572E-3
7.415000E-3	-4.077077E-3
7.420000E-3	-3.834426E-3
7.425000E-3	-3.268242E-3
7.430000E-3	-2.917290E-3
7.435000E-3	-2.442956E-3
7.440000E-3	-2.222240E-3
7.445000E-3	-1.739681E-3
7.450000E-3	-1.083016E-3
7.455000E-3	-4.208684E-4
7.460000E-3	4.126430E-4
7.465000E-3	1.307845E-3
7.470000E-3	2.190709E-3
7.475000E-3	2.721250E-3
7.480000E-3	3.427267E-3
7.485000E-3	3.971517E-3
7.490000E-3	4.688501E-3
7.495000E-3	5.216300E-3
7.500000E-3	5.543947E-3
7.505000E-3	5.442500E-3
7.510000E-3	5.471289E-3
7.515000E-3	5.072355E-3
7.520000E-3	4.275858E-3
7.525000E-3	3.185987E-3
7.530000E-3	1.808226E-3
7.535000E-3	2.920032E-4
7.540000E-3	-1.298249E-3
7.545000E-3	-2.692461E-3
7.550000E-3	-4.057884E-3
7.555000E-3	-5.081952E-3
7.560000E-3	-6.033361E-3
7.565000E-3	-6.766796E-3
7.570000E-3	-7.142425E-3
7.575000E-3	-7.234275E-3
7.580000E-3	-7.186294E-3
7.585000E-3	-6.765425E-3
7.590000E-3	-5.990863E-3
7.595000E-3	-5.035341E-3
7.600000E-3	-3.867328E-3
7.605000E-3	-2.382636E-3
7.610000E-3	-9.801984E-4
7.615000E-3	2.083778E-4
7.620000E-3	1.346231E-3
7.625000E-3	2.501905E-3
7.630000E-3	3.495812E-3
7.635000E-3	4.825592E-3
7.640000E-3	5.952477E-3
7.645000E-3	7.197261E-3
7.650000E-3	8.093834E-3
7.655000E-3	8.518815E-3
7.660000E-3	8.528411E-3
7.665000E-3	8.307695E-3
7.670000E-3	7.893682E-3
7.675000E-3	7.681191E-3
7.680000E-3	7.191777E-3
7.685000E-3	6.568015E-3
7.690000E-3	5.820870E-3
7.695000E-3	4.898250E-3
7.700000E-3	3.730237E-3
7.705000E-3	2.422392E-3
7.710000E-3	1.074791E-3
7.715000E-3	-2.440214E-4
7.720000E-3	-1.321554E-3
7.725000E-3	-2.362072E-3
7.730000E-3	-3.124297E-3
7.735000E-3	-3.700078E-3
7.740000E-3	-4.018128E-3
7.745000E-3	-4.223764E-3
7.750000E-3	-4.315615E-3
7.755000E-3	-4.636407E-3
7.760000E-3	-4.504800E-3
7.765000E-3	-4.341662E-3
7.770000E-3	-3.879666E-3
7.775000E-3	-3.223002E-3
7.780000E-3	-2.677381E-3
7.785000E-3	-2.098858E-3
7.790000E-3	-1.723230E-3
7.795000E-3	-1.547754E-3
7.800000E-3	-1.128256E-3
7.805000E-3	-1.144707E-3
7.810000E-3	-8.554459E-4
7.815000E-3	-2.248287E-4
7.820000E-3	4.702210E-4
7.825000E-3	1.209140E-3
7.830000E-3	2.107084E-3
7.835000E-3	2.858341E-3
7.840000E-3	3.450572E-3
7.845000E-3	3.971517E-3
7.850000E-3	4.374564E-3
7.855000E-3	4.521251E-3
7.860000E-3	4.428029E-3
7.865000E-3	4.175782E-3
7.870000E-3	3.738463E-3
7.875000E-3	3.003657E-3
7.880000E-3	2.197564E-3
7.885000E-3	1.661539E-3
7.890000E-3	1.066566E-3
7.895000E-3	4.866719E-4
7.900000E-3	-4.236102E-4
7.905000E-3	-1.233816E-3
7.910000E-3	-2.426505E-3
7.915000E-3	-3.227115E-3
7.920000E-3	-4.016757E-3
7.925000E-3	-4.593909E-3
7.930000E-3	-4.826963E-3
7.935000E-3	-4.942119E-3
7.940000E-3	-4.659712E-3
7.945000E-3	-4.316986E-3
7.950000E-3	-3.865957E-3
7.955000E-3	-3.277838E-3
7.960000E-3	-2.337396E-3
7.965000E-3	-1.259863E-3
7.970000E-3	9.596348E-5
7.975000E-3	1.433969E-3
7.980000E-3	2.841890E-3
7.985000E-3	3.757656E-3
7.990000E-3	4.469156E-3
7.995000E-3	4.858494E-3
8.000000E-3	5.145013E-3
8.005000E-3	5.224526E-3
8.010000E-3	5.365729E-3
8.015000E-3	5.053163E-3
8.020000E-3	4.565120E-3
8.025000E-3	3.942728E-3
8.030000E-3	3.047526E-3
8.035000E-3	1.972735E-3
8.040000E-3	8.664131E-4
8.045000E-3	-3.674030E-4
8.050000E-3	-1.336634E-3
8.055000E-3	-2.340138E-3
8.060000E-3	-3.170907E-3
8.065000E-3	-3.701448E-3
8.070000E-3	-4.219651E-3
8.075000E-3	-4.418433E-3
8.080000E-3	-4.256666E-3
8.085000E-3	-3.908455E-3
8.090000E-3	-3.279209E-3
8.095000E-3	-2.081037E-3
8.100000E-3	-1.037776E-3
8.105000E-3	7.402897E-5
8.110000E-3	1.043260E-3
8.115000E-3	2.100229E-3
8.120000E-3	3.306627E-3
8.125000E-3	4.447222E-3
8.130000E-3	4.870832E-3
8.135000E-3	5.271137E-3
8.140000E-3	5.032599E-3
8.145000E-3	4.225135E-3
8.150000E-3	3.302515E-3
8.155000E-3	2.464890E-3
8.160000E-3	1.587510E-3
8.165000E-3	7.773042E-4
8.170000E-3	3.427267E-5
8.175000E-3	-9.363294E-4
8.180000E-3	-1.860321E-3
8.185000E-3	-2.623916E-3
8.190000E-3	-3.357351E-3
8.195000E-3	-4.060626E-3
8.200000E-3	-4.297793E-3
8.205000E-3	-4.391015E-3
8.210000E-3	-4.555523E-3
8.215000E-3	-4.588425E-3
8.220000E-3	-4.456818E-3
8.225000E-3	-4.360855E-3
8.230000E-3	-4.016757E-3
8.235000E-3	-3.439605E-3
8.240000E-3	-2.830923E-3
8.245000E-3	-2.186596E-3
8.250000E-3	-1.491547E-3
8.255000E-3	-7.635951E-4
8.260000E-3	4.249811E-5
8.265000E-3	5.511045E-4
8.270000E-3	8.143187E-4
8.275000E-3	1.083016E-3
8.280000E-3	1.324296E-3
8.285000E-3	1.499772E-3
8.290000E-3	1.565576E-3
8.295000E-3	1.860321E-3
8.300000E-3	2.220869E-3
8.305000E-3	2.390862E-3
8.310000E-3	2.692461E-3
8.315000E-3	3.043413E-3
8.320000E-3	3.187358E-3
8.325000E-3	3.456056E-3
8.330000E-3	3.927648E-3
8.335000E-3	4.355371E-3
8.340000E-3	4.666567E-3
8.345000E-3	5.001068E-3
8.350000E-3	5.180657E-3
8.355000E-3	5.239606E-3
8.360000E-3	4.869461E-3
8.365000E-3	4.304647E-3
8.370000E-3	3.508151E-3
8.375000E-3	2.734959E-3
8.380000E-3	1.698554E-3
8.385000E-3	6.141663E-4
8.390000E-3	-2.536178E-4
8.395000E-3	-1.000762E-3
8.400000E-3	-1.634121E-3
8.405000E-3	-2.399087E-3
8.410000E-3	-2.835035E-3
8.415000E-3	-3.247678E-3
8.420000E-3	-3.693223E-3
8.425000E-3	-3.966033E-3
8.430000E-3	-4.155219E-3
8.435000E-3	-4.108608E-3
8.440000E-3	-3.890634E-3
8.445000E-3	-3.549278E-3
8.450000E-3	-3.281951E-3
8.455000E-3	-2.930999E-3
8.460000E-3	-2.359331E-3
8.465000E-3	-1.869917E-3
8.470000E-3	-9.939075E-4
8.475000E-3	-3.331304E-4
8.480000E-3	2.782941E-4
8.485000E-3	8.842349E-4
8.490000E-3	1.462758E-3
8.495000E-3	1.972735E-3
8.500000E-3	2.303123E-3
8.505000E-3	2.604723E-3
8.510000E-3	3.121555E-3
8.515000E-3	3.175020E-3
8.520000E-3	3.077686E-3
8.525000E-3	2.936482E-3
8.530000E-3	2.717137E-3
8.535000E-3	2.514243E-3
8.540000E-3	2.174258E-3
8.545000E-3	2.057731E-3
8.550000E-3	2.075553E-3
8.555000E-3	1.854837E-3
8.560000E-3	1.863062E-3
8.565000E-3	1.682103E-3
8.570000E-3	1.704037E-3
8.575000E-3	1.619041E-3
8.580000E-3	1.269460E-3
8.585000E-3	9.939075E-4
8.590000E-3	8.266568E-4
8.595000E-3	4.866719E-4
8.600000E-3	1.384616E-4
8.605000E-3	-6.991625E-5
8.610000E-3	-7.265806E-5
8.615000E-3	-3.399849E-4
8.620000E-3	-7.622242E-4
8.625000E-3	-9.952784E-4
8.630000E-3	-1.460016E-3
8.635000E-3	-1.671135E-3
8.640000E-3	-2.139986E-3
8.645000E-3	-2.541661E-3
8.650000E-3	-3.121555E-3
8.655000E-3	-3.443718E-3
8.660000E-3	-3.595889E-3
8.665000E-3	-3.754914E-3
8.670000E-3	-3.661692E-3
8.675000E-3	-3.172278E-3
8.680000E-3	-2.852857E-3
8.685000E-3	-2.515614E-3
8.690000E-3	-2.013862E-3
8.695000E-3	-1.532674E-3
8.700000E-3	-7.238388E-4
8.705000E-3	-8.225441E-6
8.710000E-3	1.006246E-3
8.715000E-3	2.059102E-3
8.720000E-3	3.128409E-3
8.725000E-3	4.078448E-3
8.730000E-3	4.776239E-3
8.735000E-3	4.999697E-3
8.740000E-3	5.087435E-3
8.745000E-3	4.894137E-3
8.750000E-3	4.423916E-3
8.755000E-3	3.717899E-3
8.760000E-3	2.880275E-3
8.765000E-3	1.802742E-3
8.770000E-3	7.745624E-4
8.775000E-3	-4.016757E-4
8.780000E-3	-1.350343E-3
8.785000E-3	-1.912415E-3
8.790000E-3	-2.422392E-3
8.795000E-3	-2.744555E-3
8.800000E-3	-3.121555E-3
8.805000E-3	-3.345013E-3
8.810000E-3	-3.589034E-3
8.815000E-3	-3.504038E-3
8.820000E-3	-3.458798E-3
8.825000E-3	-3.283322E-3
8.830000E-3	-2.878904E-3
8.835000E-3	-2.475858E-3
8.840000E-3	-2.253771E-3
8.845000E-3	-2.000153E-3
8.850000E-3	-1.686215E-3
8.855000E-3	-1.258492E-3
8.860000E-3	-9.801984E-4
8.865000E-3	-7.786751E-4
8.870000E-3	-6.690025E-4
8.875000E-3	-3.742576E-4
8.880000E-3	2.042651E-4
8.885000E-3	6.210208E-4
8.890000E-3	1.010358E-3
8.895000E-3	1.673877E-3
8.900000E-3	2.334654E-3
8.905000E-3	2.980351E-3
8.910000E-3	3.647983E-3
8.915000E-3	4.270375E-3
8.920000E-3	4.608989E-3
8.925000E-3	4.894137E-3
8.930000E-3	5.025744E-3
8.935000E-3	4.777610E-3
8.940000E-3	4.654229E-3
8.945000E-3	4.164815E-3
8.950000E-3	3.779590E-3
8.955000E-3	3.305256E-3
8.960000E-3	2.861083E-3
8.965000E-3	2.268851E-3
8.970000E-3	1.831532E-3
8.975000E-3	1.180351E-3
8.980000E-3	6.333590E-4
8.985000E-3	-2.659559E-4
8.990000E-3	-9.130239E-4
8.995000E-3	-1.699924E-3
9.000000E-3	-2.548516E-3
9.005000E-3	-3.249049E-3
9.010000E-3	-4.245698E-3
9.015000E-3	-4.861236E-3
9.020000E-3	-5.127192E-3
9.025000E-3	-5.412340E-3
9.030000E-3	-5.797565E-3
9.035000E-3	-5.649507E-3
9.040000E-3	-5.339682E-3
9.045000E-3	-4.879057E-3
9.050000E-3	-4.290938E-3
9.055000E-3	-3.590405E-3
9.060000E-3	-2.571821E-3
9.065000E-3	-1.516223E-3
9.070000E-3	-8.129478E-4
9.075000E-3	2.056360E-5
9.080000E-3	7.841587E-4
9.085000E-3	1.647830E-3
9.090000E-3	2.309978E-3
9.095000E-3	2.822697E-3
9.100000E-3	3.242195E-3
9.105000E-3	3.328562E-3
9.110000E-3	3.198326E-3
9.115000E-3	3.286064E-3
9.120000E-3	3.047526E-3
9.125000E-3	2.806246E-3
9.130000E-3	2.670527E-3
9.135000E-3	2.444327E-3
9.140000E-3	2.279818E-3
9.145000E-3	2.056360E-3
9.150000E-3	1.568317E-3
9.155000E-3	1.056969E-3
9.160000E-3	7.320642E-4
9.165000E-3	3.372431E-4
9.170000E-3	1.083016E-4
9.175000E-3	-1.645088E-4
9.180000E-3	2.015233E-4
9.185000E-3	4.400611E-4
9.190000E-3	5.648136E-4
9.195000E-3	1.054227E-3
9.200000E-3	1.566947E-3
9.205000E-3	2.057731E-3
9.210000E-3	2.759635E-3
9.215000E-3	3.223002E-3
9.220000E-3	3.494442E-3
9.225000E-3	3.430009E-3
9.230000E-3	3.434122E-3
9.235000E-3	3.408074E-3
9.240000E-3	3.128409E-3
9.245000E-3	2.516985E-3
9.250000E-3	2.020717E-3
9.255000E-3	1.479208E-3
9.260000E-3	7.485151E-4
9.265000E-3	1.151562E-4
9.270000E-3	-5.702972E-4
9.275000E-3	-1.237929E-3
9.280000E-3	-1.858950E-3
9.285000E-3	-2.507389E-3
9.290000E-3	-3.069460E-3
9.295000E-3	-3.693223E-3
9.300000E-3	-4.046917E-3
9.305000E-3	-3.996193E-3
9.310000E-3	-4.136026E-3
9.315000E-3	-4.201829E-3
9.320000E-3	-3.823459E-3
9.325000E-3	-3.325820E-3
9.330000E-3	-3.084540E-3
9.335000E-3	-2.506018E-3
9.340000E-3	-2.105713E-3
9.345000E-3	-1.569688E-3
9.350000E-3	-9.747148E-4
9.355000E-3	-3.934503E-4
9.360000E-3	2.344251E-4
9.365000E-3	4.962683E-4
9.370000E-3	6.566644E-4
9.375000E-3	1.187205E-3
9.380000E-3	1.614928E-3
9.385000E-3	1.906931E-3
9.390000E-3	2.015233E-3
9.395000E-3	2.179742E-3
9.400000E-3	2.163291E-3
9.405000E-3	2.299011E-3
9.410000E-3	2.304494E-3
9.415000E-3	2.441585E-3
9.420000E-3	2.626657E-3
9.425000E-3	2.737701E-3
9.430000E-3	2.832294E-3
9.435000E-3	2.778828E-3
9.440000E-3	2.552629E-3
9.445000E-3	2.233207E-3
9.450000E-3	1.946688E-3
9.455000E-3	1.398325E-3
9.460000E-3	1.103580E-3
9.465000E-3	6.059408E-4
9.470000E-3	9.596348E-5
9.475000E-3	-4.565120E-4
9.480000E-3	-8.540750E-4
9.485000E-3	-9.596348E-4
9.490000E-3	-1.165271E-3
9.495000E-3	-1.562834E-3
9.500000E-3	-1.609445E-3
9.505000E-3	-1.660168E-3
9.510000E-3	-1.362681E-3
9.515000E-3	-1.203656E-3
9.520000E-3	-9.377003E-4
9.525000E-3	-7.169843E-4
9.530000E-3	-4.907846E-4
9.535000E-3	-3.920794E-4
9.540000E-3	-1.000762E-4
9.545000E-3	2.769232E-4
9.550000E-3	6.662607E-4
9.555000E-3	8.952022E-4
9.560000E-3	1.224220E-3
9.565000E-3	1.376390E-3
9.570000E-3	1.444936E-3
9.575000E-3	1.517594E-3
9.580000E-3	1.512110E-3
9.585000E-3	1.473725E-3
9.590000E-3	1.120031E-3
9.595000E-3	8.088350E-4
9.600000E-3	5.168319E-4
9.605000E-3	1.795888E-4
9.610000E-3	2.604723E-5
9.615000E-3	-1.453161E-4
9.620000E-3	-4.428029E-4
9.625000E-3	-4.510283E-4
9.630000E-3	-8.431077E-4
9.635000E-3	-1.044631E-3
9.640000E-3	-9.747148E-4
9.645000E-3	-1.237929E-3
9.650000E-3	-1.584768E-3
9.655000E-3	-1.491547E-3
9.660000E-3	-1.764357E-3
9.665000E-3	-1.965880E-3
9.670000E-3	-1.964509E-3
9.675000E-3	-1.828790E-3
9.680000E-3	-1.846611E-3
9.685000E-3	-1.860321E-3
9.690000E-3	-1.651943E-3
9.695000E-3	-1.540899E-3
9.700000E-3	-1.340747E-3
9.705000E-3	-1.158416E-3
9.710000E-3	-7.622242E-4
9.715000E-3	-3.125668E-4
9.720000E-3	9.185076E-5
9.725000E-3	3.111959E-4
9.730000E-3	6.909370E-4
9.735000E-3	1.331151E-3
9.740000E-3	1.772583E-3
9.745000E-3	2.296269E-3
9.750000E-3	2.804875E-3
9.755000E-3	3.276467E-3
9.760000E-3	3.638387E-3
9.765000E-3	3.745317E-3
9.770000E-3	3.890634E-3
9.775000E-3	3.560245E-3
9.780000E-3	3.569841E-3
9.785000E-3	3.354609E-3
9.790000E-3	2.808988E-3
9.795000E-3	2.255142E-3
9.800000E-3	1.895964E-3
9.805000E-3	1.214623E-3
9.810000E-3	5.387664E-4
9.815000E-3	2.467632E-5
9.820000E-3	-4.976392E-4
9.825000E-3	-8.389950E-4
9.830000E-3	-1.136482E-3
9.835000E-3	-1.181722E-3
9.840000E-3	-1.291394E-3
9.845000E-3	-1.152933E-3
9.850000E-3	-9.157658E-4
9.855000E-3	-8.266568E-4
9.860000E-3	-5.332828E-4
9.865000E-3	-3.002286E-4
9.870000E-3	1.000762E-4
9.875000E-3	1.233816E-4
9.880000E-3	3.002286E-4
9.885000E-3	3.852248E-4
9.890000E-3	3.139377E-4
9.895000E-3	3.290176E-4
9.900000E-3	4.784465E-4
9.905000E-3	4.935265E-4
9.910000E-3	2.097487E-4
9.915000E-3	1.562834E-4
9.920000E-3	-2.316833E-4
9.925000E-3	-3.797412E-4
9.930000E-3	-8.691549E-4
9.935000E-3	-1.054227E-3
9.940000E-3	-1.416147E-3
9.945000E-3	-1.698554E-3
9.950000E-3	-2.124906E-3
9.955000E-3	-2.338767E-3
9.960000E-3	-2.488196E-3
9.965000E-3	-2.549887E-3
9.970000E-3	-2.404571E-3
9.975000E-3	-2.028942E-3
9.980000E-3	-1.691699E-3
9.985000E-3	-1.376390E-3
9.990000E-3	-1.019955E-3
9.995000E-3	-4.619956E-4
