0.000000E+0	3.235340E-4
5.000000E-6	2.892613E-4
1.000000E-5	3.139377E-4
1.500000E-5	2.769232E-4
2.000000E-5	1.645088E-4
2.500000E-5	1.507998E-4
3.000000E-5	8.362532E-5
3.500000E-5	1.014471E-4
4.000000E-5	2.015233E-4
4.500000E-5	3.194213E-4
5.000000E-5	1.782179E-4
5.500000E-5	1.850724E-4
6.000000E-5	3.454685E-4
6.500000E-5	3.372431E-4
7.000000E-5	2.220869E-4
7.500000E-5	2.714396E-4
8.000000E-5	3.002286E-4
8.500000E-5	1.823306E-4
9.000000E-5	3.578067E-4
9.500000E-5	4.455447E-4
1.000000E-4	3.811121E-4
1.050000E-4	3.043413E-4
1.100000E-4	1.809597E-4
1.150000E-4	1.425743E-4
1.200000E-4	2.714396E-4
1.250000E-4	4.222393E-4
1.300000E-4	3.276467E-4
1.350000E-4	3.084540E-4
1.400000E-4	1.645088E-4
1.450000E-4	1.247525E-4
1.500000E-4	1.453161E-4
1.550000E-4	1.288652E-4
1.600000E-4	3.975630E-5
1.650000E-4	2.508759E-4
1.700000E-4	4.537702E-4
1.750000E-4	3.495812E-4
1.800000E-4	2.261996E-4
1.850000E-4	1.974106E-4
1.900000E-4	3.413558E-4
1.950000E-4	4.112720E-4
2.000000E-4	4.236102E-4
2.050000E-4	2.508759E-4
2.100000E-4	1.631379E-4
2.150000E-4	2.097487E-4
2.200000E-4	1.494288E-4
2.250000E-4	7.128716E-5
2.300000E-4	1.453161E-4
2.350000E-4	3.043413E-4
2.400000E-4	4.592538E-4
2.450000E-4	2.618432E-4
2.500000E-4	1.302361E-4
2.550000E-4	1.302361E-4
2.600000E-4	1.233816E-4
2.650000E-4	1.987815E-4
2.700000E-4	3.550649E-4
2.750000E-4	3.303885E-4
2.800000E-4	1.521707E-4
2.850000E-4	1.754761E-4
2.900000E-4	2.714396E-4
2.950000E-4	4.606247E-4
3.000000E-4	2.056360E-4
3.050000E-4	2.878904E-4
3.100000E-4	2.399087E-4
3.150000E-4	2.810359E-4
3.200000E-4	3.221631E-4
3.250000E-4	1.466870E-4
3.300000E-4	1.014471E-4
3.350000E-4	2.070069E-4
3.400000E-4	1.261234E-4
3.450000E-4	3.070831E-4
3.500000E-4	2.495050E-4
3.550000E-4	3.893375E-4
3.600000E-4	2.577305E-4
3.650000E-4	3.139377E-4
3.700000E-4	2.920032E-4
3.750000E-4	3.632903E-4
3.800000E-4	2.632141E-4
3.850000E-4	2.481341E-4
3.900000E-4	2.851486E-4
3.950000E-4	1.617670E-4
4.000000E-4	1.220107E-4
4.050000E-4	1.768470E-4
4.100000E-4	2.083778E-4
4.150000E-4	1.439452E-4
4.200000E-4	2.837777E-4
4.250000E-4	2.700686E-4
4.300000E-4	1.699924E-4
4.350000E-4	2.810359E-4
4.400000E-4	2.837777E-4
4.450000E-4	2.152324E-4
4.500000E-4	3.386140E-4
4.550000E-4	1.809597E-4
4.600000E-4	2.001524E-4
4.650000E-4	6.991625E-5
4.700000E-4	2.124906E-4
4.750000E-4	4.099011E-4
4.800000E-4	5.607009E-4
4.850000E-4	2.207160E-4
4.900000E-4	2.892613E-4
4.950000E-4	6.991625E-5
5.000000E-4	-4.386902E-5
5.050000E-4	1.398325E-4
5.100000E-4	3.975630E-5
5.150000E-4	3.427267E-5
5.200000E-4	8.773804E-5
5.250000E-4	9.596348E-5
5.300000E-4	1.178980E-4
5.350000E-4	1.823306E-4
5.400000E-4	1.864433E-4
5.450000E-4	1.028180E-4
5.500000E-4	1.384616E-4
5.550000E-4	1.837015E-4
5.600000E-4	4.359484E-4
5.650000E-4	3.701448E-4
5.700000E-4	1.151562E-4
5.750000E-4	1.398325E-4
5.800000E-4	2.330542E-4
5.850000E-4	2.961159E-4
5.900000E-4	3.029704E-4
5.950000E-4	3.139377E-4
6.000000E-4	2.920032E-4
6.050000E-4	3.221631E-4
6.100000E-4	2.714396E-4
6.150000E-4	1.178980E-4
6.200000E-4	-8.499622E-5
6.250000E-4	5.620718E-5
6.300000E-4	2.193451E-4
6.350000E-4	4.167557E-4
6.400000E-4	3.701448E-4
6.450000E-4	2.824068E-4
6.500000E-4	3.057122E-4
6.550000E-4	3.084540E-4
6.600000E-4	3.290176E-4
6.650000E-4	2.878904E-4
6.700000E-4	1.288652E-4
6.750000E-4	-6.854534E-5
6.800000E-4	1.699924E-4
6.850000E-4	3.015995E-4
6.900000E-4	2.974868E-4
6.950000E-4	3.468394E-4
7.000000E-4	4.044175E-4
7.050000E-4	1.521707E-4
7.100000E-4	1.974106E-4
7.150000E-4	2.303123E-4
7.200000E-4	3.934503E-4
7.250000E-4	2.700686E-4
7.300000E-4	2.604723E-4
7.350000E-4	1.809597E-4
7.400000E-4	3.523231E-4
7.450000E-4	2.741814E-4
7.500000E-4	1.617670E-4
7.550000E-4	6.717443E-5
7.600000E-4	1.782179E-4
7.650000E-4	1.837015E-4
7.700000E-4	2.330542E-5
7.750000E-4	1.343489E-4
7.800000E-4	2.988577E-4
7.850000E-4	3.468394E-4
7.900000E-4	4.551411E-4
7.950000E-4	3.111959E-4
8.000000E-4	2.645850E-4
8.050000E-4	2.193451E-4
8.100000E-4	1.384616E-4
8.150000E-4	2.563596E-4
8.200000E-4	1.946688E-4
8.250000E-4	3.619194E-4
8.300000E-4	4.208684E-4
8.350000E-4	4.044175E-4
8.400000E-4	2.714396E-4
8.450000E-4	2.412796E-4
8.500000E-4	1.220107E-4
8.550000E-4	1.343489E-4
8.600000E-4	2.645850E-4
8.650000E-4	2.179742E-4
8.700000E-4	3.920794E-4
8.750000E-4	2.961159E-4
8.800000E-4	2.522469E-4
8.850000E-4	1.754761E-4
8.900000E-4	3.084540E-4
8.950000E-4	3.495812E-4
9.000000E-4	1.974106E-4
9.050000E-4	8.499622E-5
9.100000E-4	1.192689E-4
9.150000E-4	1.220107E-4
9.200000E-4	9.322166E-5
9.250000E-4	2.166033E-4
9.300000E-4	3.536940E-4
9.350000E-4	5.099773E-4
9.400000E-4	1.645088E-4
9.450000E-4	1.507998E-4
9.500000E-4	1.055598E-4
9.550000E-4	1.370907E-4
9.600000E-4	2.632141E-4
9.650000E-4	8.910894E-5
9.700000E-4	1.549125E-4
9.750000E-4	3.290176E-4
9.800000E-4	2.974868E-4
9.850000E-4	2.344251E-4
9.900000E-4	3.948212E-4
9.950000E-4	3.180504E-4
1.000000E-3	2.988577E-4
1.005000E-3	1.741052E-4
1.010000E-3	2.015233E-4
1.015000E-3	6.443262E-5
1.020000E-3	4.661083E-5
1.025000E-3	9.322166E-5
1.030000E-3	1.782179E-4
1.035000E-3	2.111197E-4
1.040000E-3	9.322166E-5
1.045000E-3	1.932979E-4
1.050000E-3	1.891851E-4
1.055000E-3	3.550649E-4
1.060000E-3	2.686977E-4
1.065000E-3	8.225441E-5
1.070000E-3	5.346537E-5
1.075000E-3	1.124144E-4
1.080000E-3	1.343489E-4
1.085000E-3	1.727343E-4
1.090000E-3	2.714396E-4
1.095000E-3	1.686215E-4
1.100000E-3	-1.370907E-5
1.105000E-3	1.041889E-4
1.110000E-3	1.672506E-4
1.115000E-3	3.139377E-4
1.120000E-3	2.906322E-4
1.125000E-3	2.207160E-4
1.130000E-3	1.028180E-4
1.135000E-3	2.303123E-4
1.140000E-3	4.290938E-4
1.145000E-3	2.741814E-4
1.150000E-3	2.124906E-4
1.155000E-3	1.535416E-4
1.160000E-3	2.412796E-4
1.165000E-3	1.576543E-4
1.170000E-3	2.810359E-4
1.175000E-3	3.303885E-4
1.180000E-3	2.330542E-4
1.185000E-3	1.686215E-4
1.190000E-3	3.084540E-4
1.195000E-3	2.330542E-4
1.200000E-3	1.631379E-4
1.205000E-3	3.139377E-4
1.210000E-3	3.687739E-4
1.215000E-3	1.960397E-4
1.220000E-3	2.426505E-4
1.225000E-3	3.495812E-4
1.230000E-3	3.934503E-4
1.235000E-3	9.733438E-5
1.240000E-3	1.014471E-4
1.245000E-3	2.824068E-4
1.250000E-3	1.398325E-4
1.255000E-3	2.193451E-5
1.260000E-3	6.854534E-5
1.265000E-3	5.620718E-5
1.270000E-3	1.439452E-4
1.275000E-3	2.659559E-4
1.280000E-3	4.249811E-4
1.285000E-3	2.385378E-4
1.290000E-3	2.001524E-4
1.295000E-3	2.234578E-4
1.300000E-3	6.443262E-5
1.305000E-3	1.247525E-4
1.310000E-3	2.001524E-4
1.315000E-3	2.591014E-4
1.320000E-3	1.261234E-4
1.325000E-3	2.193451E-4
1.330000E-3	2.508759E-4
1.335000E-3	1.631379E-4
1.340000E-3	1.521707E-4
1.345000E-3	5.346537E-5
1.350000E-3	2.851486E-4
1.355000E-3	3.015995E-4
1.360000E-3	2.591014E-4
1.365000E-3	2.220869E-4
1.370000E-3	8.773804E-5
1.375000E-3	2.412796E-4
1.380000E-3	3.125668E-4
1.385000E-3	1.686215E-4
1.390000E-3	-3.427267E-5
1.395000E-3	7.814169E-5
1.400000E-3	1.850724E-4
1.405000E-3	9.733438E-5
1.410000E-3	2.591014E-4
1.415000E-3	2.508759E-4
1.420000E-3	2.495050E-4
1.425000E-3	1.727343E-4
1.430000E-3	3.331304E-4
1.435000E-3	2.741814E-4
1.440000E-3	8.499622E-5
1.445000E-3	9.733438E-5
1.450000E-3	1.494288E-4
1.455000E-3	1.549125E-4
1.460000E-3	1.507998E-4
1.465000E-3	8.636713E-5
1.470000E-3	2.179742E-4
1.475000E-3	3.728867E-4
1.480000E-3	4.194975E-4
1.485000E-3	2.124906E-4
1.490000E-3	1.946688E-4
1.495000E-3	2.316833E-4
1.500000E-3	1.960397E-4
1.505000E-3	1.521707E-4
1.510000E-3	2.070069E-4
1.515000E-3	2.522469E-4
1.520000E-3	1.220107E-4
1.525000E-3	5.072355E-5
1.530000E-3	9.322166E-5
1.535000E-3	2.796650E-4
1.540000E-3	2.878904E-4
1.545000E-3	1.946688E-4
1.550000E-3	8.773804E-5
1.555000E-3	1.041889E-4
1.560000E-3	8.773804E-5
1.565000E-3	1.398325E-4
1.570000E-3	1.302361E-4
1.575000E-3	1.946688E-4
1.580000E-3	2.028942E-4
1.585000E-3	1.370907E-4
1.590000E-3	1.741052E-4
1.595000E-3	2.042651E-4
1.600000E-3	3.002286E-4
1.605000E-3	2.947450E-4
1.610000E-3	4.057884E-4
1.615000E-3	4.757047E-4
1.620000E-3	2.467632E-4
1.625000E-3	3.701448E-4
1.630000E-3	9.596348E-5
1.635000E-3	3.290176E-4
1.640000E-3	2.769232E-4
1.645000E-3	1.096725E-4
1.650000E-3	1.672506E-4
1.655000E-3	1.727343E-4
1.660000E-3	1.562834E-4
1.665000E-3	4.661083E-5
1.670000E-3	2.453923E-4
1.675000E-3	2.248287E-4
1.680000E-3	2.837777E-4
1.685000E-3	1.823306E-4
1.690000E-3	3.276467E-4
1.695000E-3	2.645850E-4
1.700000E-3	3.317595E-4
1.705000E-3	2.947450E-4
1.710000E-3	3.605485E-4
1.715000E-3	3.194213E-4
1.720000E-3	4.044175E-4
1.725000E-3	2.796650E-4
1.730000E-3	2.591014E-4
1.735000E-3	3.838539E-5
1.740000E-3	1.658797E-4
1.745000E-3	2.495050E-4
1.750000E-3	2.028942E-4
1.755000E-3	1.453161E-4
1.760000E-3	2.357960E-4
1.765000E-3	3.345013E-4
1.770000E-3	3.715158E-4
1.775000E-3	3.824830E-4
1.780000E-3	4.345775E-4
1.785000E-3	3.276467E-4
1.790000E-3	1.919270E-4
1.795000E-3	9.322166E-5
1.800000E-3	1.384616E-4
1.805000E-3	2.261996E-4
1.810000E-3	2.988577E-4
1.815000E-3	3.413558E-4
1.820000E-3	3.043413E-4
1.825000E-3	2.632141E-4
1.830000E-3	1.658797E-4
1.835000E-3	1.521707E-4
1.840000E-3	2.453923E-4
1.845000E-3	2.961159E-4
1.850000E-3	1.247525E-4
1.855000E-3	1.960397E-4
1.860000E-3	1.466870E-4
1.865000E-3	1.110435E-4
1.870000E-3	1.124144E-4
1.875000E-3	1.041889E-4
1.880000E-3	1.329780E-4
1.885000E-3	2.248287E-4
1.890000E-3	1.699924E-4
1.895000E-3	2.604723E-4
1.900000E-3	8.225441E-5
1.905000E-3	8.773804E-5
1.910000E-3	2.412796E-4
1.915000E-3	1.713634E-4
1.920000E-3	1.398325E-4
1.925000E-3	2.193451E-4
1.930000E-3	2.782941E-4
1.935000E-3	2.152324E-4
1.940000E-3	1.672506E-4
1.945000E-3	2.248287E-4
1.950000E-3	3.070831E-4
1.955000E-3	2.453923E-4
1.960000E-3	3.961921E-4
1.965000E-3	5.346537E-4
1.970000E-3	2.961159E-4
1.975000E-3	1.192689E-4
1.980000E-3	2.591014E-4
1.985000E-3	2.563596E-4
1.990000E-3	3.948212E-4
1.995000E-3	4.099011E-4
2.000000E-3	3.797412E-4
2.005000E-3	3.303885E-4
2.010000E-3	2.906322E-4
2.015000E-3	1.823306E-4
2.020000E-3	1.987815E-4
2.025000E-3	1.439452E-4
2.030000E-3	1.727343E-4
2.035000E-3	3.536940E-4
2.040000E-3	2.947450E-4
2.045000E-3	2.179742E-4
2.050000E-3	2.399087E-4
2.055000E-3	2.878904E-4
2.060000E-3	1.480579E-4
2.065000E-3	1.357198E-4
2.070000E-3	2.248287E-4
2.075000E-3	2.563596E-4
2.080000E-3	3.290176E-4
2.085000E-3	3.207922E-4
2.090000E-3	3.934503E-4
2.095000E-3	1.754761E-4
2.100000E-3	1.178980E-4
2.105000E-3	2.385378E-4
2.110000E-3	3.290176E-4
2.115000E-3	4.304647E-4
2.120000E-3	3.701448E-4
2.125000E-3	4.400611E-4
2.130000E-3	2.810359E-4
2.135000E-3	1.617670E-4
2.140000E-3	2.522469E-4
2.145000E-3	2.138615E-4
2.150000E-3	2.769232E-4
2.155000E-3	3.646612E-4
2.160000E-3	2.851486E-4
2.165000E-3	3.440976E-4
2.170000E-3	3.276467E-4
2.175000E-3	1.932979E-4
2.180000E-3	3.207922E-4
2.185000E-3	2.810359E-4
2.190000E-3	3.769994E-4
2.195000E-3	3.235340E-4
2.200000E-3	3.372431E-4
2.205000E-3	3.934503E-4
2.210000E-3	2.837777E-4
2.215000E-3	2.042651E-4
2.220000E-3	1.658797E-4
2.225000E-3	1.878142E-4
2.230000E-3	1.754761E-4
2.235000E-3	2.728105E-4
2.240000E-3	3.358722E-4
2.245000E-3	2.275705E-4
2.250000E-3	2.508759E-4
2.255000E-3	2.303123E-4
2.260000E-3	3.399849E-4
2.265000E-3	1.850724E-4
2.270000E-3	2.316833E-4
2.275000E-3	3.002286E-4
2.280000E-3	4.798174E-5
2.285000E-3	8.362532E-5
2.290000E-3	2.741814E-4
2.295000E-3	4.373193E-4
2.300000E-3	3.111959E-4
2.305000E-3	2.892613E-4
2.310000E-3	1.206398E-4
2.315000E-3	2.234578E-4
2.320000E-3	2.796650E-4
2.325000E-3	3.331304E-4
2.330000E-3	2.316833E-4
2.335000E-3	1.357198E-4
2.340000E-3	1.603961E-4
2.345000E-3	4.208684E-4
2.350000E-3	2.495050E-4
2.355000E-3	3.550649E-4
2.360000E-3	1.987815E-4
2.365000E-3	2.673268E-4
2.370000E-3	-5.757809E-5
2.375000E-3	5.483627E-4
2.380000E-3	9.047985E-5
2.385000E-3	7.032752E-4
2.390000E-3	-1.329780E-4
2.395000E-3	1.067936E-3
2.400000E-3	-3.797412E-4
2.405000E-3	1.155674E-3
2.410000E-3	-6.991625E-4
2.415000E-3	1.587510E-3
2.420000E-3	-1.410663E-3
2.425000E-3	2.072811E-3
2.430000E-3	-1.894593E-3
2.435000E-3	3.088653E-3
2.440000E-3	-3.179133E-3
2.445000E-3	4.159331E-3
2.450000E-3	-4.359484E-3
2.455000E-3	5.923688E-3
2.460000E-3	-6.742120E-3
2.465000E-3	8.620262E-3
2.470000E-3	-1.016390E-2
2.475000E-3	1.349521E-2
2.480000E-3	-1.698279E-2
2.485000E-3	4.323292E-2
2.490000E-3	-9.853393E-2
2.495000E-3	-1.228936E-1
2.500000E-3	1.259795E-1
2.505000E-3	-1.324433E-2
2.510000E-3	-3.871838E-1
2.515000E-3	-1.479921E-1
2.520000E-3	-3.097838E-2
2.525000E-3	-2.247999E-1
2.530000E-3	-4.038554E-2
2.535000E-3	5.622637E-2
2.540000E-3	-7.868320E-2
2.545000E-3	2.132747E-1
2.550000E-3	7.930696E-1
2.555000E-3	3.240481E-1
2.560000E-3	-1.614791E-1
2.565000E-3	3.037587E-1
2.570000E-3	1.457288E-1
2.575000E-3	-2.521893E-1
2.580000E-3	2.561608E-1
2.585000E-3	1.692892E-1
2.590000E-3	-2.315325E-1
2.595000E-3	-1.047510E-2
2.600000E-3	3.111959E-3
2.605000E-3	-3.252655E-1
2.610000E-3	-1.734622E-1
2.615000E-3	-8.016652E-2
2.620000E-3	-2.389395E-1
2.625000E-3	-1.007246E-1
2.630000E-3	1.069061E-1
2.635000E-3	-1.400272E-1
2.640000E-3	-4.656833E-2
2.645000E-3	1.025192E-1
2.650000E-3	-6.864130E-2
2.655000E-3	2.228820E-2
2.660000E-3	2.388147E-1
2.665000E-3	-1.622057E-2
2.670000E-3	-5.057001E-2
2.675000E-3	2.645151E-1
2.680000E-3	2.625424E-2
2.685000E-3	-1.585755E-1
2.690000E-3	9.586066E-2
2.695000E-3	-7.074839E-2
2.700000E-3	-1.957477E-1
2.705000E-3	1.697183E-1
2.710000E-3	8.180475E-2
2.715000E-3	-1.916377E-1
2.720000E-3	8.009660E-2
2.725000E-3	1.232514E-1
2.730000E-3	-1.468707E-1
2.735000E-3	6.181556E-2
2.740000E-3	1.808391E-1
2.745000E-3	-9.489965E-2
2.750000E-3	2.764708E-2
2.755000E-3	1.602220E-1
2.760000E-3	-1.365807E-1
2.765000E-3	-1.104279E-1
2.770000E-3	7.069355E-2
2.775000E-3	-9.962380E-2
2.780000E-3	-8.875662E-2
2.785000E-3	8.780521E-2
2.790000E-3	-5.468959E-2
2.795000E-3	-6.596941E-2
2.800000E-3	8.478099E-2
2.805000E-3	-1.286870E-1
2.810000E-3	-1.389387E-1
2.815000E-3	1.662348E-1
2.820000E-3	3.223550E-2
2.825000E-3	-8.203918E-2
2.830000E-3	1.444785E-1
2.835000E-3	3.289765E-2
2.840000E-3	-1.024753E-1
2.845000E-3	1.139799E-1
2.850000E-3	2.918798E-2
2.855000E-3	-1.423084E-1
2.860000E-3	9.045243E-2
2.865000E-3	1.140087E-1
2.870000E-3	-1.055626E-1
2.875000E-3	2.869308E-2
2.880000E-3	9.989387E-2
2.885000E-3	-8.218998E-2
2.890000E-3	4.399240E-3
2.895000E-3	1.020764E-1
2.900000E-3	-9.025091E-2
2.905000E-3	-2.493680E-2
2.910000E-3	1.074695E-1
2.915000E-3	-7.772493E-2
2.920000E-3	-4.335082E-2
2.925000E-3	8.850163E-2
2.930000E-3	-8.959013E-2
2.935000E-3	-7.377535E-2
2.940000E-3	1.168506E-1
2.945000E-3	-2.769232E-2
2.950000E-3	-9.166843E-2
2.955000E-3	7.719439E-2
2.960000E-3	-1.690054E-2
2.965000E-3	-1.077039E-1
2.970000E-3	5.865699E-2
2.975000E-3	2.295995E-2
2.980000E-3	-6.736362E-2
2.985000E-3	8.795601E-2
2.990000E-3	4.872751E-2
2.995000E-3	-9.192204E-2
3.000000E-3	4.917991E-2
3.005000E-3	5.717504E-2
3.010000E-3	-1.026261E-1
3.015000E-3	-6.033361E-3
3.020000E-3	6.504679E-2
3.025000E-3	-5.606186E-2
3.030000E-3	1.823169E-2
3.035000E-3	8.314413E-2
3.040000E-3	-3.757793E-2
3.045000E-3	-6.897032E-3
3.050000E-3	6.893742E-2
3.055000E-3	-4.559499E-2
3.060000E-3	-3.819346E-2
3.065000E-3	6.715250E-2
3.070000E-3	-5.942881E-3
3.075000E-3	-4.816955E-2
3.080000E-3	3.810984E-2
3.085000E-3	-1.058477E-2
3.090000E-3	-6.073666E-2
3.095000E-3	3.416574E-2
3.100000E-3	3.039986E-2
3.105000E-3	-3.684860E-2
3.110000E-3	4.730999E-3
3.115000E-3	2.674639E-2
3.120000E-3	-1.516360E-2
3.125000E-3	1.400107E-2
3.130000E-3	2.512324E-2
3.135000E-3	-3.489232E-2
3.140000E-3	-1.106733E-2
3.145000E-3	3.308272E-2
3.150000E-3	-2.709597E-2
3.155000E-3	-3.069872E-2
3.160000E-3	1.967663E-2
3.165000E-3	-8.561313E-3
3.170000E-3	-1.731867E-2
3.175000E-3	1.899391E-2
3.180000E-3	-1.389688E-2
3.185000E-3	-1.604921E-2
3.190000E-3	3.137732E-2
3.195000E-3	-2.076650E-2
3.200000E-3	-4.746902E-2
3.205000E-3	3.243428E-2
3.210000E-3	2.945530E-2
3.215000E-3	-9.982944E-3
3.220000E-3	2.019620E-2
3.225000E-3	-2.474487E-3
3.230000E-3	-1.646870E-2
3.235000E-3	3.204495E-2
3.240000E-3	-4.425287E-3
3.245000E-3	-6.437641E-2
3.250000E-3	-1.306885E-2
3.255000E-3	1.290572E-2
3.260000E-3	-1.318675E-2
3.265000E-3	4.599392E-3
3.270000E-3	1.026809E-3
3.275000E-3	-1.639742E-2
3.280000E-3	2.370161E-2
3.285000E-3	3.899956E-2
3.290000E-3	1.793146E-3
3.295000E-3	9.729326E-3
3.300000E-3	2.747983E-2
3.305000E-3	1.280701E-2
3.310000E-3	9.590864E-3
3.315000E-3	9.759486E-3
3.320000E-3	-4.825592E-3
3.325000E-3	5.469918E-4
3.330000E-3	2.693832E-3
3.335000E-3	-2.065408E-2
3.340000E-3	-2.081585E-2
3.345000E-3	-7.051945E-3
3.350000E-3	-1.231074E-2
3.355000E-3	-6.518662E-3
3.360000E-3	5.482256E-3
3.365000E-3	-1.643717E-3
3.370000E-3	-6.133437E-3
3.375000E-3	1.044494E-2
3.380000E-3	1.219833E-2
3.385000E-3	6.964207E-3
3.390000E-3	1.797807E-2
3.395000E-3	1.418614E-2
3.400000E-3	4.222393E-4
3.405000E-3	2.910435E-3
3.410000E-3	5.423307E-3
3.415000E-3	-6.914854E-3
3.420000E-3	-1.033527E-2
3.425000E-3	-8.106172E-3
3.430000E-3	-1.047099E-2
3.435000E-3	-4.948974E-4
3.440000E-3	8.635342E-3
3.445000E-3	6.004572E-4
3.450000E-3	1.229978E-2
3.455000E-3	2.534258E-2
3.460000E-3	9.773195E-3
3.465000E-3	-2.152324E-3
3.470000E-3	-6.703734E-3
3.475000E-3	-1.747221E-2
3.480000E-3	-2.148211E-2
3.485000E-3	-1.706642E-2
3.490000E-3	-1.198995E-2
3.495000E-3	-1.565027E-2
3.500000E-3	-1.590663E-2
3.505000E-3	-8.008838E-3
3.510000E-3	-1.004875E-3
3.515000E-3	2.748668E-3
3.520000E-3	7.711351E-3
3.525000E-3	1.371455E-2
3.530000E-3	1.340610E-2
3.535000E-3	8.623004E-3
3.540000E-3	9.319425E-3
3.545000E-3	1.087540E-2
3.550000E-3	7.598937E-3
3.555000E-3	4.242957E-3
3.560000E-3	1.390100E-3
3.565000E-3	-6.115615E-3
3.570000E-3	-5.098403E-3
3.575000E-3	2.924144E-3
3.580000E-3	-2.537549E-3
3.585000E-3	-5.820870E-3
3.590000E-3	1.854837E-3
3.595000E-3	2.283931E-3
3.600000E-3	8.620262E-3
3.605000E-3	1.650846E-2
3.610000E-3	1.883078E-2
3.615000E-3	2.684373E-2
3.620000E-3	3.060138E-2
3.625000E-3	1.785606E-2
3.630000E-3	6.129324E-3
3.635000E-3	7.800460E-4
3.640000E-3	-1.740092E-2
3.645000E-3	-3.302926E-2
3.650000E-3	-2.711380E-2
3.655000E-3	-2.931958E-2
3.660000E-3	-3.448516E-2
3.665000E-3	-2.374822E-2
3.670000E-3	-2.324647E-2
3.675000E-3	-2.691364E-2
3.680000E-3	-9.941816E-3
3.685000E-3	5.545318E-3
3.690000E-3	5.273879E-3
3.695000E-3	1.511973E-2
3.700000E-3	3.108668E-2
3.705000E-3	3.066581E-2
3.710000E-3	2.760458E-2
3.715000E-3	2.570176E-2
3.720000E-3	1.584220E-2
3.725000E-3	1.164037E-2
3.730000E-3	9.910285E-3
3.735000E-3	1.727343E-4
3.740000E-3	-8.163750E-3
3.745000E-3	-9.233057E-3
3.750000E-3	-9.196043E-3
3.755000E-3	-9.372890E-3
3.760000E-3	-1.041204E-2
3.765000E-3	-1.683611E-2
3.770000E-3	-2.197152E-2
3.775000E-3	-1.307023E-2
3.780000E-3	-1.416147E-3
3.785000E-3	5.729020E-3
3.790000E-3	1.851410E-2
3.795000E-3	2.658051E-2
3.800000E-3	1.752293E-2
3.805000E-3	9.179592E-3
3.810000E-3	8.755982E-3
3.815000E-3	-4.400611E-3
3.820000E-3	-1.674700E-2
3.825000E-3	-1.108652E-2
3.830000E-3	-9.563446E-3
3.835000E-3	-1.366246E-2
3.840000E-3	-9.781420E-3
3.845000E-3	-1.373923E-2
3.850000E-3	-2.105850E-2
3.855000E-3	-1.325256E-2
3.860000E-3	-1.030785E-2
3.865000E-3	-1.435065E-2
3.870000E-3	-3.797412E-4
3.875000E-3	1.545835E-2
3.880000E-3	1.441646E-2
3.885000E-3	1.870054E-2
3.890000E-3	2.720153E-2
3.895000E-3	2.161098E-2
3.900000E-3	1.619178E-2
3.905000E-3	1.971090E-2
3.910000E-3	1.294822E-2
3.915000E-3	9.308457E-4
3.920000E-3	-5.739987E-3
3.925000E-3	-1.835781E-2
3.930000E-3	-2.554137E-2
3.935000E-3	-2.104890E-2
3.940000E-3	-2.417183E-2
3.945000E-3	-2.838051E-2
3.950000E-3	-1.685941E-2
3.955000E-3	7.594824E-4
3.960000E-3	6.554306E-3
3.965000E-3	7.305562E-3
3.970000E-3	9.364665E-3
3.975000E-3	9.146690E-3
3.980000E-3	1.639330E-2
3.985000E-3	2.958417E-2
3.990000E-3	2.374959E-2
3.995000E-3	1.295781E-2
4.000000E-3	1.239437E-2
4.005000E-3	5.504191E-3
4.010000E-3	-6.241739E-3
4.015000E-3	-1.131684E-2
4.020000E-3	-1.822209E-2
4.025000E-3	-2.268028E-2
4.030000E-3	-1.161981E-2
4.035000E-3	-1.174867E-3
4.040000E-3	6.923079E-4
4.045000E-3	6.262302E-3
4.050000E-3	1.101112E-2
4.055000E-3	9.030163E-3
4.060000E-3	9.492159E-3
4.065000E-3	5.609751E-3
4.070000E-3	-6.122470E-3
4.075000E-3	-8.496881E-3
4.080000E-3	-5.083323E-3
4.085000E-3	-9.438694E-3
4.090000E-3	-8.592844E-3
4.095000E-3	-7.943034E-3
4.100000E-3	-1.767784E-2
4.105000E-3	-1.441646E-2
4.110000E-3	1.405180E-3
4.115000E-3	3.752172E-3
4.120000E-3	7.042348E-3
4.125000E-3	1.734334E-2
4.130000E-3	1.593542E-2
4.135000E-3	1.480991E-2
4.140000E-3	2.288592E-2
4.145000E-3	1.666611E-2
4.150000E-3	4.059255E-3
4.155000E-3	6.271899E-3
4.160000E-3	5.812645E-3
4.165000E-3	-7.526278E-4
4.170000E-3	-5.250573E-4
4.175000E-3	-6.208837E-3
4.180000E-3	-1.466596E-2
4.185000E-3	-1.336497E-2
4.190000E-3	-1.656330E-2
4.195000E-3	-2.502728E-2
4.200000E-3	-2.395797E-2
4.205000E-3	-1.732689E-2
4.210000E-3	-1.369125E-2
4.215000E-3	-4.880428E-3
4.220000E-3	1.635492E-3
4.225000E-3	2.004266E-3
4.230000E-3	1.192141E-2
4.235000E-3	1.820427E-2
4.240000E-3	1.047647E-2
4.245000E-3	1.138949E-2
4.250000E-3	1.501828E-2
4.255000E-3	1.036131E-2
4.260000E-3	1.008987E-2
4.265000E-3	7.784009E-3
4.270000E-3	-2.133131E-3
4.275000E-3	-5.405486E-3
4.280000E-3	-3.669918E-3
4.285000E-3	-7.763445E-3
4.290000E-3	-6.499469E-3
4.295000E-3	-1.875401E-3
4.300000E-3	-5.016148E-3
4.305000E-3	-7.247984E-3
4.310000E-3	-4.791319E-3
4.315000E-3	-2.259254E-3
4.320000E-3	3.169537E-3
4.325000E-3	7.476926E-3
4.330000E-3	7.600307E-3
4.335000E-3	1.019543E-2
4.340000E-3	1.563245E-2
4.345000E-3	1.390648E-2
4.350000E-3	8.055449E-3
4.355000E-3	6.868243E-3
4.360000E-3	3.922164E-3
4.365000E-3	1.405180E-3
4.370000E-3	2.060473E-3
4.375000E-3	-2.037168E-3
4.380000E-3	-4.359484E-3
4.385000E-3	-1.457274E-3
4.390000E-3	-2.319574E-3
4.395000E-3	-2.761006E-3
4.400000E-3	2.024829E-3
4.405000E-3	2.020717E-3
4.410000E-3	-3.701448E-4
4.415000E-3	2.678752E-3
4.420000E-3	2.688348E-3
4.425000E-3	-8.143187E-4
4.430000E-3	-1.754761E-4
4.435000E-3	-3.460169E-3
4.440000E-3	-8.768320E-3
4.445000E-3	-6.106019E-3
4.450000E-3	-5.916834E-3
4.455000E-3	-1.007891E-2
4.460000E-3	-7.334352E-3
4.465000E-3	-3.739834E-3
4.470000E-3	-5.131304E-3
4.475000E-3	-2.847373E-3
4.480000E-3	-1.268089E-3
4.485000E-3	-7.790864E-3
4.490000E-3	-8.701146E-3
4.495000E-3	-2.510130E-3
4.500000E-3	-2.275705E-3
4.505000E-3	-8.266568E-4
4.510000E-3	4.502058E-3
4.515000E-3	2.555370E-3
4.520000E-3	-2.481341E-4
4.525000E-3	4.089415E-3
4.530000E-3	6.040215E-3
4.535000E-3	5.790710E-3
4.540000E-3	1.050526E-2
4.545000E-3	1.175964E-2
4.550000E-3	7.478297E-3
4.555000E-3	2.878904E-3
4.560000E-3	-6.254077E-3
4.565000E-3	-1.379681E-2
4.570000E-3	-1.054776E-2
4.575000E-3	-6.976545E-3
4.580000E-3	-6.850421E-3
4.585000E-3	-3.567100E-3
4.590000E-3	-1.965880E-3
4.595000E-3	-3.083169E-3
4.600000E-3	1.602590E-3
4.605000E-3	5.454838E-3
4.610000E-3	4.998326E-3
4.615000E-3	9.106934E-3
4.620000E-3	1.188713E-2
4.625000E-3	6.563902E-3
4.630000E-3	3.578067E-3
4.635000E-3	1.564205E-3
4.640000E-3	-5.390406E-3
4.645000E-3	-8.255601E-3
4.650000E-3	-4.556894E-3
4.655000E-3	-1.889110E-3
4.660000E-3	2.024829E-3
4.665000E-3	4.725516E-3
4.670000E-3	4.673421E-3
4.675000E-3	5.282104E-3
4.680000E-3	6.491244E-3
4.685000E-3	3.593147E-3
4.690000E-3	1.964509E-3
4.695000E-3	4.082561E-3
4.700000E-3	4.122317E-3
4.705000E-3	-1.412034E-4
4.710000E-3	-7.320642E-4
4.715000E-3	8.015692E-3
4.720000E-3	-8.148670E-3
4.725000E-3	-1.205301E-2
4.730000E-3	-9.980202E-3
4.735000E-3	-4.091471E-2
4.740000E-3	-6.752127E-2
4.745000E-3	-6.437916E-2
4.750000E-3	-9.417719E-2
4.755000E-3	-4.839438E-2
4.760000E-3	1.033897E-1
4.765000E-3	1.678429E-1
4.770000E-3	9.421009E-2
4.775000E-3	3.718996E-2
4.780000E-3	2.324921E-2
4.785000E-3	-7.686675E-3
4.790000E-3	2.729475E-3
4.795000E-3	4.166460E-2
4.800000E-3	3.097564E-2
4.805000E-3	1.709932E-2
4.810000E-3	1.665378E-2
4.815000E-3	-1.962864E-2
4.820000E-3	-4.389232E-2
4.825000E-3	-3.959179E-2
4.830000E-3	-4.945135E-2
4.835000E-3	-4.153848E-2
4.840000E-3	-1.630968E-2
4.845000E-3	-1.447952E-2
4.850000E-3	-2.104068E-2
4.855000E-3	-1.315385E-2
4.860000E-3	-1.261646E-2
4.865000E-3	-1.054639E-2
4.870000E-3	4.189491E-3
4.875000E-3	1.067114E-2
4.880000E-3	1.511973E-2
4.885000E-3	3.172415E-2
4.890000E-3	2.873695E-2
4.895000E-3	7.009447E-3
4.900000E-3	-3.409445E-3
4.905000E-3	-2.180564E-2
4.910000E-3	-3.148425E-2
4.915000E-3	-7.589340E-3
4.920000E-3	1.649201E-3
4.925000E-3	-8.613408E-3
4.930000E-3	-2.274334E-3
4.935000E-3	4.763901E-3
4.940000E-3	-3.390253E-3
4.945000E-3	-1.631379E-4
4.950000E-3	1.535964E-2
4.955000E-3	1.364601E-2
4.960000E-3	1.115370E-2
4.965000E-3	1.963139E-2
4.970000E-3	1.163626E-2
4.975000E-3	-2.244174E-3
4.980000E-3	-9.648442E-3
4.985000E-3	-1.490998E-2
4.990000E-3	-1.134425E-2
4.995000E-3	1.350343E-3
5.000000E-3	8.422852E-3
5.005000E-3	6.951869E-3
5.010000E-3	9.335876E-4
5.015000E-3	-1.392567E-2
5.020000E-3	-2.216619E-2
5.025000E-3	-7.378221E-3
5.030000E-3	7.057428E-3
5.035000E-3	8.117139E-3
5.040000E-3	1.202971E-2
5.045000E-3	1.428485E-2
5.050000E-3	9.984314E-3
5.055000E-3	5.849659E-3
5.060000E-3	2.592385E-3
5.065000E-3	-6.498098E-3
5.070000E-3	-6.776392E-3
5.075000E-3	2.016604E-3
5.080000E-3	2.643108E-3
5.085000E-3	9.390712E-4
5.090000E-3	5.911350E-3
5.095000E-3	8.331001E-3
5.100000E-3	4.950345E-3
5.105000E-3	9.829402E-4
5.110000E-3	-5.661845E-4
5.115000E-3	6.374717E-4
5.120000E-3	1.993299E-3
5.125000E-3	7.334352E-4
5.130000E-3	-1.715004E-3
5.135000E-3	-2.966642E-3
5.140000E-3	-1.030922E-2
5.145000E-3	-1.319361E-2
5.150000E-3	-2.266109E-3
5.155000E-3	5.162835E-3
5.160000E-3	2.207160E-4
5.165000E-3	-3.025591E-3
5.170000E-3	-3.528714E-3
5.175000E-3	-8.089721E-3
5.180000E-3	-8.734047E-3
5.185000E-3	-3.920794E-3
5.190000E-3	3.879666E-4
5.195000E-3	6.439149E-3
5.200000E-3	8.529782E-3
5.205000E-3	4.972279E-3
5.210000E-3	4.563749E-3
5.215000E-3	7.901907E-3
5.220000E-3	6.356895E-3
5.225000E-3	-1.790404E-3
5.230000E-3	-4.477382E-3
5.235000E-3	1.576543E-3
5.240000E-3	5.286217E-3
5.245000E-3	-2.293527E-3
5.250000E-3	-3.409445E-3
5.255000E-3	-7.149279E-3
5.260000E-3	-1.910084E-2
5.265000E-3	-2.004540E-2
5.270000E-3	-1.028180E-2
5.275000E-3	8.782029E-3
5.280000E-3	5.131304E-3
5.285000E-3	2.362072E-3
5.290000E-3	1.378310E-2
5.295000E-3	-7.718205E-4
5.300000E-3	-2.610207E-3
5.305000E-3	1.193374E-2
5.310000E-3	1.232171E-2
5.315000E-3	5.380809E-3
5.320000E-3	1.499224E-2
5.325000E-3	1.068485E-2
5.330000E-3	1.878142E-4
5.335000E-3	8.033514E-3
5.340000E-3	1.211196E-2
5.345000E-3	-1.083153E-2
5.350000E-3	-6.251335E-3
5.355000E-3	2.685606E-3
5.360000E-3	-1.202011E-2
5.365000E-3	-9.054840E-3
5.370000E-3	-2.263367E-3
5.375000E-3	-1.498812E-2
5.380000E-3	-8.614779E-3
5.385000E-3	-2.138615E-4
5.390000E-3	-1.059574E-2
5.395000E-3	-7.653773E-3
5.400000E-3	8.869767E-4
5.405000E-3	-1.168150E-2
5.410000E-3	-1.310313E-2
5.415000E-3	-2.518356E-3
5.420000E-3	-2.606094E-3
5.425000E-3	8.134961E-3
5.430000E-3	1.903778E-2
5.435000E-3	8.931458E-3
5.440000E-3	9.318054E-3
5.445000E-3	2.035111E-2
5.450000E-3	4.902363E-3
5.455000E-3	-9.688199E-3
5.460000E-3	-6.662607E-4
5.465000E-3	-7.416606E-4
5.470000E-3	-3.037930E-3
5.475000E-3	1.019406E-2
5.480000E-3	7.128716E-3
5.485000E-3	-5.113482E-4
5.490000E-3	8.219957E-3
5.495000E-3	8.924603E-3
5.500000E-3	2.205789E-3
5.505000E-3	4.780352E-3
5.510000E-3	2.026200E-3
5.515000E-3	-3.632903E-3
5.520000E-3	1.211882E-3
5.525000E-3	8.102059E-4
5.530000E-3	-4.916072E-3
5.535000E-3	1.539528E-3
5.540000E-3	2.686977E-3
5.545000E-3	-6.547451E-3
5.550000E-3	-5.804420E-3
5.555000E-3	-4.292309E-3
5.560000E-3	-1.005423E-2
5.565000E-3	-8.934200E-3
5.570000E-3	-6.267786E-3
5.575000E-3	-8.702517E-3
5.580000E-3	-4.565120E-3
5.585000E-3	2.130389E-3
5.590000E-3	-2.467632E-5
5.595000E-3	1.669765E-3
5.600000E-3	6.195128E-3
5.605000E-3	3.553391E-3
5.610000E-3	4.640520E-3
5.615000E-3	8.266568E-3
5.620000E-3	5.474031E-3
5.625000E-3	5.734503E-3
5.630000E-3	8.051336E-3
5.635000E-3	7.923841E-4
5.640000E-3	-3.731608E-3
5.645000E-3	-5.195737E-4
5.650000E-3	-3.782332E-3
5.655000E-3	-5.587816E-3
5.660000E-3	1.195431E-3
5.665000E-3	3.401220E-3
5.670000E-3	3.083169E-3
5.675000E-3	4.322469E-3
5.680000E-3	-1.041889E-3
5.685000E-3	-6.957352E-3
5.690000E-3	-5.796194E-3
5.695000E-3	-6.636560E-3
5.700000E-3	-6.084085E-3
5.705000E-3	1.088500E-3
5.710000E-3	3.672659E-3
5.715000E-3	2.192080E-3
5.720000E-3	6.979287E-3
5.725000E-3	1.138675E-2
5.730000E-3	9.333134E-3
5.735000E-3	1.003778E-2
5.740000E-3	9.034276E-3
5.745000E-3	1.571059E-3
5.750000E-3	9.459257E-5
5.755000E-3	-5.140901E-4
5.760000E-3	-6.532371E-3
5.765000E-3	-8.558571E-3
5.770000E-3	-7.944405E-3
5.775000E-3	-1.072872E-2
5.780000E-3	-9.034276E-3
5.785000E-3	-3.153086E-3
5.790000E-3	-2.980351E-3
5.795000E-3	-4.404724E-3
5.800000E-3	-1.883626E-3
5.805000E-3	-2.405941E-3
5.810000E-3	-3.401220E-3
5.815000E-3	8.115768E-4
5.820000E-3	3.598630E-3
5.825000E-3	6.424069E-3
5.830000E-3	1.374060E-2
5.835000E-3	1.678538E-2
5.840000E-3	1.419437E-2
5.845000E-3	1.205164E-2
5.850000E-3	6.968319E-3
5.855000E-3	-1.557350E-3
5.860000E-3	-4.685760E-3
5.865000E-3	-5.564511E-3
5.870000E-3	-8.732677E-3
5.875000E-3	-9.457886E-3
5.880000E-3	-8.411884E-3
5.885000E-3	-9.366035E-3
5.890000E-3	-6.757200E-3
5.895000E-3	-8.403659E-4
5.900000E-3	2.686977E-4
5.905000E-3	4.386902E-4
5.910000E-3	3.303885E-3
5.915000E-3	3.051639E-3
5.920000E-3	4.551411E-4
5.925000E-3	-6.086826E-4
5.930000E-3	-2.532065E-3
5.935000E-3	-4.000306E-3
5.940000E-3	-2.240062E-3
5.945000E-3	-1.614928E-3
5.950000E-3	-2.374411E-3
5.955000E-3	-1.220107E-3
5.960000E-3	-1.002133E-3
5.965000E-3	-8.088350E-4
5.970000E-3	8.485913E-4
5.975000E-3	-4.345775E-4
5.980000E-3	-4.282713E-3
5.985000E-3	-4.770756E-3
5.990000E-3	-2.981722E-3
5.995000E-3	-9.486675E-4
6.000000E-3	3.562987E-3
6.005000E-3	8.447528E-3
6.010000E-3	9.329021E-3
6.015000E-3	8.629858E-3
6.020000E-3	7.982790E-3
6.025000E-3	5.438387E-3
6.030000E-3	3.202438E-3
6.035000E-3	1.867175E-3
6.040000E-3	1.321554E-3
6.045000E-3	2.929628E-3
6.050000E-3	5.001068E-3
6.055000E-3	3.231227E-3
6.060000E-3	4.674792E-4
6.065000E-3	-4.990101E-4
6.070000E-3	-2.806246E-3
6.075000E-3	-6.129324E-3
6.080000E-3	-6.613255E-3
6.085000E-3	-5.851030E-3
6.090000E-3	-4.931152E-3
6.095000E-3	-3.609598E-3
6.100000E-3	-2.370298E-3
6.105000E-3	-8.047223E-4
6.110000E-3	1.128256E-3
6.115000E-3	3.146231E-3
6.120000E-3	5.158722E-3
6.125000E-3	5.812645E-3
6.130000E-3	3.926277E-3
6.135000E-3	7.306933E-4
6.140000E-3	-1.858950E-3
6.145000E-3	-3.841281E-3
6.150000E-3	-5.169690E-3
6.155000E-3	-5.312264E-3
6.160000E-3	-4.037321E-3
6.165000E-3	-9.061694E-4
6.170000E-3	2.108455E-3
6.175000E-3	3.255904E-3
6.180000E-3	2.581418E-3
6.185000E-3	1.074791E-3
6.190000E-3	1.518965E-3
6.195000E-3	4.358113E-3
6.200000E-3	7.227421E-3
6.205000E-3	7.342577E-3
6.210000E-3	5.265653E-3
6.215000E-3	2.638996E-3
6.220000E-3	-1.328409E-3
6.225000E-3	-5.846918E-3
6.230000E-3	-8.750498E-3
6.235000E-3	-1.104403E-2
6.240000E-3	-1.233679E-2
6.245000E-3	-1.032841E-2
6.250000E-3	-6.295204E-3
6.255000E-3	-2.711654E-3
6.260000E-3	7.608533E-4
6.265000E-3	3.513634E-3
6.270000E-3	4.027724E-3
6.275000E-3	2.566338E-3
6.280000E-3	-2.810359E-4
6.285000E-3	-3.286064E-3
6.290000E-3	-3.273726E-3
6.295000E-3	-1.242042E-3
6.300000E-3	6.936789E-4
6.305000E-3	1.919270E-3
6.310000E-3	2.667785E-3
6.315000E-3	3.967404E-3
6.320000E-3	6.096423E-3
6.325000E-3	8.028030E-3
6.330000E-3	8.838236E-3
6.335000E-3	8.468091E-3
6.340000E-3	8.701146E-3
6.345000E-3	9.523690E-3
6.350000E-3	9.781420E-3
6.355000E-3	9.041131E-3
6.360000E-3	7.760704E-3
6.365000E-3	5.601525E-3
6.370000E-3	4.194975E-3
6.375000E-3	3.971517E-3
6.380000E-3	2.726734E-3
6.385000E-3	8.595586E-4
6.390000E-3	-3.180504E-4
6.395000E-3	-1.934350E-3
6.400000E-3	-4.663825E-3
6.405000E-3	-7.323384E-3
6.410000E-3	-1.020777E-2
6.415000E-3	-1.251364E-2
6.420000E-3	-1.182407E-2
6.425000E-3	-9.470224E-3
6.430000E-3	-7.198632E-3
6.435000E-3	-3.510892E-3
6.440000E-3	9.993911E-4
6.445000E-3	4.341662E-3
6.450000E-3	5.708456E-3
6.455000E-3	5.757809E-3
6.460000E-3	5.086064E-3
6.465000E-3	4.732370E-3
6.470000E-3	4.595280E-3
6.475000E-3	2.925515E-3
6.480000E-3	4.208684E-4
6.485000E-3	-1.061082E-3
6.490000E-3	-1.602590E-3
6.495000E-3	-9.171367E-4
6.500000E-3	8.143187E-4
6.505000E-3	2.008379E-3
6.510000E-3	2.373040E-3
6.515000E-3	2.048135E-3
6.520000E-3	9.034276E-4
6.525000E-3	6.854534E-6
6.530000E-3	4.400611E-4
6.535000E-3	1.115918E-3
6.540000E-3	1.254380E-3
6.545000E-3	7.731915E-4
6.550000E-3	1.919270E-5
6.555000E-3	-5.442500E-4
6.560000E-3	-1.140594E-3
6.565000E-3	-2.776086E-3
6.570000E-3	-4.621327E-3
6.575000E-3	-4.921556E-3
6.580000E-3	-4.499316E-3
6.585000E-3	-4.592538E-3
6.590000E-3	-4.286826E-3
6.595000E-3	-3.807008E-3
6.600000E-3	-3.539681E-3
6.605000E-3	-2.122164E-3
6.610000E-3	2.070069E-4
6.615000E-3	1.911044E-3
6.620000E-3	3.767252E-3
6.625000E-3	5.288959E-3
6.630000E-3	5.889416E-3
6.635000E-3	5.923688E-3
6.640000E-3	5.352020E-3
6.645000E-3	3.509521E-3
6.650000E-3	1.277685E-3
6.655000E-3	-7.677078E-4
6.660000E-3	-2.755523E-3
6.665000E-3	-4.211426E-3
6.670000E-3	-4.752934E-3
6.675000E-3	-4.451334E-3
6.680000E-3	-2.800763E-3
6.685000E-3	-7.512569E-4
6.690000E-3	-3.619194E-4
6.695000E-3	-1.392841E-3
6.700000E-3	-3.024220E-3
6.705000E-3	-3.601372E-3
6.710000E-3	-2.891243E-3
6.715000E-3	-2.164662E-3
6.720000E-3	-1.370907E-3
6.725000E-3	-6.580353E-4
6.730000E-3	-4.290938E-4
6.735000E-3	1.398325E-4
6.740000E-3	1.949430E-3
6.745000E-3	4.681647E-3
6.750000E-3	6.916225E-3
6.755000E-3	8.413255E-3
6.760000E-3	9.010971E-3
6.765000E-3	7.368624E-3
6.770000E-3	4.015386E-3
6.775000E-3	3.824830E-4
6.780000E-3	-2.362072E-3
6.785000E-3	-3.398478E-3
6.790000E-3	-3.035188E-3
6.795000E-3	-2.763748E-3
6.800000E-3	-2.453923E-3
6.805000E-3	-1.920640E-3
6.810000E-3	-1.547754E-3
6.815000E-3	-1.037776E-3
6.820000E-3	-1.065195E-3
6.825000E-3	-1.676619E-3
6.830000E-3	-1.915157E-3
6.835000E-3	-2.054989E-3
6.840000E-3	-3.080428E-3
6.845000E-3	-3.996193E-3
6.850000E-3	-4.491091E-3
6.855000E-3	-5.221784E-3
6.860000E-3	-4.991472E-3
6.865000E-3	-3.210664E-3
6.870000E-3	-9.445548E-4
6.875000E-3	7.073879E-4
6.880000E-3	2.644479E-3
6.885000E-3	4.116833E-3
6.890000E-3	4.962683E-3
6.895000E-3	5.576849E-3
6.900000E-3	5.542576E-3
6.905000E-3	4.635036E-3
6.910000E-3	3.632903E-3
6.915000E-3	2.492309E-3
6.920000E-3	1.628637E-3
6.925000E-3	1.624525E-3
6.930000E-3	1.695812E-3
6.935000E-3	1.518965E-3
6.940000E-3	9.555221E-4
6.945000E-3	-4.702210E-4
6.950000E-3	-3.025591E-3
6.955000E-3	-5.568624E-3
6.960000E-3	-7.501602E-3
6.965000E-3	-8.100688E-3
6.970000E-3	-7.479668E-3
6.975000E-3	-5.796194E-3
6.980000E-3	-3.826201E-3
6.985000E-3	-2.081037E-3
6.990000E-3	-1.513481E-3
6.995000E-3	-1.070678E-3
7.000000E-3	6.854534E-5
7.005000E-3	2.248287E-3
7.010000E-3	4.876316E-3
7.015000E-3	7.433057E-3
7.020000E-3	9.108305E-3
7.025000E-3	9.688199E-3
7.030000E-3	9.348214E-3
7.035000E-3	8.709371E-3
7.040000E-3	7.756591E-3
7.045000E-3	7.084846E-3
7.050000E-3	6.578982E-3
7.055000E-3	5.242348E-3
7.060000E-3	3.085911E-3
7.065000E-3	4.277229E-4
7.070000E-3	-2.763748E-3
7.075000E-3	-6.077230E-3
7.080000E-3	-8.725822E-3
7.085000E-3	-9.601831E-3
7.090000E-3	-8.928716E-3
7.095000E-3	-7.907391E-3
7.100000E-3	-6.369233E-3
7.105000E-3	-4.188120E-3
7.110000E-3	-2.484083E-3
7.115000E-3	-2.224982E-3
7.120000E-3	-3.473878E-3
7.125000E-3	-5.046308E-3
7.130000E-3	-5.626202E-3
7.135000E-3	-4.300535E-3
7.140000E-3	-1.734197E-3
7.145000E-3	1.311958E-3
7.150000E-3	4.037321E-3
7.155000E-3	5.768776E-3
7.160000E-3	6.174564E-3
7.165000E-3	5.537093E-3
7.170000E-3	4.301906E-3
7.175000E-3	3.554761E-3
7.180000E-3	3.366947E-3
7.185000E-3	3.520489E-3
7.190000E-3	3.387511E-3
7.195000E-3	3.247678E-3
7.200000E-3	3.257275E-3
7.205000E-3	3.129780E-3
7.210000E-3	3.205180E-3
7.215000E-3	3.432751E-3
7.220000E-3	3.438234E-3
7.225000E-3	3.789186E-3
7.230000E-3	3.627419E-3
7.235000E-3	2.702057E-3
7.240000E-3	1.778066E-3
7.245000E-3	3.920794E-4
7.250000E-3	-9.843111E-4
7.255000E-3	-1.827419E-3
7.260000E-3	-1.632750E-3
7.265000E-3	-1.322925E-3
7.270000E-3	-1.246154E-3
7.275000E-3	-9.993911E-4
7.280000E-3	-1.353085E-3
7.285000E-3	-1.902819E-3
7.290000E-3	-1.466870E-3
7.295000E-3	-4.153848E-4
7.300000E-3	7.430315E-4
7.305000E-3	2.120793E-3
7.310000E-3	2.452552E-3
7.315000E-3	1.586139E-3
7.320000E-3	5.812645E-4
7.325000E-3	-1.220107E-4
7.330000E-3	-3.180504E-4
7.335000E-3	3.290176E-5
7.340000E-3	3.399849E-4
7.345000E-3	5.757809E-5
7.350000E-3	-4.523993E-4
7.355000E-3	-1.490176E-3
7.360000E-3	-2.564967E-3
7.365000E-3	-3.242195E-3
7.370000E-3	-3.251791E-3
7.375000E-3	-3.026962E-3
7.380000E-3	-2.806246E-3
7.385000E-3	-2.828181E-3
7.390000E-3	-2.910435E-3
7.395000E-3	-3.354609E-3
7.400000E-3	-3.468394E-3
7.405000E-3	-3.015995E-3
7.410000E-3	-2.266109E-3
7.415000E-3	-1.702666E-3
7.420000E-3	-9.843111E-4
7.425000E-3	-2.056360E-5
7.430000E-3	9.445548E-4
7.435000E-3	1.869917E-3
7.440000E-3	2.544403E-3
7.445000E-3	2.689719E-3
7.450000E-3	1.916528E-3
7.455000E-3	9.281039E-4
7.460000E-3	-5.127192E-4
7.465000E-3	-1.948059E-3
7.470000E-3	-2.810359E-3
7.475000E-3	-2.281189E-3
7.480000E-3	-6.827116E-4
7.485000E-3	1.812339E-3
7.490000E-3	3.907084E-3
7.495000E-3	4.791319E-3
7.500000E-3	4.326582E-3
7.505000E-3	3.159940E-3
7.510000E-3	1.728714E-3
7.515000E-3	6.909370E-4
7.520000E-3	1.549125E-4
7.525000E-3	2.591014E-4
7.530000E-3	5.236864E-4
7.535000E-3	7.882714E-4
7.540000E-3	9.555221E-4
7.545000E-3	7.951260E-4
7.550000E-3	-8.499622E-5
7.555000E-3	-1.069307E-3
7.560000E-3	-1.741052E-3
7.565000E-3	-1.761615E-3
7.570000E-3	-8.732677E-4
7.575000E-3	3.317595E-4
7.580000E-3	1.701295E-3
7.585000E-3	2.970755E-3
7.590000E-3	3.819346E-3
7.595000E-3	4.105866E-3
7.600000E-3	3.686368E-3
7.605000E-3	2.404571E-3
7.610000E-3	1.754761E-4
7.615000E-3	-2.765119E-3
7.620000E-3	-5.315006E-3
7.625000E-3	-7.239759E-3
7.630000E-3	-7.677078E-3
7.635000E-3	-7.136941E-3
7.640000E-3	-6.210208E-3
7.645000E-3	-4.946232E-3
7.650000E-3	-3.538311E-3
7.655000E-3	-2.780199E-3
7.660000E-3	-2.134502E-3
7.665000E-3	-1.738310E-3
7.670000E-3	-1.413405E-3
7.675000E-3	-1.109064E-3
7.680000E-3	-5.113482E-4
7.685000E-3	1.727343E-4
7.690000E-3	1.159787E-3
7.695000E-3	2.558112E-3
7.700000E-3	3.929019E-3
7.705000E-3	4.672050E-3
7.710000E-3	4.788578E-3
7.715000E-3	4.269004E-3
7.720000E-3	3.339529E-3
7.725000E-3	2.858341E-3
7.730000E-3	2.723992E-3
7.735000E-3	2.898097E-3
7.740000E-3	3.083169E-3
7.745000E-3	3.861845E-3
7.750000E-3	4.400611E-3
7.755000E-3	4.781723E-3
7.760000E-3	4.839301E-3
7.765000E-3	4.238844E-3
7.770000E-3	2.833664E-3
7.775000E-3	1.166642E-3
7.780000E-3	-5.072355E-4
7.785000E-3	-1.237929E-3
7.790000E-3	-1.024067E-3
7.795000E-3	-7.608533E-4
7.800000E-3	-4.469156E-4
7.805000E-3	-9.719729E-4
7.810000E-3	-1.948059E-3
7.815000E-3	-2.514243E-3
7.820000E-3	-2.574563E-3
7.825000E-3	-1.924753E-3
7.830000E-3	-8.472204E-4
7.835000E-3	4.249811E-4
7.840000E-3	1.460016E-3
7.845000E-3	1.654685E-3
7.850000E-3	1.442194E-3
7.855000E-3	9.472966E-4
7.860000E-3	5.072355E-5
7.865000E-3	-7.814169E-4
7.870000E-3	-1.276314E-3
7.875000E-3	-1.660168E-3
7.880000E-3	-1.553237E-3
7.885000E-3	-1.449049E-3
7.890000E-3	-1.092613E-3
7.895000E-3	-3.674030E-4
7.900000E-3	2.549887E-4
7.905000E-3	1.088500E-3
7.910000E-3	2.628028E-3
7.915000E-3	4.168928E-3
7.920000E-3	5.727649E-3
7.925000E-3	6.570756E-3
7.930000E-3	6.296575E-3
7.935000E-3	5.453467E-3
7.940000E-3	4.011273E-3
7.945000E-3	2.144098E-3
7.950000E-3	-2.878904E-5
7.955000E-3	-2.098858E-3
7.960000E-3	-3.693223E-3
7.965000E-3	-5.493224E-3
7.970000E-3	-7.131457E-3
7.975000E-3	-8.082867E-3
7.980000E-3	-8.457124E-3
7.985000E-3	-7.833362E-3
7.990000E-3	-6.270528E-3
7.995000E-3	-4.238844E-3
8.000000E-3	-1.783550E-3
8.005000E-3	4.359484E-4
8.010000E-3	2.300382E-3
8.015000E-3	4.104495E-3
8.020000E-3	5.571365E-3
8.025000E-3	6.640673E-3
8.030000E-3	7.116377E-3
8.035000E-3	7.297337E-3
8.040000E-3	7.077992E-3
8.045000E-3	6.284237E-3
8.050000E-3	5.361617E-3
8.055000E-3	4.382789E-3
8.060000E-3	3.077686E-3
8.065000E-3	1.871288E-3
8.070000E-3	1.072049E-3
8.075000E-3	7.073879E-4
8.080000E-3	6.004572E-4
8.085000E-3	1.427114E-3
8.090000E-3	2.778828E-3
8.095000E-3	3.872812E-3
8.100000E-3	4.636407E-3
8.105000E-3	4.608989E-3
8.110000E-3	3.676772E-3
8.115000E-3	1.769841E-3
8.120000E-3	-7.677078E-4
8.125000E-3	-3.626049E-3
8.130000E-3	-6.455600E-3
8.135000E-3	-8.936942E-3
8.140000E-3	-1.025575E-2
8.145000E-3	-1.052994E-2
8.150000E-3	-9.605944E-3
8.155000E-3	-7.879972E-3
8.160000E-3	-5.467176E-3
8.165000E-3	-3.369689E-3
8.170000E-3	-1.290023E-3
8.175000E-3	7.690787E-4
8.180000E-3	2.530694E-3
8.185000E-3	3.665805E-3
8.190000E-3	4.184008E-3
8.195000E-3	4.632294E-3
8.200000E-3	4.842043E-3
8.205000E-3	4.384160E-3
8.210000E-3	3.495812E-3
8.215000E-3	2.381265E-3
8.220000E-3	1.200914E-3
8.225000E-3	4.798174E-4
8.230000E-3	-1.247525E-4
8.235000E-3	-7.827878E-4
8.240000E-3	-9.706020E-4
8.245000E-3	-8.376241E-4
8.250000E-3	-8.047223E-4
8.255000E-3	-5.949736E-4
8.260000E-3	-1.919270E-4
8.265000E-3	4.866719E-4
8.270000E-3	9.623766E-4
8.275000E-3	1.477838E-3
8.280000E-3	1.380503E-3
8.285000E-3	7.471442E-4
8.290000E-3	-3.015995E-4
8.295000E-3	-1.327038E-3
8.300000E-3	-2.124906E-3
8.305000E-3	-2.989948E-3
8.310000E-3	-3.571212E-3
8.315000E-3	-3.628790E-3
8.320000E-3	-2.944708E-3
8.325000E-3	-2.070069E-3
8.330000E-3	-1.353085E-3
8.335000E-3	-2.645850E-4
8.340000E-3	9.664893E-4
8.345000E-3	2.076924E-3
8.350000E-3	2.978981E-3
8.355000E-3	3.450572E-3
8.360000E-3	3.898859E-3
8.365000E-3	3.626049E-3
8.370000E-3	3.120184E-3
8.375000E-3	2.042651E-3
8.380000E-3	1.218736E-3
8.385000E-3	4.181266E-4
8.390000E-3	-5.373955E-4
8.395000E-3	-1.443565E-3
8.400000E-3	-2.259254E-3
8.405000E-3	-2.948821E-3
8.410000E-3	-2.992690E-3
8.415000E-3	-2.580047E-3
8.420000E-3	-2.390862E-3
8.425000E-3	-2.325058E-3
8.430000E-3	-2.105713E-3
8.435000E-3	-1.697183E-3
8.440000E-3	-8.979440E-4
8.445000E-3	5.620718E-5
8.450000E-3	8.650422E-4
8.455000E-3	1.614928E-3
8.460000E-3	2.135873E-3
8.465000E-3	2.699316E-3
8.470000E-3	2.807617E-3
8.475000E-3	2.588272E-3
8.480000E-3	2.065957E-3
8.485000E-3	1.095355E-3
8.490000E-3	1.932979E-4
8.495000E-3	-3.290176E-4
8.500000E-3	-1.051486E-3
8.505000E-3	-1.514852E-3
8.510000E-3	-1.642346E-3
8.515000E-3	-1.631379E-3
8.520000E-3	-1.362681E-3
8.525000E-3	-5.182028E-4
8.530000E-3	5.209446E-4
8.535000E-3	1.322925E-3
8.540000E-3	2.215385E-3
8.545000E-3	3.050268E-3
8.550000E-3	3.750801E-3
8.555000E-3	4.019499E-3
8.560000E-3	4.016757E-3
8.565000E-3	3.701448E-3
8.570000E-3	3.150344E-3
8.575000E-3	2.411425E-3
8.580000E-3	1.621783E-3
8.585000E-3	1.066566E-3
8.590000E-3	1.214623E-3
8.595000E-3	1.719117E-3
8.600000E-3	2.318203E-3
8.605000E-3	2.146840E-3
8.610000E-3	1.205027E-3
8.615000E-3	1.370907E-5
8.620000E-3	-1.601219E-3
8.625000E-3	-3.217518E-3
8.630000E-3	-4.500687E-3
8.635000E-3	-5.232751E-3
8.640000E-3	-5.265653E-3
8.645000E-3	-4.968166E-3
8.650000E-3	-4.149735E-3
8.655000E-3	-3.266871E-3
8.660000E-3	-2.739072E-3
8.665000E-3	-2.260625E-3
8.670000E-3	-2.130389E-3
8.675000E-3	-2.004266E-3
8.680000E-3	-1.721859E-3
8.685000E-3	-1.561463E-3
8.690000E-3	-9.281039E-4
8.695000E-3	-3.262758E-4
8.700000E-3	4.948974E-4
8.705000E-3	1.383245E-3
8.710000E-3	2.118051E-3
8.715000E-3	2.610207E-3
8.720000E-3	2.944708E-3
8.725000E-3	3.383398E-3
8.730000E-3	3.894746E-3
8.735000E-3	4.037321E-3
8.740000E-3	4.096270E-3
8.745000E-3	3.929019E-3
8.750000E-3	3.382027E-3
8.755000E-3	2.414167E-3
8.760000E-3	1.443565E-3
8.765000E-3	4.729629E-4
8.770000E-3	-7.841587E-4
8.775000E-3	-1.274943E-3
8.780000E-3	-1.694441E-3
8.785000E-3	-1.572430E-3
8.790000E-3	-1.277685E-3
8.795000E-3	-9.637475E-4
8.800000E-3	-5.099773E-4
8.805000E-3	-1.151562E-4
8.810000E-3	-3.564358E-4
8.815000E-3	-6.114244E-4
8.820000E-3	-8.718967E-4
8.825000E-3	-1.353085E-3
8.830000E-3	-1.897335E-3
8.835000E-3	-2.076924E-3
8.840000E-3	-2.104342E-3
8.845000E-3	-1.708150E-3
8.850000E-3	-1.015842E-3
8.855000E-3	-2.878904E-5
8.860000E-3	6.895661E-4
8.865000E-3	1.222849E-3
8.870000E-3	1.761615E-3
8.875000E-3	1.804113E-3
8.880000E-3	1.753390E-3
8.885000E-3	1.905560E-3
8.890000E-3	2.148211E-3
8.895000E-3	2.569079E-3
8.900000E-3	3.054380E-3
8.905000E-3	2.917290E-3
8.910000E-3	2.850115E-3
8.915000E-3	2.780199E-3
8.920000E-3	2.153695E-3
8.925000E-3	1.261234E-3
8.930000E-3	4.469156E-4
8.935000E-3	-5.360246E-4
8.940000E-3	-1.143336E-3
8.945000E-3	-1.494288E-3
8.950000E-3	-1.484692E-3
8.955000E-3	-1.403809E-3
8.960000E-3	-1.423001E-3
8.965000E-3	-1.801372E-3
8.970000E-3	-2.203047E-3
8.975000E-3	-2.525210E-3
8.980000E-3	-2.368927E-3
8.985000E-3	-2.001524E-3
8.990000E-3	-1.764357E-3
8.995000E-3	-1.221478E-3
9.000000E-3	-7.087588E-4
9.005000E-3	9.322166E-5
9.010000E-3	8.801222E-4
9.015000E-3	1.804113E-3
9.020000E-3	2.585530E-3
9.025000E-3	3.077686E-3
9.030000E-3	3.153086E-3
9.035000E-3	2.670527E-3
9.040000E-3	1.715004E-3
9.045000E-3	6.196499E-4
9.050000E-3	-6.690025E-4
9.055000E-3	-1.676619E-3
9.060000E-3	-2.474487E-3
9.065000E-3	-3.290176E-3
9.070000E-3	-3.746688E-3
9.075000E-3	-3.864586E-3
9.080000E-3	-3.985226E-3
9.085000E-3	-3.800154E-3
9.090000E-3	-2.998173E-3
9.095000E-3	-1.959026E-3
9.100000E-3	-6.100535E-4
9.105000E-3	6.703734E-4
9.110000E-3	1.564205E-3
9.115000E-3	2.120793E-3
9.120000E-3	2.645850E-3
9.125000E-3	2.723992E-3
9.130000E-3	2.408683E-3
9.135000E-3	1.887739E-3
9.140000E-3	1.424372E-3
9.145000E-3	8.691549E-4
9.150000E-3	2.659559E-4
9.155000E-3	-4.825592E-4
9.160000E-3	-7.635951E-4
9.165000E-3	-1.155674E-3
9.170000E-3	-1.491547E-3
9.175000E-3	-1.671135E-3
9.180000E-3	-1.800001E-3
9.185000E-3	-1.675248E-3
9.190000E-3	-1.359940E-3
9.195000E-3	-6.854534E-4
9.200000E-3	4.112720E-5
9.205000E-3	8.403659E-4
9.210000E-3	1.573801E-3
9.215000E-3	1.964509E-3
9.220000E-3	2.115309E-3
9.225000E-3	2.215385E-3
9.230000E-3	2.129018E-3
9.235000E-3	2.134502E-3
9.240000E-3	2.370298E-3
9.245000E-3	2.633512E-3
9.250000E-3	3.090024E-3
9.255000E-3	3.632903E-3
9.260000E-3	4.171669E-3
9.265000E-3	4.578829E-3
9.270000E-3	4.537702E-3
9.275000E-3	4.215539E-3
9.280000E-3	3.346384E-3
9.285000E-3	2.283931E-3
9.290000E-3	1.084387E-3
9.295000E-3	-1.028180E-4
9.300000E-3	-1.279056E-3
9.305000E-3	-2.366185E-3
9.310000E-3	-3.295660E-3
9.315000E-3	-4.101753E-3
9.320000E-3	-4.887283E-3
9.325000E-3	-5.079210E-3
9.330000E-3	-5.299926E-3
9.335000E-3	-5.160093E-3
9.340000E-3	-4.340291E-3
9.345000E-3	-3.183246E-3
9.350000E-3	-1.968622E-3
9.355000E-3	-6.278753E-4
9.360000E-3	7.567406E-4
9.365000E-3	2.097487E-3
9.370000E-3	3.283322E-3
9.375000E-3	3.844023E-3
9.380000E-3	4.160702E-3
9.385000E-3	3.968775E-3
9.390000E-3	3.317595E-3
9.395000E-3	2.518356E-3
9.400000E-3	1.582026E-3
9.405000E-3	8.979440E-4
9.410000E-3	2.878904E-4
9.415000E-3	2.645850E-4
9.420000E-3	6.223917E-4
9.425000E-3	1.329780E-3
9.430000E-3	2.057731E-3
9.435000E-3	2.374411E-3
9.440000E-3	2.427876E-3
9.445000E-3	2.334654E-3
9.450000E-3	1.971364E-3
9.455000E-3	1.272202E-3
9.460000E-3	4.071593E-4
9.465000E-3	-7.142425E-4
9.470000E-3	-1.394212E-3
9.475000E-3	-1.986444E-3
9.480000E-3	-2.373040E-3
9.485000E-3	-2.437472E-3
9.490000E-3	-2.525210E-3
9.495000E-3	-2.756894E-3
9.500000E-3	-2.756894E-3
9.505000E-3	-2.907693E-3
9.510000E-3	-2.453923E-3
9.515000E-3	-1.621783E-3
9.520000E-3	-4.839301E-4
9.525000E-3	6.114244E-4
9.530000E-3	1.557350E-3
9.535000E-3	2.097487E-3
9.540000E-3	2.028942E-3
9.545000E-3	1.691699E-3
9.550000E-3	1.000762E-3
9.555000E-3	6.648898E-4
9.560000E-3	2.824068E-4
9.565000E-3	-6.991625E-5
9.570000E-3	-4.428029E-4
9.575000E-3	-4.702210E-4
9.580000E-3	-4.523993E-4
9.585000E-3	-9.596348E-5
9.590000E-3	5.661845E-4
9.595000E-3	9.623766E-4
9.600000E-3	1.329780E-3
9.605000E-3	1.507998E-3
9.610000E-3	1.565576E-3
9.615000E-3	1.172125E-3
9.620000E-3	9.911656E-4
9.625000E-3	3.742576E-4
9.630000E-3	-2.618432E-4
9.635000E-3	-7.087588E-4
9.640000E-3	-9.006858E-4
9.645000E-3	-1.244783E-3
9.650000E-3	-1.532674E-3
9.655000E-3	-1.409292E-3
9.660000E-3	-1.043260E-3
9.665000E-3	-6.498098E-4
9.670000E-3	-1.247525E-4
9.675000E-3	1.782179E-4
9.680000E-3	5.360246E-4
9.685000E-3	8.019805E-4
9.690000E-3	1.067936E-3
9.695000E-3	1.021326E-3
9.700000E-3	7.622242E-4
9.705000E-3	5.058646E-4
9.710000E-3	5.483627E-5
9.715000E-3	-1.768470E-4
9.720000E-3	-5.757809E-4
9.725000E-3	-7.731915E-4
9.730000E-3	-7.855296E-4
9.735000E-3	-3.811121E-4
9.740000E-3	3.139377E-4
9.745000E-3	8.485913E-4
9.750000E-3	1.439452E-3
9.755000E-3	2.070069E-3
9.760000E-3	2.248287E-3
9.765000E-3	2.438843E-3
9.770000E-3	2.304494E-3
9.775000E-3	2.072811E-3
9.780000E-3	1.650572E-3
9.785000E-3	1.630008E-3
9.790000E-3	1.561463E-3
9.795000E-3	1.453161E-3
9.800000E-3	1.739681E-3
9.805000E-3	1.838386E-3
9.810000E-3	1.619041E-3
9.815000E-3	1.353085E-3
9.820000E-3	8.609295E-4
9.825000E-3	1.206398E-4
9.830000E-3	-5.990863E-4
9.835000E-3	-1.414776E-3
9.840000E-3	-2.329171E-3
9.845000E-3	-2.963901E-3
9.850000E-3	-3.232598E-3
9.855000E-3	-3.157198E-3
9.860000E-3	-2.615690E-3
9.865000E-3	-2.041280E-3
9.870000E-3	-1.394212E-3
9.875000E-3	-5.469918E-4
9.880000E-3	2.577305E-4
9.885000E-3	7.430315E-4
9.890000E-3	7.677078E-4
9.895000E-3	4.565120E-4
9.900000E-3	4.112720E-6
9.905000E-3	-1.028180E-4
9.910000E-3	-4.523993E-5
9.915000E-3	3.043413E-4
9.920000E-3	9.541512E-4
9.925000E-3	1.487434E-3
9.930000E-3	2.101600E-3
9.935000E-3	2.638996E-3
9.940000E-3	2.815843E-3
9.945000E-3	2.752781E-3
9.950000E-3	2.553999E-3
9.955000E-3	2.394974E-3
9.960000E-3	2.090633E-3
9.965000E-3	1.468241E-3
9.970000E-3	8.869767E-4
9.975000E-3	2.796650E-4
9.980000E-3	-5.373955E-4
9.985000E-3	-1.254380E-3
9.990000E-3	-1.580656E-3
9.995000E-3	-1.577914E-3
