0.000000E+0	-2.938128E-2
5.000000E-6	-2.932644E-2
1.000000E-5	-2.912629E-2
1.500000E-5	-2.930999E-2
2.000000E-5	-2.927023E-2
2.500000E-5	-2.944571E-2
3.000000E-5	-2.936208E-2
3.500000E-5	-2.931821E-2
4.000000E-5	-2.934974E-2
4.500000E-5	-2.934700E-2
5.000000E-5	-2.930176E-2
5.500000E-5	-2.940869E-2
6.000000E-5	-2.943474E-2
6.500000E-5	-2.933604E-2
7.000000E-5	-2.937031E-2
7.500000E-5	-2.956223E-2
8.000000E-5	-2.958691E-2
8.500000E-5	-2.937168E-2
9.000000E-5	-2.947724E-2
9.500000E-5	-2.939224E-2
1.000000E-4	-2.926475E-2
1.050000E-4	-2.931684E-2
1.100000E-4	-2.933466E-2
1.150000E-4	-2.951974E-2
1.200000E-4	-2.944022E-2
1.250000E-4	-2.937442E-2
1.300000E-4	-2.944297E-2
1.350000E-4	-2.939773E-2
1.400000E-4	-2.943063E-2
1.450000E-4	-2.936620E-2
1.500000E-4	-2.930862E-2
1.550000E-4	-2.930588E-2
1.600000E-4	-2.953345E-2
1.650000E-4	-2.940321E-2
1.700000E-4	-2.931958E-2
1.750000E-4	-2.923048E-2
1.800000E-4	-2.928668E-2
1.850000E-4	-2.939361E-2
1.900000E-4	-2.945530E-2
1.950000E-4	-2.938676E-2
2.000000E-4	-2.937853E-2
2.050000E-4	-2.948821E-2
2.100000E-4	-2.941006E-2
2.150000E-4	-2.931273E-2
2.200000E-4	-2.935249E-2
2.250000E-4	-2.937031E-2
2.300000E-4	-2.940321E-2
2.350000E-4	-2.928942E-2
2.400000E-4	-2.933329E-2
2.450000E-4	-2.934700E-2
2.500000E-4	-2.932781E-2
2.550000E-4	-2.942652E-2
2.600000E-4	-2.944571E-2
2.650000E-4	-2.941006E-2
2.700000E-4	-2.937168E-2
2.750000E-4	-2.933329E-2
2.800000E-4	-2.924007E-2
2.850000E-4	-2.947861E-2
2.900000E-4	-2.936208E-2
2.950000E-4	-2.950603E-2
3.000000E-4	-2.949780E-2
3.050000E-4	-2.942652E-2
3.100000E-4	-2.943474E-2
3.150000E-4	-2.958143E-2
3.200000E-4	-2.939087E-2
3.250000E-4	-2.940047E-2
3.300000E-4	-2.937990E-2
3.350000E-4	-2.937853E-2
3.400000E-4	-2.926886E-2
3.450000E-4	-2.929080E-2
3.500000E-4	-2.936894E-2
3.550000E-4	-2.932918E-2
3.600000E-4	-2.938676E-2
3.650000E-4	-2.953893E-2
3.700000E-4	-2.944022E-2
3.750000E-4	-2.907282E-2
3.800000E-4	-2.916056E-2
3.850000E-4	-2.920443E-2
3.900000E-4	-2.927160E-2
3.950000E-4	-2.922088E-2
4.000000E-4	-2.932918E-2
4.050000E-4	-2.938813E-2
4.100000E-4	-2.934563E-2
4.150000E-4	-2.923048E-2
4.200000E-4	-2.929628E-2
4.250000E-4	-2.932781E-2
4.300000E-4	-2.947587E-2
4.350000E-4	-2.950603E-2
4.400000E-4	-2.948546E-2
4.450000E-4	-2.943474E-2
4.500000E-4	-2.945119E-2
4.550000E-4	-2.943200E-2
4.600000E-4	-2.942926E-2
4.650000E-4	-2.942652E-2
4.700000E-4	-2.926749E-2
4.750000E-4	-2.927434E-2
4.800000E-4	-2.917564E-2
4.850000E-4	-2.929628E-2
4.900000E-4	-2.941281E-2
4.950000E-4	-2.930862E-2
5.000000E-4	-2.925241E-2
5.050000E-4	-2.931821E-2
5.100000E-4	-2.931136E-2
5.150000E-4	-2.933192E-2
5.200000E-4	-2.948684E-2
5.250000E-4	-2.943063E-2
5.300000E-4	-2.938265E-2
5.350000E-4	-2.942789E-2
5.400000E-4	-2.924281E-2
5.450000E-4	-2.938539E-2
5.500000E-4	-2.934563E-2
5.550000E-4	-2.933192E-2
5.600000E-4	-2.919620E-2
5.650000E-4	-2.937579E-2
5.700000E-4	-2.936482E-2
5.750000E-4	-2.927160E-2
5.800000E-4	-2.934700E-2
5.850000E-4	-2.945119E-2
5.900000E-4	-2.943748E-2
5.950000E-4	-2.935386E-2
6.000000E-4	-2.945393E-2
6.050000E-4	-2.967602E-2
6.100000E-4	-2.954441E-2
6.150000E-4	-2.953756E-2
6.200000E-4	-2.942926E-2
6.250000E-4	-2.934563E-2
6.300000E-4	-2.950054E-2
6.350000E-4	-2.937579E-2
6.400000E-4	-2.935249E-2
6.450000E-4	-2.933329E-2
6.500000E-4	-2.935797E-2
6.550000E-4	-2.917016E-2
6.600000E-4	-2.933466E-2
6.650000E-4	-2.932781E-2
6.700000E-4	-2.938813E-2
6.750000E-4	-2.937305E-2
6.800000E-4	-2.948272E-2
6.850000E-4	-2.947176E-2
6.900000E-4	-2.924144E-2
6.950000E-4	-2.933055E-2
7.000000E-4	-2.937031E-2
7.050000E-4	-2.927572E-2
7.100000E-4	-2.930999E-2
7.150000E-4	-2.946353E-2
7.200000E-4	-2.946901E-2
7.250000E-4	-2.938539E-2
7.300000E-4	-2.935660E-2
7.350000E-4	-2.920306E-2
7.400000E-4	-2.926749E-2
7.450000E-4	-2.933192E-2
7.500000E-4	-2.932096E-2
7.550000E-4	-2.952248E-2
7.600000E-4	-2.938950E-2
7.650000E-4	-2.938813E-2
7.700000E-4	-2.946079E-2
7.750000E-4	-2.956086E-2
7.800000E-4	-2.941555E-2
7.850000E-4	-2.919757E-2
7.900000E-4	-2.924967E-2
7.950000E-4	-2.950603E-2
8.000000E-4	-2.945668E-2
8.050000E-4	-2.932644E-2
8.100000E-4	-2.943337E-2
8.150000E-4	-2.941281E-2
8.200000E-4	-2.937990E-2
8.250000E-4	-2.932781E-2
8.300000E-4	-2.929902E-2
8.350000E-4	-2.924967E-2
8.400000E-4	-2.944845E-2
8.450000E-4	-2.948958E-2
8.500000E-4	-2.932918E-2
8.550000E-4	-2.923459E-2
8.600000E-4	-2.933329E-2
8.650000E-4	-2.935249E-2
8.700000E-4	-2.944160E-2
8.750000E-4	-2.930450E-2
8.800000E-4	-2.941144E-2
8.850000E-4	-2.947038E-2
8.900000E-4	-2.929902E-2
8.950000E-4	-2.932918E-2
9.000000E-4	-2.941418E-2
9.050000E-4	-2.943337E-2
9.100000E-4	-2.945668E-2
9.150000E-4	-2.951288E-2
9.200000E-4	-2.955401E-2
9.250000E-4	-2.950603E-2
9.300000E-4	-2.934974E-2
9.350000E-4	-2.942789E-2
9.400000E-4	-2.943063E-2
9.450000E-4	-2.937716E-2
9.500000E-4	-2.944022E-2
9.550000E-4	-2.941692E-2
9.600000E-4	-2.960885E-2
9.650000E-4	-2.944160E-2
9.700000E-4	-2.941281E-2
9.750000E-4	-2.938128E-2
9.800000E-4	-2.925241E-2
9.850000E-4	-2.934015E-2
9.900000E-4	-2.918249E-2
9.950000E-4	-2.913725E-2
1.000000E-3	-2.913725E-2
1.005000E-3	-2.921265E-2
1.010000E-3	-2.934015E-2
1.015000E-3	-2.948546E-2
1.020000E-3	-2.934974E-2
1.025000E-3	-2.946353E-2
1.030000E-3	-2.955401E-2
1.035000E-3	-2.944845E-2
1.040000E-3	-2.940458E-2
1.045000E-3	-2.947038E-2
1.050000E-3	-2.930588E-2
1.055000E-3	-2.929765E-2
1.060000E-3	-2.933741E-2
1.065000E-3	-2.945256E-2
1.070000E-3	-2.945805E-2
1.075000E-3	-2.948958E-2
1.080000E-3	-2.943337E-2
1.085000E-3	-2.943474E-2
1.090000E-3	-2.956086E-2
1.095000E-3	-2.954715E-2
1.100000E-3	-2.942514E-2
1.105000E-3	-2.926749E-2
1.110000E-3	-2.909887E-2
1.115000E-3	-2.930039E-2
1.120000E-3	-2.944160E-2
1.125000E-3	-2.945393E-2
1.130000E-3	-2.925926E-2
1.135000E-3	-2.927846E-2
1.140000E-3	-2.946490E-2
1.145000E-3	-2.946216E-2
1.150000E-3	-2.936620E-2
1.155000E-3	-2.929354E-2
1.160000E-3	-2.924144E-2
1.165000E-3	-2.934974E-2
1.170000E-3	-2.957457E-2
1.175000E-3	-2.957731E-2
1.180000E-3	-2.939910E-2
1.185000E-3	-2.922225E-2
1.190000E-3	-2.932918E-2
1.195000E-3	-2.923185E-2
1.200000E-3	-2.925652E-2
1.205000E-3	-2.937716E-2
1.210000E-3	-2.950740E-2
1.215000E-3	-2.935249E-2
1.220000E-3	-2.936071E-2
1.225000E-3	-2.938402E-2
1.230000E-3	-2.936894E-2
1.235000E-3	-2.930588E-2
1.240000E-3	-2.934152E-2
1.245000E-3	-2.936345E-2
1.250000E-3	-2.936894E-2
1.255000E-3	-2.929765E-2
1.260000E-3	-2.945942E-2
1.265000E-3	-2.938950E-2
1.270000E-3	-2.937853E-2
1.275000E-3	-2.939910E-2
1.280000E-3	-2.948958E-2
1.285000E-3	-2.946627E-2
1.290000E-3	-2.928942E-2
1.295000E-3	-2.939361E-2
1.300000E-3	-2.954578E-2
1.305000E-3	-2.930725E-2
1.310000E-3	-2.941144E-2
1.315000E-3	-2.945530E-2
1.320000E-3	-2.936757E-2
1.325000E-3	-2.934974E-2
1.330000E-3	-2.938402E-2
1.335000E-3	-2.941006E-2
1.340000E-3	-2.930039E-2
1.345000E-3	-2.923870E-2
1.350000E-3	-2.941006E-2
1.355000E-3	-2.941006E-2
1.360000E-3	-2.941418E-2
1.365000E-3	-2.967465E-2
1.370000E-3	-2.958828E-2
1.375000E-3	-2.947313E-2
1.380000E-3	-2.950191E-2
1.385000E-3	-2.954853E-2
1.390000E-3	-2.939087E-2
1.395000E-3	-2.965409E-2
1.400000E-3	-2.942652E-2
1.405000E-3	-2.937579E-2
1.410000E-3	-2.936757E-2
1.415000E-3	-2.955401E-2
1.420000E-3	-2.937305E-2
1.425000E-3	-2.941006E-2
1.430000E-3	-2.935797E-2
1.435000E-3	-2.941281E-2
1.440000E-3	-2.946901E-2
1.445000E-3	-2.936757E-2
1.450000E-3	-2.924418E-2
1.455000E-3	-2.932507E-2
1.460000E-3	-2.925241E-2
1.465000E-3	-2.946901E-2
1.470000E-3	-2.945256E-2
1.475000E-3	-2.930313E-2
1.480000E-3	-2.941006E-2
1.485000E-3	-2.934974E-2
1.490000E-3	-2.939361E-2
1.495000E-3	-2.926475E-2
1.500000E-3	-2.916056E-2
1.505000E-3	-2.931410E-2
1.510000E-3	-2.923048E-2
1.515000E-3	-2.899742E-2
1.520000E-3	-2.910298E-2
1.525000E-3	-2.927983E-2
1.530000E-3	-2.943337E-2
1.535000E-3	-2.953070E-2
1.540000E-3	-2.944434E-2
1.545000E-3	-2.943063E-2
1.550000E-3	-2.945256E-2
1.555000E-3	-2.926201E-2
1.560000E-3	-2.922636E-2
1.565000E-3	-2.909201E-2
1.570000E-3	-2.913177E-2
1.575000E-3	-2.924693E-2
1.580000E-3	-2.922362E-2
1.585000E-3	-2.918935E-2
1.590000E-3	-2.917016E-2
1.595000E-3	-2.928668E-2
1.600000E-3	-2.936345E-2
1.605000E-3	-2.923185E-2
1.610000E-3	-2.931136E-2
1.615000E-3	-2.925378E-2
1.620000E-3	-2.913314E-2
1.625000E-3	-2.914685E-2
1.630000E-3	-2.924418E-2
1.635000E-3	-2.927709E-2
1.640000E-3	-2.917838E-2
1.645000E-3	-2.935660E-2
1.650000E-3	-2.932370E-2
1.655000E-3	-2.941418E-2
1.660000E-3	-2.935112E-2
1.665000E-3	-2.936208E-2
1.670000E-3	-2.930725E-2
1.675000E-3	-2.939224E-2
1.680000E-3	-2.944022E-2
1.685000E-3	-2.934974E-2
1.690000E-3	-2.936071E-2
1.695000E-3	-2.945530E-2
1.700000E-3	-2.925104E-2
1.705000E-3	-2.937716E-2
1.710000E-3	-2.938402E-2
1.715000E-3	-2.939910E-2
1.720000E-3	-2.927297E-2
1.725000E-3	-2.933192E-2
1.730000E-3	-2.935249E-2
1.735000E-3	-2.930725E-2
1.740000E-3	-2.941006E-2
1.745000E-3	-2.950191E-2
1.750000E-3	-2.944982E-2
1.755000E-3	-2.947724E-2
1.760000E-3	-2.943611E-2
1.765000E-3	-2.935660E-2
1.770000E-3	-2.938402E-2
1.775000E-3	-2.919483E-2
1.780000E-3	-2.935660E-2
1.785000E-3	-2.944845E-2
1.790000E-3	-2.949506E-2
1.795000E-3	-2.928257E-2
1.800000E-3	-2.936482E-2
1.805000E-3	-2.944022E-2
1.810000E-3	-2.946353E-2
1.815000E-3	-2.931136E-2
1.820000E-3	-2.940458E-2
1.825000E-3	-2.954715E-2
1.830000E-3	-2.948958E-2
1.835000E-3	-2.941418E-2
1.840000E-3	-2.936071E-2
1.845000E-3	-2.927434E-2
1.850000E-3	-2.916604E-2
1.855000E-3	-2.916741E-2
1.860000E-3	-2.932644E-2
1.865000E-3	-2.919894E-2
1.870000E-3	-2.926886E-2
1.875000E-3	-2.940047E-2
1.880000E-3	-2.941144E-2
1.885000E-3	-2.937305E-2
1.890000E-3	-2.938676E-2
1.895000E-3	-2.957320E-2
1.900000E-3	-2.928394E-2
1.905000E-3	-2.919894E-2
1.910000E-3	-2.924830E-2
1.915000E-3	-2.934700E-2
1.920000E-3	-2.931547E-2
1.925000E-3	-2.940047E-2
1.930000E-3	-2.949095E-2
1.935000E-3	-2.941966E-2
1.940000E-3	-2.934563E-2
1.945000E-3	-2.926749E-2
1.950000E-3	-2.942514E-2
1.955000E-3	-2.933192E-2
1.960000E-3	-2.930313E-2
1.965000E-3	-2.942377E-2
1.970000E-3	-2.944160E-2
1.975000E-3	-2.944434E-2
1.980000E-3	-2.946627E-2
1.985000E-3	-2.943474E-2
1.990000E-3	-2.933055E-2
1.995000E-3	-2.932918E-2
2.000000E-3	-2.936345E-2
2.005000E-3	-2.931410E-2
2.010000E-3	-2.907145E-2
2.015000E-3	-2.911943E-2
2.020000E-3	-2.951425E-2
2.025000E-3	-2.945530E-2
2.030000E-3	-2.926064E-2
2.035000E-3	-2.927297E-2
2.040000E-3	-2.907693E-2
2.045000E-3	-2.924007E-2
2.050000E-3	-2.925241E-2
2.055000E-3	-2.945805E-2
2.060000E-3	-2.931547E-2
2.065000E-3	-2.929217E-2
2.070000E-3	-2.927297E-2
2.075000E-3	-2.905774E-2
2.080000E-3	-2.916056E-2
2.085000E-3	-2.922910E-2
2.090000E-3	-2.925378E-2
2.095000E-3	-2.939224E-2
2.100000E-3	-2.934563E-2
2.105000E-3	-2.951425E-2
2.110000E-3	-2.938676E-2
2.115000E-3	-2.927983E-2
2.120000E-3	-2.929628E-2
2.125000E-3	-2.927434E-2
2.130000E-3	-2.945119E-2
2.135000E-3	-2.946490E-2
2.140000E-3	-2.920032E-2
2.145000E-3	-2.929902E-2
2.150000E-3	-2.949780E-2
2.155000E-3	-2.939773E-2
2.160000E-3	-2.937990E-2
2.165000E-3	-2.922362E-2
2.170000E-3	-2.930862E-2
2.175000E-3	-2.915782E-2
2.180000E-3	-2.915645E-2
2.185000E-3	-2.924967E-2
2.190000E-3	-2.934700E-2
2.195000E-3	-2.930862E-2
2.200000E-3	-2.942789E-2
2.205000E-3	-2.945668E-2
2.210000E-3	-2.931958E-2
2.215000E-3	-2.924418E-2
2.220000E-3	-2.917427E-2
2.225000E-3	-2.923459E-2
2.230000E-3	-2.929902E-2
2.235000E-3	-2.938950E-2
2.240000E-3	-2.929902E-2
2.245000E-3	-2.935386E-2
2.250000E-3	-2.935112E-2
2.255000E-3	-2.945805E-2
2.260000E-3	-2.938676E-2
2.265000E-3	-2.928668E-2
2.270000E-3	-2.941006E-2
2.275000E-3	-2.931684E-2
2.280000E-3	-2.939636E-2
2.285000E-3	-2.938813E-2
2.290000E-3	-2.930999E-2
2.295000E-3	-2.928668E-2
2.300000E-3	-2.919620E-2
2.305000E-3	-2.908790E-2
2.310000E-3	-2.933604E-2
2.315000E-3	-2.931273E-2
2.320000E-3	-2.957046E-2
2.325000E-3	-2.930039E-2
2.330000E-3	-2.954304E-2
2.335000E-3	-2.950877E-2
2.340000E-3	-2.948958E-2
2.345000E-3	-2.925652E-2
2.350000E-3	-2.918661E-2
2.355000E-3	-2.899057E-2
2.360000E-3	-2.945119E-2
2.365000E-3	-2.907556E-2
2.370000E-3	-2.971989E-2
2.375000E-3	-2.888227E-2
2.380000E-3	-2.991456E-2
2.385000E-3	-2.873832E-2
2.390000E-3	-3.015858E-2
2.395000E-3	-2.844495E-2
2.400000E-3	-3.049582E-2
2.405000E-3	-2.811730E-2
2.410000E-3	-3.078508E-2
2.415000E-3	-2.750313E-2
2.420000E-3	-3.121281E-2
2.425000E-3	-2.667922E-2
2.430000E-3	-3.455234E-2
2.435000E-3	-2.881509E-2
2.440000E-3	-3.169674E-2
2.445000E-3	-3.799742E-2
2.450000E-3	-8.118647E-2
2.455000E-3	-2.899194E-2
2.460000E-3	-8.940643E-2
2.465000E-3	-1.084168E-1
2.470000E-3	-2.628988E-2
2.475000E-3	-8.670026E-2
2.480000E-3	-1.794024E-1
2.485000E-3	-3.553116E-2
2.490000E-3	3.841007E-2
2.495000E-3	6.506735E-2
2.500000E-3	1.032677E-1
2.505000E-3	-9.527802E-4
2.510000E-3	-4.569232E-2
2.515000E-3	1.572430E-2
2.520000E-3	-3.794944E-2
2.525000E-3	-4.344130E-2
2.530000E-3	2.543581E-2
2.535000E-3	-1.760656E-2
2.540000E-3	-7.313788E-3
2.545000E-3	8.866203E-2
2.550000E-3	2.780336E-2
2.555000E-3	-6.158251E-2
2.560000E-3	4.980779E-2
2.565000E-3	2.792400E-2
2.570000E-3	-5.463338E-2
2.575000E-3	1.643169E-2
2.580000E-3	-4.702348E-2
2.585000E-3	-1.070294E-1
2.590000E-3	-6.055433E-2
2.595000E-3	-5.523109E-2
2.600000E-3	-6.346613E-2
2.605000E-3	-2.682453E-2
2.610000E-3	-1.545560E-2
2.615000E-3	-5.559164E-2
2.620000E-3	-4.674792E-3
2.625000E-3	-2.003717E-2
2.630000E-3	-1.154852E-1
2.635000E-3	-3.021890E-2
2.640000E-3	-1.435202E-2
2.645000E-3	-1.037872E-1
2.650000E-3	-6.660002E-2
2.655000E-3	-7.912874E-3
2.660000E-3	-7.597429E-2
2.665000E-3	-4.558814E-2
2.670000E-3	6.609142E-3
2.675000E-3	-4.144663E-2
2.680000E-3	-4.450923E-2
2.685000E-3	-3.557503E-3
2.690000E-3	-5.124176E-2
2.695000E-3	-3.799605E-2
2.700000E-3	-8.410513E-3
2.705000E-3	-5.508852E-2
2.710000E-3	-4.709065E-2
2.715000E-3	-7.737398E-3
2.720000E-3	-5.276346E-2
2.725000E-3	-6.005806E-2
2.730000E-3	-1.599163E-2
2.735000E-3	-3.779316E-2
2.740000E-3	-3.845805E-2
2.745000E-3	6.355524E-3
2.750000E-3	-1.658386E-2
2.755000E-3	-5.208212E-2
2.760000E-3	-3.643048E-2
2.765000E-3	-1.651943E-2
2.770000E-3	-2.512187E-2
2.775000E-3	-8.657277E-3
2.780000E-3	-8.150041E-3
2.785000E-3	-3.377229E-2
2.790000E-3	-1.939422E-2
2.795000E-3	-1.181173E-2
2.800000E-3	-3.314579E-2
2.805000E-3	-1.509643E-2
2.810000E-3	-6.066263E-3
2.815000E-3	-2.091867E-2
2.820000E-3	-3.168303E-2
2.825000E-3	-1.017761E-2
2.830000E-3	-1.980549E-2
2.835000E-3	-3.152812E-2
2.840000E-3	-1.484692E-2
2.845000E-3	-1.695400E-2
2.850000E-3	-3.331989E-2
2.855000E-3	-1.653451E-2
2.860000E-3	-1.756132E-2
2.865000E-3	-3.141433E-2
2.870000E-3	-2.239788E-2
2.875000E-3	-3.153086E-3
2.880000E-3	-2.181250E-2
2.885000E-3	-2.087617E-2
2.890000E-3	-6.358266E-3
2.895000E-3	-2.873969E-2
2.900000E-3	-3.624678E-2
2.905000E-3	-2.668744E-2
2.910000E-3	-3.616178E-2
2.915000E-3	-3.954518E-2
2.920000E-3	-2.232659E-2
2.925000E-3	-3.878295E-2
2.930000E-3	-5.279088E-2
2.935000E-3	-5.253589E-2
2.940000E-3	-5.700642E-2
2.945000E-3	-5.361342E-2
2.950000E-3	-4.213893E-2
2.955000E-3	-5.047816E-2
2.960000E-3	-5.117595E-2
2.965000E-3	-3.365988E-2
2.970000E-3	-4.813528E-2
2.975000E-3	-5.804420E-2
2.980000E-3	-3.039986E-2
2.985000E-3	-2.912080E-2
2.990000E-3	-4.865348E-2
2.995000E-3	-2.949780E-2
3.000000E-3	-2.621448E-2
3.005000E-3	-5.016422E-2
3.010000E-3	-3.705835E-2
3.015000E-3	-1.893497E-2
3.020000E-3	-3.237671E-2
3.025000E-3	-2.643245E-2
3.030000E-3	-1.504982E-2
3.035000E-3	-3.194624E-2
3.040000E-3	-2.335888E-2
3.045000E-3	-2.903581E-3
3.050000E-3	-1.650709E-2
3.055000E-3	-2.109003E-2
3.060000E-3	-6.513178E-3
3.065000E-3	-1.601630E-2
3.070000E-3	-3.008044E-2
3.075000E-3	-2.398950E-2
3.080000E-3	-2.936894E-2
3.085000E-3	-3.894198E-2
3.090000E-3	-2.616787E-2
3.095000E-3	-2.612263E-2
3.100000E-3	-2.807617E-2
3.105000E-3	-2.065957E-2
3.110000E-3	-2.218676E-2
3.115000E-3	-2.124906E-2
3.120000E-3	-1.299483E-2
3.125000E-3	-1.634806E-2
3.130000E-3	-2.264053E-2
3.135000E-3	-2.132720E-2
3.140000E-3	-2.439940E-2
3.145000E-3	-3.401905E-2
3.150000E-3	-3.342271E-2
3.155000E-3	-2.763063E-2
3.160000E-3	-2.695888E-2
3.165000E-3	-2.350420E-2
3.170000E-3	-8.635342E-3
3.175000E-3	-7.115006E-3
3.180000E-3	-2.001798E-2
3.185000E-3	-2.555507E-2
3.190000E-3	-2.799666E-2
3.195000E-3	-3.540778E-2
3.200000E-3	-3.396010E-2
3.205000E-3	-4.032385E-2
3.210000E-3	-4.778570E-2
3.215000E-3	-4.795295E-2
3.220000E-3	-4.462302E-2
3.225000E-3	-4.503429E-2
3.230000E-3	-4.911822E-2
3.235000E-3	-4.723185E-2
3.240000E-3	-4.784191E-2
3.245000E-3	-4.742104E-2
3.250000E-3	-4.358661E-2
3.255000E-3	-4.601175E-2
3.260000E-3	-4.443657E-2
3.265000E-3	-3.847039E-2
3.270000E-3	-3.829080E-2
3.275000E-3	-3.947115E-2
3.280000E-3	-3.242743E-2
3.285000E-3	-2.609795E-2
3.290000E-3	-2.408957E-2
3.295000E-3	-2.181113E-2
3.300000E-3	-2.275568E-2
3.305000E-3	-2.406627E-2
3.310000E-3	-2.013040E-2
3.315000E-3	-1.944220E-2
3.320000E-3	-2.074593E-2
3.325000E-3	-2.012628E-2
3.330000E-3	-2.152872E-2
3.335000E-3	-2.109963E-2
3.340000E-3	-2.538782E-2
3.345000E-3	-2.766627E-2
3.350000E-3	-2.661890E-2
3.355000E-3	-2.915919E-2
3.360000E-3	-3.013939E-2
3.365000E-3	-2.393055E-2
3.370000E-3	-2.171791E-2
3.375000E-3	-2.319163E-2
3.380000E-3	-2.088439E-2
3.385000E-3	-2.103519E-2
3.390000E-3	-2.456254E-2
3.395000E-3	-2.173573E-2
3.400000E-3	-1.840031E-2
3.405000E-3	-2.146155E-2
3.410000E-3	-1.804113E-2
3.415000E-3	-1.410389E-2
3.420000E-3	-1.621783E-2
3.425000E-3	-1.689231E-2
3.430000E-3	-1.615751E-2
3.435000E-3	-2.129841E-2
3.440000E-3	-2.230740E-2
3.445000E-3	-2.146155E-2
3.450000E-3	-2.586627E-2
3.455000E-3	-2.674502E-2
3.460000E-3	-2.481204E-2
3.465000E-3	-3.301829E-2
3.470000E-3	-3.363657E-2
3.475000E-3	-2.958280E-2
3.480000E-3	-3.805912E-2
3.485000E-3	-4.136437E-2
3.490000E-3	-4.053360E-2
3.495000E-3	-4.463536E-2
3.500000E-3	-4.885775E-2
3.505000E-3	-4.937458E-2
3.510000E-3	-5.165577E-2
3.515000E-3	-5.117458E-2
3.520000E-3	-4.770344E-2
3.525000E-3	-5.148715E-2
3.530000E-3	-5.275935E-2
3.535000E-3	-4.660124E-2
3.540000E-3	-4.716605E-2
3.545000E-3	-4.285866E-2
3.550000E-3	-3.369004E-2
3.555000E-3	-3.729689E-2
3.560000E-3	-4.098463E-2
3.565000E-3	-3.296071E-2
3.570000E-3	-2.730435E-2
3.575000E-3	-2.713984E-2
3.580000E-3	-1.710206E-2
3.585000E-3	-1.146626E-2
3.590000E-3	-1.310313E-2
3.595000E-3	-1.143748E-2
3.600000E-3	-1.404083E-2
3.605000E-3	-1.893085E-2
3.610000E-3	-1.853877E-2
3.615000E-3	-1.604784E-2
3.620000E-3	-1.681006E-2
3.625000E-3	-1.640290E-2
3.630000E-3	-1.542270E-2
3.635000E-3	-2.024555E-2
3.640000E-3	-2.245271E-2
3.645000E-3	-2.033192E-2
3.650000E-3	-2.069795E-2
3.655000E-3	-2.264601E-2
3.660000E-3	-2.525622E-2
3.665000E-3	-3.062195E-2
3.670000E-3	-3.382301E-2
3.675000E-3	-3.116345E-2
3.680000E-3	-3.333223E-2
3.685000E-3	-3.565729E-2
3.690000E-3	-2.997899E-2
3.695000E-3	-2.915508E-2
3.700000E-3	-3.389293E-2
3.705000E-3	-3.436589E-2
3.710000E-3	-3.492934E-2
3.715000E-3	-3.595614E-2
3.720000E-3	-3.128135E-2
3.725000E-3	-2.907556E-2
3.730000E-3	-3.190237E-2
3.735000E-3	-2.991045E-2
3.740000E-3	-2.825850E-2
3.745000E-3	-2.968287E-2
3.750000E-3	-2.766490E-2
3.755000E-3	-2.638584E-2
3.760000E-3	-2.887267E-2
3.765000E-3	-2.491349E-2
3.770000E-3	-2.258021E-2
3.775000E-3	-2.604175E-2
3.780000E-3	-2.568394E-2
3.785000E-3	-2.528363E-2
3.790000E-3	-2.949917E-2
3.795000E-3	-2.971303E-2
3.800000E-3	-2.944160E-2
3.805000E-3	-3.283048E-2
3.810000E-3	-3.449750E-2
3.815000E-3	-3.444129E-2
3.820000E-3	-3.538311E-2
3.825000E-3	-3.600550E-2
3.830000E-3	-3.784114E-2
3.835000E-3	-4.092157E-2
3.840000E-3	-3.955477E-2
3.845000E-3	-3.744632E-2
3.850000E-3	-3.863627E-2
3.855000E-3	-3.772187E-2
3.860000E-3	-3.267694E-2
3.865000E-3	-3.076315E-2
3.870000E-3	-3.054792E-2
3.875000E-3	-2.681220E-2
3.880000E-3	-2.632004E-2
3.885000E-3	-2.767998E-2
3.890000E-3	-2.663535E-2
3.895000E-3	-2.716178E-2
3.900000E-3	-2.794456E-2
3.905000E-3	-2.590466E-2
3.910000E-3	-2.570999E-2
3.915000E-3	-2.648592E-2
3.920000E-3	-2.375096E-2
3.925000E-3	-2.255279E-2
3.930000E-3	-2.270907E-2
3.935000E-3	-1.942712E-2
3.940000E-3	-1.856345E-2
3.945000E-3	-2.146292E-2
3.950000E-3	-2.216071E-2
3.955000E-3	-2.410740E-2
3.960000E-3	-2.820778E-2
3.965000E-3	-3.030252E-2
3.970000E-3	-3.195447E-2
3.975000E-3	-3.404921E-2
3.980000E-3	-3.311974E-2
3.985000E-3	-3.170085E-2
3.990000E-3	-2.933741E-2
3.995000E-3	-2.714121E-2
4.000000E-3	-2.822971E-2
4.005000E-3	-3.004342E-2
4.010000E-3	-3.161722E-2
4.015000E-3	-3.308958E-2
4.020000E-3	-3.548729E-2
4.025000E-3	-3.772736E-2
4.030000E-3	-3.831136E-2
4.035000E-3	-3.789598E-2
4.040000E-3	-3.431654E-2
4.045000E-3	-2.926201E-2
4.050000E-3	-2.543855E-2
4.055000E-3	-2.324784E-2
4.060000E-3	-2.355903E-2
4.065000E-3	-2.515066E-2
4.070000E-3	-2.572370E-2
4.075000E-3	-2.642423E-2
4.080000E-3	-2.794182E-2
4.085000E-3	-2.918935E-2
4.090000E-3	-2.878356E-2
4.095000E-3	-2.852035E-2
4.100000E-3	-2.735096E-2
4.105000E-3	-2.582788E-2
4.110000E-3	-2.424997E-2
4.115000E-3	-2.533299E-2
4.120000E-3	-2.880961E-2
4.125000E-3	-2.946627E-2
4.130000E-3	-3.177214E-2
4.135000E-3	-3.355157E-2
4.140000E-3	-3.139240E-2
4.145000E-3	-3.245622E-2
4.150000E-3	-3.638798E-2
4.155000E-3	-3.449476E-2
4.160000E-3	-3.050542E-2
4.165000E-3	-3.142393E-2
4.170000E-3	-3.184617E-2
4.175000E-3	-3.046840E-2
4.180000E-3	-3.424114E-2
4.185000E-3	-3.651959E-2
4.190000E-3	-3.517610E-2
4.195000E-3	-3.466749E-2
4.200000E-3	-3.261662E-2
4.205000E-3	-2.878219E-2
4.210000E-3	-2.777046E-2
4.215000E-3	-2.719742E-2
4.220000E-3	-2.405119E-2
4.225000E-3	-2.428973E-2
4.230000E-3	-2.552766E-2
4.235000E-3	-2.593207E-2
4.240000E-3	-2.733040E-2
4.245000E-3	-2.873147E-2
4.250000E-3	-2.630359E-2
4.255000E-3	-2.488470E-2
4.260000E-3	-2.609932E-2
4.265000E-3	-2.428424E-2
4.270000E-3	-2.383596E-2
4.275000E-3	-2.560854E-2
4.280000E-3	-2.423900E-2
4.285000E-3	-2.502728E-2
4.290000E-3	-2.712476E-2
4.295000E-3	-2.573740E-2
4.300000E-3	-2.535492E-2
4.305000E-3	-2.773345E-2
4.310000E-3	-2.835447E-2
4.315000E-3	-2.955401E-2
4.320000E-3	-3.196269E-2
4.325000E-3	-3.037381E-2
4.330000E-3	-3.045607E-2
4.335000E-3	-3.259194E-2
4.340000E-3	-3.054929E-2
4.345000E-3	-2.899879E-2
4.350000E-3	-3.086185E-2
4.355000E-3	-3.312522E-2
4.360000E-3	-3.538859E-2
4.365000E-3	-3.816056E-2
4.370000E-3	-3.826064E-2
4.375000E-3	-3.467435E-2
4.380000E-3	-3.310192E-2
4.385000E-3	-3.324175E-2
4.390000E-3	-3.199834E-2
4.395000E-3	-3.296071E-2
4.400000E-3	-3.492522E-2
4.405000E-3	-3.515416E-2
4.410000E-3	-3.503489E-2
4.415000E-3	-3.477305E-2
4.420000E-3	-3.230268E-2
4.425000E-3	-3.085089E-2
4.430000E-3	-3.079605E-2
4.435000E-3	-2.750039E-2
4.440000E-3	-2.363443E-2
4.445000E-3	-2.390862E-2
4.450000E-3	-2.242255E-2
4.455000E-3	-2.141082E-2
4.460000E-3	-2.484220E-2
4.465000E-3	-2.418828E-2
4.470000E-3	-2.274883E-2
4.475000E-3	-2.467084E-2
4.480000E-3	-2.338356E-2
4.485000E-3	-2.192354E-2
4.490000E-3	-2.489018E-2
4.495000E-3	-2.558935E-2
4.500000E-3	-2.532476E-2
4.505000E-3	-2.883017E-2
4.510000E-3	-3.035736E-2
4.515000E-3	-2.831608E-2
4.520000E-3	-2.946764E-2
4.525000E-3	-2.914548E-2
4.530000E-3	-2.618980E-2
4.535000E-3	-2.700961E-2
4.540000E-3	-2.716589E-2
4.545000E-3	-2.493680E-2
4.550000E-3	-2.523017E-2
4.555000E-3	-2.716315E-2
4.560000E-3	-2.687252E-2
4.565000E-3	-2.856970E-2
4.570000E-3	-3.109491E-2
4.575000E-3	-3.001326E-2
4.580000E-3	-3.013802E-2
4.585000E-3	-3.177351E-2
4.590000E-3	-3.073436E-2
4.595000E-3	-2.989125E-2
4.600000E-3	-3.218204E-2
4.605000E-3	-3.236026E-2
4.610000E-3	-3.271532E-2
4.615000E-3	-3.536940E-2
4.620000E-3	-3.523916E-2
4.625000E-3	-3.472781E-2
4.630000E-3	-3.666490E-2
4.635000E-3	-3.607130E-2
4.640000E-3	-3.476208E-2
4.645000E-3	-3.426033E-2
4.650000E-3	-3.380793E-2
4.655000E-3	-3.132385E-2
4.660000E-3	-2.980763E-2
4.665000E-3	-2.945668E-2
4.670000E-3	-2.753192E-2
4.675000E-3	-2.739346E-2
4.680000E-3	-2.784038E-2
4.685000E-3	-2.714944E-2
4.690000E-3	-2.717549E-2
4.695000E-3	-2.691776E-2
4.700000E-3	-2.612263E-2
4.705000E-3	-2.596635E-2
4.710000E-3	-2.773619E-2
4.715000E-3	-2.758950E-2
4.720000E-3	-2.659148E-2
4.725000E-3	-2.829140E-2
4.730000E-3	-2.879453E-2
4.735000E-3	-2.864510E-2
4.740000E-3	-2.952111E-2
4.745000E-3	-2.941555E-2
4.750000E-3	-2.788150E-2
4.755000E-3	-2.707267E-2
4.760000E-3	-2.750862E-2
4.765000E-3	-2.795005E-2
4.770000E-3	-2.874929E-2
4.775000E-3	-2.991456E-2
4.780000E-3	-3.021204E-2
4.785000E-3	-3.088927E-2
4.790000E-3	-3.130054E-2
4.795000E-3	-2.986795E-2
4.800000E-3	-2.921265E-2
4.805000E-3	-2.910024E-2
4.810000E-3	-2.775538E-2
4.815000E-3	-2.804327E-2
4.820000E-3	-2.974594E-2
4.825000E-3	-2.935112E-2
4.830000E-3	-2.840382E-2
4.835000E-3	-2.858752E-2
4.840000E-3	-2.812004E-2
4.845000E-3	-2.652293E-2
4.850000E-3	-2.600610E-2
4.855000E-3	-2.613497E-2
4.860000E-3	-2.574974E-2
4.865000E-3	-2.602941E-2
4.870000E-3	-2.608424E-2
4.875000E-3	-2.580869E-2
4.880000E-3	-2.740991E-2
4.885000E-3	-2.887404E-2
4.890000E-3	-3.037655E-2
4.895000E-3	-3.243566E-2
4.900000E-3	-3.393817E-2
4.905000E-3	-3.391486E-2
4.910000E-3	-3.408211E-2
4.915000E-3	-3.407115E-2
4.920000E-3	-3.390938E-2
4.925000E-3	-3.326368E-2
4.930000E-3	-3.242195E-2
4.935000E-3	-3.207511E-2
4.940000E-3	-3.237259E-2
4.945000E-3	-3.202438E-2
4.950000E-3	-3.105652E-2
4.955000E-3	-3.148836E-2
4.960000E-3	-3.140473E-2
4.965000E-3	-3.118813E-2
4.970000E-3	-3.134441E-2
4.975000E-3	-3.121281E-2
4.980000E-3	-2.941966E-2
4.985000E-3	-2.904677E-2
4.990000E-3	-2.925652E-2
4.995000E-3	-2.850389E-2
5.000000E-3	-2.880412E-2
5.005000E-3	-2.794319E-2
5.010000E-3	-2.516025E-2
5.015000E-3	-2.461600E-2
5.020000E-3	-2.386749E-2
5.025000E-3	-2.370435E-2
5.030000E-3	-2.497929E-2
5.035000E-3	-2.578402E-2
5.040000E-3	-2.664495E-2
5.045000E-3	-2.920032E-2
5.050000E-3	-3.046840E-2
5.055000E-3	-3.056574E-2
5.060000E-3	-3.125393E-2
5.065000E-3	-3.076178E-2
5.070000E-3	-2.895904E-2
5.075000E-3	-2.869034E-2
5.080000E-3	-2.829826E-2
5.085000E-3	-2.614182E-2
5.090000E-3	-2.660382E-2
5.095000E-3	-2.684098E-2
5.100000E-3	-2.580184E-2
5.105000E-3	-2.605271E-2
5.110000E-3	-2.693284E-2
5.115000E-3	-2.651882E-2
5.120000E-3	-2.654487E-2
5.125000E-3	-2.790618E-2
5.130000E-3	-2.852720E-2
5.135000E-3	-2.965683E-2
5.140000E-3	-3.114015E-2
5.145000E-3	-3.150618E-2
5.150000E-3	-3.261113E-2
5.155000E-3	-3.408074E-2
5.160000E-3	-3.317869E-2
5.165000E-3	-3.276193E-2
5.170000E-3	-3.351867E-2
5.175000E-3	-3.289628E-2
5.180000E-3	-3.257549E-2
5.185000E-3	-3.376544E-2
5.190000E-3	-3.258097E-2
5.195000E-3	-3.216833E-2
5.200000E-3	-3.235751E-2
5.205000E-3	-3.052461E-2
5.210000E-3	-2.924418E-2
5.215000E-3	-2.878630E-2
5.220000E-3	-2.695888E-2
5.225000E-3	-2.566886E-2
5.230000E-3	-2.628165E-2
5.235000E-3	-2.649140E-2
5.240000E-3	-2.658874E-2
5.245000E-3	-2.769780E-2
5.250000E-3	-2.823246E-2
5.255000E-3	-2.806383E-2
5.260000E-3	-2.845043E-2
5.265000E-3	-2.849704E-2
5.270000E-3	-2.810770E-2
5.275000E-3	-2.846551E-2
5.280000E-3	-2.893573E-2
5.285000E-3	-2.868485E-2
5.290000E-3	-2.846688E-2
5.295000E-3	-2.819681E-2
5.300000E-3	-2.726460E-2
5.305000E-3	-2.719057E-2
5.310000E-3	-2.858752E-2
5.315000E-3	-2.869308E-2
5.320000E-3	-2.929765E-2
5.325000E-3	-3.012019E-2
5.330000E-3	-2.912080E-2
5.335000E-3	-2.797884E-2
5.340000E-3	-2.733588E-2
5.345000E-3	-2.604586E-2
5.350000E-3	-2.585667E-2
5.355000E-3	-2.668470E-2
5.360000E-3	-2.717549E-2
5.365000E-3	-2.786368E-2
5.370000E-3	-2.947313E-2
5.375000E-3	-2.996254E-2
5.380000E-3	-3.009963E-2
5.385000E-3	-3.178036E-2
5.390000E-3	-3.258234E-2
5.395000E-3	-3.264266E-2
5.400000E-3	-3.364342E-2
5.405000E-3	-3.356528E-2
5.410000E-3	-3.308409E-2
5.415000E-3	-3.327328E-2
5.420000E-3	-3.259331E-2
5.425000E-3	-3.171867E-2
5.430000E-3	-3.120732E-2
5.435000E-3	-3.041494E-2
5.440000E-3	-2.963489E-2
5.445000E-3	-2.974594E-2
5.450000E-3	-2.907145E-2
5.455000E-3	-2.844357E-2
5.460000E-3	-2.891654E-2
5.465000E-3	-2.853268E-2
5.470000E-3	-2.758950E-2
5.475000E-3	-2.729887E-2
5.480000E-3	-2.594441E-2
5.485000E-3	-2.477914E-2
5.490000E-3	-2.466810E-2
5.495000E-3	-2.451181E-2
5.500000E-3	-2.463382E-2
5.505000E-3	-2.583748E-2
5.510000E-3	-2.674639E-2
5.515000E-3	-2.721936E-2
5.520000E-3	-2.849293E-2
5.525000E-3	-2.915096E-2
5.530000E-3	-2.858752E-2
5.535000E-3	-2.914137E-2
5.540000E-3	-3.008044E-2
5.545000E-3	-3.062195E-2
5.550000E-3	-3.185987E-2
5.555000E-3	-3.303063E-2
5.560000E-3	-3.366125E-2
5.565000E-3	-3.464419E-2
5.570000E-3	-3.492248E-2
5.575000E-3	-3.421921E-2
5.580000E-3	-3.436589E-2
5.585000E-3	-3.383535E-2
5.590000E-3	-3.241235E-2
5.595000E-3	-3.190511E-2
5.600000E-3	-3.095233E-2
5.605000E-3	-2.893162E-2
5.610000E-3	-2.791578E-2
5.615000E-3	-2.686840E-2
5.620000E-3	-2.562088E-2
5.625000E-3	-2.531242E-2
5.630000E-3	-2.490389E-2
5.635000E-3	-2.364814E-2
5.640000E-3	-2.296817E-2
5.645000E-3	-2.245408E-2
5.650000E-3	-2.155751E-2
5.655000E-3	-2.124083E-2
5.660000E-3	-2.182758E-2
5.665000E-3	-2.271318E-2
5.670000E-3	-2.441859E-2
5.675000E-3	-2.665180E-2
5.680000E-3	-2.807891E-2
5.685000E-3	-3.042042E-2
5.690000E-3	-3.256178E-2
5.695000E-3	-3.327876E-2
5.700000E-3	-3.388333E-2
5.705000E-3	-3.483200E-2
5.710000E-3	-3.492934E-2
5.715000E-3	-3.455919E-2
5.720000E-3	-3.413558E-2
5.725000E-3	-3.321022E-2
5.730000E-3	-3.274000E-2
5.735000E-3	-3.340626E-2
5.740000E-3	-3.386962E-2
5.745000E-3	-3.433710E-2
5.750000E-3	-3.507739E-2
5.755000E-3	-3.416437E-2
5.760000E-3	-3.270298E-2
5.765000E-3	-3.165972E-2
5.770000E-3	-3.005302E-2
5.775000E-3	-2.878904E-2
5.780000E-3	-2.808028E-2
5.785000E-3	-2.754563E-2
5.790000E-3	-2.729750E-2
5.795000E-3	-2.793497E-2
5.800000E-3	-2.833253E-2
5.805000E-3	-2.852446E-2
5.810000E-3	-2.889323E-2
5.815000E-3	-2.876574E-2
5.820000E-3	-2.834076E-2
5.825000E-3	-2.781570E-2
5.830000E-3	-2.654487E-2
5.835000E-3	-2.514791E-2
5.840000E-3	-2.445835E-2
5.845000E-3	-2.422118E-2
5.850000E-3	-2.478325E-2
5.855000E-3	-2.584022E-2
5.860000E-3	-2.705073E-2
5.865000E-3	-2.768135E-2
5.870000E-3	-2.792674E-2
5.875000E-3	-2.773756E-2
5.880000E-3	-2.738798E-2
5.885000E-3	-2.718508E-2
5.890000E-3	-2.742225E-2
5.895000E-3	-2.750862E-2
5.900000E-3	-2.775401E-2
5.905000E-3	-2.814060E-2
5.910000E-3	-2.822697E-2
5.915000E-3	-2.857792E-2
5.920000E-3	-2.968836E-2
5.925000E-3	-3.098249E-2
5.930000E-3	-3.188592E-2
5.935000E-3	-3.283733E-2
5.940000E-3	-3.322393E-2
5.945000E-3	-3.295523E-2
5.950000E-3	-3.233284E-2
5.955000E-3	-3.162956E-2
5.960000E-3	-3.064662E-2
5.965000E-3	-3.009415E-2
5.970000E-3	-2.988851E-2
5.975000E-3	-2.968836E-2
5.980000E-3	-2.964997E-2
5.985000E-3	-2.969384E-2
5.990000E-3	-2.972400E-2
5.995000E-3	-3.003109E-2
6.000000E-3	-3.031898E-2
6.005000E-3	-3.013802E-2
6.010000E-3	-3.007770E-2
6.015000E-3	-3.028470E-2
6.020000E-3	-3.046018E-2
6.025000E-3	-3.075767E-2
6.030000E-3	-3.129780E-2
6.035000E-3	-3.202164E-2
6.040000E-3	-3.187358E-2
6.045000E-3	-3.161722E-2
6.050000E-3	-3.099620E-2
6.055000E-3	-2.984464E-2
6.060000E-3	-2.915370E-2
6.065000E-3	-2.918112E-2
6.070000E-3	-2.958143E-2
6.075000E-3	-2.992827E-2
6.080000E-3	-2.996254E-2
6.085000E-3	-2.951151E-2
6.090000E-3	-2.854228E-2
6.095000E-3	-2.743322E-2
6.100000E-3	-2.632964E-2
6.105000E-3	-2.556878E-2
6.110000E-3	-2.532339E-2
6.115000E-3	-2.523428E-2
6.120000E-3	-2.566200E-2
6.125000E-3	-2.622133E-2
6.130000E-3	-2.674502E-2
6.135000E-3	-2.757168E-2
6.140000E-3	-2.811044E-2
6.145000E-3	-2.869171E-2
6.150000E-3	-2.936757E-2
6.155000E-3	-2.983093E-2
6.160000E-3	-2.981585E-2
6.165000E-3	-3.027648E-2
6.170000E-3	-3.097016E-2
6.175000E-3	-3.158569E-2
6.180000E-3	-3.219575E-2
6.185000E-3	-3.272080E-2
6.190000E-3	-3.321159E-2
6.195000E-3	-3.345561E-2
6.200000E-3	-3.352690E-2
6.205000E-3	-3.335553E-2
6.210000E-3	-3.259331E-2
6.215000E-3	-3.153086E-2
6.220000E-3	-3.030664E-2
6.225000E-3	-2.883703E-2
6.230000E-3	-2.751821E-2
6.235000E-3	-2.670938E-2
6.240000E-3	-2.596498E-2
6.245000E-3	-2.578264E-2
6.250000E-3	-2.562225E-2
6.255000E-3	-2.496558E-2
6.260000E-3	-2.423763E-2
6.265000E-3	-2.369750E-2
6.270000E-3	-2.317792E-2
6.275000E-3	-2.323961E-2
6.280000E-3	-2.363718E-2
6.285000E-3	-2.463520E-2
6.290000E-3	-2.603215E-2
6.295000E-3	-2.761418E-2
6.300000E-3	-2.916741E-2
6.305000E-3	-3.048211E-2
6.310000E-3	-3.178173E-2
6.315000E-3	-3.276742E-2
6.320000E-3	-3.380930E-2
6.325000E-3	-3.427267E-2
6.330000E-3	-3.406703E-2
6.335000E-3	-3.303474E-2
6.340000E-3	-3.206414E-2
6.345000E-3	-3.145409E-2
6.350000E-3	-3.112918E-2
6.355000E-3	-3.121281E-2
6.360000E-3	-3.151852E-2
6.365000E-3	-3.121144E-2
6.370000E-3	-3.087008E-2
6.375000E-3	-3.032172E-2
6.380000E-3	-2.921814E-2
6.385000E-3	-2.810085E-2
6.390000E-3	-2.743596E-2
6.395000E-3	-2.691501E-2
6.400000E-3	-2.641463E-2
6.405000E-3	-2.649140E-2
6.410000E-3	-2.661341E-2
6.415000E-3	-2.639681E-2
6.420000E-3	-2.632415E-2
6.425000E-3	-2.625012E-2
6.430000E-3	-2.618295E-2
6.435000E-3	-2.638859E-2
6.440000E-3	-2.663672E-2
6.445000E-3	-2.713436E-2
6.450000E-3	-2.787465E-2
6.455000E-3	-2.826947E-2
6.460000E-3	-2.863824E-2
6.465000E-3	-2.887952E-2
6.470000E-3	-2.895629E-2
6.475000E-3	-2.917153E-2
6.480000E-3	-2.935660E-2
6.485000E-3	-2.973360E-2
6.490000E-3	-3.003657E-2
6.495000E-3	-3.045470E-2
6.500000E-3	-3.070283E-2
6.505000E-3	-3.087968E-2
6.510000E-3	-3.083718E-2
6.515000E-3	-3.074396E-2
6.520000E-3	-3.037792E-2
6.525000E-3	-3.031212E-2
6.530000E-3	-3.045332E-2
6.535000E-3	-3.082758E-2
6.540000E-3	-3.096879E-2
6.545000E-3	-3.110451E-2
6.550000E-3	-3.113467E-2
6.555000E-3	-3.093177E-2
6.560000E-3	-3.048348E-2
6.565000E-3	-2.984327E-2
6.570000E-3	-2.893573E-2
6.575000E-3	-2.859712E-2
6.580000E-3	-2.839833E-2
6.585000E-3	-2.825028E-2
6.590000E-3	-2.870953E-2
6.595000E-3	-2.870953E-2
6.600000E-3	-2.882469E-2
6.605000E-3	-2.869171E-2
6.610000E-3	-2.841753E-2
6.615000E-3	-2.810085E-2
6.620000E-3	-2.755249E-2
6.625000E-3	-2.692324E-2
6.630000E-3	-2.718371E-2
6.635000E-3	-2.774715E-2
6.640000E-3	-2.858204E-2
6.645000E-3	-2.946627E-2
6.650000E-3	-3.046840E-2
6.655000E-3	-3.106338E-2
6.660000E-3	-3.131700E-2
6.665000E-3	-3.111410E-2
6.670000E-3	-3.062057E-2
6.675000E-3	-3.015447E-2
6.680000E-3	-2.959239E-2
6.685000E-3	-2.946764E-2
6.690000E-3	-2.921265E-2
6.695000E-3	-2.887815E-2
6.700000E-3	-2.894258E-2
6.705000E-3	-2.914411E-2
6.710000E-3	-2.914000E-2
6.715000E-3	-2.935797E-2
6.720000E-3	-2.916467E-2
6.725000E-3	-2.855462E-2
6.730000E-3	-2.831745E-2
6.735000E-3	-2.792537E-2
6.740000E-3	-2.750862E-2
6.745000E-3	-2.735096E-2
6.750000E-3	-2.740580E-2
6.755000E-3	-2.744418E-2
6.760000E-3	-2.784860E-2
6.765000E-3	-2.854776E-2
6.770000E-3	-2.893025E-2
6.775000E-3	-2.930588E-2
6.780000E-3	-2.919072E-2
6.785000E-3	-2.896726E-2
6.790000E-3	-2.882469E-2
6.795000E-3	-2.870816E-2
6.800000E-3	-2.895081E-2
6.805000E-3	-2.942514E-2
6.810000E-3	-3.020382E-2
6.815000E-3	-3.117168E-2
6.820000E-3	-3.180641E-2
6.825000E-3	-3.207099E-2
6.830000E-3	-3.242743E-2
6.835000E-3	-3.224921E-2
6.840000E-3	-3.170085E-2
6.845000E-3	-3.115660E-2
6.850000E-3	-3.072751E-2
6.855000E-3	-3.038752E-2
6.860000E-3	-3.028059E-2
6.865000E-3	-3.009689E-2
6.870000E-3	-2.987343E-2
6.875000E-3	-2.989262E-2
6.880000E-3	-2.974182E-2
6.885000E-3	-2.969110E-2
6.890000E-3	-2.963352E-2
6.895000E-3	-2.970755E-2
6.900000E-3	-2.989399E-2
6.905000E-3	-3.028196E-2
6.910000E-3	-3.065211E-2
6.915000E-3	-3.087831E-2
6.920000E-3	-3.113055E-2
6.925000E-3	-3.137457E-2
6.930000E-3	-3.179818E-2
6.935000E-3	-3.193527E-2
6.940000E-3	-3.189003E-2
6.945000E-3	-3.148013E-2
6.950000E-3	-3.077686E-2
6.955000E-3	-2.971578E-2
6.960000E-3	-2.846277E-2
6.965000E-3	-2.710694E-2
6.970000E-3	-2.595264E-2
6.975000E-3	-2.533984E-2
6.980000E-3	-2.477366E-2
6.985000E-3	-2.452278E-2
6.990000E-3	-2.448303E-2
6.995000E-3	-2.438980E-2
7.000000E-3	-2.435690E-2
7.005000E-3	-2.422941E-2
7.010000E-3	-2.393740E-2
7.015000E-3	-2.381265E-2
7.020000E-3	-2.390450E-2
7.025000E-3	-2.432400E-2
7.030000E-3	-2.491760E-2
7.035000E-3	-2.543169E-2
7.040000E-3	-2.622133E-2
7.045000E-3	-2.749491E-2
7.050000E-3	-2.852583E-2
7.055000E-3	-2.947861E-2
7.060000E-3	-3.037518E-2
7.065000E-3	-3.108120E-2
7.070000E-3	-3.154045E-2
7.075000E-3	-3.189689E-2
7.080000E-3	-3.240550E-2
7.085000E-3	-3.300184E-2
7.090000E-3	-3.315812E-2
7.095000E-3	-3.345698E-2
7.100000E-3	-3.376406E-2
7.105000E-3	-3.360504E-2
7.110000E-3	-3.365850E-2
7.115000E-3	-3.362697E-2
7.120000E-3	-3.356117E-2
7.125000E-3	-3.326505E-2
7.130000E-3	-3.290039E-2
7.135000E-3	-3.217793E-2
7.140000E-3	-3.118813E-2
7.145000E-3	-3.020382E-2
7.150000E-3	-2.932644E-2
7.155000E-3	-2.899057E-2
7.160000E-3	-2.879041E-2
7.165000E-3	-2.879316E-2
7.170000E-3	-2.927846E-2
7.175000E-3	-2.952796E-2
7.180000E-3	-2.990359E-2
7.185000E-3	-3.035051E-2
7.190000E-3	-3.051639E-2
7.195000E-3	-3.026414E-2
7.200000E-3	-2.985698E-2
7.205000E-3	-2.928531E-2
7.210000E-3	-2.850527E-2
7.215000E-3	-2.762240E-2
7.220000E-3	-2.672720E-2
7.225000E-3	-2.595538E-2
7.230000E-3	-2.540427E-2
7.235000E-3	-2.537411E-2
7.240000E-3	-2.509856E-2
7.245000E-3	-2.524388E-2
7.250000E-3	-2.560031E-2
7.255000E-3	-2.614594E-2
7.260000E-3	-2.662987E-2
7.265000E-3	-2.738935E-2
7.270000E-3	-2.820367E-2
7.275000E-3	-2.873147E-2
7.280000E-3	-2.867115E-2
7.285000E-3	-2.929628E-2
7.290000E-3	-2.967465E-2
7.295000E-3	-2.984190E-2
7.300000E-3	-3.056711E-2
7.305000E-3	-3.105789E-2
7.310000E-3	-3.163368E-2
7.315000E-3	-3.194624E-2
7.320000E-3	-3.166109E-2
7.325000E-3	-3.113878E-2
7.330000E-3	-3.047526E-2
7.335000E-3	-2.986658E-2
7.340000E-3	-2.961022E-2
7.345000E-3	-2.914548E-2
7.350000E-3	-2.906871E-2
7.355000E-3	-2.891791E-2
7.360000E-3	-2.870953E-2
7.365000E-3	-2.881372E-2
7.370000E-3	-2.883291E-2
7.375000E-3	-2.870679E-2
7.380000E-3	-2.883977E-2
7.385000E-3	-2.870816E-2
7.390000E-3	-2.881646E-2
7.395000E-3	-2.925104E-2
7.400000E-3	-2.968150E-2
7.405000E-3	-3.000504E-2
7.410000E-3	-3.045881E-2
7.415000E-3	-3.090709E-2
7.420000E-3	-3.094411E-2
7.425000E-3	-3.053832E-2
7.430000E-3	-3.013939E-2
7.435000E-3	-2.947313E-2
7.440000E-3	-2.893710E-2
7.445000E-3	-2.857518E-2
7.450000E-3	-2.839011E-2
7.455000E-3	-2.840382E-2
7.460000E-3	-2.806383E-2
7.465000E-3	-2.778280E-2
7.470000E-3	-2.765393E-2
7.475000E-3	-2.785957E-2
7.480000E-3	-2.798021E-2
7.485000E-3	-2.821326E-2
7.490000E-3	-2.827221E-2
7.495000E-3	-2.852309E-2
7.500000E-3	-2.862453E-2
7.505000E-3	-2.855736E-2
7.510000E-3	-2.875203E-2
7.515000E-3	-2.909064E-2
7.520000E-3	-2.925652E-2
7.525000E-3	-2.933741E-2
7.530000E-3	-2.926064E-2
7.535000E-3	-2.914274E-2
7.540000E-3	-2.907282E-2
7.545000E-3	-2.932918E-2
7.550000E-3	-2.945668E-2
7.555000E-3	-2.976924E-2
7.560000E-3	-3.003383E-2
7.565000E-3	-3.012156E-2
7.570000E-3	-3.023535E-2
7.575000E-3	-3.042316E-2
7.580000E-3	-3.068501E-2
7.585000E-3	-3.096193E-2
7.590000E-3	-3.103459E-2
7.595000E-3	-3.112370E-2
7.600000E-3	-3.088653E-2
7.605000E-3	-3.027236E-2
7.610000E-3	-2.976376E-2
7.615000E-3	-2.921677E-2
7.620000E-3	-2.866155E-2
7.625000E-3	-2.819681E-2
7.630000E-3	-2.797610E-2
7.635000E-3	-2.801311E-2
7.640000E-3	-2.824891E-2
7.645000E-3	-2.829140E-2
7.650000E-3	-2.887952E-2
7.655000E-3	-2.954167E-2
7.660000E-3	-2.962804E-2
7.665000E-3	-2.952933E-2
7.670000E-3	-2.956772E-2
7.675000E-3	-2.966917E-2
7.680000E-3	-2.967054E-2
7.685000E-3	-2.995431E-2
7.690000E-3	-3.024495E-2
7.695000E-3	-3.046978E-2
7.700000E-3	-3.043962E-2
7.705000E-3	-3.050816E-2
7.710000E-3	-3.067815E-2
7.715000E-3	-3.057945E-2
7.720000E-3	-3.052461E-2
7.725000E-3	-3.062195E-2
7.730000E-3	-3.026414E-2
7.735000E-3	-3.008044E-2
7.740000E-3	-2.986932E-2
7.745000E-3	-2.956909E-2
7.750000E-3	-2.895355E-2
7.755000E-3	-2.865607E-2
7.760000E-3	-2.820230E-2
7.765000E-3	-2.769369E-2
7.770000E-3	-2.708089E-2
7.775000E-3	-2.661479E-2
7.780000E-3	-2.601570E-2
7.785000E-3	-2.571410E-2
7.790000E-3	-2.530968E-2
7.795000E-3	-2.508074E-2
7.800000E-3	-2.516437E-2
7.805000E-3	-2.541250E-2
7.810000E-3	-2.560854E-2
7.815000E-3	-2.573878E-2
7.820000E-3	-2.574289E-2
7.825000E-3	-2.584571E-2
7.830000E-3	-2.587724E-2
7.835000E-3	-2.610892E-2
7.840000E-3	-2.666962E-2
7.845000E-3	-2.706307E-2
7.850000E-3	-2.770191E-2
7.855000E-3	-2.835310E-2
7.860000E-3	-2.911943E-2
7.865000E-3	-3.010237E-2
7.870000E-3	-3.110862E-2
7.875000E-3	-3.198326E-2
7.880000E-3	-3.249598E-2
7.885000E-3	-3.303611E-2
7.890000E-3	-3.343779E-2
7.895000E-3	-3.357351E-2
7.900000E-3	-3.376132E-2
7.905000E-3	-3.374761E-2
7.910000E-3	-3.377640E-2
7.915000E-3	-3.372431E-2
7.920000E-3	-3.377777E-2
7.925000E-3	-3.363657E-2
7.930000E-3	-3.335279E-2
7.935000E-3	-3.318691E-2
7.940000E-3	-3.254670E-2
7.945000E-3	-3.165287E-2
7.950000E-3	-3.080702E-2
7.955000E-3	-2.992278E-2
7.960000E-3	-2.910161E-2
7.965000E-3	-2.842849E-2
7.970000E-3	-2.805287E-2
7.975000E-3	-2.769917E-2
7.980000E-3	-2.782393E-2
7.985000E-3	-2.765805E-2
7.990000E-3	-2.734822E-2
7.995000E-3	-2.732080E-2
8.000000E-3	-2.710009E-2
8.005000E-3	-2.712202E-2
8.010000E-3	-2.698493E-2
8.015000E-3	-2.710831E-2
8.020000E-3	-2.740580E-2
8.025000E-3	-2.767861E-2
8.030000E-3	-2.774030E-2
8.035000E-3	-2.822423E-2
8.040000E-3	-2.832979E-2
8.045000E-3	-2.844495E-2
8.050000E-3	-2.878493E-2
8.055000E-3	-2.870405E-2
8.060000E-3	-2.839971E-2
8.065000E-3	-2.835172E-2
8.070000E-3	-2.811182E-2
8.075000E-3	-2.782804E-2
8.080000E-3	-2.785408E-2
8.085000E-3	-2.778828E-2
8.090000E-3	-2.799118E-2
8.095000E-3	-2.799940E-2
8.100000E-3	-2.785546E-2
8.105000E-3	-2.789384E-2
8.110000E-3	-2.790344E-2
8.115000E-3	-2.800626E-2
8.120000E-3	-2.823794E-2
8.125000E-3	-2.847785E-2
8.130000E-3	-2.878493E-2
8.135000E-3	-2.911532E-2
8.140000E-3	-2.975416E-2
8.145000E-3	-3.036833E-2
8.150000E-3	-3.125530E-2
8.155000E-3	-3.183794E-2
8.160000E-3	-3.221631E-2
8.165000E-3	-3.258783E-2
8.170000E-3	-3.259331E-2
8.175000E-3	-3.261387E-2
8.180000E-3	-3.229582E-2
8.185000E-3	-3.181052E-2
8.190000E-3	-3.166658E-2
8.195000E-3	-3.146642E-2
8.200000E-3	-3.132796E-2
8.205000E-3	-3.138280E-2
8.210000E-3	-3.126901E-2
8.215000E-3	-3.093725E-2
8.220000E-3	-3.036559E-2
8.225000E-3	-2.973360E-2
8.230000E-3	-2.894121E-2
8.235000E-3	-2.845728E-2
8.240000E-3	-2.769369E-2
8.245000E-3	-2.707267E-2
8.250000E-3	-2.681494E-2
8.255000E-3	-2.688074E-2
8.260000E-3	-2.689993E-2
8.265000E-3	-2.720290E-2
8.270000E-3	-2.776635E-2
8.275000E-3	-2.798021E-2
8.280000E-3	-2.808166E-2
8.285000E-3	-2.825165E-2
8.290000E-3	-2.782804E-2
8.295000E-3	-2.747983E-2
8.300000E-3	-2.702332E-2
8.305000E-3	-2.682316E-2
8.310000E-3	-2.709734E-2
8.315000E-3	-2.751273E-2
8.320000E-3	-2.817625E-2
8.325000E-3	-2.875066E-2
8.330000E-3	-2.949917E-2
8.335000E-3	-3.033406E-2
8.340000E-3	-3.055477E-2
8.345000E-3	-3.069597E-2
8.350000E-3	-3.099620E-2
8.355000E-3	-3.101951E-2
8.360000E-3	-3.081387E-2
8.365000E-3	-3.086460E-2
8.370000E-3	-3.089613E-2
8.375000E-3	-3.099072E-2
8.380000E-3	-3.109217E-2
8.385000E-3	-3.096056E-2
8.390000E-3	-3.076315E-2
8.395000E-3	-3.030252E-2
8.400000E-3	-2.992415E-2
8.405000E-3	-2.954030E-2
8.410000E-3	-2.906048E-2
8.415000E-3	-2.837229E-2
8.420000E-3	-2.790755E-2
8.425000E-3	-2.768272E-2
8.430000E-3	-2.752233E-2
8.435000E-3	-2.791166E-2
8.440000E-3	-2.816528E-2
8.445000E-3	-2.855873E-2
8.450000E-3	-2.899742E-2
8.455000E-3	-2.943885E-2
8.460000E-3	-2.962941E-2
8.465000E-3	-2.980626E-2
8.470000E-3	-3.005028E-2
8.475000E-3	-3.025043E-2
8.480000E-3	-3.034091E-2
8.485000E-3	-3.063017E-2
8.490000E-3	-3.120458E-2
8.495000E-3	-3.157473E-2
8.500000E-3	-3.171319E-2
8.505000E-3	-3.176391E-2
8.510000E-3	-3.145409E-2
8.515000E-3	-3.093725E-2
8.520000E-3	-3.031075E-2
8.525000E-3	-2.982408E-2
8.530000E-3	-2.916604E-2
8.535000E-3	-2.875614E-2
8.540000E-3	-2.838600E-2
8.545000E-3	-2.794731E-2
8.550000E-3	-2.763611E-2
8.555000E-3	-2.746338E-2
8.560000E-3	-2.743185E-2
8.565000E-3	-2.706033E-2
8.570000E-3	-2.701920E-2
8.575000E-3	-2.672857E-2
8.580000E-3	-2.621996E-2
8.585000E-3	-2.604997E-2
8.590000E-3	-2.581555E-2
8.595000E-3	-2.553862E-2
8.600000E-3	-2.559209E-2
8.605000E-3	-2.569354E-2
8.610000E-3	-2.582788E-2
8.615000E-3	-2.640504E-2
8.620000E-3	-2.700001E-2
8.625000E-3	-2.733862E-2
8.630000E-3	-2.803367E-2
8.635000E-3	-2.847648E-2
8.640000E-3	-2.869445E-2
8.645000E-3	-2.895355E-2
8.650000E-3	-2.935934E-2
8.655000E-3	-2.962255E-2
8.660000E-3	-2.994883E-2
8.665000E-3	-3.040671E-2
8.670000E-3	-3.083855E-2
8.675000E-3	-3.154045E-2
8.680000E-3	-3.193116E-2
8.685000E-3	-3.237671E-2
8.690000E-3	-3.257275E-2
8.695000E-3	-3.286201E-2
8.700000E-3	-3.288531E-2
8.705000E-3	-3.260154E-2
8.710000E-3	-3.242195E-2
8.715000E-3	-3.198737E-2
8.720000E-3	-3.164464E-2
8.725000E-3	-3.142530E-2
8.730000E-3	-3.122377E-2
8.735000E-3	-3.103870E-2
8.740000E-3	-3.076726E-2
8.745000E-3	-3.072202E-2
8.750000E-3	-3.053832E-2
8.755000E-3	-3.057671E-2
8.760000E-3	-3.067952E-2
8.765000E-3	-3.067815E-2
8.770000E-3	-3.059042E-2
8.775000E-3	-3.079879E-2
8.780000E-3	-3.070968E-2
8.785000E-3	-3.051364E-2
8.790000E-3	-3.020108E-2
8.795000E-3	-2.986246E-2
8.800000E-3	-2.928805E-2
8.805000E-3	-2.885073E-2
8.810000E-3	-2.822560E-2
8.815000E-3	-2.777320E-2
8.820000E-3	-2.714670E-2
8.825000E-3	-2.673680E-2
8.830000E-3	-2.661341E-2
8.835000E-3	-2.656543E-2
8.840000E-3	-2.651060E-2
8.845000E-3	-2.659833E-2
8.850000E-3	-2.653939E-2
8.855000E-3	-2.632552E-2
8.860000E-3	-2.620625E-2
8.865000E-3	-2.621996E-2
8.870000E-3	-2.660108E-2
8.875000E-3	-2.692872E-2
8.880000E-3	-2.711380E-2
8.885000E-3	-2.741128E-2
8.890000E-3	-2.779377E-2
8.895000E-3	-2.793360E-2
8.900000E-3	-2.841479E-2
8.905000E-3	-2.846277E-2
8.910000E-3	-2.847922E-2
8.915000E-3	-2.883154E-2
8.920000E-3	-2.926886E-2
8.925000E-3	-2.958280E-2
8.930000E-3	-2.976239E-2
8.935000E-3	-3.002149E-2
8.940000E-3	-3.025180E-2
8.945000E-3	-3.069049E-2
8.950000E-3	-3.079879E-2
8.955000E-3	-3.087419E-2
8.960000E-3	-3.109354E-2
8.965000E-3	-3.111821E-2
8.970000E-3	-3.122514E-2
8.975000E-3	-3.127998E-2
8.980000E-3	-3.122789E-2
8.985000E-3	-3.082484E-2
8.990000E-3	-3.054792E-2
8.995000E-3	-3.045332E-2
9.000000E-3	-3.007907E-2
9.005000E-3	-2.998310E-2
9.010000E-3	-2.979940E-2
9.015000E-3	-2.962941E-2
9.020000E-3	-2.952933E-2
9.025000E-3	-2.969384E-2
9.030000E-3	-2.964038E-2
9.035000E-3	-2.937305E-2
9.040000E-3	-2.923733E-2
9.045000E-3	-2.922910E-2
9.050000E-3	-2.927023E-2
9.055000E-3	-2.950603E-2
9.060000E-3	-2.954853E-2
9.065000E-3	-2.954030E-2
9.070000E-3	-2.951288E-2
9.075000E-3	-2.990907E-2
9.080000E-3	-2.966779E-2
9.085000E-3	-2.958143E-2
9.090000E-3	-2.988714E-2
9.095000E-3	-2.989537E-2
9.100000E-3	-2.972811E-2
9.105000E-3	-2.964586E-2
9.110000E-3	-2.976650E-2
9.115000E-3	-2.995157E-2
9.120000E-3	-2.977335E-2
9.125000E-3	-2.966917E-2
9.130000E-3	-2.966642E-2
9.135000E-3	-2.964723E-2
9.140000E-3	-2.949780E-2
9.145000E-3	-2.928942E-2
9.150000E-3	-2.913862E-2
9.155000E-3	-2.903169E-2
9.160000E-3	-2.874106E-2
9.165000E-3	-2.805561E-2
9.170000E-3	-2.770191E-2
9.175000E-3	-2.713573E-2
9.180000E-3	-2.677655E-2
9.185000E-3	-2.632415E-2
9.190000E-3	-2.623916E-2
9.195000E-3	-2.608424E-2
9.200000E-3	-2.598691E-2
9.205000E-3	-2.570450E-2
9.210000E-3	-2.592385E-2
9.215000E-3	-2.629536E-2
9.220000E-3	-2.652568E-2
9.225000E-3	-2.712202E-2
9.230000E-3	-2.758402E-2
9.235000E-3	-2.795964E-2
9.240000E-3	-2.836818E-2
9.245000E-3	-2.885485E-2
9.250000E-3	-2.938950E-2
9.255000E-3	-2.986383E-2
9.260000E-3	-3.029841E-2
9.265000E-3	-3.056711E-2
9.270000E-3	-3.130054E-2
9.275000E-3	-3.169537E-2
9.280000E-3	-3.215736E-2
9.285000E-3	-3.255492E-2
9.290000E-3	-3.265774E-2
9.295000E-3	-3.245622E-2
9.300000E-3	-3.236574E-2
9.305000E-3	-3.194761E-2
9.310000E-3	-3.126627E-2
9.315000E-3	-3.085226E-2
9.320000E-3	-3.036284E-2
9.325000E-3	-3.035051E-2
9.330000E-3	-3.010374E-2
9.335000E-3	-2.987754E-2
9.340000E-3	-2.991045E-2
9.345000E-3	-2.975553E-2
9.350000E-3	-2.954304E-2
9.355000E-3	-2.947998E-2
9.360000E-3	-2.923048E-2
9.365000E-3	-2.899057E-2
9.370000E-3	-2.897137E-2
9.375000E-3	-2.890694E-2
9.380000E-3	-2.883840E-2
9.385000E-3	-2.890009E-2
9.390000E-3	-2.886993E-2
9.395000E-3	-2.887541E-2
9.400000E-3	-2.881235E-2
9.405000E-3	-2.863002E-2
9.410000E-3	-2.847511E-2
9.415000E-3	-2.839559E-2
9.420000E-3	-2.827084E-2
9.425000E-3	-2.810633E-2
9.430000E-3	-2.813786E-2
9.435000E-3	-2.784312E-2
9.440000E-3	-2.769369E-2
9.445000E-3	-2.769780E-2
9.450000E-3	-2.740306E-2
9.455000E-3	-2.733177E-2
9.460000E-3	-2.737701E-2
9.465000E-3	-2.724814E-2
9.470000E-3	-2.731669E-2
9.475000E-3	-2.722210E-2
9.480000E-3	-2.718508E-2
9.485000E-3	-2.738798E-2
9.490000E-3	-2.770466E-2
9.495000E-3	-2.791029E-2
9.500000E-3	-2.813649E-2
9.505000E-3	-2.846140E-2
9.510000E-3	-2.876025E-2
9.515000E-3	-2.896315E-2
9.520000E-3	-2.905500E-2
9.525000E-3	-2.961707E-2
9.530000E-3	-2.962118E-2
9.535000E-3	-2.977335E-2
9.540000E-3	-3.001326E-2
9.545000E-3	-3.025728E-2
9.550000E-3	-3.031898E-2
9.555000E-3	-3.068638E-2
9.560000E-3	-3.082758E-2
9.565000E-3	-3.076178E-2
9.570000E-3	-3.104007E-2
9.575000E-3	-3.103733E-2
9.580000E-3	-3.110313E-2
9.585000E-3	-3.118402E-2
9.590000E-3	-3.102499E-2
9.595000E-3	-3.096741E-2
9.600000E-3	-3.114837E-2
9.605000E-3	-3.146368E-2
9.610000E-3	-3.161997E-2
9.615000E-3	-3.187633E-2
9.620000E-3	-3.193527E-2
9.625000E-3	-3.196955E-2
9.630000E-3	-3.186810E-2
9.635000E-3	-3.166246E-2
9.640000E-3	-3.146642E-2
9.645000E-3	-3.109628E-2
9.650000E-3	-3.070557E-2
9.655000E-3	-3.029978E-2
9.660000E-3	-2.976924E-2
9.665000E-3	-2.958006E-2
9.670000E-3	-2.917701E-2
9.675000E-3	-2.884936E-2
9.680000E-3	-2.842301E-2
9.685000E-3	-2.768546E-2
9.690000E-3	-2.702469E-2
9.695000E-3	-2.619392E-2
9.700000E-3	-2.555919E-2
9.705000E-3	-2.511090E-2
9.710000E-3	-2.473801E-2
9.715000E-3	-2.449536E-2
9.720000E-3	-2.438843E-2
9.725000E-3	-2.442133E-2
9.730000E-3	-2.438432E-2
9.735000E-3	-2.433908E-2
9.740000E-3	-2.484494E-2
9.745000E-3	-2.541524E-2
9.750000E-3	-2.581418E-2
9.755000E-3	-2.651745E-2
9.760000E-3	-2.714944E-2
9.765000E-3	-2.760869E-2
9.770000E-3	-2.812004E-2
9.775000E-3	-2.844769E-2
9.780000E-3	-2.892476E-2
9.785000E-3	-2.951562E-2
9.790000E-3	-3.008318E-2
9.795000E-3	-3.072613E-2
9.800000E-3	-3.108257E-2
9.805000E-3	-3.138691E-2
9.810000E-3	-3.133893E-2
9.815000E-3	-3.124982E-2
9.820000E-3	-3.125942E-2
9.825000E-3	-3.137320E-2
9.830000E-3	-3.122789E-2
9.835000E-3	-3.135949E-2
9.840000E-3	-3.154594E-2
9.845000E-3	-3.165424E-2
9.850000E-3	-3.173238E-2
9.855000E-3	-3.194898E-2
9.860000E-3	-3.192705E-2
9.865000E-3	-3.229171E-2
9.870000E-3	-3.256726E-2
9.875000E-3	-3.238356E-2
9.880000E-3	-3.244799E-2
9.885000E-3	-3.247815E-2
9.890000E-3	-3.238082E-2
9.895000E-3	-3.225470E-2
9.900000E-3	-3.192568E-2
9.905000E-3	-3.152537E-2
9.910000E-3	-3.145272E-2
9.915000E-3	-3.112781E-2
9.920000E-3	-3.096193E-2
9.925000E-3	-3.084403E-2
9.930000E-3	-3.028333E-2
9.935000E-3	-2.986246E-2
9.940000E-3	-2.921265E-2
9.945000E-3	-2.834487E-2
9.950000E-3	-2.746475E-2
9.955000E-3	-2.667648E-2
9.960000E-3	-2.609247E-2
9.965000E-3	-2.556467E-2
9.970000E-3	-2.525896E-2
9.975000E-3	-2.480793E-2
9.980000E-3	-2.476817E-2
9.985000E-3	-2.475446E-2
9.990000E-3	-2.470374E-2
9.995000E-3	-2.501082E-2
