0.000000E+0	7.869005E-4
5.000000E-6	8.609295E-4
1.000000E-5	1.058340E-3
1.500000E-5	8.705258E-4
2.000000E-5	9.034276E-4
2.500000E-5	8.691549E-4
3.000000E-5	8.198023E-4
3.500000E-5	8.705258E-4
4.000000E-5	9.610057E-4
4.500000E-5	8.732677E-4
5.000000E-5	9.733438E-4
5.500000E-5	8.485913E-4
6.000000E-5	7.457733E-4
6.500000E-5	1.028180E-3
7.000000E-5	1.015842E-3
7.500000E-5	8.184314E-4
8.000000E-5	1.013100E-3
8.500000E-5	9.774566E-4
9.000000E-5	1.157045E-3
9.500000E-5	1.181722E-3
1.000000E-4	8.568168E-4
1.050000E-4	6.744862E-4
1.100000E-4	7.060170E-4
1.150000E-4	7.265806E-4
1.200000E-4	7.731915E-4
1.250000E-4	8.828640E-4
1.300000E-4	1.052856E-3
1.350000E-4	9.212494E-4
1.400000E-4	8.499622E-4
1.450000E-4	9.623766E-4
1.500000E-4	9.541512E-4
1.550000E-4	8.376241E-4
1.600000E-4	7.827878E-4
1.650000E-4	9.719729E-4
1.700000E-4	9.843111E-4
1.750000E-4	9.541512E-4
1.800000E-4	7.690787E-4
1.850000E-4	8.568168E-4
1.900000E-4	9.212494E-4
1.950000E-4	8.444786E-4
2.000000E-4	9.034276E-4
2.050000E-4	9.267330E-4
2.100000E-4	8.335114E-4
2.150000E-4	1.018584E-3
2.200000E-4	9.760857E-4
2.250000E-4	1.195431E-3
2.300000E-4	1.047373E-3
2.350000E-4	9.596348E-4
2.400000E-4	8.938313E-4
2.450000E-4	9.431839E-4
2.500000E-4	8.677840E-4
2.550000E-4	9.390712E-4
2.600000E-4	8.444786E-4
2.650000E-4	7.567406E-4
2.700000E-4	8.677840E-4
2.750000E-4	8.252859E-4
2.800000E-4	8.403659E-4
2.850000E-4	9.555221E-4
2.900000E-4	8.952022E-4
2.950000E-4	8.705258E-4
3.000000E-4	9.925365E-4
3.050000E-4	9.856820E-4
3.100000E-4	9.047985E-4
3.150000E-4	1.132369E-3
3.200000E-4	1.147449E-3
3.250000E-4	1.207769E-3
3.300000E-4	1.098096E-3
3.350000E-4	8.650422E-4
3.400000E-4	8.897185E-4
3.450000E-4	8.115768E-4
3.500000E-4	8.897185E-4
3.550000E-4	8.705258E-4
3.600000E-4	9.294748E-4
3.650000E-4	9.390712E-4
3.700000E-4	9.486675E-4
3.750000E-4	8.225441E-4
3.800000E-4	7.279515E-4
3.850000E-4	8.403659E-4
3.900000E-4	8.705258E-4
3.950000E-4	9.733438E-4
4.000000E-4	9.349585E-4
4.050000E-4	7.910132E-4
4.100000E-4	7.238388E-4
4.150000E-4	7.485151E-4
4.200000E-4	8.554459E-4
4.250000E-4	7.964969E-4
4.300000E-4	7.128716E-4
4.350000E-4	8.993149E-4
4.400000E-4	8.348823E-4
4.450000E-4	8.691549E-4
4.500000E-4	8.293986E-4
4.550000E-4	8.431077E-4
4.600000E-4	8.979440E-4
4.650000E-4	9.925365E-4
4.700000E-4	1.043260E-3
4.750000E-4	1.065195E-3
4.800000E-4	1.024067E-3
4.850000E-4	9.486675E-4
4.900000E-4	1.058340E-3
4.950000E-4	9.966493E-4
5.000000E-4	1.055598E-3
5.050000E-4	9.980202E-4
5.100000E-4	9.623766E-4
5.150000E-4	9.610057E-4
5.200000E-4	1.078904E-3
5.250000E-4	1.010358E-3
5.300000E-4	9.541512E-4
5.350000E-4	9.843111E-4
5.400000E-4	8.705258E-4
5.450000E-4	7.951260E-4
5.500000E-4	8.033514E-4
5.550000E-4	8.006096E-4
5.600000E-4	6.319880E-4
5.650000E-4	7.252097E-4
5.700000E-4	8.293986E-4
5.750000E-4	9.089112E-4
5.800000E-4	9.349585E-4
5.850000E-4	9.267330E-4
5.900000E-4	9.335876E-4
5.950000E-4	9.541512E-4
6.000000E-4	1.044631E-3
6.050000E-4	9.322166E-4
6.100000E-4	9.143949E-4
6.150000E-4	8.828640E-4
6.200000E-4	9.527802E-4
6.250000E-4	1.015842E-3
6.300000E-4	1.019955E-3
6.350000E-4	8.801222E-4
6.400000E-4	8.773804E-4
6.450000E-4	7.951260E-4
6.500000E-4	1.041889E-3
6.550000E-4	1.033664E-3
6.600000E-4	1.055598E-3
6.650000E-4	8.595586E-4
6.700000E-4	8.814931E-4
6.750000E-4	8.910894E-4
6.800000E-4	9.349585E-4
6.850000E-4	1.037776E-3
6.900000E-4	8.540750E-4
6.950000E-4	6.744862E-4
7.000000E-4	9.157658E-4
7.050000E-4	1.036406E-3
7.100000E-4	8.321404E-4
7.150000E-4	8.389950E-4
7.200000E-4	7.457733E-4
7.250000E-4	8.431077E-4
7.300000E-4	7.156134E-4
7.350000E-4	9.034276E-4
7.400000E-4	8.732677E-4
7.450000E-4	9.267330E-4
7.500000E-4	6.456971E-4
7.550000E-4	6.429553E-4
7.600000E-4	7.581115E-4
7.650000E-4	9.102821E-4
7.700000E-4	9.322166E-4
7.750000E-4	1.013100E-3
7.800000E-4	1.052856E-3
7.850000E-4	9.993911E-4
7.900000E-4	8.773804E-4
7.950000E-4	8.897185E-4
8.000000E-4	8.568168E-4
8.050000E-4	7.320642E-4
8.100000E-4	9.349585E-4
8.150000E-4	9.171367E-4
8.200000E-4	1.011729E-3
8.250000E-4	9.815693E-4
8.300000E-4	9.555221E-4
8.350000E-4	8.444786E-4
8.400000E-4	9.253621E-4
8.450000E-4	8.307695E-4
8.500000E-4	1.008987E-3
8.550000E-4	1.007617E-3
8.600000E-4	1.032293E-3
8.650000E-4	9.541512E-4
8.700000E-4	1.067936E-3
8.750000E-4	1.165271E-3
8.800000E-4	9.911656E-4
8.850000E-4	9.116530E-4
8.900000E-4	9.884238E-4
8.950000E-4	8.732677E-4
9.000000E-4	7.635951E-4
9.050000E-4	9.760857E-4
9.100000E-4	8.623004E-4
9.150000E-4	8.650422E-4
9.200000E-4	8.965731E-4
9.250000E-4	9.966493E-4
9.300000E-4	1.072049E-3
9.350000E-4	1.026809E-3
9.400000E-4	1.136482E-3
9.450000E-4	1.046002E-3
9.500000E-4	8.321404E-4
9.550000E-4	9.692311E-4
9.600000E-4	7.759333E-4
9.650000E-4	8.348823E-4
9.700000E-4	8.581877E-4
9.750000E-4	8.102059E-4
9.800000E-4	8.636713E-4
9.850000E-4	7.663369E-4
9.900000E-4	8.568168E-4
9.950000E-4	9.143949E-4
1.000000E-3	9.267330E-4
1.005000E-3	9.733438E-4
1.010000E-3	1.091242E-3
1.015000E-3	1.039147E-3
1.020000E-3	8.760095E-4
1.025000E-3	6.690025E-4
1.030000E-3	9.267330E-4
1.035000E-3	1.102209E-3
1.040000E-3	8.801222E-4
1.045000E-3	7.553697E-4
1.050000E-3	9.198785E-4
1.055000E-3	1.036406E-3
1.060000E-3	1.070678E-3
1.065000E-3	1.032293E-3
1.070000E-3	1.006246E-3
1.075000E-3	9.500384E-4
1.080000E-3	9.308457E-4
1.085000E-3	1.014471E-3
1.090000E-3	1.205027E-3
1.095000E-3	1.143336E-3
1.100000E-3	1.110435E-3
1.105000E-3	9.294748E-4
1.110000E-3	1.025438E-3
1.115000E-3	9.239912E-4
1.120000E-3	1.043260E-3
1.125000E-3	8.156896E-4
1.130000E-3	9.884238E-4
1.135000E-3	9.856820E-4
1.140000E-3	8.705258E-4
1.145000E-3	7.896423E-4
1.150000E-3	8.650422E-4
1.155000E-3	9.897947E-4
1.160000E-3	1.019955E-3
1.165000E-3	9.692311E-4
1.170000E-3	9.747148E-4
1.175000E-3	7.869005E-4
1.180000E-3	7.526278E-4
1.185000E-3	8.458495E-4
1.190000E-3	8.993149E-4
1.195000E-3	9.527802E-4
1.200000E-3	9.102821E-4
1.205000E-3	9.829402E-4
1.210000E-3	8.513331E-4
1.215000E-3	9.555221E-4
1.220000E-3	9.239912E-4
1.225000E-3	1.084387E-3
1.230000E-3	1.011729E-3
1.235000E-3	9.870529E-4
1.240000E-3	9.198785E-4
1.245000E-3	1.033664E-3
1.250000E-3	8.760095E-4
1.255000E-3	7.773042E-4
1.260000E-3	1.003504E-3
1.265000E-3	9.993911E-4
1.270000E-3	9.267330E-4
1.275000E-3	8.705258E-4
1.280000E-3	9.664893E-4
1.285000E-3	1.195431E-3
1.290000E-3	1.014471E-3
1.295000E-3	7.978678E-4
1.300000E-3	7.704496E-4
1.305000E-3	6.964207E-4
1.310000E-3	9.335876E-4
1.315000E-3	7.526278E-4
1.320000E-3	5.607009E-4
1.325000E-3	8.170605E-4
1.330000E-3	9.294748E-4
1.335000E-3	8.746386E-4
1.340000E-3	6.799698E-4
1.345000E-3	5.744100E-4
1.350000E-3	6.964207E-4
1.355000E-3	7.718205E-4
1.360000E-3	9.377003E-4
1.365000E-3	9.692311E-4
1.370000E-3	8.019805E-4
1.375000E-3	8.718967E-4
1.380000E-3	9.925365E-4
1.385000E-3	9.856820E-4
1.390000E-3	8.677840E-4
1.395000E-3	8.266568E-4
1.400000E-3	9.294748E-4
1.405000E-3	9.911656E-4
1.410000E-3	8.362532E-4
1.415000E-3	9.198785E-4
1.420000E-3	9.363294E-4
1.425000E-3	8.527040E-4
1.430000E-3	8.198023E-4
1.435000E-3	9.075403E-4
1.440000E-3	9.335876E-4
1.445000E-3	9.349585E-4
1.450000E-3	7.910132E-4
1.455000E-3	9.939075E-4
1.460000E-3	9.226203E-4
1.465000E-3	1.078904E-3
1.470000E-3	8.581877E-4
1.475000E-3	1.035035E-3
1.480000E-3	1.004875E-3
1.485000E-3	9.664893E-4
1.490000E-3	9.459257E-4
1.495000E-3	1.019955E-3
1.500000E-3	1.011729E-3
1.505000E-3	9.034276E-4
1.510000E-3	9.281039E-4
1.515000E-3	9.006858E-4
1.520000E-3	7.635951E-4
1.525000E-3	8.239150E-4
1.530000E-3	9.623766E-4
1.535000E-3	8.115768E-4
1.540000E-3	8.088350E-4
1.545000E-3	1.072049E-3
1.550000E-3	1.011729E-3
1.555000E-3	8.869767E-4
1.560000E-3	9.198785E-4
1.565000E-3	8.801222E-4
1.570000E-3	8.814931E-4
1.575000E-3	9.774566E-4
1.580000E-3	1.058340E-3
1.585000E-3	8.609295E-4
1.590000E-3	9.239912E-4
1.595000E-3	9.500384E-4
1.600000E-3	1.021326E-3
1.605000E-3	9.911656E-4
1.610000E-3	9.637475E-4
1.615000E-3	8.869767E-4
1.620000E-3	9.856820E-4
1.625000E-3	9.747148E-4
1.630000E-3	9.719729E-4
1.635000E-3	8.252859E-4
1.640000E-3	7.197261E-4
1.645000E-3	9.047985E-4
1.650000E-3	9.555221E-4
1.655000E-3	9.006858E-4
1.660000E-3	1.039147E-3
1.665000E-3	9.747148E-4
1.670000E-3	9.472966E-4
1.675000E-3	1.044631E-3
1.680000E-3	8.636713E-4
1.685000E-3	8.938313E-4
1.690000E-3	9.747148E-4
1.695000E-3	9.157658E-4
1.700000E-3	9.952784E-4
1.705000E-3	1.066566E-3
1.710000E-3	1.037776E-3
1.715000E-3	9.431839E-4
1.720000E-3	9.527802E-4
1.725000E-3	8.485913E-4
1.730000E-3	7.731915E-4
1.735000E-3	9.541512E-4
1.740000E-3	1.008987E-3
1.745000E-3	1.130998E-3
1.750000E-3	1.067936E-3
1.755000E-3	1.209140E-3
1.760000E-3	1.155674E-3
1.765000E-3	1.107693E-3
1.770000E-3	9.404421E-4
1.775000E-3	9.006858E-4
1.780000E-3	9.418130E-4
1.785000E-3	8.705258E-4
1.790000E-3	1.136482E-3
1.795000E-3	1.102209E-3
1.800000E-3	8.938313E-4
1.805000E-3	1.015842E-3
1.810000E-3	9.952784E-4
1.815000E-3	9.541512E-4
1.820000E-3	9.747148E-4
1.825000E-3	1.095355E-3
1.830000E-3	9.788275E-4
1.835000E-3	8.403659E-4
1.840000E-3	8.060932E-4
1.845000E-3	8.718967E-4
1.850000E-3	9.185076E-4
1.855000E-3	1.015842E-3
1.860000E-3	9.020567E-4
1.865000E-3	9.623766E-4
1.870000E-3	1.174867E-3
1.875000E-3	1.015842E-3
1.880000E-3	1.235187E-3
1.885000E-3	9.884238E-4
1.890000E-3	1.111805E-3
1.895000E-3	1.224220E-3
1.900000E-3	1.055598E-3
1.905000E-3	9.281039E-4
1.910000E-3	9.993911E-4
1.915000E-3	9.308457E-4
1.920000E-3	9.253621E-4
1.925000E-3	7.101297E-4
1.930000E-3	8.705258E-4
1.935000E-3	1.017213E-3
1.940000E-3	9.500384E-4
1.945000E-3	1.091242E-3
1.950000E-3	1.052856E-3
1.955000E-3	1.051486E-3
1.960000E-3	1.035035E-3
1.965000E-3	1.050115E-3
1.970000E-3	9.610057E-4
1.975000E-3	9.445548E-4
1.980000E-3	1.048744E-3
1.985000E-3	1.039147E-3
1.990000E-3	9.143949E-4
1.995000E-3	8.033514E-4
2.000000E-3	7.348061E-4
2.005000E-3	9.020567E-4
2.010000E-3	9.500384E-4
2.015000E-3	7.827878E-4
2.020000E-3	7.416606E-4
2.025000E-3	8.664131E-4
2.030000E-3	8.814931E-4
2.035000E-3	8.376241E-4
2.040000E-3	7.320642E-4
2.045000E-3	7.444024E-4
2.050000E-3	8.869767E-4
2.055000E-3	9.856820E-4
2.060000E-3	8.856058E-4
2.065000E-3	9.897947E-4
2.070000E-3	9.308457E-4
2.075000E-3	9.418130E-4
2.080000E-3	8.924603E-4
2.085000E-3	9.678602E-4
2.090000E-3	1.054227E-3
2.095000E-3	1.083016E-3
2.100000E-3	9.582639E-4
2.105000E-3	8.019805E-4
2.110000E-3	9.719729E-4
2.115000E-3	1.014471E-3
2.120000E-3	1.063824E-3
2.125000E-3	8.910894E-4
2.130000E-3	9.774566E-4
2.135000E-3	9.116530E-4
2.140000E-3	8.869767E-4
2.145000E-3	7.704496E-4
2.150000E-3	8.458495E-4
2.155000E-3	1.037776E-3
2.160000E-3	1.192689E-3
2.165000E-3	1.059711E-3
2.170000E-3	1.047373E-3
2.175000E-3	8.883476E-4
2.180000E-3	9.157658E-4
2.185000E-3	1.052856E-3
2.190000E-3	1.143336E-3
2.195000E-3	1.080275E-3
2.200000E-3	8.417368E-4
2.205000E-3	7.937551E-4
2.210000E-3	9.267330E-4
2.215000E-3	9.952784E-4
2.220000E-3	1.041889E-3
2.225000E-3	9.610057E-4
2.230000E-3	8.677840E-4
2.235000E-3	9.116530E-4
2.240000E-3	9.143949E-4
2.245000E-3	8.033514E-4
2.250000E-3	6.827116E-4
2.255000E-3	9.966493E-4
2.260000E-3	1.132369E-3
2.265000E-3	1.081645E-3
2.270000E-3	7.923841E-4
2.275000E-3	9.226203E-4
2.280000E-3	1.039147E-3
2.285000E-3	1.210511E-3
2.290000E-3	1.104951E-3
2.295000E-3	9.966493E-4
2.300000E-3	8.595586E-4
2.305000E-3	9.706020E-4
2.310000E-3	9.706020E-4
2.315000E-3	9.308457E-4
2.320000E-3	8.705258E-4
2.325000E-3	9.185076E-4
2.330000E-3	9.459257E-4
2.335000E-3	1.019955E-3
2.340000E-3	9.198785E-4
2.345000E-3	9.637475E-4
2.350000E-3	1.018584E-3
2.355000E-3	9.500384E-4
2.360000E-3	1.135111E-3
2.365000E-3	1.103580E-3
2.370000E-3	9.651184E-4
2.375000E-3	9.719729E-4
2.380000E-3	1.085758E-3
2.385000E-3	9.335876E-4
2.390000E-3	1.003504E-3
2.395000E-3	8.321404E-4
2.400000E-3	1.117289E-3
2.405000E-3	7.457733E-4
2.410000E-3	1.130998E-3
2.415000E-3	7.005334E-4
2.420000E-3	1.011729E-3
2.425000E-3	6.155372E-4
2.430000E-3	1.232445E-3
2.435000E-3	1.240671E-3
2.440000E-3	2.591014E-4
2.445000E-3	8.066416E-3
2.450000E-3	4.150695E-2
2.455000E-3	-1.932704E-2
2.460000E-3	-8.292478E-2
2.465000E-3	-6.429827E-2
2.470000E-3	-7.852829E-2
2.475000E-3	-7.333666E-2
2.480000E-3	1.845652E-2
2.485000E-3	-1.605606E-2
2.490000E-3	-7.134610E-2
2.495000E-3	4.034579E-2
2.500000E-3	9.126538E-2
2.505000E-3	1.391608E-1
2.510000E-3	1.905053E-1
2.515000E-3	1.304322E-1
2.520000E-3	6.047070E-3
2.525000E-3	-5.119103E-2
2.530000E-3	-1.361310E-3
2.535000E-3	-8.796149E-2
2.540000E-3	-4.673284E-2
2.545000E-3	-3.211623E-2
2.550000E-3	-5.312401E-2
2.555000E-3	1.073146E-2
2.560000E-3	-4.060763E-2
2.565000E-3	-2.827221E-2
2.570000E-3	-1.438355E-2
2.575000E-3	7.524222E-2
2.580000E-3	3.031212E-2
2.585000E-3	-3.110176E-2
2.590000E-3	4.130954E-2
2.595000E-3	1.370770E-2
2.600000E-3	3.386140E-3
2.605000E-3	6.824374E-3
2.610000E-3	-2.029628E-2
2.615000E-3	-2.062118E-2
2.620000E-3	-3.893375E-3
2.625000E-3	1.967800E-2
2.630000E-3	-1.392704E-2
2.635000E-3	-8.895814E-3
2.640000E-3	-1.540351E-2
2.645000E-3	-1.387906E-2
2.650000E-3	3.844845E-2
2.655000E-3	1.324844E-2
2.660000E-3	-2.683002E-2
2.665000E-3	1.552826E-2
2.670000E-3	8.810818E-3
2.675000E-3	-2.060610E-2
2.680000E-3	-3.017366E-3
2.685000E-3	3.690344E-2
2.690000E-3	-1.158828E-2
2.695000E-3	-1.864022E-2
2.700000E-3	3.846353E-2
2.705000E-3	-1.136482E-2
2.710000E-3	-9.260476E-3
2.715000E-3	5.746567E-2
2.720000E-3	2.237320E-2
2.725000E-3	-1.326489E-2
2.730000E-3	2.748257E-2
2.735000E-3	5.800307E-3
2.740000E-3	-3.366947E-2
2.745000E-3	-3.530085E-3
2.750000E-3	1.299483E-2
2.755000E-3	-2.665865E-2
2.760000E-3	-3.069186E-2
2.765000E-3	1.158416E-3
2.770000E-3	-5.911350E-3
2.775000E-3	-9.575784E-3
2.780000E-3	3.881037E-3
2.785000E-3	-1.332521E-3
2.790000E-3	-1.277000E-2
2.795000E-3	-1.008028E-2
2.800000E-3	-6.515920E-3
2.805000E-3	-1.641661E-2
2.810000E-3	-7.804573E-3
2.815000E-3	-1.569688E-3
2.820000E-3	7.895052E-3
2.825000E-3	2.800488E-2
2.830000E-3	2.249110E-2
2.835000E-3	2.032918E-2
2.840000E-3	2.789658E-2
2.845000E-3	1.729947E-2
2.850000E-3	5.209446E-4
2.855000E-3	3.002286E-4
2.860000E-3	-4.026353E-3
2.865000E-3	-1.081645E-2
2.870000E-3	-1.101798E-2
2.875000E-3	4.980505E-3
2.880000E-3	1.004601E-2
2.885000E-3	-5.250573E-4
2.890000E-3	-4.444480E-3
2.895000E-3	-1.042849E-2
2.900000E-3	-7.797718E-3
2.905000E-3	-6.744862E-3
2.910000E-3	-6.238997E-3
2.915000E-3	-6.703734E-3
2.920000E-3	-1.237792E-2
2.925000E-3	-9.426355E-3
2.930000E-3	6.683171E-3
2.935000E-3	7.879972E-3
2.940000E-3	-7.800460E-4
2.945000E-3	-1.081920E-2
2.950000E-3	-1.043671E-2
2.955000E-3	-5.243719E-3
2.960000E-3	7.771671E-3
2.965000E-3	1.256025E-2
2.970000E-3	1.208866E-2
2.975000E-3	1.331151E-3
2.980000E-3	5.593300E-3
2.985000E-3	2.300107E-2
2.990000E-3	1.654959E-2
2.995000E-3	2.078295E-2
3.000000E-3	8.025289E-3
3.005000E-3	-3.170907E-3
3.010000E-3	-6.059408E-3
3.015000E-3	-9.075403E-3
3.020000E-3	-5.277991E-3
3.025000E-3	-1.137030E-2
3.030000E-3	-1.372278E-3
3.035000E-3	-5.820870E-3
3.040000E-3	-1.175278E-2
3.045000E-3	1.121402E-3
3.050000E-3	1.430678E-2
3.055000E-3	1.492918E-3
3.060000E-3	-1.244235E-2
3.065000E-3	5.426049E-3
3.070000E-3	9.342730E-3
3.075000E-3	-1.716375E-3
3.080000E-3	3.732979E-3
3.085000E-3	5.236864E-4
3.090000E-3	-4.562378E-3
3.095000E-3	3.424525E-3
3.100000E-3	7.741511E-3
3.105000E-3	7.038236E-3
3.110000E-3	5.005181E-3
3.115000E-3	5.175173E-3
3.120000E-3	8.668244E-3
3.125000E-3	4.085302E-4
3.130000E-3	-1.093984E-3
3.135000E-3	6.950498E-3
3.140000E-3	8.886218E-3
3.145000E-3	1.078355E-2
3.150000E-3	5.401373E-3
3.155000E-3	6.855905E-3
3.160000E-3	-5.546689E-3
3.165000E-3	-1.310724E-2
3.170000E-3	-3.676772E-3
3.175000E-3	-1.266718E-3
3.180000E-3	-2.367556E-3
3.185000E-3	-2.846003E-3
3.190000E-3	2.384007E-3
3.195000E-3	-6.934047E-3
3.200000E-3	-1.191866E-2
3.205000E-3	-1.302361E-3
3.210000E-3	-1.148820E-3
3.215000E-3	4.589796E-3
3.220000E-3	6.215692E-3
3.225000E-3	-7.518053E-3
3.230000E-3	-3.743947E-3
3.235000E-3	4.277229E-4
3.240000E-3	3.933132E-3
3.245000E-3	6.939530E-3
3.250000E-3	5.851030E-3
3.255000E-3	8.676469E-3
3.260000E-3	8.854687E-3
3.265000E-3	1.444113E-2
3.270000E-3	1.318127E-2
3.275000E-3	1.137990E-2
3.280000E-3	1.006657E-2
3.285000E-3	-9.349585E-4
3.290000E-3	-1.991928E-3
3.295000E-3	-2.826810E-3
3.300000E-3	-6.064892E-3
3.305000E-3	-5.962074E-3
3.310000E-3	-3.397107E-3
3.315000E-3	-1.828790E-3
3.320000E-3	-1.532948E-2
3.325000E-3	-8.088350E-3
3.330000E-3	1.072323E-2
3.335000E-3	7.796347E-3
3.340000E-3	1.557350E-2
3.345000E-3	2.112567E-2
3.350000E-3	6.827116E-3
3.355000E-3	-4.125059E-3
3.360000E-3	3.458798E-3
3.365000E-3	2.399087E-4
3.370000E-3	-1.813161E-2
3.375000E-3	-2.036208E-2
3.380000E-3	-2.451044E-2
3.385000E-3	-2.777731E-2
3.390000E-3	-1.078081E-2
3.395000E-3	-1.686215E-4
3.400000E-3	-2.240062E-3
3.405000E-3	1.070404E-2
3.410000E-3	2.640915E-2
3.415000E-3	2.224845E-2
3.420000E-3	1.134288E-2
3.425000E-3	7.389188E-3
3.430000E-3	-7.079363E-3
3.435000E-3	-1.731044E-2
3.440000E-3	-2.718508E-3
3.445000E-3	3.036559E-3
3.450000E-3	8.894444E-3
3.455000E-3	1.507586E-2
3.460000E-3	9.482563E-3
3.465000E-3	8.069158E-3
3.470000E-3	4.752934E-3
3.475000E-3	-1.891851E-4
3.480000E-3	-3.317595E-4
3.485000E-3	-2.235949E-3
3.490000E-3	-7.234275E-3
3.495000E-3	-1.346642E-2
3.500000E-3	-4.204571E-3
3.505000E-3	-4.792690E-3
3.510000E-3	-6.529629E-3
3.515000E-3	3.401220E-3
3.520000E-3	5.936027E-3
3.525000E-3	6.736636E-3
3.530000E-3	4.142880E-3
3.535000E-3	5.128562E-3
3.540000E-3	1.306474E-3
3.545000E-3	-5.908608E-4
3.550000E-3	3.303885E-3
3.555000E-3	-4.419804E-3
3.560000E-3	-1.030648E-2
3.565000E-3	-1.093298E-2
3.570000E-3	-2.021539E-2
3.575000E-3	-1.661128E-2
3.580000E-3	-6.854534E-3
3.585000E-3	-1.680732E-3
3.590000E-3	-4.071593E-4
3.595000E-3	2.874792E-3
3.600000E-3	1.053679E-2
3.605000E-3	1.062042E-2
3.610000E-3	1.810420E-2
3.615000E-3	2.314639E-2
3.620000E-3	1.440960E-2
3.625000E-3	1.575172E-2
3.630000E-3	1.626718E-2
3.635000E-3	8.488655E-3
3.640000E-3	2.708912E-3
3.645000E-3	-9.719729E-4
3.650000E-3	-3.269613E-3
3.655000E-3	-7.989645E-3
3.660000E-3	-5.672812E-3
3.665000E-3	-3.438234E-3
3.670000E-3	-3.176391E-3
3.675000E-3	4.894137E-3
3.680000E-3	1.079041E-2
3.685000E-3	1.408607E-2
3.690000E-3	1.457000E-2
3.695000E-3	8.089721E-3
3.700000E-3	1.332521E-3
3.705000E-3	-4.655600E-3
3.710000E-3	-3.479362E-3
3.715000E-3	-3.978372E-3
3.720000E-3	-7.818282E-3
3.725000E-3	-8.033514E-3
3.730000E-3	-1.131135E-2
3.735000E-3	-1.075476E-2
3.740000E-3	-6.991625E-3
3.745000E-3	-7.818282E-3
3.750000E-3	-6.539226E-3
3.755000E-3	-3.738463E-3
3.760000E-3	-2.840519E-3
3.765000E-3	-5.512416E-3
3.770000E-3	-7.678449E-3
3.775000E-3	-4.558265E-3
3.780000E-3	1.184464E-3
3.785000E-3	1.430267E-2
3.790000E-3	2.126276E-2
3.795000E-3	2.254319E-2
3.800000E-3	2.115583E-2
3.805000E-3	1.500732E-2
3.810000E-3	9.730697E-3
3.815000E-3	6.233513E-3
3.820000E-3	3.838539E-5
3.825000E-3	-8.129478E-3
3.830000E-3	-1.341569E-2
3.835000E-3	-1.303321E-2
3.840000E-3	-1.090693E-2
3.845000E-3	-6.825745E-3
3.850000E-3	-4.715919E-4
3.855000E-3	1.979589E-3
3.860000E-3	3.456056E-3
3.865000E-3	3.654838E-3
3.870000E-3	-8.225441E-4
3.875000E-3	-4.752934E-3
3.880000E-3	-2.126276E-3
3.885000E-3	2.214015E-3
3.890000E-3	3.938615E-3
3.895000E-3	9.581268E-3
3.900000E-3	1.295233E-2
3.905000E-3	1.307023E-2
3.910000E-3	1.416969E-2
3.915000E-3	9.641588E-3
3.920000E-3	4.304647E-3
3.925000E-3	1.835644E-3
3.930000E-3	1.768470E-4
3.935000E-3	-2.506018E-3
3.940000E-3	-4.432142E-3
3.945000E-3	-8.524299E-3
3.950000E-3	-1.140046E-2
3.955000E-3	-8.856058E-3
3.960000E-3	-4.055142E-3
3.965000E-3	-2.785683E-3
3.970000E-3	-3.009140E-3
3.975000E-3	1.357198E-4
3.980000E-3	3.105104E-3
3.985000E-3	3.809750E-3
3.990000E-3	4.778981E-3
3.995000E-3	4.785836E-3
4.000000E-3	2.515614E-3
4.005000E-3	1.232445E-3
4.010000E-3	2.374411E-3
4.015000E-3	2.410054E-3
4.020000E-3	2.715766E-3
4.025000E-3	1.817822E-3
4.030000E-3	-8.033514E-4
4.035000E-3	-1.292765E-3
4.040000E-3	-2.740443E-3
4.045000E-3	-3.653467E-3
4.050000E-3	-3.102362E-3
4.055000E-3	-3.834426E-3
4.060000E-3	-3.048897E-3
4.065000E-3	-3.015995E-5
4.070000E-3	3.528714E-3
4.075000E-3	5.430162E-3
4.080000E-3	5.291700E-3
4.085000E-3	5.837321E-3
4.090000E-3	5.286217E-3
4.095000E-3	3.432751E-3
4.100000E-3	8.952022E-4
4.105000E-3	-2.761006E-3
4.110000E-3	-5.042195E-3
4.115000E-3	-6.297946E-3
4.120000E-3	-7.472813E-3
4.125000E-3	-5.498707E-3
4.130000E-3	-2.214015E-3
4.135000E-3	-5.538464E-4
4.140000E-3	1.048744E-3
4.145000E-3	4.477382E-3
4.150000E-3	5.667329E-3
4.155000E-3	4.582942E-3
4.160000E-3	4.170299E-3
4.165000E-3	1.484692E-3
4.170000E-3	1.660168E-3
4.175000E-3	3.674030E-3
4.180000E-3	5.043566E-3
4.185000E-3	5.426049E-3
4.190000E-3	2.144098E-3
4.195000E-3	-1.055598E-3
4.200000E-3	5.620718E-5
4.205000E-3	3.937244E-3
4.210000E-3	4.831076E-3
4.215000E-3	2.146840E-3
4.220000E-3	1.151562E-3
4.225000E-3	-7.978678E-4
4.230000E-3	-1.195431E-3
4.235000E-3	2.211273E-3
4.240000E-3	3.207922E-3
4.245000E-3	2.033055E-3
4.250000E-3	3.853619E-3
4.255000E-3	6.855905E-3
4.260000E-3	6.392539E-3
4.265000E-3	5.559027E-3
4.270000E-3	3.109217E-3
4.275000E-3	-2.089262E-3
4.280000E-3	-4.670680E-3
4.285000E-3	-4.515767E-3
4.290000E-3	-4.733741E-3
4.295000E-3	-4.015386E-3
4.300000E-3	-3.900230E-3
4.305000E-3	-4.327953E-3
4.310000E-3	-3.266871E-3
4.315000E-3	6.237626E-4
4.320000E-3	4.170299E-3
4.325000E-3	6.846309E-3
4.330000E-3	7.646918E-3
4.335000E-3	6.605029E-3
4.340000E-3	6.103277E-3
4.345000E-3	6.620109E-3
4.350000E-3	5.894899E-3
4.355000E-3	3.298402E-3
4.360000E-3	1.883626E-3
4.365000E-3	5.195737E-4
4.370000E-3	2.769232E-4
4.375000E-3	8.170605E-4
4.380000E-3	6.539226E-4
4.385000E-3	5.689263E-4
4.390000E-3	1.586139E-3
4.395000E-3	2.319574E-3
4.400000E-3	4.784465E-4
4.405000E-3	-1.003504E-3
4.410000E-3	-9.884238E-4
4.415000E-3	-1.486063E-3
4.420000E-3	-1.263976E-3
4.425000E-3	-2.697945E-3
4.430000E-3	-3.852248E-3
4.435000E-3	-3.066719E-3
4.440000E-3	-1.125515E-3
4.445000E-3	1.991928E-3
4.450000E-3	4.189491E-3
4.455000E-3	5.587816E-3
4.460000E-3	5.568624E-3
4.465000E-3	3.194213E-3
4.470000E-3	1.174867E-3
4.475000E-3	5.524755E-4
4.480000E-3	-5.757809E-4
4.485000E-3	-3.298402E-3
4.490000E-3	-5.664587E-3
4.495000E-3	-7.161617E-3
4.500000E-3	-8.910894E-3
4.505000E-3	-8.143187E-3
4.510000E-3	-5.619347E-3
4.515000E-3	-1.802742E-3
4.520000E-3	1.573801E-3
4.525000E-3	3.863215E-3
4.530000E-3	5.883932E-3
4.535000E-3	6.812036E-3
4.540000E-3	7.634580E-3
4.545000E-3	9.537399E-3
4.550000E-3	1.035857E-2
4.555000E-3	8.477688E-3
4.560000E-3	6.477535E-3
4.565000E-3	5.341053E-3
4.570000E-3	2.277076E-3
4.575000E-3	-8.156896E-4
4.580000E-3	-2.442956E-3
4.585000E-3	-4.074335E-3
4.590000E-3	-5.552173E-3
4.595000E-3	-4.936635E-3
4.600000E-3	-5.580962E-3
4.605000E-3	-3.885150E-3
4.610000E-3	-1.464128E-3
4.615000E-3	-1.242042E-3
4.620000E-3	-1.540899E-3
4.625000E-3	7.210970E-4
4.630000E-3	-2.440214E-4
4.635000E-3	9.226203E-4
4.640000E-3	5.609751E-3
4.645000E-3	1.926124E-3
4.650000E-3	7.438540E-3
4.655000E-3	6.817520E-3
4.660000E-3	3.195584E-3
4.665000E-3	4.688501E-4
4.670000E-3	7.238388E-4
4.675000E-3	2.758265E-3
4.680000E-3	-2.404571E-3
4.685000E-3	9.335876E-4
4.690000E-3	-5.380809E-3
4.695000E-3	-2.789795E-3
4.700000E-3	3.556132E-3
4.705000E-3	-9.459257E-4
4.710000E-3	3.856361E-3
4.715000E-3	2.231836E-3
4.720000E-3	4.430771E-3
4.725000E-3	3.401220E-3
4.730000E-3	4.876316E-3
4.735000E-3	4.573345E-3
4.740000E-3	-4.208684E-4
4.745000E-3	4.164815E-3
4.750000E-3	2.248287E-4
4.755000E-3	-3.660321E-4
4.760000E-3	8.252859E-4
4.765000E-3	-8.321404E-4
4.770000E-3	-9.897947E-4
4.775000E-3	-1.986444E-3
4.780000E-3	-1.183093E-3
4.785000E-3	-4.744709E-3
4.790000E-3	-4.647374E-3
4.795000E-3	-1.047373E-3
4.800000E-3	-1.165271E-3
4.805000E-3	2.957046E-3
4.810000E-3	5.192995E-3
4.815000E-3	5.088806E-3
4.820000E-3	5.922318E-3
4.825000E-3	5.707085E-3
4.830000E-3	5.423307E-3
4.835000E-3	3.221631E-3
4.840000E-3	3.572583E-3
4.845000E-3	1.698554E-3
4.850000E-3	-4.373193E-4
4.855000E-3	1.554608E-3
4.860000E-3	5.826354E-4
4.865000E-3	3.865957E-4
4.870000E-3	1.510739E-3
4.875000E-3	1.365423E-3
4.880000E-3	-1.224220E-3
4.885000E-3	-1.240671E-3
4.890000E-3	-4.647374E-4
4.895000E-3	-1.875401E-3
4.900000E-3	-1.300991E-3
4.905000E-3	-2.373040E-3
4.910000E-3	-4.393756E-3
4.915000E-3	-3.302515E-3
4.920000E-3	-1.590252E-3
4.925000E-3	-1.857579E-3
4.930000E-3	5.182028E-4
4.935000E-3	2.985835E-3
4.940000E-3	3.772736E-3
4.945000E-3	5.068243E-3
4.950000E-3	5.094290E-3
4.955000E-3	1.761615E-3
4.960000E-3	-7.128716E-4
4.965000E-3	0.000000E+0
4.970000E-3	-1.063824E-3
4.975000E-3	-1.109064E-3
4.980000E-3	2.706170E-3
4.985000E-3	5.892158E-3
4.990000E-3	7.600307E-3
4.995000E-3	8.019805E-3
5.000000E-3	7.168472E-3
5.005000E-3	5.665958E-3
5.010000E-3	3.467023E-3
5.015000E-3	1.180351E-3
5.020000E-3	-2.182484E-3
5.025000E-3	-3.698707E-3
5.030000E-3	-4.003048E-3
5.035000E-3	-5.060017E-3
5.040000E-3	-3.785074E-3
5.045000E-3	-2.785683E-3
5.050000E-3	-1.512110E-3
5.055000E-3	-8.568168E-4
5.060000E-3	2.193451E-4
5.065000E-3	1.923382E-3
5.070000E-3	1.084387E-3
5.075000E-3	9.527802E-4
5.080000E-3	6.059408E-4
5.085000E-3	1.111805E-3
5.090000E-3	3.375173E-3
5.095000E-3	5.458951E-3
5.100000E-3	7.073879E-3
5.105000E-3	7.619500E-3
5.110000E-3	5.704343E-3
5.115000E-3	2.665043E-3
5.120000E-3	-6.717443E-5
5.125000E-3	-1.125515E-3
5.130000E-3	-2.433360E-3
5.135000E-3	-4.730999E-3
5.140000E-3	-4.630923E-3
5.145000E-3	-4.489720E-3
5.150000E-3	-2.645850E-3
5.155000E-3	-5.428791E-4
5.160000E-3	1.473725E-3
5.165000E-3	2.758265E-3
5.170000E-3	2.781570E-3
5.175000E-3	4.351258E-3
5.180000E-3	4.650116E-3
5.185000E-3	4.511654E-3
5.190000E-3	2.852857E-3
5.195000E-3	1.539528E-3
5.200000E-3	1.388729E-3
5.205000E-3	1.998782E-3
5.210000E-3	3.671288E-3
5.215000E-3	4.020870E-3
5.220000E-3	2.734959E-3
5.225000E-3	8.143187E-4
5.230000E-3	-1.650572E-3
5.235000E-3	-3.055751E-3
5.240000E-3	-3.794670E-3
5.245000E-3	-4.443109E-3
5.250000E-3	-4.529476E-3
5.255000E-3	-5.024374E-3
5.260000E-3	-4.836559E-3
5.265000E-3	-3.346384E-3
5.270000E-3	-1.433969E-3
5.275000E-3	9.527802E-4
5.280000E-3	2.711654E-3
5.285000E-3	3.796041E-3
5.290000E-3	3.813863E-3
5.295000E-3	2.999544E-3
5.300000E-3	3.051639E-3
5.305000E-3	2.282560E-3
5.310000E-3	3.176391E-3
5.315000E-3	3.764510E-3
5.320000E-3	3.090024E-3
5.325000E-3	2.235949E-3
5.330000E-3	7.019043E-4
5.335000E-3	-3.372431E-4
5.340000E-3	-2.076924E-3
5.345000E-3	-2.933741E-3
5.350000E-3	-2.416909E-3
5.355000E-3	-5.744100E-4
5.360000E-3	2.732217E-3
5.365000E-3	4.865348E-3
5.370000E-3	7.337093E-3
5.375000E-3	8.206248E-3
5.380000E-3	6.776392E-3
5.385000E-3	4.391015E-3
5.390000E-3	1.565576E-3
5.395000E-3	-9.377003E-4
5.400000E-3	-2.902210E-3
5.405000E-3	-4.800916E-3
5.410000E-3	-4.879057E-3
5.415000E-3	-5.124450E-3
5.420000E-3	-4.921556E-3
5.425000E-3	-4.162073E-3
5.430000E-3	-3.414929E-3
5.435000E-3	-7.087588E-4
5.440000E-3	9.075403E-4
5.445000E-3	1.786292E-3
5.450000E-3	1.986444E-3
5.455000E-3	1.383245E-3
5.460000E-3	2.748668E-3
5.465000E-3	3.461540E-3
5.470000E-3	5.075097E-3
5.475000E-3	6.877840E-3
5.480000E-3	8.280277E-3
5.485000E-3	1.036954E-2
5.490000E-3	1.103717E-2
5.495000E-3	1.307708E-2
5.500000E-3	1.277822E-2
5.505000E-3	9.888351E-3
5.510000E-3	5.904496E-3
5.515000E-3	9.116530E-4
5.520000E-3	-3.037930E-3
5.525000E-3	-6.836712E-3
5.530000E-3	-9.074032E-3
5.535000E-3	-9.596348E-3
5.540000E-3	-9.017825E-3
5.545000E-3	-6.212950E-3
5.550000E-3	-3.646612E-3
5.555000E-3	-1.982331E-3
5.560000E-3	-5.319118E-4
5.565000E-3	-5.346537E-5
5.570000E-3	3.303885E-4
5.575000E-3	-6.237626E-4
5.580000E-3	-1.675248E-3
5.585000E-3	-2.726734E-3
5.590000E-3	-3.680885E-3
5.595000E-3	-3.848135E-3
5.600000E-3	-3.875554E-3
5.605000E-3	-3.140748E-3
5.610000E-3	-1.492918E-3
5.615000E-3	1.093984E-3
5.620000E-3	4.666567E-3
5.625000E-3	7.981420E-3
5.630000E-3	1.027632E-2
5.635000E-3	1.081097E-2
5.640000E-3	9.604573E-3
5.645000E-3	8.041739E-3
5.650000E-3	5.483627E-3
5.655000E-3	4.341662E-3
5.660000E-3	3.711045E-3
5.665000E-3	2.124906E-3
5.670000E-3	1.028180E-3
5.675000E-3	-3.509521E-4
5.680000E-3	-1.350343E-3
5.685000E-3	-1.969993E-3
5.690000E-3	-2.097487E-3
5.695000E-3	-2.728105E-3
5.700000E-3	-3.992081E-3
5.705000E-3	-4.221022E-3
5.710000E-3	-4.433513E-3
5.715000E-3	-5.010664E-3
5.720000E-3	-4.696727E-3
5.725000E-3	-3.886521E-3
5.730000E-3	-2.368927E-3
5.735000E-3	-7.704496E-4
5.740000E-3	6.443262E-4
5.745000E-3	1.715004E-3
5.750000E-3	1.964509E-3
5.755000E-3	2.285302E-3
5.760000E-3	2.462149E-3
5.765000E-3	2.360702E-3
5.770000E-3	2.285302E-3
5.775000E-3	2.607465E-3
5.780000E-3	3.606856E-3
5.785000E-3	4.245698E-3
5.790000E-3	4.391015E-3
5.795000E-3	4.743338E-3
5.800000E-3	4.493833E-3
5.805000E-3	3.852248E-3
5.810000E-3	2.729475E-3
5.815000E-3	1.776695E-3
5.820000E-3	9.431839E-4
5.825000E-3	2.015233E-4
5.830000E-3	-9.322166E-5
5.835000E-3	-4.194975E-4
5.840000E-3	-5.086064E-4
5.845000E-3	-4.126430E-4
5.850000E-3	-1.658797E-4
5.855000E-3	3.605485E-4
5.860000E-3	7.416606E-4
5.865000E-3	9.034276E-4
5.870000E-3	1.081645E-3
5.875000E-3	9.171367E-4
5.880000E-3	9.157658E-4
5.885000E-3	9.198785E-4
5.890000E-3	6.566644E-4
5.895000E-3	-3.454685E-4
5.900000E-3	-1.262605E-3
5.905000E-3	-2.108455E-3
5.910000E-3	-2.585530E-3
5.915000E-3	-2.512872E-3
5.920000E-3	-2.353847E-3
5.925000E-3	-1.832902E-3
5.930000E-3	-1.162529E-3
5.935000E-3	-9.555221E-4
5.940000E-3	9.596348E-5
5.945000E-3	1.043260E-3
5.950000E-3	2.155066E-3
5.955000E-3	3.081799E-3
5.960000E-3	4.012644E-3
5.965000E-3	4.769385E-3
5.970000E-3	5.280733E-3
5.975000E-3	5.412340E-3
5.980000E-3	5.447984E-3
5.985000E-3	5.604267E-3
5.990000E-3	5.653620E-3
5.995000E-3	5.212188E-3
6.000000E-3	4.332066E-3
6.005000E-3	2.929628E-3
6.010000E-3	1.787663E-3
6.015000E-3	8.527040E-4
6.020000E-3	2.837777E-4
6.025000E-3	-1.823306E-4
6.030000E-3	-7.279515E-4
6.035000E-3	-5.771518E-4
6.040000E-3	-2.467632E-4
6.045000E-3	5.936027E-4
6.050000E-3	1.598477E-3
6.055000E-3	1.954913E-3
6.060000E-3	1.698554E-3
6.065000E-3	1.157045E-3
6.070000E-3	7.471442E-4
6.075000E-3	3.811121E-4
6.080000E-3	-1.151562E-4
6.085000E-3	-6.635189E-4
6.090000E-3	-1.314700E-3
6.095000E-3	-1.717746E-3
6.100000E-3	-1.634121E-3
6.105000E-3	-1.447678E-3
6.110000E-3	-5.401373E-4
6.115000E-3	2.508759E-4
6.120000E-3	9.102821E-4
6.125000E-3	1.429856E-3
6.130000E-3	1.789033E-3
6.135000E-3	2.170146E-3
6.140000E-3	2.769232E-3
6.145000E-3	3.288805E-3
6.150000E-3	3.787816E-3
6.155000E-3	3.812492E-3
6.160000E-3	3.307998E-3
6.165000E-3	2.205789E-3
6.170000E-3	1.173496E-3
6.175000E-3	6.525517E-4
6.180000E-3	3.235340E-4
6.185000E-3	-4.798174E-5
6.190000E-3	-9.623766E-4
6.195000E-3	-2.026200E-3
6.200000E-3	-3.153086E-3
6.205000E-3	-3.868699E-3
6.210000E-3	-3.649354E-3
6.215000E-3	-2.729475E-3
6.220000E-3	-1.344860E-3
6.225000E-3	3.578067E-4
6.230000E-3	2.105713E-3
6.235000E-3	3.661692E-3
6.240000E-3	4.184008E-3
6.245000E-3	3.780961E-3
6.250000E-3	3.125668E-3
6.255000E-3	2.479970E-3
6.260000E-3	1.865804E-3
6.265000E-3	1.195431E-3
6.270000E-3	2.289414E-4
6.275000E-3	-6.539226E-4
6.280000E-3	-1.394212E-3
6.285000E-3	-1.307845E-3
6.290000E-3	-1.719117E-3
6.295000E-3	-2.096117E-3
6.300000E-3	-2.648592E-3
6.305000E-3	-2.336025E-3
6.310000E-3	-1.621783E-3
6.315000E-3	-3.824830E-4
6.320000E-3	1.199543E-3
6.325000E-3	2.097487E-3
6.330000E-3	2.922773E-3
6.335000E-3	3.883779E-3
6.340000E-3	4.677534E-3
6.345000E-3	5.086064E-3
6.350000E-3	4.925668E-3
6.355000E-3	4.310131E-3
6.360000E-3	3.553391E-3
6.365000E-3	2.957046E-3
6.370000E-3	2.342880E-3
6.375000E-3	1.905560E-3
6.380000E-3	1.577914E-3
6.385000E-3	1.787663E-3
6.390000E-3	2.267480E-3
6.395000E-3	2.921402E-3
6.400000E-3	3.138006E-3
6.405000E-3	2.390862E-3
6.410000E-3	1.564205E-3
6.415000E-3	2.810359E-4
6.420000E-3	-9.239912E-4
6.425000E-3	-2.052248E-3
6.430000E-3	-2.736330E-3
6.435000E-3	-3.288805E-3
6.440000E-3	-3.515005E-3
6.445000E-3	-3.288805E-3
6.450000E-3	-2.580047E-3
6.455000E-3	-1.299620E-3
6.460000E-3	1.316071E-4
6.465000E-3	1.314700E-3
6.470000E-3	2.178371E-3
6.475000E-3	2.427876E-3
6.480000E-3	2.644479E-3
6.485000E-3	3.155828E-3
6.490000E-3	3.583550E-3
6.495000E-3	3.937244E-3
6.500000E-3	4.048288E-3
6.505000E-3	4.369080E-3
6.510000E-3	4.440367E-3
6.515000E-3	4.245698E-3
6.520000E-3	3.657579E-3
6.525000E-3	2.556741E-3
6.530000E-3	1.144707E-3
6.535000E-3	-4.688501E-4
6.540000E-3	-1.528561E-3
6.545000E-3	-2.400458E-3
6.550000E-3	-2.978981E-3
6.555000E-3	-3.143489E-3
6.560000E-3	-2.770603E-3
6.565000E-3	-1.603961E-3
6.570000E-3	-9.733438E-5
6.575000E-3	1.742423E-3
6.580000E-3	3.266871E-3
6.585000E-3	4.126430E-3
6.590000E-3	4.344404E-3
6.595000E-3	4.159331E-3
6.600000E-3	3.436863E-3
6.605000E-3	2.766490E-3
6.610000E-3	1.684844E-3
6.615000E-3	3.907084E-4
6.620000E-3	-6.155372E-4
6.625000E-3	-1.240671E-3
6.630000E-3	-1.538157E-3
6.635000E-3	-1.365423E-3
6.640000E-3	-7.142425E-4
6.645000E-3	-3.098249E-4
6.650000E-3	1.686215E-4
6.655000E-3	4.332066E-4
6.660000E-3	3.303885E-4
6.665000E-3	-1.370907E-6
6.670000E-3	-3.166795E-4
6.675000E-3	-3.166795E-4
6.680000E-3	-2.015233E-4
6.685000E-3	8.225441E-5
6.690000E-3	3.893375E-4
6.695000E-3	3.578067E-4
6.700000E-3	5.607009E-4
6.705000E-3	7.855296E-4
6.710000E-3	1.169384E-3
6.715000E-3	1.586139E-3
6.720000E-3	1.664281E-3
6.725000E-3	1.307845E-3
6.730000E-3	1.573801E-3
6.735000E-3	2.139986E-3
6.740000E-3	2.592385E-3
6.745000E-3	2.799392E-3
6.750000E-3	2.946079E-3
6.755000E-3	2.933741E-3
6.760000E-3	2.914548E-3
6.765000E-3	3.088653E-3
6.770000E-3	2.707541E-3
6.775000E-3	2.126276E-3
6.780000E-3	1.302361E-3
6.785000E-3	5.936027E-4
6.790000E-3	1.727343E-4
6.795000E-3	5.140901E-4
6.800000E-3	8.088350E-4
6.805000E-3	1.514852E-3
6.810000E-3	2.585530E-3
6.815000E-3	3.138006E-3
6.820000E-3	3.135264E-3
6.825000E-3	3.136635E-3
6.830000E-3	2.445698E-3
6.835000E-3	1.152933E-3
6.840000E-3	1.603961E-4
6.845000E-3	-6.347299E-4
6.850000E-3	-1.276314E-3
6.855000E-3	-1.189947E-3
6.860000E-3	-5.332828E-4
6.865000E-3	2.549887E-4
6.870000E-3	9.185076E-4
6.875000E-3	1.517594E-3
6.880000E-3	1.362681E-3
6.885000E-3	7.485151E-4
6.890000E-3	-6.854534E-6
6.895000E-3	-8.211732E-4
6.900000E-3	-1.328409E-3
6.905000E-3	-1.148820E-3
6.910000E-3	-1.111805E-3
6.915000E-3	-1.044631E-3
6.920000E-3	-8.335114E-4
6.925000E-3	-8.746386E-4
6.930000E-3	-6.073117E-4
6.935000E-3	-3.728867E-4
6.940000E-3	-1.823306E-4
6.945000E-3	-3.728867E-4
6.950000E-3	-3.509521E-4
6.955000E-3	-1.603961E-4
6.960000E-3	2.097487E-4
6.965000E-3	1.106322E-3
6.970000E-3	2.422392E-3
6.975000E-3	3.402591E-3
6.980000E-3	4.049659E-3
6.985000E-3	3.966033E-3
6.990000E-3	3.546536E-3
6.995000E-3	3.229856E-3
7.000000E-3	3.055751E-3
7.005000E-3	2.926886E-3
7.010000E-3	2.799392E-3
7.015000E-3	2.304494E-3
7.020000E-3	1.738310E-3
7.025000E-3	9.472966E-4
7.030000E-3	2.741814E-4
7.035000E-3	-3.920794E-4
7.040000E-3	-1.211882E-3
7.045000E-3	-1.555979E-3
7.050000E-3	-1.842499E-3
7.055000E-3	-2.133131E-3
7.060000E-3	-2.049506E-3
7.065000E-3	-1.542270E-3
7.070000E-3	-1.192689E-3
7.075000E-3	-1.741052E-4
7.080000E-3	1.040518E-3
7.085000E-3	1.850724E-3
7.090000E-3	2.617061E-3
7.095000E-3	3.109217E-3
7.100000E-3	3.103733E-3
7.105000E-3	2.767861E-3
7.110000E-3	2.168775E-3
7.115000E-3	1.624525E-3
7.120000E-3	1.261234E-3
7.125000E-3	1.163900E-3
7.130000E-3	1.124144E-3
7.135000E-3	1.373649E-3
7.140000E-3	2.037168E-3
7.145000E-3	2.863824E-3
7.150000E-3	3.468394E-3
7.155000E-3	3.425896E-3
7.160000E-3	3.120184E-3
7.165000E-3	2.440214E-3
7.170000E-3	1.819193E-3
7.175000E-3	1.095355E-3
7.180000E-3	4.003048E-4
7.185000E-3	-1.699924E-4
7.190000E-3	-4.894137E-4
7.195000E-3	-3.427267E-4
7.200000E-3	-3.125668E-4
7.205000E-3	-2.357960E-4
7.210000E-3	-2.714396E-4
7.215000E-3	-6.539226E-4
7.220000E-3	-9.897947E-4
7.225000E-3	-1.133740E-3
7.230000E-3	-6.758571E-4
7.235000E-3	-4.277229E-4
7.240000E-3	2.207160E-4
7.245000E-3	8.705258E-4
7.250000E-3	1.294136E-3
7.255000E-3	1.922011E-3
7.260000E-3	2.337396E-3
7.265000E-3	2.510130E-3
7.270000E-3	2.386749E-3
7.275000E-3	2.183855E-3
7.280000E-3	2.078295E-3
7.285000E-3	2.212644E-3
7.290000E-3	2.389491E-3
7.295000E-3	2.548516E-3
7.300000E-3	2.305865E-3
7.305000E-3	1.875401E-3
7.310000E-3	1.274943E-3
7.315000E-3	5.812645E-4
7.320000E-3	3.550649E-4
7.325000E-3	1.603961E-4
7.330000E-3	-5.757809E-5
7.335000E-3	-1.096725E-4
7.340000E-3	-7.265806E-5
7.345000E-3	-4.249811E-5
7.350000E-3	1.480579E-4
7.355000E-3	5.497336E-4
7.360000E-3	8.417368E-4
7.365000E-3	1.172125E-3
7.370000E-3	1.351714E-3
7.375000E-3	1.727343E-3
7.380000E-3	2.156436E-3
7.385000E-3	2.260625E-3
7.390000E-3	2.569079E-3
7.395000E-3	2.836406E-3
7.400000E-3	2.512872E-3
7.405000E-3	2.056360E-3
7.410000E-3	9.884238E-4
7.415000E-3	-8.362532E-5
7.420000E-3	-9.829402E-4
7.425000E-3	-1.884997E-3
7.430000E-3	-2.492309E-3
7.435000E-3	-2.869308E-3
7.440000E-3	-2.659559E-3
7.445000E-3	-2.041280E-3
7.450000E-3	-9.993911E-4
7.455000E-3	2.769232E-4
7.460000E-3	1.590252E-3
7.465000E-3	3.013253E-3
7.470000E-3	4.492462E-3
7.475000E-3	5.463064E-3
7.480000E-3	5.849659E-3
7.485000E-3	5.831838E-3
7.490000E-3	5.277991E-3
7.495000E-3	4.340291E-3
7.500000E-3	3.384769E-3
7.505000E-3	2.142727E-3
7.510000E-3	9.815693E-4
7.515000E-3	-2.316833E-4
7.520000E-3	-1.603961E-3
7.525000E-3	-2.486825E-3
7.530000E-3	-2.719879E-3
7.535000E-3	-2.708912E-3
7.540000E-3	-2.370298E-3
7.545000E-3	-1.735568E-3
7.550000E-3	-8.705258E-4
7.555000E-3	-1.987815E-4
7.560000E-3	2.522469E-4
7.565000E-3	4.935265E-4
7.570000E-3	4.866719E-4
7.575000E-3	3.495812E-4
7.580000E-3	0.000000E+0
7.585000E-3	-2.371669E-4
7.590000E-3	-2.604723E-4
7.595000E-3	-2.536178E-4
7.600000E-3	-1.864433E-4
7.605000E-3	2.508759E-4
7.610000E-3	6.785989E-4
7.615000E-3	1.346231E-3
7.620000E-3	1.753390E-3
7.625000E-3	2.009749E-3
7.630000E-3	1.990557E-3
7.635000E-3	1.752019E-3
7.640000E-3	1.490176E-3
7.645000E-3	1.490176E-3
7.650000E-3	1.479208E-3
7.655000E-3	1.598477E-3
7.660000E-3	1.905560E-3
7.665000E-3	2.368927E-3
7.670000E-3	3.009140E-3
7.675000E-3	3.406703E-3
7.680000E-3	3.373802E-3
7.685000E-3	3.317595E-3
7.690000E-3	2.677381E-3
7.695000E-3	2.193451E-3
7.700000E-3	1.403809E-3
7.705000E-3	2.193451E-4
7.710000E-3	-1.037776E-3
7.715000E-3	-2.050877E-3
7.720000E-3	-2.463520E-3
7.725000E-3	-2.353847E-3
7.730000E-3	-1.743793E-3
7.735000E-3	-1.013100E-3
7.740000E-3	-1.974106E-4
7.745000E-3	7.964969E-4
7.750000E-3	1.702666E-3
7.755000E-3	2.507389E-3
7.760000E-3	3.261387E-3
7.765000E-3	3.734350E-3
7.770000E-3	3.769994E-3
7.775000E-3	3.889263E-3
7.780000E-3	3.828943E-3
7.785000E-3	3.224373E-3
7.790000E-3	2.781570E-3
7.795000E-3	2.116680E-3
7.800000E-3	1.351714E-3
7.805000E-3	3.043413E-4
7.810000E-3	-2.357960E-4
7.815000E-3	-8.088350E-4
7.820000E-3	-1.155674E-3
7.825000E-3	-1.126885E-3
7.830000E-3	-1.004875E-3
7.835000E-3	-8.307695E-4
7.840000E-3	-3.989339E-4
7.845000E-3	1.439452E-4
7.850000E-3	6.456971E-4
7.855000E-3	1.093984E-3
7.860000E-3	1.603961E-3
7.865000E-3	1.990557E-3
7.870000E-3	2.414167E-3
7.875000E-3	2.586901E-3
7.880000E-3	2.628028E-3
7.885000E-3	2.577305E-3
7.890000E-3	2.230465E-3
7.895000E-3	1.821935E-3
7.900000E-3	1.359940E-3
7.905000E-3	7.019043E-4
7.910000E-3	1.754761E-4
7.915000E-3	-1.754761E-4
7.920000E-3	-4.469156E-4
7.925000E-3	-4.208684E-4
7.930000E-3	-1.549125E-4
7.935000E-3	2.220869E-4
7.940000E-3	4.332066E-4
7.945000E-3	6.594062E-4
7.950000E-3	8.527040E-4
7.955000E-3	7.690787E-4
7.960000E-3	7.731915E-4
7.965000E-3	1.147449E-3
7.970000E-3	1.671135E-3
7.975000E-3	2.279818E-3
7.980000E-3	2.989948E-3
7.985000E-3	3.679514E-3
7.990000E-3	4.266262E-3
7.995000E-3	4.441738E-3
8.000000E-3	4.120946E-3
8.005000E-3	3.353238E-3
8.010000E-3	2.501905E-3
8.015000E-3	1.636863E-3
8.020000E-3	8.143187E-4
8.025000E-3	5.072355E-5
8.030000E-3	-2.495050E-4
8.035000E-3	-7.073879E-4
8.040000E-3	-8.979440E-4
8.045000E-3	-6.169081E-4
8.050000E-3	-4.085302E-4
8.055000E-3	-4.071593E-4
8.060000E-3	-7.964969E-4
8.065000E-3	-1.195431E-3
8.070000E-3	-1.599848E-3
8.075000E-3	-1.922011E-3
8.080000E-3	-1.953542E-3
8.085000E-3	-1.734197E-3
8.090000E-3	-1.006246E-3
8.095000E-3	-4.798174E-5
8.100000E-3	1.069307E-3
8.105000E-3	2.286673E-3
8.110000E-3	3.600001E-3
8.115000E-3	4.470527E-3
8.120000E-3	5.053163E-3
8.125000E-3	5.146384E-3
8.130000E-3	4.999697E-3
8.135000E-3	4.362226E-3
8.140000E-3	3.720641E-3
8.145000E-3	3.084540E-3
8.150000E-3	2.566338E-3
8.155000E-3	2.469003E-3
8.160000E-3	2.139986E-3
8.165000E-3	1.586139E-3
8.170000E-3	1.004875E-3
8.175000E-3	3.345013E-4
8.180000E-3	-6.635189E-4
8.185000E-3	-1.328409E-3
8.190000E-3	-2.144098E-3
8.195000E-3	-2.489567E-3
8.200000E-3	-2.717137E-3
8.205000E-3	-2.644479E-3
8.210000E-3	-2.379894E-3
8.215000E-3	-2.220869E-3
8.220000E-3	-1.705408E-3
8.225000E-3	-1.246154E-3
8.230000E-3	-4.715919E-4
8.235000E-3	3.386140E-4
8.240000E-3	1.092613E-3
8.245000E-3	1.758873E-3
8.250000E-3	2.449811E-3
8.255000E-3	2.784312E-3
8.260000E-3	2.660930E-3
8.265000E-3	2.022088E-3
8.270000E-3	1.457274E-3
8.275000E-3	8.499622E-4
8.280000E-3	1.754761E-4
8.285000E-3	-3.591776E-4
8.290000E-3	-3.358722E-4
8.295000E-3	-1.096725E-4
8.300000E-3	5.168319E-4
8.305000E-3	1.205027E-3
8.310000E-3	1.738310E-3
8.315000E-3	2.540290E-3
8.320000E-3	3.110588E-3
8.325000E-3	3.250420E-3
8.330000E-3	3.094137E-3
8.335000E-3	2.429247E-3
8.340000E-3	1.815081E-3
8.345000E-3	8.814931E-4
8.350000E-3	2.522469E-4
8.355000E-3	-3.427267E-5
8.360000E-3	-2.193451E-5
8.365000E-3	1.919270E-4
8.370000E-3	4.537702E-4
8.375000E-3	7.882714E-4
8.380000E-3	1.011729E-3
8.385000E-3	1.313329E-3
8.390000E-3	1.380503E-3
8.395000E-3	1.435339E-3
8.400000E-3	1.076162E-3
8.405000E-3	6.662607E-4
8.410000E-3	1.919270E-4
8.415000E-3	1.288652E-4
8.420000E-3	-3.975630E-5
8.425000E-3	-5.072355E-5
8.430000E-3	3.166795E-4
8.435000E-3	7.183552E-4
8.440000E-3	1.181722E-3
8.445000E-3	1.768470E-3
8.450000E-3	2.367556E-3
8.455000E-3	3.057122E-3
8.460000E-3	3.253162E-3
8.465000E-3	3.427267E-3
8.470000E-3	3.210664E-3
8.475000E-3	2.991319E-3
8.480000E-3	2.774715E-3
8.485000E-3	2.527952E-3
8.490000E-3	2.408683E-3
8.495000E-3	2.253771E-3
8.500000E-3	1.931608E-3
8.505000E-3	1.597106E-3
8.510000E-3	1.531303E-3
8.515000E-3	1.401067E-3
8.520000E-3	1.214623E-3
8.525000E-3	8.485913E-4
8.530000E-3	5.771518E-4
8.535000E-3	3.427267E-4
8.540000E-3	2.124906E-4
8.545000E-3	-5.757809E-5
8.550000E-3	-3.358722E-4
8.555000E-3	-1.891851E-4
8.560000E-3	-3.098249E-4
8.565000E-3	-4.578829E-4
8.570000E-3	-4.030466E-4
8.575000E-3	-4.222393E-4
8.580000E-3	-2.686977E-4
8.585000E-3	-7.265806E-5
8.590000E-3	3.852248E-4
8.595000E-3	7.265806E-4
8.600000E-3	1.041889E-3
8.605000E-3	1.350343E-3
8.610000E-3	1.407921E-3
8.615000E-3	1.320183E-3
8.620000E-3	1.465499E-3
8.625000E-3	1.693070E-3
8.630000E-3	1.712263E-3
8.635000E-3	1.747906E-3
8.640000E-3	1.754761E-3
8.645000E-3	1.948059E-3
8.650000E-3	2.226353E-3
8.655000E-3	2.459407E-3
8.660000E-3	2.665043E-3
8.665000E-3	2.530694E-3
8.670000E-3	1.930237E-3
8.675000E-3	1.202285E-3
8.680000E-3	4.373193E-4
8.685000E-3	-3.975630E-4
8.690000E-3	-1.276314E-3
8.695000E-3	-1.790404E-3
8.700000E-3	-2.177000E-3
8.705000E-3	-2.569079E-3
8.710000E-3	-2.471745E-3
8.715000E-3	-2.101600E-3
8.720000E-3	-1.778066E-3
8.725000E-3	-1.354456E-3
8.730000E-3	-9.198785E-4
8.735000E-3	-7.402897E-4
8.740000E-3	-4.085302E-4
8.745000E-3	7.677078E-5
8.750000E-3	1.919270E-4
8.755000E-3	4.770756E-4
8.760000E-3	9.171367E-4
8.765000E-3	1.399696E-3
8.770000E-3	1.872659E-3
8.775000E-3	2.314091E-3
8.780000E-3	2.414167E-3
8.785000E-3	2.277076E-3
8.790000E-3	2.168775E-3
8.795000E-3	2.026200E-3
8.800000E-3	1.746535E-3
8.805000E-3	1.557350E-3
8.810000E-3	1.499772E-3
8.815000E-3	1.394212E-3
8.820000E-3	1.660168E-3
8.825000E-3	1.927495E-3
8.830000E-3	2.033055E-3
8.835000E-3	2.177000E-3
8.840000E-3	2.274334E-3
8.845000E-3	2.175629E-3
8.850000E-3	2.079666E-3
8.855000E-3	1.638234E-3
8.860000E-3	1.093984E-3
8.865000E-3	5.373955E-4
8.870000E-3	4.181266E-4
8.875000E-3	4.661083E-4
8.880000E-3	8.115768E-4
8.885000E-3	1.063824E-3
8.890000E-3	1.265347E-3
8.895000E-3	1.381874E-3
8.900000E-3	1.617670E-3
8.905000E-3	1.927495E-3
8.910000E-3	2.074182E-3
8.915000E-3	2.075553E-3
8.920000E-3	2.086520E-3
8.925000E-3	1.647830E-3
8.930000E-3	1.325667E-3
8.935000E-3	1.067936E-3
8.940000E-3	8.746386E-4
8.945000E-3	3.961921E-4
8.950000E-3	1.768470E-4
8.955000E-3	2.097487E-4
8.960000E-3	3.249049E-4
8.965000E-3	3.948212E-4
8.970000E-3	5.058646E-4
8.975000E-3	6.374717E-4
8.980000E-3	8.088350E-4
8.985000E-3	1.316071E-3
8.990000E-3	1.309216E-3
8.995000E-3	1.517594E-3
9.000000E-3	1.573801E-3
9.005000E-3	1.693070E-3
9.010000E-3	1.846611E-3
9.015000E-3	2.115309E-3
9.020000E-3	1.931608E-3
9.025000E-3	1.524448E-3
9.030000E-3	1.040518E-3
9.035000E-3	4.565120E-4
9.040000E-3	-8.088350E-5
9.045000E-3	-2.974868E-4
9.050000E-3	-2.755523E-4
9.055000E-3	-5.072355E-5
9.060000E-3	3.934503E-4
9.065000E-3	8.910894E-4
9.070000E-3	1.527190E-3
9.075000E-3	2.070069E-3
9.080000E-3	2.251029E-3
9.085000E-3	2.076924E-3
9.090000E-3	1.709521E-3
9.095000E-3	1.078904E-3
9.100000E-3	5.552173E-4
9.105000E-3	1.603961E-4
9.110000E-3	4.249811E-5
9.115000E-3	-1.960397E-4
9.120000E-3	-5.936027E-4
9.125000E-3	-9.582639E-4
9.130000E-3	-1.006246E-3
9.135000E-3	-9.555221E-4
9.140000E-3	-7.594824E-4
9.145000E-3	-4.345775E-4
9.150000E-3	1.412034E-4
9.155000E-3	4.523993E-4
9.160000E-3	1.044631E-3
9.165000E-3	1.432598E-3
9.170000E-3	1.734197E-3
9.175000E-3	2.060473E-3
9.180000E-3	2.375782E-3
9.185000E-3	2.447069E-3
9.190000E-3	2.453923E-3
9.195000E-3	2.253771E-3
9.200000E-3	2.048135E-3
9.205000E-3	2.078295E-3
9.210000E-3	1.963139E-3
9.215000E-3	1.843870E-3
9.220000E-3	1.688957E-3
9.225000E-3	1.405180E-3
9.230000E-3	1.170754E-3
9.235000E-3	1.061082E-3
9.240000E-3	5.785227E-4
9.245000E-3	1.905560E-4
9.250000E-3	-4.318357E-4
9.255000E-3	-6.443262E-4
9.260000E-3	-9.980202E-4
9.265000E-3	-9.719729E-4
9.270000E-3	-8.801222E-4
9.275000E-3	-4.853010E-4
9.280000E-3	6.306171E-5
9.285000E-3	4.853010E-4
9.290000E-3	5.565882E-4
9.295000E-3	9.418130E-4
9.300000E-3	1.359940E-3
9.305000E-3	1.432598E-3
9.310000E-3	1.483321E-3
9.315000E-3	1.344860E-3
9.320000E-3	1.501143E-3
9.325000E-3	1.754761E-3
9.330000E-3	2.139986E-3
9.335000E-3	2.553999E-3
9.340000E-3	2.634883E-3
9.345000E-3	2.695203E-3
9.350000E-3	2.818584E-3
9.355000E-3	2.534807E-3
9.360000E-3	2.060473E-3
9.365000E-3	1.440823E-3
9.370000E-3	1.181722E-3
9.375000E-3	4.345775E-4
9.380000E-3	4.661083E-5
9.385000E-3	-2.618432E-4
9.390000E-3	-5.003810E-4
9.395000E-3	-8.293986E-4
9.400000E-3	-8.472204E-4
9.405000E-3	-7.690787E-4
9.410000E-3	-6.758571E-4
9.415000E-3	-4.784465E-4
9.420000E-3	-9.185076E-5
9.425000E-3	-6.717443E-5
9.430000E-3	2.357960E-4
9.435000E-3	7.978678E-4
9.440000E-3	1.270831E-3
9.445000E-3	1.776695E-3
9.450000E-3	2.082407E-3
9.455000E-3	2.193451E-3
9.460000E-3	2.102971E-3
9.465000E-3	2.249658E-3
9.470000E-3	2.337396E-3
9.475000E-3	2.248287E-3
9.480000E-3	2.218127E-3
9.485000E-3	2.193451E-3
9.490000E-3	2.322316E-3
9.495000E-3	2.497792E-3
9.500000E-3	2.271593E-3
9.505000E-3	1.979589E-3
9.510000E-3	1.736939E-3
9.515000E-3	1.451790E-3
9.520000E-3	7.773042E-4
9.525000E-3	-4.798174E-5
9.530000E-3	-3.578067E-4
9.535000E-3	-5.757809E-4
9.540000E-3	-6.127954E-4
9.545000E-3	-4.606247E-4
9.550000E-3	2.741814E-5
9.555000E-3	3.619194E-4
9.560000E-3	6.333590E-4
9.565000E-3	8.335114E-4
9.570000E-3	1.055598E-3
9.575000E-3	1.098096E-3
9.580000E-3	1.359940E-3
9.585000E-3	1.335263E-3
9.590000E-3	1.473725E-3
9.595000E-3	1.310587E-3
9.600000E-3	1.265347E-3
9.605000E-3	1.296878E-3
9.610000E-3	1.137853E-3
9.615000E-3	1.232445E-3
9.620000E-3	1.236558E-3
9.625000E-3	1.161158E-3
9.630000E-3	7.512569E-4
9.635000E-3	5.387664E-4
9.640000E-3	3.509521E-4
9.645000E-3	3.783703E-4
9.650000E-3	3.427267E-4
9.655000E-3	3.838539E-4
9.660000E-3	4.208684E-4
9.665000E-3	6.443262E-4
9.670000E-3	1.104951E-3
9.675000E-3	1.385987E-3
9.680000E-3	1.743793E-3
9.685000E-3	2.038538E-3
9.690000E-3	2.416909E-3
9.695000E-3	2.762377E-3
9.700000E-3	2.750039E-3
9.705000E-3	2.389491E-3
9.710000E-3	2.052248E-3
9.715000E-3	1.683474E-3
9.720000E-3	1.239300E-3
9.725000E-3	8.198023E-4
9.730000E-3	7.663369E-4
9.735000E-3	5.922318E-4
9.740000E-3	4.510283E-4
9.745000E-3	6.114244E-4
9.750000E-3	8.760095E-4
9.755000E-3	1.078904E-3
9.760000E-3	1.132369E-3
9.765000E-3	1.287282E-3
9.770000E-3	1.321554E-3
9.775000E-3	1.243412E-3
9.780000E-3	1.021326E-3
9.785000E-3	6.059408E-4
9.790000E-3	7.814169E-5
9.795000E-3	-2.385378E-4
9.800000E-3	-2.824068E-4
9.805000E-3	-3.207922E-4
9.810000E-3	-1.864433E-4
9.815000E-3	-9.047985E-5
9.820000E-3	7.951260E-5
9.825000E-3	4.428029E-4
9.830000E-3	6.169081E-4
9.835000E-3	8.993149E-4
9.840000E-3	1.022696E-3
9.845000E-3	1.310587E-3
9.850000E-3	1.484692E-3
9.855000E-3	1.549125E-3
9.860000E-3	1.828790E-3
9.865000E-3	1.965880E-3
9.870000E-3	1.889110E-3
9.875000E-3	1.690328E-3
9.880000E-3	1.608074E-3
9.885000E-3	1.328409E-3
9.890000E-3	9.377003E-4
9.895000E-3	3.043413E-4
9.900000E-3	-2.316833E-4
9.905000E-3	-6.251335E-4
9.910000E-3	-7.485151E-4
9.915000E-3	-8.115768E-4
9.920000E-3	-7.814169E-4
9.925000E-3	-7.635951E-4
9.930000E-3	-5.648136E-4
9.935000E-3	-4.071593E-4
9.940000E-3	1.137853E-4
9.945000E-3	2.166033E-4
9.950000E-3	7.800460E-4
9.955000E-3	1.517594E-3
9.960000E-3	1.972735E-3
9.965000E-3	2.333283E-3
9.970000E-3	2.622545E-3
9.975000E-3	2.688348E-3
9.980000E-3	2.715766E-3
9.985000E-3	2.486825E-3
9.990000E-3	2.085149E-3
9.995000E-3	1.673877E-3
