0.000000E+0	-1.643717E-3
5.000000E-6	-1.534045E-3
1.000000E-5	-1.491547E-3
1.500000E-5	-1.721859E-3
2.000000E-5	-1.721859E-3
2.500000E-5	-1.683474E-3
3.000000E-5	-1.630008E-3
3.500000E-5	-1.521707E-3
4.000000E-5	-1.612186E-3
4.500000E-5	-1.709521E-3
5.000000E-5	-1.654685E-3
5.500000E-5	-1.454532E-3
6.000000E-5	-1.662910E-3
6.500000E-5	-1.786292E-3
7.000000E-5	-1.699924E-3
7.500000E-5	-1.710892E-3
8.000000E-5	-1.662910E-3
8.500000E-5	-1.623154E-3
9.000000E-5	-1.616299E-3
9.500000E-5	-1.510739E-3
1.000000E-4	-1.640975E-3
1.050000E-4	-1.683474E-3
1.100000E-4	-1.661539E-3
1.150000E-4	-1.549125E-3
1.200000E-4	-1.560092E-3
1.250000E-4	-1.709521E-3
1.300000E-4	-1.698554E-3
1.350000E-4	-1.621783E-3
1.400000E-4	-1.466870E-3
1.450000E-4	-1.420259E-3
1.500000E-4	-1.458645E-3
1.550000E-4	-1.557350E-3
1.600000E-4	-1.609445E-3
1.650000E-4	-1.590252E-3
1.700000E-4	-1.719117E-3
1.750000E-4	-1.765728E-3
1.800000E-4	-1.594365E-3
1.850000E-4	-1.598477E-3
1.900000E-4	-1.657426E-3
1.950000E-4	-1.693070E-3
2.000000E-4	-1.690328E-3
2.050000E-4	-1.767099E-3
2.100000E-4	-1.634121E-3
2.150000E-4	-1.642346E-3
2.200000E-4	-1.812339E-3
2.250000E-4	-1.725972E-3
2.300000E-4	-1.653314E-3
2.350000E-4	-1.736939E-3
2.400000E-4	-1.675248E-3
2.450000E-4	-1.638234E-3
2.500000E-4	-1.561463E-3
2.550000E-4	-1.616299E-3
2.600000E-4	-1.587510E-3
2.650000E-4	-1.476467E-3
2.700000E-4	-1.492918E-3
2.750000E-4	-1.701295E-3
2.800000E-4	-1.628637E-3
2.850000E-4	-1.571059E-3
2.900000E-4	-1.625896E-3
2.950000E-4	-1.617670E-3
3.000000E-4	-1.571059E-3
3.050000E-4	-1.547754E-3
3.100000E-4	-1.647830E-3
3.150000E-4	-1.667023E-3
3.200000E-4	-1.773953E-3
3.250000E-4	-1.749277E-3
3.300000E-4	-1.643717E-3
3.350000E-4	-1.621783E-3
3.400000E-4	-1.786292E-3
3.450000E-4	-1.630008E-3
3.500000E-4	-1.414776E-3
3.550000E-4	-1.387358E-3
3.600000E-4	-1.584768E-3
3.650000E-4	-1.730084E-3
3.700000E-4	-1.719117E-3
3.750000E-4	-1.702666E-3
3.800000E-4	-1.816452E-3
3.850000E-4	-1.668394E-3
3.900000E-4	-1.690328E-3
3.950000E-4	-1.731455E-3
4.000000E-4	-1.640975E-3
4.050000E-4	-1.717746E-3
4.100000E-4	-1.601219E-3
4.150000E-4	-1.706779E-3
4.200000E-4	-1.687586E-3
4.250000E-4	-1.656055E-3
4.300000E-4	-1.686215E-3
4.350000E-4	-1.599848E-3
4.400000E-4	-1.580656E-3
4.450000E-4	-1.525819E-3
4.500000E-4	-1.405180E-3
4.550000E-4	-1.453161E-3
4.600000E-4	-1.547754E-3
4.650000E-4	-1.543641E-3
4.700000E-4	-1.619041E-3
4.750000E-4	-1.645088E-3
4.800000E-4	-1.657426E-3
4.850000E-4	-1.614928E-3
4.900000E-4	-1.605332E-3
4.950000E-4	-1.620412E-3
5.000000E-4	-1.617670E-3
5.050000E-4	-1.558721E-3
5.100000E-4	-1.728714E-3
5.150000E-4	-1.900077E-3
5.200000E-4	-1.746535E-3
5.250000E-4	-1.636863E-3
5.300000E-4	-1.580656E-3
5.350000E-4	-1.365423E-3
5.400000E-4	-1.384616E-3
5.450000E-4	-1.612186E-3
5.500000E-4	-1.617670E-3
5.550000E-4	-1.591623E-3
5.600000E-4	-1.584768E-3
5.650000E-4	-1.747906E-3
5.700000E-4	-1.694441E-3
5.750000E-4	-1.575172E-3
5.800000E-4	-1.571059E-3
5.850000E-4	-1.376390E-3
5.900000E-4	-1.693070E-3
5.950000E-4	-1.613557E-3
6.000000E-4	-1.660168E-3
6.050000E-4	-1.687586E-3
6.100000E-4	-1.521707E-3
6.150000E-4	-1.517594E-3
6.200000E-4	-1.518965E-3
6.250000E-4	-1.499772E-3
6.300000E-4	-1.606703E-3
6.350000E-4	-1.619041E-3
6.400000E-4	-1.550496E-3
6.450000E-4	-1.375020E-3
6.500000E-4	-1.617670E-3
6.550000E-4	-1.746535E-3
6.600000E-4	-1.662910E-3
6.650000E-4	-1.602590E-3
6.700000E-4	-1.487434E-3
6.750000E-4	-1.582026E-3
6.800000E-4	-1.575172E-3
6.850000E-4	-1.632750E-3
6.900000E-4	-1.890481E-3
6.950000E-4	-1.705408E-3
7.000000E-4	-1.695812E-3
7.050000E-4	-1.728714E-3
7.100000E-4	-1.675248E-3
7.150000E-4	-1.501143E-3
7.200000E-4	-1.490176E-3
7.250000E-4	-1.597106E-3
7.300000E-4	-1.605332E-3
7.350000E-4	-1.667023E-3
7.400000E-4	-1.539528E-3
7.450000E-4	-1.816452E-3
7.500000E-4	-1.697183E-3
7.550000E-4	-1.819193E-3
7.600000E-4	-1.608074E-3
7.650000E-4	-1.601219E-3
7.700000E-4	-1.653314E-3
7.750000E-4	-1.575172E-3
7.800000E-4	-1.613557E-3
7.850000E-4	-1.642346E-3
7.900000E-4	-1.617670E-3
7.950000E-4	-1.656055E-3
8.000000E-4	-1.427114E-3
8.050000E-4	-1.527190E-3
8.100000E-4	-1.720488E-3
8.150000E-4	-1.743793E-3
8.200000E-4	-1.579285E-3
8.250000E-4	-1.572430E-3
8.300000E-4	-1.704037E-3
8.350000E-4	-1.521707E-3
8.400000E-4	-1.610816E-3
8.450000E-4	-1.662910E-3
8.500000E-4	-1.625896E-3
8.550000E-4	-1.683474E-3
8.600000E-4	-1.676619E-3
8.650000E-4	-1.619041E-3
8.700000E-4	-1.598477E-3
8.750000E-4	-1.547754E-3
8.800000E-4	-1.539528E-3
8.850000E-4	-1.636863E-3
8.900000E-4	-1.687586E-3
8.950000E-4	-1.669765E-3
9.000000E-4	-1.708150E-3
9.050000E-4	-1.514852E-3
9.100000E-4	-1.660168E-3
9.150000E-4	-1.854837E-3
9.200000E-4	-1.922011E-3
9.250000E-4	-1.728714E-3
9.300000E-4	-1.756132E-3
9.350000E-4	-1.699924E-3
9.400000E-4	-1.542270E-3
9.450000E-4	-1.588881E-3
9.500000E-4	-1.584768E-3
9.550000E-4	-1.828790E-3
9.600000E-4	-1.838386E-3
9.650000E-4	-1.731455E-3
9.700000E-4	-1.827419E-3
9.750000E-4	-1.771212E-3
9.800000E-4	-1.512110E-3
9.850000E-4	-1.582026E-3
9.900000E-4	-1.479208E-3
9.950000E-4	-1.601219E-3
1.000000E-3	-1.443565E-3
1.005000E-3	-1.580656E-3
1.010000E-3	-1.638234E-3
1.015000E-3	-1.672506E-3
1.020000E-3	-1.568317E-3
1.025000E-3	-1.588881E-3
1.030000E-3	-1.579285E-3
1.035000E-3	-1.728714E-3
1.040000E-3	-1.705408E-3
1.045000E-3	-1.480579E-3
1.050000E-3	-1.512110E-3
1.055000E-3	-1.502514E-3
1.060000E-3	-1.405180E-3
1.065000E-3	-1.384616E-3
1.070000E-3	-1.465499E-3
1.075000E-3	-1.518965E-3
1.080000E-3	-1.502514E-3
1.085000E-3	-1.383245E-3
1.090000E-3	-1.579285E-3
1.095000E-3	-1.636863E-3
1.100000E-3	-1.780808E-3
1.105000E-3	-1.849353E-3
1.110000E-3	-1.773953E-3
1.115000E-3	-1.741052E-3
1.120000E-3	-1.687586E-3
1.125000E-3	-1.645088E-3
1.130000E-3	-1.562834E-3
1.135000E-3	-1.451790E-3
1.140000E-3	-1.516223E-3
1.145000E-3	-1.664281E-3
1.150000E-3	-1.736939E-3
1.155000E-3	-1.676619E-3
1.160000E-3	-1.546383E-3
1.165000E-3	-1.443565E-3
1.170000E-3	-1.584768E-3
1.175000E-3	-1.606703E-3
1.180000E-3	-1.550496E-3
1.185000E-3	-1.521707E-3
1.190000E-3	-1.512110E-3
1.195000E-3	-1.402438E-3
1.200000E-3	-1.455903E-3
1.205000E-3	-1.597106E-3
1.210000E-3	-1.623154E-3
1.215000E-3	-1.635492E-3
1.220000E-3	-1.512110E-3
1.225000E-3	-1.558721E-3
1.230000E-3	-1.651943E-3
1.235000E-3	-1.640975E-3
1.240000E-3	-1.551867E-3
1.245000E-3	-1.549125E-3
1.250000E-3	-1.507998E-3
1.255000E-3	-1.460016E-3
1.260000E-3	-1.436710E-3
1.265000E-3	-1.490176E-3
1.270000E-3	-1.553237E-3
1.275000E-3	-1.716375E-3
1.280000E-3	-1.664281E-3
1.285000E-3	-1.639605E-3
1.290000E-3	-1.540899E-3
1.295000E-3	-1.654685E-3
1.300000E-3	-1.527190E-3
1.305000E-3	-1.588881E-3
1.310000E-3	-1.562834E-3
1.315000E-3	-1.572430E-3
1.320000E-3	-1.694441E-3
1.325000E-3	-1.588881E-3
1.330000E-3	-1.454532E-3
1.335000E-3	-1.440823E-3
1.340000E-3	-1.690328E-3
1.345000E-3	-1.706779E-3
1.350000E-3	-1.647830E-3
1.355000E-3	-1.516223E-3
1.360000E-3	-1.667023E-3
1.365000E-3	-1.586139E-3
1.370000E-3	-1.620412E-3
1.375000E-3	-1.790404E-3
1.380000E-3	-1.695812E-3
1.385000E-3	-1.723230E-3
1.390000E-3	-1.826048E-3
1.395000E-3	-1.752019E-3
1.400000E-3	-1.620412E-3
1.405000E-3	-1.619041E-3
1.410000E-3	-1.754761E-3
1.415000E-3	-1.517594E-3
1.420000E-3	-1.725972E-3
1.425000E-3	-1.688957E-3
1.430000E-3	-1.517594E-3
1.435000E-3	-1.512110E-3
1.440000E-3	-1.614928E-3
1.445000E-3	-1.778066E-3
1.450000E-3	-1.742423E-3
1.455000E-3	-1.717746E-3
1.460000E-3	-1.720488E-3
1.465000E-3	-1.847982E-3
1.470000E-3	-1.784921E-3
1.475000E-3	-1.813710E-3
1.480000E-3	-1.710892E-3
1.485000E-3	-1.625896E-3
1.490000E-3	-1.680732E-3
1.495000E-3	-1.897335E-3
1.500000E-3	-1.623154E-3
1.505000E-3	-1.730084E-3
1.510000E-3	-1.684844E-3
1.515000E-3	-1.595736E-3
1.520000E-3	-1.677990E-3
1.525000E-3	-1.717746E-3
1.530000E-3	-1.734197E-3
1.535000E-3	-1.691699E-3
1.540000E-3	-1.586139E-3
1.545000E-3	-1.542270E-3
1.550000E-3	-1.702666E-3
1.555000E-3	-1.713634E-3
1.560000E-3	-1.787663E-3
1.565000E-3	-1.735568E-3
1.570000E-3	-1.640975E-3
1.575000E-3	-1.623154E-3
1.580000E-3	-1.638234E-3
1.585000E-3	-1.546383E-3
1.590000E-3	-1.656055E-3
1.595000E-3	-1.741052E-3
1.600000E-3	-1.927495E-3
1.605000E-3	-1.710892E-3
1.610000E-3	-1.856208E-3
1.615000E-3	-1.967251E-3
1.620000E-3	-1.886368E-3
1.625000E-3	-1.884997E-3
1.630000E-3	-1.743793E-3
1.635000E-3	-1.780808E-3
1.640000E-3	-1.713634E-3
1.645000E-3	-1.654685E-3
1.650000E-3	-1.786292E-3
1.655000E-3	-1.627266E-3
1.660000E-3	-1.698554E-3
1.665000E-3	-1.565576E-3
1.670000E-3	-1.566947E-3
1.675000E-3	-1.665652E-3
1.680000E-3	-1.827419E-3
1.685000E-3	-1.797259E-3
1.690000E-3	-1.752019E-3
1.695000E-3	-1.575172E-3
1.700000E-3	-1.583397E-3
1.705000E-3	-1.649201E-3
1.710000E-3	-1.682103E-3
1.715000E-3	-1.797259E-3
1.720000E-3	-1.675248E-3
1.725000E-3	-1.650572E-3
1.730000E-3	-1.857579E-3
1.735000E-3	-1.915157E-3
1.740000E-3	-1.897335E-3
1.745000E-3	-1.762986E-3
1.750000E-3	-1.735568E-3
1.755000E-3	-1.720488E-3
1.760000E-3	-1.507998E-3
1.765000E-3	-1.653314E-3
1.770000E-3	-1.636863E-3
1.775000E-3	-1.575172E-3
1.780000E-3	-1.529932E-3
1.785000E-3	-1.647830E-3
1.790000E-3	-1.431227E-3
1.795000E-3	-1.340747E-3
1.800000E-3	-1.635492E-3
1.805000E-3	-1.680732E-3
1.810000E-3	-1.671135E-3
1.815000E-3	-1.617670E-3
1.820000E-3	-1.547754E-3
1.825000E-3	-1.529932E-3
1.830000E-3	-1.595736E-3
1.835000E-3	-1.801372E-3
1.840000E-3	-1.709521E-3
1.845000E-3	-1.625896E-3
1.850000E-3	-1.832902E-3
1.855000E-3	-1.736939E-3
1.860000E-3	-1.668394E-3
1.865000E-3	-1.687586E-3
1.870000E-3	-1.547754E-3
1.875000E-3	-1.750648E-3
1.880000E-3	-1.805484E-3
1.885000E-3	-1.705408E-3
1.890000E-3	-1.631379E-3
1.895000E-3	-1.699924E-3
1.900000E-3	-1.698554E-3
1.905000E-3	-1.572430E-3
1.910000E-3	-1.660168E-3
1.915000E-3	-1.614928E-3
1.920000E-3	-1.725972E-3
1.925000E-3	-1.691699E-3
1.930000E-3	-1.775324E-3
1.935000E-3	-1.623154E-3
1.940000E-3	-1.693070E-3
1.945000E-3	-1.739681E-3
1.950000E-3	-1.702666E-3
1.955000E-3	-1.695812E-3
1.960000E-3	-1.653314E-3
1.965000E-3	-1.753390E-3
1.970000E-3	-1.827419E-3
1.975000E-3	-1.843870E-3
1.980000E-3	-1.753390E-3
1.985000E-3	-1.660168E-3
1.990000E-3	-1.667023E-3
1.995000E-3	-1.846611E-3
2.000000E-3	-1.904190E-3
2.005000E-3	-1.747906E-3
2.010000E-3	-1.564205E-3
2.015000E-3	-1.676619E-3
2.020000E-3	-1.739681E-3
2.025000E-3	-1.566947E-3
2.030000E-3	-1.614928E-3
2.035000E-3	-1.691699E-3
2.040000E-3	-1.586139E-3
2.045000E-3	-1.616299E-3
2.050000E-3	-1.646459E-3
2.055000E-3	-1.790404E-3
2.060000E-3	-1.586139E-3
2.065000E-3	-1.338005E-3
2.070000E-3	-1.728714E-3
2.075000E-3	-1.732826E-3
2.080000E-3	-1.646459E-3
2.085000E-3	-1.640975E-3
2.090000E-3	-1.542270E-3
2.095000E-3	-1.716375E-3
2.100000E-3	-1.845241E-3
2.105000E-3	-1.710892E-3
2.110000E-3	-1.805484E-3
2.115000E-3	-1.577914E-3
2.120000E-3	-1.619041E-3
2.125000E-3	-1.732826E-3
2.130000E-3	-1.754761E-3
2.135000E-3	-1.619041E-3
2.140000E-3	-1.738310E-3
2.145000E-3	-1.619041E-3
2.150000E-3	-1.617670E-3
2.155000E-3	-1.664281E-3
2.160000E-3	-1.695812E-3
2.165000E-3	-1.725972E-3
2.170000E-3	-1.826048E-3
2.175000E-3	-1.749277E-3
2.180000E-3	-1.588881E-3
2.185000E-3	-1.564205E-3
2.190000E-3	-1.610816E-3
2.195000E-3	-1.695812E-3
2.200000E-3	-1.730084E-3
2.205000E-3	-1.828790E-3
2.210000E-3	-1.738310E-3
2.215000E-3	-1.656055E-3
2.220000E-3	-1.745164E-3
2.225000E-3	-1.793146E-3
2.230000E-3	-1.717746E-3
2.235000E-3	-1.782179E-3
2.240000E-3	-1.610816E-3
2.245000E-3	-1.912415E-3
2.250000E-3	-1.831532E-3
2.255000E-3	-1.867175E-3
2.260000E-3	-1.706779E-3
2.265000E-3	-1.543641E-3
2.270000E-3	-1.694441E-3
2.275000E-3	-1.632750E-3
2.280000E-3	-1.535416E-3
2.285000E-3	-1.609445E-3
2.290000E-3	-1.516223E-3
2.295000E-3	-1.657426E-3
2.300000E-3	-1.616299E-3
2.305000E-3	-1.677990E-3
2.310000E-3	-1.603961E-3
2.315000E-3	-1.680732E-3
2.320000E-3	-1.682103E-3
2.325000E-3	-1.725972E-3
2.330000E-3	-1.809597E-3
2.335000E-3	-1.760244E-3
2.340000E-3	-1.949430E-3
2.345000E-3	-1.920640E-3
2.350000E-3	-2.109826E-3
2.355000E-3	-1.680732E-3
2.360000E-3	-1.812339E-3
2.365000E-3	-1.606703E-3
2.370000E-3	-1.653314E-3
2.375000E-3	-1.498401E-3
2.380000E-3	-1.879513E-3
2.385000E-3	-1.631379E-3
2.390000E-3	-1.968622E-3
2.395000E-3	-1.572430E-3
2.400000E-3	-1.856208E-3
2.405000E-3	-1.280427E-3
2.410000E-3	-1.905560E-3
2.415000E-3	-1.338005E-3
2.420000E-3	-2.242804E-3
2.425000E-3	-1.506627E-3
2.430000E-3	-7.690787E-4
2.435000E-3	9.429097E-3
2.440000E-3	-6.406933E-2
2.445000E-3	-1.276616E-1
2.450000E-3	-3.989887E-2
2.455000E-3	-1.304007E-1
2.460000E-3	-2.469017E-1
2.465000E-3	-1.475562E-1
2.470000E-3	-1.870314E-1
2.475000E-3	-2.578580E-1
2.480000E-3	-1.440453E-1
2.485000E-3	-2.088165E-2
2.490000E-3	1.027358E-2
2.495000E-3	7.571656E-2
2.500000E-3	1.795107E-1
2.505000E-3	1.970254E-1
2.510000E-3	2.254018E-1
2.515000E-3	2.466988E-1
2.520000E-3	2.245669E-1
2.525000E-3	2.066478E-1
2.530000E-3	1.879239E-1
2.535000E-3	1.799123E-1
2.540000E-3	2.101902E-1
2.545000E-3	2.065504E-1
2.550000E-3	9.952784E-2
2.555000E-3	7.396317E-2
2.560000E-3	1.624881E-1
2.565000E-3	8.129615E-2
2.570000E-3	-2.209216E-2
2.575000E-3	5.430162E-2
2.580000E-3	5.802500E-2
2.585000E-3	-6.544983E-2
2.590000E-3	-7.786751E-2
2.595000E-3	-4.103673E-2
2.600000E-3	-1.229662E-1
2.605000E-3	-1.900104E-1
2.610000E-3	-1.253900E-1
2.615000E-3	-1.528945E-1
2.620000E-3	-2.146826E-1
2.625000E-3	-1.550263E-1
2.630000E-3	-1.492780E-1
2.635000E-3	-1.800467E-1
2.640000E-3	-1.102607E-1
2.645000E-3	-7.323933E-2
2.650000E-3	-8.576530E-2
2.655000E-3	-3.744358E-2
2.660000E-3	-1.041889E-3
2.665000E-3	-6.454229E-3
2.670000E-3	3.461540E-3
2.675000E-3	1.461935E-2
2.680000E-3	1.895964E-2
2.685000E-3	7.960856E-3
2.690000E-3	1.395309E-2
2.695000E-3	2.908242E-2
2.700000E-3	1.365149E-2
2.705000E-3	1.618356E-2
2.710000E-3	1.601630E-2
2.715000E-3	-3.128409E-3
2.720000E-3	1.405180E-3
2.725000E-3	-1.138949E-2
2.730000E-3	-2.500260E-2
2.735000E-3	5.539834E-3
2.740000E-3	9.486675E-3
2.745000E-3	-2.578676E-2
2.750000E-3	-7.893682E-3
2.755000E-3	1.865393E-2
2.760000E-3	-7.762074E-3
2.765000E-3	-1.188576E-3
2.770000E-3	3.016955E-2
2.775000E-3	7.131457E-3
2.780000E-3	5.875707E-3
2.785000E-3	4.223216E-2
2.790000E-3	4.605973E-2
2.795000E-3	4.144388E-2
2.800000E-3	5.325699E-2
2.805000E-3	5.234396E-2
2.810000E-3	4.929233E-2
2.815000E-3	6.460536E-2
2.820000E-3	6.409949E-2
2.825000E-3	4.030877E-2
2.830000E-3	3.319788E-2
2.835000E-3	2.836406E-2
2.840000E-3	6.935418E-3
2.845000E-3	-4.674792E-4
2.850000E-3	-5.378067E-3
2.855000E-3	-3.346384E-2
2.860000E-3	-3.610420E-2
2.865000E-3	-2.404982E-2
2.870000E-3	-4.682469E-2
2.875000E-3	-4.698509E-2
2.880000E-3	-3.172690E-2
2.885000E-3	-4.454899E-2
2.890000E-3	-4.291761E-2
2.895000E-3	-2.542895E-2
2.900000E-3	-2.932507E-2
2.905000E-3	-2.854639E-2
2.910000E-3	-1.549810E-2
2.915000E-3	-1.883900E-2
2.920000E-3	-2.790344E-2
2.925000E-3	-1.398599E-2
2.930000E-3	-7.132828E-3
2.935000E-3	-7.337093E-3
2.940000E-3	-3.431380E-3
2.945000E-3	6.717443E-5
2.950000E-3	9.623766E-4
2.955000E-3	1.645088E-5
2.960000E-3	5.844176E-3
2.965000E-3	1.352537E-2
2.970000E-3	1.599848E-2
2.975000E-3	2.536589E-2
2.980000E-3	3.602058E-2
2.985000E-3	4.574168E-2
2.990000E-3	5.944252E-2
2.995000E-3	6.801617E-2
3.000000E-3	6.727999E-2
3.005000E-3	6.083810E-2
3.010000E-3	5.485958E-2
3.015000E-3	4.333299E-2
3.020000E-3	2.548653E-2
3.025000E-3	1.372689E-2
3.030000E-3	5.332828E-4
3.035000E-3	-1.242727E-2
3.040000E-3	-1.763123E-2
3.045000E-3	-2.647221E-2
3.050000E-3	-3.025180E-2
3.055000E-3	-3.017914E-2
3.060000E-3	-4.126567E-2
3.065000E-3	-5.160779E-2
3.070000E-3	-5.770147E-2
3.075000E-3	-6.622851E-2
3.080000E-3	-7.718754E-2
3.085000E-3	-8.795190E-2
3.090000E-3	-9.767848E-2
3.095000E-3	-1.035432E-1
3.100000E-3	-1.020448E-1
3.105000E-3	-9.803903E-2
3.110000E-3	-8.995342E-2
3.115000E-3	-8.020765E-2
3.120000E-3	-7.033712E-2
3.125000E-3	-4.858083E-2
3.130000E-3	-2.597731E-2
3.135000E-3	-1.277137E-2
3.140000E-3	7.992387E-3
3.145000E-3	3.050816E-2
3.150000E-3	3.940672E-2
3.155000E-3	5.371624E-2
3.160000E-3	7.823628E-2
3.165000E-3	8.575708E-2
3.170000E-3	8.786142E-2
3.175000E-3	1.007000E-1
3.180000E-3	1.027440E-1
3.185000E-3	1.031347E-1
3.190000E-3	1.142994E-1
3.195000E-3	1.143185E-1
3.200000E-3	1.035391E-1
3.205000E-3	9.862852E-2
3.210000E-3	8.752143E-2
3.215000E-3	6.644374E-2
3.220000E-3	5.228227E-2
3.225000E-3	3.971654E-2
3.230000E-3	1.113451E-2
3.235000E-3	-1.582438E-2
3.240000E-3	-3.525150E-2
3.245000E-3	-6.043780E-2
3.250000E-3	-7.340521E-2
3.255000E-3	-7.977855E-2
3.260000E-3	-8.938450E-2
3.265000E-3	-9.182471E-2
3.270000E-3	-8.743232E-2
3.275000E-3	-7.947147E-2
3.280000E-3	-6.867558E-2
3.285000E-3	-5.568212E-2
3.290000E-3	-4.732645E-2
3.295000E-3	-3.428638E-2
3.300000E-3	-2.018934E-2
3.305000E-3	-1.248896E-2
3.310000E-3	5.349278E-3
3.315000E-3	1.859635E-2
3.320000E-3	2.392370E-2
3.325000E-3	4.119164E-2
3.330000E-3	5.563688E-2
3.335000E-3	5.488700E-2
3.340000E-3	5.606461E-2
3.345000E-3	5.365729E-2
3.350000E-3	4.320687E-2
3.355000E-3	3.403139E-2
3.360000E-3	2.597183E-2
3.365000E-3	7.014930E-3
3.370000E-3	-1.146764E-2
3.375000E-3	-2.238142E-2
3.380000E-3	-3.570390E-2
3.385000E-3	-5.008745E-2
3.390000E-3	-5.958921E-2
3.395000E-3	-6.718677E-2
3.400000E-3	-7.700521E-2
3.405000E-3	-8.078617E-2
3.410000E-3	-7.638007E-2
3.415000E-3	-7.481861E-2
3.420000E-3	-6.610101E-2
3.425000E-3	-4.731685E-2
3.430000E-3	-3.002012E-2
3.435000E-3	-1.063412E-2
3.440000E-3	8.373499E-3
3.445000E-3	2.368516E-2
3.450000E-3	3.647023E-2
3.455000E-3	4.381144E-2
3.460000E-3	5.129659E-2
3.465000E-3	5.700231E-2
3.470000E-3	5.725729E-2
3.475000E-3	5.775082E-2
3.480000E-3	5.421114E-2
3.485000E-3	5.010116E-2
3.490000E-3	4.918951E-2
3.495000E-3	4.492599E-2
3.500000E-3	3.719682E-2
3.505000E-3	3.294563E-2
3.510000E-3	2.902347E-2
3.515000E-3	1.967937E-2
3.520000E-3	1.235461E-2
3.525000E-3	4.940748E-3
3.530000E-3	-4.086673E-3
3.535000E-3	-1.354867E-2
3.540000E-3	-2.386200E-2
3.545000E-3	-2.998036E-2
3.550000E-3	-3.679377E-2
3.555000E-3	-4.326719E-2
3.560000E-3	-4.361129E-2
3.565000E-3	-4.797763E-2
3.570000E-3	-5.047542E-2
3.575000E-3	-4.470253E-2
3.580000E-3	-3.882545E-2
3.585000E-3	-3.218204E-2
3.590000E-3	-2.175355E-2
3.595000E-3	-1.180214E-2
3.600000E-3	-5.539834E-3
3.605000E-3	2.268851E-3
3.610000E-3	1.246154E-2
3.615000E-3	1.684570E-2
3.620000E-3	1.933664E-2
3.625000E-3	2.127784E-2
3.630000E-3	1.928043E-2
3.635000E-3	1.665926E-2
3.640000E-3	1.402026E-2
3.645000E-3	1.121813E-2
3.650000E-3	8.533895E-3
3.655000E-3	8.381724E-3
3.660000E-3	6.883323E-3
3.665000E-3	1.713634E-3
3.670000E-3	1.631379E-4
3.675000E-3	-4.521251E-3
3.680000E-3	-6.684542E-3
3.685000E-3	-1.276726E-2
3.690000E-3	-2.074867E-2
3.695000E-3	-1.850176E-2
3.700000E-3	-2.396894E-2
3.705000E-3	-2.780747E-2
3.710000E-3	-2.393740E-2
3.715000E-3	-2.829963E-2
3.720000E-3	-3.096467E-2
3.725000E-3	-1.818508E-2
3.730000E-3	-1.718158E-2
3.735000E-3	-1.621646E-2
3.740000E-3	3.583550E-3
3.745000E-3	1.051486E-2
3.750000E-3	6.167710E-3
3.755000E-3	1.789993E-2
3.760000E-3	1.999605E-2
3.765000E-3	1.687449E-2
3.770000E-3	2.861905E-2
3.775000E-3	2.510679E-2
3.780000E-3	2.773756E-2
3.785000E-3	3.333360E-2
3.790000E-3	3.118676E-2
3.795000E-3	2.606505E-2
3.800000E-3	3.021479E-2
3.805000E-3	2.402240E-2
3.810000E-3	7.566035E-3
3.815000E-3	1.696086E-2
3.820000E-3	1.640838E-2
3.825000E-3	4.595280E-3
3.830000E-3	3.698707E-3
3.835000E-3	6.299317E-3
3.840000E-3	1.040518E-3
3.845000E-3	-6.007314E-3
3.850000E-3	-2.726734E-3
3.855000E-3	-4.595280E-3
3.860000E-3	-1.635218E-2
3.865000E-3	-1.841950E-2
3.870000E-3	-1.638371E-2
3.875000E-3	-3.122926E-2
3.880000E-3	-3.622484E-2
3.885000E-3	-3.092217E-2
3.890000E-3	-4.065973E-2
3.895000E-3	-4.308897E-2
3.900000E-3	-3.314030E-2
3.905000E-3	-3.807968E-2
3.910000E-3	-3.949583E-2
3.915000E-3	-2.969795E-2
3.920000E-3	-3.386551E-2
3.925000E-3	-2.585667E-2
3.930000E-3	-1.003641E-2
3.935000E-3	-1.119620E-2
3.940000E-3	1.553237E-3
3.945000E-3	1.915020E-2
3.950000E-3	2.154380E-2
3.955000E-3	3.107983E-2
3.960000E-3	4.486841E-2
3.965000E-3	4.537976E-2
3.970000E-3	4.770070E-2
3.975000E-3	5.439347E-2
3.980000E-3	5.216026E-2
3.985000E-3	4.909629E-2
3.990000E-3	4.657245E-2
3.995000E-3	4.044724E-2
4.000000E-3	2.626657E-2
4.005000E-3	1.386261E-2
4.010000E-3	4.072964E-3
4.015000E-3	-1.141417E-2
4.020000E-3	-2.433908E-2
4.025000E-3	-2.932918E-2
4.030000E-3	-3.918874E-2
4.035000E-3	-4.976940E-2
4.040000E-3	-4.865348E-2
4.045000E-3	-4.963368E-2
4.050000E-3	-5.396163E-2
4.055000E-3	-4.895920E-2
4.060000E-3	-4.736757E-2
4.065000E-3	-4.800093E-2
4.070000E-3	-4.026765E-2
4.075000E-3	-3.598356E-2
4.080000E-3	-3.513086E-2
4.085000E-3	-2.604449E-2
4.090000E-3	-1.810008E-2
4.095000E-3	-1.363093E-2
4.100000E-3	-5.040824E-3
4.105000E-3	5.484998E-3
4.110000E-3	1.293451E-2
4.115000E-3	1.918858E-2
4.120000E-3	2.735370E-2
4.125000E-3	3.517473E-2
4.130000E-3	4.137671E-2
4.135000E-3	4.713178E-2
4.140000E-3	4.901814E-2
4.145000E-3	4.914838E-2
4.150000E-3	5.195737E-2
4.155000E-3	5.022591E-2
4.160000E-3	4.204571E-2
4.165000E-3	3.811121E-2
4.170000E-3	3.121829E-2
4.175000E-3	1.853192E-2
4.180000E-3	1.130724E-2
4.185000E-3	3.335416E-3
4.190000E-3	-7.800460E-3
4.195000E-3	-1.594228E-2
4.200000E-3	-2.374959E-2
4.205000E-3	-3.087419E-2
4.210000E-3	-3.500473E-2
4.215000E-3	-3.717488E-2
4.220000E-3	-3.872812E-2
4.225000E-3	-3.806871E-2
4.230000E-3	-3.568608E-2
4.235000E-3	-3.414792E-2
4.240000E-3	-3.083032E-2
4.245000E-3	-2.737564E-2
4.250000E-3	-2.504784E-2
4.255000E-3	-2.104068E-2
4.260000E-3	-1.665378E-2
4.265000E-3	-1.048332E-2
4.270000E-3	-4.894137E-3
4.275000E-3	5.812645E-4
4.280000E-3	7.056057E-3
4.285000E-3	1.373786E-2
4.290000E-3	1.987952E-2
4.295000E-3	2.515203E-2
4.300000E-3	2.987754E-2
4.305000E-3	3.031349E-2
4.310000E-3	2.795005E-2
4.315000E-3	2.696848E-2
4.320000E-3	2.345347E-2
4.325000E-3	1.695538E-2
4.330000E-3	1.185012E-2
4.335000E-3	5.383551E-3
4.340000E-3	-2.209902E-3
4.345000E-3	-9.068549E-3
4.350000E-3	-1.391745E-2
4.355000E-3	-1.698279E-2
4.360000E-3	-1.806992E-2
4.365000E-3	-1.786840E-2
4.370000E-3	-1.788896E-2
4.375000E-3	-1.788759E-2
4.380000E-3	-1.774913E-2
4.385000E-3	-1.631105E-2
4.390000E-3	-1.475918E-2
4.395000E-3	-1.429170E-2
4.400000E-3	-1.335812E-2
4.405000E-3	-1.243550E-2
4.410000E-3	-1.212019E-2
4.415000E-3	-8.697033E-3
4.420000E-3	-5.744100E-3
4.425000E-3	-4.927039E-3
4.430000E-3	-2.447069E-3
4.435000E-3	3.564358E-5
4.440000E-3	-5.428791E-4
4.445000E-3	-3.194213E-4
4.450000E-3	1.639605E-3
4.455000E-3	3.009140E-3
4.460000E-3	6.144404E-3
4.465000E-3	1.110983E-2
4.470000E-3	1.408881E-2
4.475000E-3	1.524723E-2
4.480000E-3	1.672918E-2
4.485000E-3	1.571196E-2
4.490000E-3	1.279330E-2
4.495000E-3	9.150803E-3
4.500000E-3	4.056513E-3
4.505000E-3	4.114091E-3
4.510000E-3	1.735568E-3
4.515000E-3	-6.629705E-3
4.520000E-3	-4.205942E-3
4.525000E-3	-2.463520E-3
4.530000E-3	-1.099879E-2
4.535000E-3	-9.899318E-3
4.540000E-3	-5.261540E-3
4.545000E-3	-1.580244E-2
4.550000E-3	-1.218325E-2
4.555000E-3	-7.786751E-3
4.560000E-3	-1.675659E-2
4.565000E-3	-1.016665E-2
4.570000E-3	-2.562225E-3
4.575000E-3	-7.534504E-3
4.580000E-3	-5.346537E-4
4.585000E-3	9.323537E-3
4.590000E-3	4.373193E-3
4.595000E-3	1.408744E-2
4.600000E-3	2.470511E-2
4.605000E-3	2.052110E-2
4.610000E-3	2.769095E-2
4.615000E-3	3.439742E-2
4.620000E-3	2.755523E-2
4.625000E-3	2.720702E-2
4.630000E-3	3.384495E-2
4.635000E-3	2.690268E-2
4.640000E-3	2.139574E-2
4.645000E-3	2.249932E-2
4.650000E-3	1.492918E-2
4.655000E-3	4.419804E-3
4.660000E-3	1.623154E-3
4.665000E-3	-4.644632E-3
4.670000E-3	-1.976848E-2
4.675000E-3	-2.799666E-2
4.680000E-3	-3.414106E-2
4.685000E-3	-5.067968E-2
4.690000E-3	-5.970711E-2
4.695000E-3	-6.006217E-2
4.700000E-3	-7.282943E-2
4.705000E-3	-7.903552E-2
4.710000E-3	-6.851655E-2
4.715000E-3	-7.278281E-2
4.720000E-3	-7.300079E-2
4.725000E-3	-5.498570E-2
4.730000E-3	-5.185181E-2
4.735000E-3	-4.590482E-2
4.740000E-3	-2.326429E-2
4.745000E-3	-1.575720E-2
4.750000E-3	-7.356286E-3
4.755000E-3	1.488119E-2
4.760000E-3	2.302301E-2
4.765000E-3	2.983230E-2
4.770000E-3	4.669720E-2
4.775000E-3	5.165303E-2
4.780000E-3	5.335158E-2
4.785000E-3	6.298769E-2
4.790000E-3	6.614488E-2
4.795000E-3	6.243110E-2
4.800000E-3	6.519210E-2
4.805000E-3	6.404191E-2
4.810000E-3	5.615097E-2
4.815000E-3	5.204511E-2
4.820000E-3	4.741555E-2
4.825000E-3	3.543520E-2
4.830000E-3	2.420199E-2
4.835000E-3	1.972324E-2
4.840000E-3	9.171367E-3
4.845000E-3	-2.813101E-3
4.850000E-3	-6.382942E-3
4.855000E-3	-1.537883E-2
4.860000E-3	-2.627343E-2
4.865000E-3	-2.771699E-2
4.870000E-3	-3.119773E-2
4.875000E-3	-4.113132E-2
4.880000E-3	-4.009354E-2
4.885000E-3	-3.785622E-2
4.890000E-3	-4.135066E-2
4.895000E-3	-3.604388E-2
4.900000E-3	-2.887541E-2
4.905000E-3	-2.764982E-2
4.910000E-3	-2.076924E-2
4.915000E-3	-1.216817E-2
4.920000E-3	-9.611428E-3
4.925000E-3	-4.104495E-3
4.930000E-3	2.782941E-3
4.935000E-3	4.152477E-3
4.940000E-3	5.081952E-3
4.945000E-3	9.475708E-3
4.950000E-3	9.083629E-3
4.955000E-3	5.509675E-3
4.960000E-3	6.972432E-3
4.965000E-3	5.430162E-3
4.970000E-3	1.418889E-3
4.975000E-3	2.767861E-3
4.980000E-3	1.782179E-3
4.985000E-3	-3.874183E-3
4.990000E-3	-4.822850E-3
4.995000E-3	-5.505562E-3
5.000000E-3	-1.051486E-2
5.005000E-3	-1.273572E-2
5.010000E-3	-1.297152E-2
5.015000E-3	-1.695675E-2
5.020000E-3	-1.864022E-2
5.025000E-3	-1.569825E-2
5.030000E-3	-1.631242E-2
5.035000E-3	-1.597244E-2
5.040000E-3	-1.150876E-2
5.045000E-3	-7.862151E-3
5.050000E-3	-6.100535E-3
5.055000E-3	-1.342118E-3
5.060000E-3	3.521860E-3
5.065000E-3	5.083323E-3
5.070000E-3	1.095492E-2
5.075000E-3	1.600260E-2
5.080000E-3	1.563245E-2
5.085000E-3	1.874715E-2
5.090000E-3	2.135324E-2
5.095000E-3	2.016741E-2
5.100000E-3	2.121753E-2
5.105000E-3	2.121478E-2
5.110000E-3	1.729673E-2
5.115000E-3	1.433694E-2
5.120000E-3	9.815693E-3
5.125000E-3	3.148973E-3
5.130000E-3	-2.116680E-3
5.135000E-3	-6.204724E-3
5.140000E-3	-1.086992E-2
5.145000E-3	-1.553649E-2
5.150000E-3	-1.725698E-2
5.155000E-3	-1.570785E-2
5.160000E-3	-1.536924E-2
5.165000E-3	-1.611638E-2
5.170000E-3	-1.445347E-2
5.175000E-3	-1.203656E-2
5.180000E-3	-1.287144E-2
5.185000E-3	-1.069719E-2
5.190000E-3	-8.077383E-3
5.195000E-3	-9.837627E-3
5.200000E-3	-7.497489E-3
5.205000E-3	-5.681038E-3
5.210000E-3	-6.336331E-3
5.215000E-3	-3.314853E-3
5.220000E-3	-2.519727E-3
5.225000E-3	-1.998782E-3
5.230000E-3	1.930237E-3
5.235000E-3	4.327953E-3
5.240000E-3	5.892158E-3
5.245000E-3	9.622395E-3
5.250000E-3	1.268500E-2
5.255000E-3	1.265484E-2
5.260000E-3	1.462758E-2
5.265000E-3	1.636177E-2
5.270000E-3	1.705134E-2
5.275000E-3	1.745027E-2
5.280000E-3	1.762712E-2
5.285000E-3	1.810145E-2
5.290000E-3	1.451105E-2
5.295000E-3	1.099467E-2
5.300000E-3	8.745015E-3
5.305000E-3	3.240824E-3
5.310000E-3	-5.840063E-4
5.315000E-3	-2.644479E-3
5.320000E-3	-6.983399E-3
5.325000E-3	-1.143336E-2
5.330000E-3	-1.421356E-2
5.335000E-3	-1.888835E-2
5.340000E-3	-2.294761E-2
5.345000E-3	-2.535903E-2
5.350000E-3	-2.897000E-2
5.355000E-3	-3.214365E-2
5.360000E-3	-3.164464E-2
5.365000E-3	-3.214365E-2
5.370000E-3	-3.261936E-2
5.375000E-3	-2.913451E-2
5.380000E-3	-2.568805E-2
5.385000E-3	-2.277899E-2
5.390000E-3	-1.816314E-2
5.395000E-3	-1.100427E-2
5.400000E-3	-6.258190E-3
5.405000E-3	-7.869005E-4
5.410000E-3	6.506324E-3
5.415000E-3	1.068622E-2
5.420000E-3	1.489490E-2
5.425000E-3	2.078021E-2
5.430000E-3	2.453512E-2
5.435000E-3	2.595127E-2
5.440000E-3	2.859437E-2
5.445000E-3	2.940732E-2
5.450000E-3	2.751273E-2
5.455000E-3	2.786505E-2
5.460000E-3	2.601570E-2
5.465000E-3	2.123123E-2
5.470000E-3	1.903915E-2
5.475000E-3	1.512796E-2
5.480000E-3	7.933438E-3
5.485000E-3	4.051030E-3
5.490000E-3	-2.015233E-4
5.495000E-3	-5.675554E-3
5.500000E-3	-8.413255E-3
5.505000E-3	-1.110297E-2
5.510000E-3	-1.415873E-2
5.515000E-3	-1.520336E-2
5.520000E-3	-1.504982E-2
5.525000E-3	-1.665652E-2
5.530000E-3	-1.719666E-2
5.535000E-3	-1.673877E-2
5.540000E-3	-1.698416E-2
5.545000E-3	-1.601356E-2
5.550000E-3	-1.386672E-2
5.555000E-3	-1.234639E-2
5.560000E-3	-1.098919E-2
5.565000E-3	-7.328868E-3
5.570000E-3	-4.060626E-3
5.575000E-3	-1.773953E-3
5.580000E-3	2.630770E-3
5.585000E-3	6.917596E-3
5.590000E-3	9.249508E-3
5.595000E-3	1.213253E-2
5.600000E-3	1.446444E-2
5.605000E-3	1.418889E-2
5.610000E-3	1.347464E-2
5.615000E-3	1.169658E-2
5.620000E-3	6.925821E-3
5.625000E-3	2.729475E-3
5.630000E-3	-1.294136E-3
5.635000E-3	-7.160246E-3
5.640000E-3	-1.175690E-2
5.645000E-3	-1.478523E-2
5.650000E-3	-1.884860E-2
5.655000E-3	-2.146977E-2
5.660000E-3	-2.316558E-2
5.665000E-3	-2.586079E-2
5.670000E-3	-2.710968E-2
5.675000E-3	-2.645576E-2
5.680000E-3	-2.578950E-2
5.685000E-3	-2.404571E-2
5.690000E-3	-2.033603E-2
5.695000E-3	-1.605606E-2
5.700000E-3	-1.118523E-2
5.705000E-3	-5.258799E-3
5.710000E-3	4.167557E-4
5.715000E-3	5.867481E-3
5.720000E-3	1.117015E-2
5.725000E-3	1.658934E-2
5.730000E-3	2.098858E-2
5.735000E-3	2.493268E-2
5.740000E-3	2.851212E-2
5.745000E-3	3.072476E-2
5.750000E-3	3.178722E-2
5.755000E-3	3.230679E-2
5.760000E-3	3.086597E-2
5.765000E-3	2.863002E-2
5.770000E-3	2.602255E-2
5.775000E-3	2.159452E-2
5.780000E-3	1.691699E-2
5.785000E-3	1.209003E-2
5.790000E-3	5.949736E-3
5.795000E-3	-2.522469E-4
5.800000E-3	-5.149126E-3
5.805000E-3	-1.079863E-2
5.810000E-3	-1.603001E-2
5.815000E-3	-1.962727E-2
5.820000E-3	-2.362072E-2
5.825000E-3	-2.676970E-2
5.830000E-3	-2.788562E-2
5.835000E-3	-2.882332E-2
5.840000E-3	-2.881235E-2
5.845000E-3	-2.720565E-2
5.850000E-3	-2.510130E-2
5.855000E-3	-2.301478E-2
5.860000E-3	-1.954091E-2
5.865000E-3	-1.611227E-2
5.870000E-3	-1.302361E-2
5.875000E-3	-9.367406E-3
5.880000E-3	-5.764663E-3
5.885000E-3	-3.173649E-3
5.890000E-3	-3.249049E-4
5.895000E-3	2.604723E-3
5.900000E-3	4.476011E-3
5.905000E-3	5.962074E-3
5.910000E-3	5.940139E-3
5.915000E-3	4.721403E-3
5.920000E-3	3.310740E-3
5.925000E-3	3.323078E-3
5.930000E-3	3.961921E-4
5.935000E-3	-1.008987E-3
5.940000E-3	9.112418E-3
5.945000E-3	3.865957E-3
5.950000E-3	1.316071E-3
5.955000E-3	1.397365E-2
5.960000E-3	6.713331E-3
5.965000E-3	3.811121E-3
5.970000E-3	1.126885E-2
5.975000E-3	6.277382E-3
5.980000E-3	-1.625896E-3
5.985000E-3	5.360246E-3
5.990000E-3	3.534198E-3
5.995000E-3	-5.273879E-3
6.000000E-3	2.412796E-4
6.005000E-3	-1.972735E-3
6.010000E-3	-7.337093E-3
6.015000E-3	-3.061235E-3
6.020000E-3	-3.620565E-3
6.025000E-3	-8.196652E-3
6.030000E-3	-4.275858E-3
6.035000E-3	-3.107846E-3
6.040000E-3	-7.949889E-3
6.045000E-3	-3.391623E-3
6.050000E-3	2.978981E-3
6.055000E-3	-3.142118E-3
6.060000E-3	2.522469E-4
6.065000E-3	8.470833E-3
6.070000E-3	1.828790E-3
6.075000E-3	3.090024E-3
6.080000E-3	9.165883E-3
6.085000E-3	4.541814E-3
6.090000E-3	-3.276467E-4
6.095000E-3	6.720185E-3
6.100000E-3	3.260016E-3
6.105000E-3	-5.101144E-3
6.110000E-3	3.609598E-3
6.115000E-3	1.490176E-3
6.120000E-3	-6.717443E-3
6.125000E-3	9.527802E-4
6.130000E-3	-5.415082E-4
6.135000E-3	-9.071290E-3
6.140000E-3	-1.972735E-3
6.145000E-3	-1.461387E-3
6.150000E-3	-1.011044E-2
6.155000E-3	-4.175782E-3
6.160000E-3	-2.458036E-3
6.165000E-3	-1.131272E-2
6.170000E-3	-6.773651E-3
6.175000E-3	-5.375326E-3
6.180000E-3	-1.335400E-2
6.185000E-3	-8.738160E-3
6.190000E-3	-7.031381E-3
6.195000E-3	-1.203382E-2
6.200000E-3	-7.964969E-3
6.205000E-3	-2.543032E-3
6.210000E-3	-4.397869E-3
6.215000E-3	-2.146840E-3
6.220000E-3	4.632294E-3
6.225000E-3	2.560854E-3
6.230000E-3	2.722621E-3
6.235000E-3	9.065807E-3
6.240000E-3	5.820870E-3
6.245000E-3	4.417062E-3
6.250000E-3	8.307695E-3
6.255000E-3	5.575478E-3
6.260000E-3	2.187967E-3
6.265000E-3	5.077839E-3
6.270000E-3	2.636254E-3
6.275000E-3	-2.537549E-3
6.280000E-3	-1.124144E-4
6.285000E-3	-2.234578E-3
6.290000E-3	-7.947147E-3
6.295000E-3	-5.693376E-3
6.300000E-3	-7.973194E-3
6.305000E-3	-1.385987E-2
6.310000E-3	-1.302910E-2
6.315000E-3	-1.466459E-2
6.320000E-3	-2.018797E-2
6.325000E-3	-2.068287E-2
6.330000E-3	-2.064723E-2
6.335000E-3	-2.441722E-2
6.340000E-3	-2.346718E-2
6.345000E-3	-2.059925E-2
6.350000E-3	-1.996040E-2
6.355000E-3	-1.653039E-2
6.360000E-3	-9.948671E-3
6.365000E-3	-5.223155E-3
6.370000E-3	2.015233E-4
6.375000E-3	8.280277E-3
6.380000E-3	1.468378E-2
6.385000E-3	1.978904E-2
6.390000E-3	2.646399E-2
6.395000E-3	3.037655E-2
6.400000E-3	3.194076E-2
6.405000E-3	3.481692E-2
6.410000E-3	3.483611E-2
6.415000E-3	3.284007E-2
6.420000E-3	3.174198E-2
6.425000E-3	2.896589E-2
6.430000E-3	2.405804E-2
6.435000E-3	2.072811E-2
6.440000E-3	1.610678E-2
6.445000E-3	9.773195E-3
6.450000E-3	4.715919E-3
6.455000E-3	-3.728867E-4
6.460000E-3	-7.727802E-3
6.465000E-3	-1.335400E-2
6.470000E-3	-1.699376E-2
6.475000E-3	-2.168775E-2
6.480000E-3	-2.452278E-2
6.485000E-3	-2.567023E-2
6.490000E-3	-2.754974E-2
6.495000E-3	-2.788699E-2
6.500000E-3	-2.660656E-2
6.505000E-3	-2.627069E-2
6.510000E-3	-2.444738E-2
6.515000E-3	-2.114213E-2
6.520000E-3	-1.906383E-2
6.525000E-3	-1.596147E-2
6.530000E-3	-1.139635E-2
6.535000E-3	-8.717597E-3
6.540000E-3	-5.465806E-3
6.545000E-3	-8.184314E-4
6.550000E-3	1.261234E-3
6.555000E-3	4.363596E-3
6.560000E-3	8.012950E-3
6.565000E-3	9.978831E-3
6.570000E-3	1.174456E-2
6.575000E-3	1.431501E-2
6.580000E-3	1.511014E-2
6.585000E-3	1.417929E-2
6.590000E-3	1.405180E-2
6.595000E-3	1.280016E-2
6.600000E-3	9.792387E-3
6.605000E-3	7.689416E-3
6.610000E-3	4.576087E-3
6.615000E-3	2.714396E-4
6.620000E-3	-3.214777E-3
6.625000E-3	-6.295204E-3
6.630000E-3	-1.013374E-2
6.635000E-3	-1.349795E-2
6.640000E-3	-1.584905E-2
6.645000E-3	-1.940244E-2
6.650000E-3	-2.164936E-2
6.655000E-3	-2.314228E-2
6.660000E-3	-2.472293E-2
6.665000E-3	-2.503002E-2
6.670000E-3	-2.432400E-2
6.675000E-3	-2.350420E-2
6.680000E-3	-2.113664E-2
6.685000E-3	-1.803291E-2
6.690000E-3	-1.398325E-2
6.695000E-3	-9.250879E-3
6.700000E-3	-3.967404E-3
6.705000E-3	1.276314E-3
6.710000E-3	6.738007E-3
6.715000E-3	1.223809E-2
6.720000E-3	1.706779E-2
6.725000E-3	2.165622E-2
6.730000E-3	2.494091E-2
6.735000E-3	2.673405E-2
6.740000E-3	2.802545E-2
6.745000E-3	2.779925E-2
6.750000E-3	2.668607E-2
6.755000E-3	2.481890E-2
6.760000E-3	2.196193E-2
6.765000E-3	1.866078E-2
6.770000E-3	1.496893E-2
6.775000E-3	1.095903E-2
6.780000E-3	6.203353E-3
6.785000E-3	1.475096E-3
6.790000E-3	-2.917290E-3
6.795000E-3	-7.328868E-3
6.800000E-3	-1.111805E-2
6.805000E-3	-1.406002E-2
6.810000E-3	-1.618493E-2
6.815000E-3	-1.719117E-2
6.820000E-3	-1.728165E-2
6.825000E-3	-1.610130E-2
6.830000E-3	-1.417243E-2
6.835000E-3	-1.167738E-2
6.840000E-3	-8.425593E-3
6.845000E-3	-5.682409E-3
6.850000E-3	-3.239453E-3
6.855000E-3	-7.594824E-4
6.860000E-3	8.746386E-4
6.865000E-3	1.930237E-3
6.870000E-3	2.774715E-3
6.875000E-3	2.815843E-3
6.880000E-3	2.670527E-3
6.885000E-3	2.364814E-3
6.890000E-3	1.746535E-3
6.895000E-3	8.266568E-4
6.900000E-3	3.564358E-5
6.905000E-3	-7.019043E-4
6.910000E-3	-1.248896E-3
6.915000E-3	-2.059102E-3
6.920000E-3	-3.170907E-3
6.925000E-3	-4.565120E-3
6.930000E-3	-6.385684E-3
6.935000E-3	-8.591473E-3
6.940000E-3	-1.126337E-2
6.945000E-3	-1.439726E-2
6.950000E-3	-1.715827E-2
6.955000E-3	-1.981372E-2
6.960000E-3	-2.188516E-2
6.965000E-3	-2.311897E-2
6.970000E-3	-2.399772E-2
6.975000E-3	-2.363992E-2
6.980000E-3	-2.247465E-2
6.985000E-3	-2.078980E-2
6.990000E-3	-1.818645E-2
6.995000E-3	-1.464677E-2
7.000000E-3	-1.082331E-2
7.005000E-3	-6.588578E-3
7.010000E-3	-1.864433E-3
7.015000E-3	2.381265E-3
7.020000E-3	6.587207E-3
7.025000E-3	1.106322E-2
7.030000E-3	1.459330E-2
7.035000E-3	1.782864E-2
7.040000E-3	2.075690E-2
7.045000E-3	2.309018E-2
7.050000E-3	2.518082E-2
7.055000E-3	2.693695E-2
7.060000E-3	2.761966E-2
7.065000E-3	2.789110E-2
7.070000E-3	2.711654E-2
7.075000E-3	2.571684E-2
7.080000E-3	2.332187E-2
7.085000E-3	2.049232E-2
7.090000E-3	1.652628E-2
7.095000E-3	1.161158E-2
7.100000E-3	6.426811E-3
7.105000E-3	8.869767E-4
7.110000E-3	-4.862607E-3
7.115000E-3	-9.951413E-3
7.120000E-3	-1.441509E-2
7.125000E-3	-1.871014E-2
7.130000E-3	-2.190572E-2
7.135000E-3	-2.382499E-2
7.140000E-3	-2.516848E-2
7.145000E-3	-2.542210E-2
7.150000E-3	-2.400732E-2
7.155000E-3	-2.182621E-2
7.160000E-3	-1.858950E-2
7.165000E-3	-1.464540E-2
7.170000E-3	-1.057792E-2
7.175000E-3	-6.330848E-3
7.180000E-3	-2.371669E-3
7.185000E-3	1.083016E-3
7.190000E-3	4.148364E-3
7.195000E-3	6.507695E-3
7.200000E-3	8.298099E-3
7.205000E-3	9.054840E-3
7.210000E-3	9.899318E-3
7.215000E-3	1.037091E-2
7.220000E-3	1.009536E-2
7.225000E-3	9.830773E-3
7.230000E-3	9.106934E-3
7.235000E-3	7.548213E-3
7.240000E-3	5.844176E-3
7.245000E-3	4.027724E-3
7.250000E-3	1.667023E-3
7.255000E-3	-8.869767E-4
7.260000E-3	-3.401220E-3
7.265000E-3	-6.271899E-3
7.270000E-3	-9.001374E-3
7.275000E-3	-1.139909E-2
7.280000E-3	-1.375842E-2
7.285000E-3	-1.579833E-2
7.290000E-3	-1.735157E-2
7.295000E-3	-1.875538E-2
7.300000E-3	-1.960260E-2
7.305000E-3	-1.940519E-2
7.310000E-3	-1.863337E-2
7.315000E-3	-1.738447E-2
7.320000E-3	-1.559681E-2
7.325000E-3	-1.350480E-2
7.330000E-3	-1.125789E-2
7.335000E-3	-8.403659E-3
7.340000E-3	-5.464435E-3
7.345000E-3	-2.261996E-3
7.350000E-3	8.143187E-4
7.355000E-3	3.578067E-3
7.360000E-3	6.111503E-3
7.365000E-3	8.527040E-3
7.370000E-3	1.030236E-2
7.375000E-3	1.142788E-2
7.380000E-3	1.208043E-2
7.385000E-3	1.234639E-2
7.390000E-3	1.221752E-2
7.395000E-3	1.182681E-2
7.400000E-3	1.089048E-2
7.405000E-3	9.434581E-3
7.410000E-3	7.794976E-3
7.415000E-3	6.056666E-3
7.420000E-3	4.083931E-3
7.425000E-3	1.724601E-3
7.430000E-3	-3.249049E-4
7.435000E-3	-2.109826E-3
7.440000E-3	-3.823459E-3
7.445000E-3	-4.995584E-3
7.450000E-3	-5.759180E-3
7.455000E-3	-6.282866E-3
7.460000E-3	-6.175935E-3
7.465000E-3	-6.466568E-3
7.470000E-3	-6.369233E-3
7.475000E-3	-5.786598E-3
7.480000E-3	-4.534960E-3
7.485000E-3	-3.635645E-3
7.490000E-3	-2.334654E-3
7.495000E-3	-6.251335E-4
7.500000E-3	1.159787E-3
7.505000E-3	2.872050E-3
7.510000E-3	4.792690E-3
7.515000E-3	6.395280E-3
7.520000E-3	7.775784E-3
7.525000E-3	8.856058E-3
7.530000E-3	9.141207E-3
7.535000E-3	9.086370E-3
7.540000E-3	8.949280E-3
7.545000E-3	8.019805E-3
7.550000E-3	6.435037E-3
7.555000E-3	4.422545E-3
7.560000E-3	1.461387E-3
7.565000E-3	-1.849353E-3
7.570000E-3	-5.380809E-3
7.575000E-3	-9.141207E-3
7.580000E-3	-1.293725E-2
7.585000E-3	-1.601493E-2
7.590000E-3	-1.873893E-2
7.595000E-3	-2.048272E-2
7.600000E-3	-2.149171E-2
7.605000E-3	-2.152735E-2
7.610000E-3	-2.119148E-2
7.615000E-3	-1.994669E-2
7.620000E-3	-1.817411E-2
7.625000E-3	-1.670998E-2
7.630000E-3	-1.454532E-2
7.635000E-3	-1.204342E-2
7.640000E-3	-9.530544E-3
7.645000E-3	-6.695509E-3
7.650000E-3	-3.440976E-3
7.655000E-3	-2.426505E-4
7.660000E-3	2.866566E-3
7.665000E-3	6.392539E-3
7.670000E-3	9.490788E-3
7.675000E-3	1.205713E-2
7.680000E-3	1.459330E-2
7.685000E-3	1.637685E-2
7.690000E-3	1.736116E-2
7.695000E-3	1.785743E-2
7.700000E-3	1.794654E-2
7.705000E-3	1.712263E-2
7.710000E-3	1.618493E-2
7.715000E-3	1.446718E-2
7.720000E-3	1.230389E-2
7.725000E-3	9.396195E-3
7.730000E-3	5.872965E-3
7.735000E-3	1.730084E-3
7.740000E-3	-2.596498E-3
7.745000E-3	-6.742120E-3
7.750000E-3	-1.061082E-2
7.755000E-3	-1.395446E-2
7.760000E-3	-1.653588E-2
7.765000E-3	-1.864433E-2
7.770000E-3	-1.974243E-2
7.775000E-3	-2.001250E-2
7.780000E-3	-1.945865E-2
7.785000E-3	-1.802057E-2
7.790000E-3	-1.604509E-2
7.795000E-3	-1.372552E-2
7.800000E-3	-1.100290E-2
7.805000E-3	-7.831991E-3
7.810000E-3	-4.706323E-3
7.815000E-3	-1.738310E-3
7.820000E-3	1.187205E-3
7.825000E-3	4.042804E-3
7.830000E-3	6.605029E-3
7.835000E-3	9.124756E-3
7.840000E-3	1.156223E-2
7.845000E-3	1.379818E-2
7.850000E-3	1.582164E-2
7.855000E-3	1.740777E-2
7.860000E-3	1.837838E-2
7.865000E-3	1.882255E-2
7.870000E-3	1.831806E-2
7.875000E-3	1.703900E-2
7.880000E-3	1.480579E-2
7.885000E-3	1.125652E-2
7.890000E-3	7.241130E-3
7.895000E-3	2.798021E-3
7.900000E-3	-1.906931E-3
7.905000E-3	-6.561160E-3
7.910000E-3	-1.109612E-2
7.915000E-3	-1.507449E-2
7.920000E-3	-1.824266E-2
7.925000E-3	-2.064037E-2
7.930000E-3	-2.215660E-2
7.935000E-3	-2.287495E-2
7.940000E-3	-2.270496E-2
7.945000E-3	-2.183580E-2
7.950000E-3	-2.016741E-2
7.955000E-3	-1.804936E-2
7.960000E-3	-1.580381E-2
7.965000E-3	-1.333207E-2
7.970000E-3	-1.095492E-2
7.975000E-3	-8.326888E-3
7.980000E-3	-5.645394E-3
7.985000E-3	-2.740443E-3
7.990000E-3	2.399087E-4
7.995000E-3	3.092766E-3
8.000000E-3	5.855143E-3
8.005000E-3	8.311808E-3
8.010000E-3	1.063275E-2
8.015000E-3	1.266581E-2
8.020000E-3	1.418340E-2
8.025000E-3	1.479894E-2
8.030000E-3	1.497853E-2
8.035000E-3	1.425058E-2
8.040000E-3	1.301813E-2
8.045000E-3	1.103032E-2
8.050000E-3	8.775175E-3
8.055000E-3	6.204724E-3
8.060000E-3	3.281951E-3
8.065000E-3	3.838539E-4
8.070000E-3	-2.315462E-3
8.075000E-3	-5.073726E-3
8.080000E-3	-7.672966E-3
8.085000E-3	-1.012278E-2
8.090000E-3	-1.200640E-2
8.095000E-3	-1.388180E-2
8.100000E-3	-1.516360E-2
8.105000E-3	-1.579422E-2
8.110000E-3	-1.596832E-2
8.115000E-3	-1.562148E-2
8.120000E-3	-1.471943E-2
8.125000E-3	-1.336908E-2
8.130000E-3	-1.169246E-2
8.135000E-3	-9.616911E-3
8.140000E-3	-7.338464E-3
8.145000E-3	-4.817367E-3
8.150000E-3	-2.274334E-3
8.155000E-3	5.140901E-4
8.160000E-3	2.784312E-3
8.165000E-3	5.393147E-3
8.170000E-3	7.497489E-3
8.175000E-3	9.154916E-3
8.180000E-3	1.045728E-2
8.185000E-3	1.130313E-2
8.190000E-3	1.141554E-2
8.195000E-3	1.128531E-2
8.200000E-3	1.087952E-2
8.205000E-3	1.013100E-2
8.210000E-3	9.434581E-3
8.215000E-3	8.697033E-3
8.220000E-3	7.526278E-3
8.225000E-3	5.538464E-3
8.230000E-3	3.357351E-3
8.235000E-3	9.431839E-4
8.240000E-3	-1.857579E-3
8.245000E-3	-4.798174E-3
8.250000E-3	-7.833362E-3
8.255000E-3	-1.075888E-2
8.260000E-3	-1.301950E-2
8.265000E-3	-1.448637E-2
8.270000E-3	-1.499909E-2
8.275000E-3	-1.507998E-2
8.280000E-3	-1.413679E-2
8.285000E-3	-1.262468E-2
8.290000E-3	-1.057518E-2
8.295000E-3	-8.150041E-3
8.300000E-3	-5.652249E-3
8.305000E-3	-3.269613E-3
8.310000E-3	-8.842349E-4
8.315000E-3	9.966493E-4
8.320000E-3	2.533436E-3
8.325000E-3	3.776848E-3
8.330000E-3	4.732370E-3
8.335000E-3	5.299926E-3
8.340000E-3	5.441129E-3
8.345000E-3	5.639911E-3
8.350000E-3	5.631685E-3
8.355000E-3	5.095661E-3
8.360000E-3	4.249811E-3
8.365000E-3	3.150344E-3
8.370000E-3	1.560092E-3
8.375000E-3	-3.797412E-4
8.380000E-3	-2.319574E-3
8.385000E-3	-4.486978E-3
8.390000E-3	-6.935418E-3
8.395000E-3	-9.356439E-3
8.400000E-3	-1.174045E-2
8.405000E-3	-1.372826E-2
8.410000E-3	-1.537472E-2
8.415000E-3	-1.655644E-2
8.420000E-3	-1.739955E-2
8.425000E-3	-1.762575E-2
8.430000E-3	-1.735979E-2
8.435000E-3	-1.626855E-2
8.440000E-3	-1.454943E-2
8.445000E-3	-1.229978E-2
8.450000E-3	-9.394825E-3
8.455000E-3	-6.195128E-3
8.460000E-3	-2.530694E-3
8.465000E-3	1.379132E-3
8.470000E-3	5.150497E-3
8.475000E-3	8.939683E-3
8.480000E-3	1.259178E-2
8.485000E-3	1.577640E-2
8.490000E-3	1.884723E-2
8.495000E-3	2.121067E-2
8.500000E-3	2.285576E-2
8.505000E-3	2.383596E-2
8.510000E-3	2.437747E-2
8.515000E-3	2.383184E-2
8.520000E-3	2.244449E-2
8.525000E-3	2.036345E-2
8.530000E-3	1.741737E-2
8.535000E-3	1.396680E-2
8.540000E-3	1.003778E-2
8.545000E-3	5.575478E-3
8.550000E-3	1.235187E-3
8.555000E-3	-3.103733E-3
8.560000E-3	-7.454991E-3
8.565000E-3	-1.169384E-2
8.570000E-3	-1.536375E-2
8.575000E-3	-1.823854E-2
8.580000E-3	-2.052796E-2
8.585000E-3	-2.227587E-2
8.590000E-3	-2.279133E-2
8.595000E-3	-2.274197E-2
8.600000E-3	-2.214426E-2
8.605000E-3	-2.070618E-2
8.610000E-3	-1.875949E-2
8.615000E-3	-1.626855E-2
8.620000E-3	-1.339239E-2
8.625000E-3	-1.034349E-2
8.630000E-3	-7.094443E-3
8.635000E-3	-4.101753E-3
8.640000E-3	-1.391470E-3
8.645000E-3	9.815693E-4
8.650000E-3	3.092766E-3
8.655000E-3	4.665196E-3
8.660000E-3	5.406857E-3
8.665000E-3	5.605638E-3
8.670000E-3	5.160093E-3
8.675000E-3	4.082561E-3
8.680000E-3	2.796650E-3
8.685000E-3	1.377761E-3
8.690000E-3	-2.728105E-4
8.695000E-3	-1.656055E-3
8.700000E-3	-3.003657E-3
8.705000E-3	-4.112720E-3
8.710000E-3	-4.837930E-3
8.715000E-3	-5.735874E-3
8.720000E-3	-6.584466E-3
8.725000E-3	-7.082105E-3
8.730000E-3	-7.287741E-3
8.735000E-3	-7.167101E-3
8.740000E-3	-7.139683E-3
8.745000E-3	-6.714702E-3
8.750000E-3	-6.008685E-3
8.755000E-3	-5.094290E-3
8.760000E-3	-3.861845E-3
8.765000E-3	-2.293527E-3
8.770000E-3	-2.659559E-4
8.775000E-3	1.912415E-3
8.780000E-3	4.077077E-3
8.785000E-3	6.317139E-3
8.790000E-3	8.720338E-3
8.795000E-3	1.102209E-2
8.800000E-3	1.304555E-2
8.805000E-3	1.448089E-2
8.810000E-3	1.575172E-2
8.815000E-3	1.641113E-2
8.820000E-3	1.621920E-2
8.825000E-3	1.542133E-2
8.830000E-3	1.413405E-2
8.835000E-3	1.196116E-2
8.840000E-3	9.442806E-3
8.845000E-3	6.437778E-3
8.850000E-3	3.280580E-3
8.855000E-3	-1.316071E-4
8.860000E-3	-3.451943E-3
8.865000E-3	-6.865501E-3
8.870000E-3	-9.888351E-3
8.875000E-3	-1.244235E-2
8.880000E-3	-1.461661E-2
8.885000E-3	-1.639742E-2
8.890000E-3	-1.757777E-2
8.895000E-3	-1.828927E-2
8.900000E-3	-1.845789E-2
8.905000E-3	-1.795888E-2
8.910000E-3	-1.738310E-2
8.915000E-3	-1.617533E-2
8.920000E-3	-1.515400E-2
8.925000E-3	-1.394898E-2
8.930000E-3	-1.267952E-2
8.935000E-3	-1.128805E-2
8.940000E-3	-9.923995E-3
8.945000E-3	-8.499622E-3
8.950000E-3	-7.071137E-3
8.955000E-3	-5.559027E-3
8.960000E-3	-4.197717E-3
8.965000E-3	-2.700686E-3
8.970000E-3	-1.033664E-3
8.975000E-3	8.170605E-4
8.980000E-3	2.495050E-3
8.985000E-3	4.127800E-3
8.990000E-3	5.946994E-3
8.995000E-3	7.428944E-3
9.000000E-3	8.553088E-3
9.005000E-3	9.012341E-3
9.010000E-3	9.386599E-3
9.015000E-3	9.456515E-3
9.020000E-3	8.979440E-3
9.025000E-3	7.873118E-3
9.030000E-3	6.524146E-3
9.035000E-3	5.180657E-3
9.040000E-3	3.900230E-3
9.045000E-3	2.308607E-3
9.050000E-3	7.773042E-4
9.055000E-3	-4.194975E-4
9.060000E-3	-1.694441E-3
9.065000E-3	-2.617061E-3
9.070000E-3	-3.427267E-3
9.075000E-3	-4.199088E-3
9.080000E-3	-4.471898E-3
9.085000E-3	-4.628181E-3
9.090000E-3	-4.555523E-3
9.095000E-3	-4.702210E-3
9.100000E-3	-4.600763E-3
9.105000E-3	-4.511654E-3
9.110000E-3	-4.015386E-3
9.115000E-3	-3.693223E-3
9.120000E-3	-3.172278E-3
9.125000E-3	-2.333283E-3
9.130000E-3	-1.226962E-3
9.135000E-3	6.580353E-5
9.140000E-3	1.675248E-3
9.145000E-3	3.517747E-3
9.150000E-3	5.079210E-3
9.155000E-3	6.609142E-3
9.160000E-3	7.699013E-3
9.165000E-3	8.612037E-3
9.170000E-3	8.595586E-3
9.175000E-3	8.432448E-3
9.180000E-3	7.415235E-3
9.185000E-3	5.786598E-3
9.190000E-3	3.852248E-3
9.195000E-3	1.658797E-3
9.200000E-3	-7.553697E-4
9.205000E-3	-3.010511E-3
9.210000E-3	-5.258799E-3
9.215000E-3	-7.542729E-3
9.220000E-3	-9.418130E-3
9.225000E-3	-1.083839E-2
9.230000E-3	-1.184189E-2
9.235000E-3	-1.232582E-2
9.240000E-3	-1.293725E-2
9.245000E-3	-1.321965E-2
9.250000E-3	-1.308805E-2
9.255000E-3	-1.227236E-2
9.260000E-3	-1.140869E-2
9.265000E-3	-1.032019E-2
9.270000E-3	-8.983552E-3
9.275000E-3	-7.605791E-3
9.280000E-3	-6.411731E-3
9.285000E-3	-4.918814E-3
9.290000E-3	-3.224373E-3
9.295000E-3	-1.894593E-3
9.300000E-3	-4.976392E-4
9.305000E-3	8.444786E-4
9.310000E-3	1.810968E-3
9.315000E-3	2.614319E-3
9.320000E-3	3.361464E-3
9.325000E-3	3.428638E-3
9.330000E-3	3.281951E-3
9.335000E-3	2.699316E-3
9.340000E-3	1.824677E-3
9.345000E-3	2.467632E-4
9.350000E-3	-1.152933E-3
9.355000E-3	-2.866566E-3
9.360000E-3	-4.199088E-3
9.365000E-3	-5.552173E-3
9.370000E-3	-6.210208E-3
9.375000E-3	-6.851792E-3
9.380000E-3	-7.237017E-3
9.385000E-3	-6.984770E-3
9.390000E-3	-6.240368E-3
9.395000E-3	-5.243719E-3
9.400000E-3	-4.321098E-3
9.405000E-3	-2.977610E-3
9.410000E-3	-1.331151E-3
9.415000E-3	6.196499E-4
9.420000E-3	2.263367E-3
9.425000E-3	4.249811E-3
9.430000E-3	6.400764E-3
9.435000E-3	8.293986E-3
9.440000E-3	1.028317E-2
9.445000E-3	1.238614E-2
9.450000E-3	1.412308E-2
9.455000E-3	1.556391E-2
9.460000E-3	1.684159E-2
9.465000E-3	1.740915E-2
9.470000E-3	1.723367E-2
9.475000E-3	1.639879E-2
9.480000E-3	1.496756E-2
9.485000E-3	1.291943E-2
9.490000E-3	1.015019E-2
9.495000E-3	6.842196E-3
9.500000E-3	3.083169E-3
9.505000E-3	-8.225441E-4
9.510000E-3	-4.811883E-3
9.515000E-3	-8.688807E-3
9.520000E-3	-1.231623E-2
9.525000E-3	-1.516908E-2
9.530000E-3	-1.787937E-2
9.535000E-3	-2.003032E-2
9.540000E-3	-2.162468E-2
9.545000E-3	-2.266657E-2
9.550000E-3	-2.327389E-2
9.555000E-3	-2.365088E-2
9.560000E-3	-2.348912E-2
9.565000E-3	-2.275431E-2
9.570000E-3	-2.177960E-2
9.575000E-3	-2.053756E-2
9.580000E-3	-1.885545E-2
9.585000E-3	-1.677990E-2
9.590000E-3	-1.416284E-2
9.595000E-3	-1.180488E-2
9.600000E-3	-9.071290E-3
9.605000E-3	-6.365120E-3
9.610000E-3	-3.621936E-3
9.615000E-3	-9.061694E-4
9.620000E-3	1.613557E-3
9.625000E-3	3.313482E-3
9.630000E-3	4.933894E-3
9.635000E-3	6.195128E-3
9.640000E-3	7.354915E-3
9.645000E-3	7.978678E-3
9.650000E-3	8.277535E-3
9.655000E-3	8.481801E-3
9.660000E-3	8.491397E-3
9.665000E-3	8.548975E-3
9.670000E-3	8.750498E-3
9.675000E-3	8.731306E-3
9.680000E-3	8.518815E-3
9.685000E-3	8.369386E-3
9.690000E-3	8.176088E-3
9.695000E-3	7.881343E-3
9.700000E-3	7.345319E-3
9.705000E-3	6.918967E-3
9.710000E-3	6.396651E-3
9.715000E-3	5.659103E-3
9.720000E-3	4.717290E-3
9.725000E-3	3.853619E-3
9.730000E-3	2.969384E-3
9.735000E-3	2.235949E-3
9.740000E-3	1.488805E-3
9.745000E-3	7.923841E-4
9.750000E-3	1.645088E-5
9.755000E-3	-2.851486E-4
9.760000E-3	-2.769232E-4
9.765000E-3	-3.660321E-4
9.770000E-3	-3.290176E-4
9.775000E-3	-3.646612E-4
9.780000E-3	-6.758571E-4
9.785000E-3	-5.182028E-4
9.790000E-3	-8.773804E-4
9.795000E-3	-1.139224E-3
9.800000E-3	-1.603961E-3
9.805000E-3	-2.334654E-3
9.810000E-3	-3.138006E-3
9.815000E-3	-4.023612E-3
9.820000E-3	-4.800916E-3
9.825000E-3	-5.656362E-3
9.830000E-3	-6.692767E-3
9.835000E-3	-7.559180E-3
9.840000E-3	-8.111656E-3
9.845000E-3	-8.820415E-3
9.850000E-3	-9.230316E-3
9.855000E-3	-9.560704E-3
9.860000E-3	-9.704649E-3
9.865000E-3	-9.438694E-3
9.870000E-3	-8.939683E-3
9.875000E-3	-8.309066E-3
9.880000E-3	-7.564664E-3
9.885000E-3	-6.792843E-3
9.890000E-3	-6.036103E-3
9.895000E-3	-5.468547E-3
9.900000E-3	-4.635036E-3
9.905000E-3	-3.854990E-3
9.910000E-3	-3.272355E-3
9.915000E-3	-2.803504E-3
9.920000E-3	-2.416909E-3
9.925000E-3	-1.967251E-3
9.930000E-3	-1.253009E-3
9.935000E-3	-9.267330E-4
9.940000E-3	-4.990101E-4
9.945000E-3	-2.015233E-4
9.950000E-3	2.741814E-6
9.955000E-3	6.031990E-5
9.960000E-3	3.838539E-5
9.965000E-3	-1.617670E-4
9.970000E-3	-4.099011E-4
9.975000E-3	-7.978678E-4
9.980000E-3	-1.306474E-3
9.985000E-3	-1.594365E-3
9.990000E-3	-2.037168E-3
9.995000E-3	-2.510130E-3
