0.000000E+0	-4.332066E-4
5.000000E-6	-4.236102E-4
1.000000E-5	-2.851486E-4
1.500000E-5	-3.386140E-4
2.000000E-5	-1.521707E-4
2.500000E-5	-2.673268E-4
3.000000E-5	-2.618432E-4
3.500000E-5	-3.290176E-4
4.000000E-5	-2.920032E-4
4.500000E-5	-3.029704E-4
5.000000E-5	-1.658797E-4
5.500000E-5	-6.443262E-5
6.000000E-5	-3.536940E-4
6.500000E-5	-3.331304E-4
7.000000E-5	-3.153086E-4
7.500000E-5	-8.499622E-5
8.000000E-5	-2.577305E-4
8.500000E-5	-3.207922E-4
9.000000E-5	-2.878904E-4
9.500000E-5	-1.137853E-4
1.000000E-4	-2.330542E-4
1.050000E-4	-9.322166E-5
1.100000E-4	-1.521707E-4
1.150000E-4	-1.398325E-4
1.200000E-4	-2.755523E-4
1.250000E-4	-3.660321E-4
1.300000E-4	-2.207160E-4
1.350000E-4	-1.672506E-4
1.400000E-4	-1.480579E-4
1.450000E-4	-1.302361E-4
1.500000E-4	-2.467632E-4
1.550000E-4	-1.741052E-4
1.600000E-4	-1.412034E-4
1.650000E-4	-1.782179E-4
1.700000E-4	-2.097487E-4
1.750000E-4	-1.932979E-4
1.800000E-4	-2.645850E-4
1.850000E-4	-8.088350E-5
1.900000E-4	-1.699924E-4
1.950000E-4	-2.467632E-4
2.000000E-4	-1.782179E-4
2.050000E-4	-1.960397E-4
2.100000E-4	-2.303123E-4
2.150000E-4	-3.427267E-4
2.200000E-4	-5.209446E-5
2.250000E-4	-2.289414E-4
2.300000E-4	-1.617670E-4
2.350000E-4	-2.261996E-4
2.400000E-4	-1.302361E-4
2.450000E-4	-2.124906E-4
2.500000E-4	-8.773804E-5
2.550000E-4	-2.344251E-4
2.600000E-4	-2.015233E-4
2.650000E-4	-1.617670E-4
2.700000E-4	-1.617670E-4
2.750000E-4	-1.014471E-4
2.800000E-4	-3.249049E-4
2.850000E-4	-1.590252E-4
2.900000E-4	-9.596348E-5
2.950000E-4	-3.057122E-4
3.000000E-4	-3.153086E-4
3.050000E-4	-3.536940E-4
3.100000E-4	-2.700686E-4
3.150000E-4	-3.372431E-4
3.200000E-4	-2.385378E-4
3.250000E-4	-3.345013E-4
3.300000E-4	-2.412796E-4
3.350000E-4	-1.617670E-4
3.400000E-4	-5.346537E-5
3.450000E-4	-9.733438E-5
3.500000E-4	-1.220107E-4
3.550000E-4	1.507998E-5
3.600000E-4	-1.521707E-4
3.650000E-4	-2.179742E-4
3.700000E-4	-3.742576E-4
3.750000E-4	-3.907084E-4
3.800000E-4	-4.414320E-4
3.850000E-4	-1.124144E-4
3.900000E-4	-1.590252E-4
3.950000E-4	-4.770756E-4
4.000000E-4	-3.550649E-4
4.050000E-4	-1.329780E-4
4.100000E-4	0.000000E+0
4.150000E-4	2.741814E-6
4.200000E-4	-2.111197E-4
4.250000E-4	-2.261996E-4
4.300000E-4	-1.905560E-4
4.350000E-4	-3.029704E-4
4.400000E-4	-2.618432E-4
4.450000E-4	9.322166E-5
4.500000E-4	-2.070069E-4
4.550000E-4	-5.154610E-4
4.600000E-4	-3.687739E-4
4.650000E-4	-9.459257E-5
4.700000E-4	-3.468394E-4
4.750000E-4	-2.755523E-4
4.800000E-4	-2.604723E-4
4.850000E-4	-2.892613E-4
4.900000E-4	-3.386140E-4
4.950000E-4	-1.891851E-4
5.000000E-4	-3.564358E-5
5.050000E-4	-3.002286E-4
5.100000E-4	-3.523231E-4
5.150000E-4	-2.261996E-4
5.200000E-4	-2.714396E-4
5.250000E-4	-3.660321E-4
5.300000E-4	-2.714396E-4
5.350000E-4	-1.192689E-4
5.400000E-4	-3.139377E-4
5.450000E-4	-2.234578E-4
5.500000E-4	-5.620718E-5
5.550000E-4	-1.960397E-4
5.600000E-4	-1.412034E-4
5.650000E-4	-1.165271E-4
5.700000E-4	-7.128716E-5
5.750000E-4	-2.741814E-4
5.800000E-4	-1.412034E-4
5.850000E-4	-2.755523E-4
5.900000E-4	-3.043413E-4
5.950000E-4	-3.180504E-4
6.000000E-4	-3.235340E-4
6.050000E-4	-2.892613E-4
6.100000E-4	-2.412796E-4
6.150000E-4	-1.919270E-4
6.200000E-4	-3.907084E-4
6.250000E-4	-5.031228E-4
6.300000E-4	-3.674030E-4
6.350000E-4	-2.261996E-4
6.400000E-4	-3.728867E-4
6.450000E-4	-3.345013E-4
6.500000E-4	-2.193451E-4
6.550000E-4	-4.126430E-4
6.600000E-4	-3.728867E-4
6.650000E-4	-2.563596E-4
6.700000E-4	-2.152324E-4
6.750000E-4	-1.247525E-4
6.800000E-4	-1.932979E-4
6.850000E-4	-1.960397E-4
6.900000E-4	-3.098249E-4
6.950000E-4	-3.372431E-4
7.000000E-4	-3.139377E-4
7.050000E-4	-3.564358E-4
7.100000E-4	-4.222393E-4
7.150000E-4	-4.167557E-4
7.200000E-4	-5.305409E-4
7.250000E-4	-1.288652E-4
7.300000E-4	-1.658797E-4
7.350000E-4	-2.728105E-4
7.400000E-4	-1.576543E-4
7.450000E-4	-1.699924E-4
7.500000E-4	-3.619194E-4
7.550000E-4	-1.809597E-4
7.600000E-4	-2.892613E-4
7.650000E-4	-3.646612E-4
7.700000E-4	-2.440214E-4
7.750000E-4	-1.768470E-4
7.800000E-4	-2.782941E-4
7.850000E-4	-3.331304E-4
7.900000E-4	-4.729629E-4
7.950000E-4	-4.044175E-4
8.000000E-4	-3.948212E-4
8.050000E-4	-3.591776E-4
8.100000E-4	-2.042651E-4
8.150000E-4	-1.549125E-4
8.200000E-4	-1.864433E-4
8.250000E-4	-3.838539E-4
8.300000E-4	-3.249049E-4
8.350000E-4	-3.523231E-4
8.400000E-4	-1.754761E-4
8.450000E-4	-2.824068E-4
8.500000E-4	-2.851486E-4
8.550000E-4	-1.494288E-4
8.600000E-4	-3.043413E-4
8.650000E-4	-2.522469E-4
8.700000E-4	-1.741052E-4
8.750000E-4	-3.345013E-4
8.800000E-4	-3.153086E-4
8.850000E-4	-2.083778E-4
8.900000E-4	-9.870529E-5
8.950000E-4	-1.795888E-4
9.000000E-4	-2.083778E-4
9.050000E-4	-2.495050E-4
9.100000E-4	-2.138615E-4
9.150000E-4	-2.810359E-4
9.200000E-4	-4.304647E-4
9.250000E-4	-3.482103E-4
9.300000E-4	-2.001524E-4
9.350000E-4	-2.453923E-4
9.400000E-4	-1.974106E-4
9.450000E-4	-1.617670E-4
9.500000E-4	-9.047985E-5
9.550000E-4	-1.823306E-4
9.600000E-4	-2.536178E-4
9.650000E-4	-8.362532E-5
9.700000E-4	-2.028942E-4
9.750000E-4	-2.728105E-4
9.800000E-4	-3.482103E-4
9.850000E-4	-4.811883E-4
9.900000E-4	-3.578067E-4
9.950000E-4	-3.701448E-5
1.000000E-3	-1.466870E-4
1.005000E-3	-1.261234E-4
1.010000E-3	-4.606247E-4
1.015000E-3	-3.111959E-4
1.020000E-3	-1.192689E-4
1.025000E-3	-9.047985E-5
1.030000E-3	-2.207160E-4
1.035000E-3	-3.029704E-4
1.040000E-3	-3.290176E-4
1.045000E-3	-1.000762E-4
1.050000E-3	-3.015995E-5
1.055000E-3	-1.261234E-4
1.060000E-3	-1.028180E-4
1.065000E-3	-2.563596E-4
1.070000E-3	-1.919270E-4
1.075000E-3	-2.673268E-4
1.080000E-3	-2.481341E-4
1.085000E-3	-1.645088E-4
1.090000E-3	-1.357198E-4
1.095000E-3	-1.974106E-4
1.100000E-3	-2.207160E-4
1.105000E-3	-1.014471E-4
1.110000E-3	-2.152324E-4
1.115000E-3	-2.522469E-4
1.120000E-3	-7.402897E-5
1.125000E-3	5.072355E-5
1.130000E-3	-6.991625E-5
1.135000E-3	-1.809597E-4
1.140000E-3	-1.549125E-4
1.145000E-3	-2.536178E-4
1.150000E-3	-3.386140E-4
1.155000E-3	-1.398325E-4
1.160000E-3	1.782179E-5
1.165000E-3	-2.070069E-4
1.170000E-3	-2.303123E-4
1.175000E-3	-1.480579E-4
1.180000E-3	-6.991625E-5
1.185000E-3	-1.727343E-4
1.190000E-3	-1.302361E-4
1.195000E-3	-3.427267E-4
1.200000E-3	-3.605485E-4
1.205000E-3	-2.495050E-4
1.210000E-3	-1.946688E-4
1.215000E-3	-2.536178E-4
1.220000E-3	-2.207160E-4
1.225000E-3	-1.178980E-4
1.230000E-3	-1.137853E-4
1.235000E-3	-1.878142E-4
1.240000E-3	-3.125668E-4
1.245000E-3	-2.604723E-4
1.250000E-3	-9.596348E-6
1.255000E-3	4.112720E-5
1.260000E-3	-4.935265E-5
1.265000E-3	-2.632141E-4
1.270000E-3	-3.002286E-4
1.275000E-3	-1.823306E-4
1.280000E-3	-2.111197E-4
1.285000E-3	-1.412034E-4
1.290000E-3	-2.344251E-4
1.295000E-3	-1.699924E-4
1.300000E-3	-2.152324E-4
1.305000E-3	-1.754761E-4
1.310000E-3	-2.056360E-5
1.315000E-3	-1.974106E-4
1.320000E-3	-3.893375E-4
1.325000E-3	-4.441738E-4
1.330000E-3	-4.469156E-4
1.335000E-3	-3.440976E-4
1.340000E-3	-2.933741E-4
1.345000E-3	-1.850724E-4
1.350000E-3	-1.562834E-4
1.355000E-3	-1.576543E-4
1.360000E-3	-3.372431E-4
1.365000E-3	-3.728867E-4
1.370000E-3	-1.850724E-4
1.375000E-3	-3.180504E-4
1.380000E-3	-3.345013E-4
1.385000E-3	-2.522469E-4
1.390000E-3	-1.466870E-4
1.395000E-3	-1.398325E-4
1.400000E-3	-1.864433E-4
1.405000E-3	-2.316833E-4
1.410000E-3	-2.920032E-4
1.415000E-3	-2.824068E-4
1.420000E-3	-2.193451E-4
1.425000E-3	-2.138615E-4
1.430000E-3	-6.443262E-5
1.435000E-3	-2.399087E-4
1.440000E-3	-3.098249E-4
1.445000E-3	-3.276467E-4
1.450000E-3	-3.084540E-4
1.455000E-3	-2.782941E-4
1.460000E-3	-3.440976E-4
1.465000E-3	-3.331304E-4
1.470000E-3	-2.591014E-4
1.475000E-3	-3.591776E-4
1.480000E-3	-1.974106E-4
1.485000E-3	-1.960397E-4
1.490000E-3	-3.660321E-4
1.495000E-3	-2.878904E-4
1.500000E-3	-1.507998E-4
1.505000E-3	-5.483627E-5
1.510000E-3	-1.412034E-4
1.515000E-3	-3.386140E-4
1.520000E-3	-3.989339E-4
1.525000E-3	-4.688501E-4
1.530000E-3	-4.222393E-4
1.535000E-3	-1.576543E-4
1.540000E-3	-1.384616E-4
1.545000E-3	-2.042651E-4
1.550000E-3	-2.481341E-4
1.555000E-3	-1.165271E-4
1.560000E-3	-2.481341E-4
1.565000E-3	-1.494288E-4
1.570000E-3	-2.961159E-4
1.575000E-3	-3.440976E-4
1.580000E-3	-3.961921E-4
1.585000E-3	-1.823306E-4
1.590000E-3	-1.974106E-4
1.595000E-3	-1.549125E-4
1.600000E-3	-3.838539E-5
1.605000E-3	4.112720E-6
1.610000E-3	-7.265806E-5
1.615000E-3	-1.658797E-4
1.620000E-3	-2.508759E-4
1.625000E-3	-4.619956E-4
1.630000E-3	-3.811121E-4
1.635000E-3	-2.070069E-4
1.640000E-3	-2.330542E-4
1.645000E-3	-1.507998E-4
1.650000E-3	-5.757809E-5
1.655000E-3	-9.459257E-5
1.660000E-3	-2.028942E-4
1.665000E-3	-3.303885E-4
1.670000E-3	-3.523231E-4
1.675000E-3	-3.742576E-4
1.680000E-3	-2.536178E-4
1.685000E-3	-2.549887E-4
1.690000E-3	-3.015995E-4
1.695000E-3	-3.865957E-4
1.700000E-3	-3.495812E-4
1.705000E-3	-4.099011E-4
1.710000E-3	-3.207922E-4
1.715000E-3	-1.343489E-4
1.720000E-3	-3.015995E-5
1.725000E-3	-1.165271E-4
1.730000E-3	-3.221631E-4
1.735000E-3	-2.412796E-4
1.740000E-3	-8.636713E-5
1.745000E-3	-2.837777E-4
1.750000E-3	-2.481341E-4
1.755000E-3	-9.870529E-5
1.760000E-3	-1.000762E-4
1.765000E-3	-3.440976E-4
1.770000E-3	-3.769994E-4
1.775000E-3	-2.261996E-4
1.780000E-3	-2.207160E-4
1.785000E-3	-5.209446E-5
1.790000E-3	-1.576543E-4
1.795000E-3	-2.261996E-4
1.800000E-3	-1.837015E-4
1.805000E-3	-9.047985E-5
1.810000E-3	-1.837015E-4
1.815000E-3	-2.604723E-4
1.820000E-3	-2.865195E-4
1.825000E-3	-3.550649E-4
1.830000E-3	-2.824068E-4
1.835000E-3	-2.906322E-4
1.840000E-3	-2.495050E-4
1.845000E-3	-1.000762E-4
1.850000E-3	-1.686215E-4
1.855000E-3	-2.686977E-4
1.860000E-3	-3.564358E-4
1.865000E-3	-2.481341E-4
1.870000E-3	-9.596348E-6
1.875000E-3	2.878904E-5
1.880000E-3	-1.878142E-4
1.885000E-3	-2.618432E-4
1.890000E-3	-2.714396E-4
1.895000E-3	-3.907084E-4
1.900000E-3	-2.769232E-4
1.905000E-3	-3.276467E-4
1.910000E-3	-1.425743E-4
1.915000E-3	-2.467632E-5
1.920000E-3	-1.124144E-4
1.925000E-3	-2.207160E-4
1.930000E-3	-2.001524E-4
1.935000E-3	-2.700686E-4
1.940000E-3	-2.865195E-4
1.945000E-3	-2.124906E-4
1.950000E-3	-1.864433E-4
1.955000E-3	-1.370907E-4
1.960000E-3	-1.713634E-4
1.965000E-3	-3.029704E-4
1.970000E-3	-2.892613E-4
1.975000E-3	-2.851486E-4
1.980000E-3	-2.234578E-4
1.985000E-3	-3.015995E-4
1.990000E-3	-1.672506E-4
1.995000E-3	-1.261234E-4
2.000000E-3	-1.672506E-4
2.005000E-3	-2.152324E-4
2.010000E-3	-6.306171E-5
2.015000E-3	-9.322166E-5
2.020000E-3	-2.152324E-4
2.025000E-3	-2.892613E-4
2.030000E-3	-2.152324E-4
2.035000E-3	-2.508759E-4
2.040000E-3	-1.919270E-4
2.045000E-3	-1.357198E-4
2.050000E-3	-1.302361E-4
2.055000E-3	-8.499622E-5
2.060000E-3	-9.596348E-5
2.065000E-3	-1.261234E-4
2.070000E-3	3.153086E-5
2.075000E-3	-2.878904E-5
2.080000E-3	-2.686977E-4
2.085000E-3	-3.194213E-4
2.090000E-3	-4.400611E-4
2.095000E-3	-4.249811E-4
2.100000E-3	-2.892613E-4
2.105000E-3	-2.124906E-4
2.110000E-3	-1.878142E-4
2.115000E-3	-1.124144E-4
2.120000E-3	-3.838539E-4
2.125000E-3	-4.140139E-4
2.130000E-3	-2.207160E-4
2.135000E-3	-1.178980E-4
2.140000E-3	-2.686977E-4
2.145000E-3	-4.496574E-4
2.150000E-3	-3.043413E-4
2.155000E-3	-2.755523E-4
2.160000E-3	-2.522469E-4
2.165000E-3	-2.399087E-4
2.170000E-3	-9.459257E-5
2.175000E-3	-2.618432E-4
2.180000E-3	-2.261996E-4
2.185000E-3	-1.932979E-4
2.190000E-3	-2.097487E-4
2.195000E-3	-4.099011E-4
2.200000E-3	-3.084540E-4
2.205000E-3	-2.289414E-4
2.210000E-3	-1.631379E-4
2.215000E-3	-2.591014E-4
2.220000E-3	-2.591014E-4
2.225000E-3	-3.098249E-4
2.230000E-3	-3.207922E-4
2.235000E-3	-2.974868E-4
2.240000E-3	-2.042651E-4
2.245000E-3	-1.288652E-4
2.250000E-3	-1.370907E-5
2.255000E-3	-1.453161E-4
2.260000E-3	-2.248287E-4
2.265000E-3	-2.152324E-4
2.270000E-3	-2.673268E-4
2.275000E-3	-1.699924E-4
2.280000E-3	-9.596348E-5
2.285000E-3	7.402897E-5
2.290000E-3	-2.467632E-5
2.295000E-3	-1.850724E-4
2.300000E-3	-2.700686E-4
2.305000E-3	-3.180504E-4
2.310000E-3	-1.768470E-4
2.315000E-3	-8.499622E-5
2.320000E-3	-1.425743E-4
2.325000E-3	-3.619194E-4
2.330000E-3	-3.865957E-4
2.335000E-3	-2.878904E-4
2.340000E-3	-1.754761E-4
2.345000E-3	-1.809597E-4
2.350000E-3	3.838539E-5
2.355000E-3	-1.837015E-4
2.360000E-3	-6.854534E-5
2.365000E-3	-3.235340E-4
2.370000E-3	2.878904E-5
2.375000E-3	-3.934503E-4
2.380000E-3	2.056360E-4
2.385000E-3	-5.593300E-4
2.390000E-3	2.083778E-4
2.395000E-3	-7.389188E-4
2.400000E-3	5.182028E-4
2.405000E-3	-1.177609E-3
2.410000E-3	5.990863E-4
2.415000E-3	-1.450419E-3
2.420000E-3	1.191318E-3
2.425000E-3	-1.683474E-3
2.430000E-3	1.828790E-3
2.435000E-3	-2.560854E-3
2.440000E-3	2.411425E-3
2.445000E-3	-3.334045E-3
2.450000E-3	3.941357E-3
2.455000E-3	-5.164206E-3
2.460000E-3	9.427726E-3
2.465000E-3	1.440823E-3
2.470000E-3	-2.955675E-3
2.475000E-3	-2.371134E-1
2.480000E-3	-2.584817E-1
2.485000E-3	-5.892569E-2
2.490000E-3	-2.291608E-1
2.495000E-3	-7.838845E-2
2.500000E-3	2.322261E-1
2.505000E-3	4.560445E-1
2.510000E-3	1.242302E-1
2.515000E-3	6.152767E-2
2.520000E-3	2.170200E-1
2.525000E-3	-1.573664E-2
2.530000E-3	-1.431775E-2
2.535000E-3	6.695372E-2
2.540000E-3	-7.122546E-2
2.545000E-3	-1.921230E-1
2.550000E-3	1.262852E-1
2.555000E-3	1.912086E-1
2.560000E-3	-2.229286E-1
2.565000E-3	2.445698E-2
2.570000E-3	2.025241E-2
2.575000E-3	-7.674336E-2
2.580000E-3	6.838769E-2
2.585000E-3	-9.171504E-2
2.590000E-3	-1.280633E-1
2.595000E-3	7.409751E-2
2.600000E-3	1.086375E-1
2.605000E-3	-1.477084E-1
2.610000E-3	9.150118E-2
2.615000E-3	1.001557E-1
2.620000E-3	-1.362723E-1
2.625000E-3	7.686812E-2
2.630000E-3	2.490664E-2
2.635000E-3	-1.495207E-1
2.640000E-3	7.045090E-2
2.645000E-3	8.218175E-2
2.650000E-3	-8.723903E-2
2.655000E-3	-2.548105E-2
2.660000E-3	3.984129E-2
2.665000E-3	-1.111339E-1
2.670000E-3	-2.673542E-2
2.675000E-3	6.149477E-2
2.680000E-3	-1.502404E-1
2.685000E-3	-1.746947E-2
2.690000E-3	1.228799E-1
2.695000E-3	-6.054884E-2
2.700000E-3	3.646612E-4
2.705000E-3	1.685187E-1
2.710000E-3	5.724907E-3
2.715000E-3	-8.902532E-2
2.720000E-3	9.712052E-2
2.725000E-3	1.703626E-2
2.730000E-3	-1.165339E-1
2.735000E-3	1.105636E-1
2.740000E-3	8.871412E-2
2.745000E-3	-1.263071E-1
2.750000E-3	-1.765591E-2
2.755000E-3	4.095858E-2
2.760000E-3	-1.039120E-1
2.765000E-3	-2.873832E-2
2.770000E-3	9.539181E-2
2.775000E-3	-3.824419E-2
2.780000E-3	-4.404587E-2
2.785000E-3	6.274641E-2
2.790000E-3	-4.925257E-2
2.795000E-3	-4.030877E-2
2.800000E-3	3.811669E-2
2.805000E-3	-2.849567E-2
2.810000E-3	1.474684E-2
2.815000E-3	8.458084E-2
2.820000E-3	-1.964372E-2
2.825000E-3	-3.708440E-2
2.830000E-3	5.888730E-2
2.835000E-3	-1.370496E-2
2.840000E-3	-3.868973E-2
2.845000E-3	6.199241E-2
2.850000E-3	2.033740E-2
2.855000E-3	-2.374685E-2
2.860000E-3	4.301494E-2
2.865000E-3	-1.331699E-2
2.870000E-3	-6.461769E-2
2.875000E-3	1.547068E-2
2.880000E-3	-1.069307E-3
2.885000E-3	-7.297337E-2
2.890000E-3	1.344174E-2
2.895000E-3	5.594534E-2
2.900000E-3	-5.362028E-2
2.905000E-3	1.266855E-2
2.910000E-3	7.296377E-2
2.915000E-3	-3.581631E-2
2.920000E-3	-6.541967E-3
2.925000E-3	2.952385E-2
2.930000E-3	-3.800428E-2
2.935000E-3	-1.696771E-2
2.940000E-3	2.102560E-2
2.945000E-3	-2.300245E-2
2.950000E-3	-1.388729E-2
2.955000E-3	4.009765E-2
2.960000E-3	-2.085012E-2
2.965000E-3	-2.246368E-2
2.970000E-3	3.358996E-2
2.975000E-3	-1.605332E-2
2.980000E-3	-3.691578E-2
2.985000E-3	2.044022E-3
2.990000E-3	4.491091E-3
2.995000E-3	-1.708150E-3
3.000000E-3	1.558036E-2
3.005000E-3	1.384616E-2
3.010000E-3	7.284999E-3
3.015000E-3	4.075158E-2
3.020000E-3	1.683748E-2
3.025000E-3	-3.469765E-2
3.030000E-3	1.053268E-2
3.035000E-3	-7.745624E-4
3.040000E-3	-5.294853E-2
3.045000E-3	-1.751333E-2
3.050000E-3	-1.767099E-3
3.055000E-3	-1.260275E-2
3.060000E-3	1.299620E-2
3.065000E-3	7.146537E-3
3.070000E-3	-2.596223E-2
3.075000E-3	-3.110588E-3
3.080000E-3	1.723230E-2
3.085000E-3	-1.612872E-2
3.090000E-3	1.358569E-2
3.095000E-3	3.685546E-2
3.100000E-3	-1.215583E-2
3.105000E-3	8.871138E-3
3.110000E-3	3.822362E-2
3.115000E-3	1.424372E-3
3.120000E-3	-9.758115E-3
3.125000E-3	6.236255E-3
3.130000E-3	-3.268242E-3
3.135000E-3	-8.653164E-3
3.140000E-3	1.708835E-2
3.145000E-3	7.152021E-3
3.150000E-3	-1.208317E-2
3.155000E-3	1.154852E-2
3.160000E-3	-3.249049E-3
3.165000E-3	-4.301906E-3
3.170000E-3	1.375705E-2
3.175000E-3	-2.669430E-2
3.180000E-3	-4.685622E-2
3.185000E-3	-1.427114E-3
3.190000E-3	1.597106E-2
3.195000E-3	-1.044357E-2
3.200000E-3	6.897032E-3
3.205000E-3	1.870602E-2
3.210000E-3	-7.600307E-3
3.215000E-3	9.793758E-3
3.220000E-3	1.653314E-3
3.225000E-3	-2.373999E-2
3.230000E-3	1.001036E-2
3.235000E-3	2.292019E-2
3.240000E-3	-5.482256E-3
3.245000E-3	-3.107846E-3
3.250000E-3	7.234275E-3
3.255000E-3	-3.154457E-2
3.260000E-3	-2.733040E-2
3.265000E-3	3.992081E-3
3.270000E-3	-6.022394E-3
3.275000E-3	1.081234E-2
3.280000E-3	3.922987E-2
3.285000E-3	2.235538E-2
3.290000E-3	1.586413E-2
3.295000E-3	3.069872E-2
3.300000E-3	1.808500E-2
3.305000E-3	-8.953393E-3
3.310000E-3	-1.334989E-2
3.315000E-3	-1.400244E-2
3.320000E-3	-1.229018E-2
3.325000E-3	-2.271593E-3
3.330000E-3	-2.788424E-3
3.335000E-3	-3.523231E-3
3.340000E-3	5.744100E-3
3.345000E-3	-2.263367E-3
3.350000E-3	-3.249049E-4
3.355000E-3	2.071029E-2
3.360000E-3	6.572127E-3
3.365000E-3	-1.865119E-2
3.370000E-3	-1.521707E-2
3.375000E-3	-2.081174E-2
3.380000E-3	-3.589720E-2
3.385000E-3	-2.213192E-2
3.390000E-3	4.523993E-3
3.395000E-3	5.065501E-3
3.400000E-3	9.292006E-3
3.405000E-3	2.116680E-2
3.410000E-3	1.082742E-2
3.415000E-3	-4.921556E-4
3.420000E-3	4.267633E-3
3.425000E-3	6.167710E-3
3.430000E-3	1.468241E-3
3.435000E-3	2.490938E-3
3.440000E-3	4.460931E-3
3.445000E-3	-1.310039E-2
3.450000E-3	-2.809948E-2
3.455000E-3	-2.514654E-2
3.460000E-3	-2.361798E-2
3.465000E-3	-1.261783E-2
3.470000E-3	7.006705E-3
3.475000E-3	9.590864E-3
3.480000E-3	7.098556E-3
3.485000E-3	2.307510E-2
3.490000E-3	1.924753E-2
3.495000E-3	3.601372E-3
3.500000E-3	2.027160E-2
3.505000E-3	2.432674E-2
3.510000E-3	-8.006096E-4
3.515000E-3	6.129324E-3
3.520000E-3	1.870191E-2
3.525000E-3	-1.827419E-3
3.530000E-3	-7.315159E-3
3.535000E-3	1.692796E-2
3.540000E-3	1.029551E-2
3.545000E-3	-1.107281E-2
3.550000E-3	-1.323336E-2
3.555000E-3	-2.758265E-2
3.560000E-3	-3.756148E-2
3.565000E-3	-1.786017E-2
3.570000E-3	-1.038462E-2
3.575000E-3	-1.115233E-2
3.580000E-3	8.215845E-3
3.585000E-3	1.964235E-2
3.590000E-3	1.150602E-2
3.595000E-3	1.271790E-2
3.600000E-3	7.852554E-3
3.605000E-3	-1.111805E-2
3.610000E-3	-3.377914E-3
3.615000E-3	6.350040E-3
3.620000E-3	-6.093681E-3
3.625000E-3	-4.088044E-3
3.630000E-3	7.341206E-3
3.635000E-3	-6.906629E-3
3.640000E-3	-1.324844E-2
3.645000E-3	-7.331610E-3
3.650000E-3	-1.969856E-2
3.655000E-3	-2.137107E-2
3.660000E-3	-2.575934E-3
3.665000E-3	8.787513E-4
3.670000E-3	6.059408E-3
3.675000E-3	2.707130E-2
3.680000E-3	2.441859E-2
3.685000E-3	1.444387E-2
3.690000E-3	2.113664E-2
3.695000E-3	1.064098E-2
3.700000E-3	-7.759333E-4
3.705000E-3	5.988121E-3
3.710000E-3	9.239912E-4
3.715000E-3	-5.797565E-3
3.720000E-3	7.622242E-4
3.725000E-3	-6.890178E-3
3.730000E-3	-1.925302E-2
3.735000E-3	-1.138538E-2
3.740000E-3	-1.035994E-2
3.745000E-3	-1.754624E-2
3.750000E-3	-3.353238E-3
3.755000E-3	-1.180351E-3
3.760000E-3	-1.313740E-2
3.765000E-3	-5.058646E-4
3.770000E-3	8.731306E-3
3.775000E-3	3.539681E-3
3.780000E-3	1.204479E-2
3.785000E-3	1.478386E-2
3.790000E-3	-3.739834E-3
3.795000E-3	-6.073117E-4
3.800000E-3	1.081097E-2
3.805000E-3	-7.319272E-3
3.810000E-3	-1.221889E-2
3.815000E-3	-3.372431E-4
3.820000E-3	-4.667938E-3
3.825000E-3	-4.341662E-3
3.830000E-3	5.228639E-3
3.835000E-3	-3.701448E-3
3.840000E-3	-1.358432E-2
3.845000E-3	9.267330E-4
3.850000E-3	4.714549E-3
3.855000E-3	-2.676010E-3
3.860000E-3	1.326489E-2
3.865000E-3	1.816726E-2
3.870000E-3	4.027724E-3
3.875000E-3	7.530391E-3
3.880000E-3	9.619653E-3
3.885000E-3	-7.072508E-3
3.890000E-3	-1.069444E-2
3.895000E-3	3.934503E-4
3.900000E-3	-7.030010E-3
3.905000E-3	-7.764816E-3
3.910000E-3	4.647374E-3
3.915000E-3	-5.596042E-3
3.920000E-3	-1.585317E-2
3.925000E-3	-7.441282E-3
3.930000E-3	-8.760095E-3
3.935000E-3	-1.050115E-2
3.940000E-3	2.950191E-3
3.945000E-3	2.385378E-3
3.950000E-3	-8.376241E-3
3.955000E-3	-2.002895E-3
3.960000E-3	4.138768E-3
3.965000E-3	-9.749889E-3
3.970000E-3	1.990557E-3
3.975000E-3	1.946688E-2
3.980000E-3	8.946538E-3
3.985000E-3	1.030785E-2
3.990000E-3	1.852781E-2
3.995000E-3	1.111805E-2
4.000000E-3	6.628335E-3
4.005000E-3	2.049506E-2
4.010000E-3	6.414473E-3
4.015000E-3	-5.552173E-3
4.020000E-3	5.766034E-3
4.025000E-3	-1.107967E-2
4.030000E-3	-1.945865E-2
4.035000E-3	-6.100535E-3
4.040000E-3	-7.522166E-3
4.045000E-3	-1.231211E-2
4.050000E-3	2.386749E-3
4.055000E-3	6.521404E-3
4.060000E-3	-1.068348E-2
4.065000E-3	8.677840E-4
4.070000E-3	8.089721E-3
4.075000E-3	-9.704649E-3
4.080000E-3	-6.196499E-4
4.085000E-3	1.422179E-2
4.090000E-3	5.942881E-3
4.095000E-3	5.286217E-3
4.100000E-3	1.517457E-2
4.105000E-3	3.724754E-3
4.110000E-3	-8.409142E-3
4.115000E-3	-5.664587E-3
4.120000E-3	-1.426429E-2
4.125000E-3	-1.839346E-2
4.130000E-3	-7.838845E-3
4.135000E-3	-7.158875E-3
4.140000E-3	-2.400458E-3
4.145000E-3	8.845091E-3
4.150000E-3	1.124829E-2
4.155000E-3	1.002133E-2
4.160000E-3	1.017761E-2
4.165000E-3	1.181859E-2
4.170000E-3	8.603811E-3
4.175000E-3	8.293986E-3
4.180000E-3	6.011426E-3
4.185000E-3	-6.653011E-3
4.190000E-3	-7.616758E-3
4.195000E-3	-1.494288E-3
4.200000E-3	-7.308304E-3
4.205000E-3	-1.325804E-2
4.210000E-3	-1.064235E-2
4.215000E-3	-1.270831E-2
4.220000E-3	-1.511562E-2
4.225000E-3	-8.130848E-3
4.230000E-3	-7.167101E-3
4.235000E-3	-7.221937E-3
4.240000E-3	5.321860E-3
4.245000E-3	1.175141E-2
4.250000E-3	7.973194E-3
4.255000E-3	5.768776E-3
4.260000E-3	5.110741E-3
4.265000E-3	-7.265806E-4
4.270000E-3	-1.475096E-3
4.275000E-3	2.597868E-3
4.280000E-3	-1.353085E-3
4.285000E-3	-2.803504E-3
4.290000E-3	-5.456209E-4
4.295000E-3	-4.474640E-3
4.300000E-3	-8.211732E-3
4.305000E-3	-8.476317E-3
4.310000E-3	-7.768929E-3
4.315000E-3	-5.502820E-3
4.320000E-3	1.953542E-3
4.325000E-3	8.180201E-3
4.330000E-3	1.148820E-2
4.335000E-3	1.261646E-2
4.340000E-3	6.594062E-3
4.345000E-3	3.059864E-3
4.350000E-3	7.438540E-3
4.355000E-3	9.797871E-3
4.360000E-3	8.905411E-3
4.365000E-3	8.331001E-3
4.370000E-3	6.461084E-3
4.375000E-3	1.580656E-3
4.380000E-3	-1.767099E-3
4.385000E-3	-3.436863E-3
4.390000E-3	-2.951562E-3
4.395000E-3	5.812645E-4
4.400000E-3	-2.393603E-3
4.405000E-3	-5.036712E-3
4.410000E-3	1.055598E-4
4.415000E-3	6.909370E-4
4.420000E-3	-3.199697E-3
4.425000E-3	-2.623916E-3
4.430000E-3	-2.388120E-3
4.435000E-3	-4.449964E-3
4.440000E-3	-3.105104E-3
4.445000E-3	1.066566E-3
4.450000E-3	2.755523E-3
4.455000E-3	5.286217E-3
4.460000E-3	8.935571E-3
4.465000E-3	6.077230E-3
4.470000E-3	-4.249811E-5
4.475000E-3	-6.118357E-3
4.480000E-3	-1.123869E-2
4.485000E-3	-1.335537E-2
4.490000E-3	-1.435339E-2
4.495000E-3	-1.188850E-2
4.500000E-3	-1.075751E-2
4.505000E-3	-1.028728E-2
4.510000E-3	-7.631838E-3
4.515000E-3	-3.091395E-3
4.520000E-3	1.891851E-3
4.525000E-3	6.185532E-3
4.530000E-3	6.581724E-3
4.535000E-3	-8.389950E-4
4.540000E-3	-5.853772E-4
4.545000E-3	1.987815E-3
4.550000E-3	-6.573498E-3
4.555000E-3	-3.697336E-3
4.560000E-3	5.834579E-3
4.565000E-3	2.784312E-3
4.570000E-3	8.665502E-3
4.575000E-3	1.324296E-2
4.580000E-3	7.899165E-3
4.585000E-3	7.306933E-4
4.590000E-3	3.941357E-3
4.595000E-3	4.274487E-3
4.600000E-3	1.098096E-3
4.605000E-3	6.433666E-3
4.610000E-3	3.542423E-3
4.615000E-3	-3.224373E-3
4.620000E-3	-6.443262E-4
4.625000E-3	5.744100E-4
4.630000E-3	-4.423916E-3
4.635000E-3	-3.122926E-3
4.640000E-3	4.115462E-3
4.645000E-3	-9.637475E-4
4.650000E-3	1.451790E-3
4.655000E-3	7.197261E-3
4.660000E-3	1.454532E-3
4.665000E-3	4.626811E-3
4.670000E-3	8.102059E-3
4.675000E-3	-9.267330E-4
4.680000E-3	-6.404877E-3
4.685000E-3	-1.954913E-3
4.690000E-3	-2.323687E-3
4.695000E-3	-5.827725E-3
4.700000E-3	-2.238691E-3
4.705000E-3	-1.481950E-3
4.710000E-3	-4.522622E-3
4.715000E-3	3.687739E-4
4.720000E-3	6.010056E-3
4.725000E-3	2.910435E-3
4.730000E-3	1.926124E-3
4.735000E-3	1.871288E-3
4.740000E-3	-3.239453E-3
4.745000E-3	-4.423916E-3
4.750000E-3	-1.534045E-3
4.755000E-3	-1.547754E-3
4.760000E-3	3.440976E-3
4.765000E-3	6.918967E-3
4.770000E-3	9.322166E-5
4.775000E-3	-2.351105E-3
4.780000E-3	3.015995E-4
4.785000E-3	-2.988577E-4
4.790000E-3	-8.609295E-4
4.795000E-3	8.225441E-6
4.800000E-3	-2.523839E-3
4.805000E-3	-5.872965E-3
4.810000E-3	-4.576087E-3
4.815000E-3	-3.593147E-3
4.820000E-3	-1.684844E-3
4.825000E-3	3.933132E-3
4.830000E-3	6.319880E-3
4.835000E-3	3.379285E-3
4.840000E-3	1.247525E-3
4.845000E-3	-1.052856E-3
4.850000E-3	-6.082714E-3
4.855000E-3	-7.901907E-3
4.860000E-3	-5.132675E-3
4.865000E-3	-6.526887E-3
4.870000E-3	-7.354915E-3
4.875000E-3	-2.499163E-3
4.880000E-3	1.388729E-3
4.885000E-3	1.502514E-3
4.890000E-3	4.415691E-3
4.895000E-3	6.651640E-3
4.900000E-3	2.545774E-3
4.905000E-3	-1.965880E-3
4.910000E-3	-2.959788E-3
4.915000E-3	-4.534960E-3
4.920000E-3	-5.879819E-3
4.925000E-3	-3.679514E-3
4.930000E-3	-1.503885E-3
4.935000E-3	-1.242042E-3
4.940000E-3	3.536940E-4
4.945000E-3	1.698554E-3
4.950000E-3	1.440823E-3
4.955000E-3	3.413558E-3
4.960000E-3	5.335569E-3
4.965000E-3	4.947603E-3
4.970000E-3	5.661845E-3
4.975000E-3	7.082105E-3
4.980000E-3	6.607771E-3
4.985000E-3	5.726278E-3
4.990000E-3	4.407465E-3
4.995000E-3	8.239150E-4
5.000000E-3	-2.638996E-3
5.005000E-3	-5.452096E-3
5.010000E-3	-9.486675E-3
5.015000E-3	-9.667635E-3
5.020000E-3	-7.422090E-3
5.025000E-3	-5.309522E-3
5.030000E-3	-3.687739E-4
5.035000E-3	1.398325E-3
5.040000E-3	-2.333283E-3
5.045000E-3	-5.665958E-3
5.050000E-3	-5.920947E-3
5.055000E-3	-8.765578E-3
5.060000E-3	-8.344710E-3
5.065000E-3	-3.449202E-3
5.070000E-3	-1.771212E-3
5.075000E-3	1.586139E-3
5.080000E-3	7.412493E-3
5.085000E-3	8.969843E-3
5.090000E-3	6.832600E-3
5.095000E-3	6.742120E-3
5.100000E-3	7.452250E-3
5.105000E-3	6.979287E-3
5.110000E-3	8.872509E-3
5.115000E-3	9.627879E-3
5.120000E-3	6.079972E-3
5.125000E-3	5.254686E-3
5.130000E-3	4.201829E-3
5.135000E-3	-1.937091E-3
5.140000E-3	-4.207313E-3
5.145000E-3	-2.512872E-3
5.150000E-3	-1.124144E-3
5.155000E-3	1.765728E-3
5.160000E-3	4.189491E-3
5.165000E-3	2.481341E-3
5.170000E-3	-2.193451E-4
5.175000E-3	-1.699924E-3
5.180000E-3	-7.369995E-3
5.185000E-3	-1.297563E-2
5.190000E-3	-1.193923E-2
5.195000E-3	-1.038051E-2
5.200000E-3	-8.880734E-3
5.205000E-3	-4.725516E-3
5.210000E-3	-1.181722E-3
5.215000E-3	8.074641E-4
5.220000E-3	3.387511E-3
5.225000E-3	5.550802E-3
5.230000E-3	4.673421E-3
5.235000E-3	4.691243E-3
5.240000E-3	4.589796E-3
5.245000E-3	1.716375E-3
5.250000E-3	-1.274943E-3
5.255000E-3	-2.278447E-3
5.260000E-3	-3.854990E-3
5.265000E-3	-3.828943E-3
5.270000E-3	-6.717443E-4
5.275000E-3	2.597868E-3
5.280000E-3	2.896726E-3
5.285000E-3	3.630161E-3
5.290000E-3	4.024982E-3
5.295000E-3	3.517747E-3
5.300000E-3	4.238844E-3
5.305000E-3	3.242195E-3
5.310000E-3	1.534045E-3
5.315000E-3	1.905560E-3
5.320000E-3	1.148820E-3
5.325000E-3	-5.072355E-5
5.330000E-3	1.055598E-4
5.335000E-3	-2.564967E-3
5.340000E-3	-2.759635E-3
5.345000E-3	-2.070069E-3
5.350000E-3	-3.074944E-3
5.355000E-3	-4.862607E-3
5.360000E-3	-5.561769E-3
5.365000E-3	-7.341206E-3
5.370000E-3	-9.511352E-3
5.375000E-3	-7.692158E-3
5.380000E-3	-6.724298E-3
5.385000E-3	-5.442500E-3
5.390000E-3	-8.856058E-4
5.395000E-3	1.195431E-3
5.400000E-3	1.741052E-3
5.405000E-3	3.006399E-3
5.410000E-3	3.260016E-3
5.415000E-3	1.664281E-3
5.420000E-3	2.401829E-3
5.425000E-3	3.926277E-3
5.430000E-3	1.978219E-3
5.435000E-3	2.086520E-3
5.440000E-3	2.486825E-3
5.445000E-3	-3.550649E-4
5.450000E-3	-1.555979E-3
5.455000E-3	-7.375479E-4
5.460000E-3	-6.196499E-4
5.465000E-3	-9.801984E-4
5.470000E-3	-1.233816E-5
5.475000E-3	2.301753E-3
5.480000E-3	2.445698E-3
5.485000E-3	1.760244E-3
5.490000E-3	2.304494E-3
5.495000E-3	1.934350E-3
5.500000E-3	1.783550E-3
5.505000E-3	1.883626E-3
5.510000E-3	1.671135E-3
5.515000E-3	1.728714E-3
5.520000E-3	1.403809E-3
5.525000E-3	2.124906E-4
5.530000E-3	4.770756E-4
5.535000E-3	3.654838E-3
5.540000E-3	4.434884E-3
5.545000E-3	3.206551E-3
5.550000E-3	2.530694E-3
5.555000E-3	3.742576E-4
5.560000E-3	-3.106475E-3
5.565000E-3	-4.691243E-3
5.570000E-3	-4.533589E-3
5.575000E-3	-3.578067E-3
5.580000E-3	-1.601219E-3
5.585000E-3	-2.234578E-4
5.590000E-3	-1.129627E-3
5.595000E-3	-1.893222E-3
5.600000E-3	-2.787054E-3
5.605000E-3	-4.234731E-3
5.610000E-3	-4.910588E-3
5.615000E-3	-4.112720E-3
5.620000E-3	-3.000915E-3
5.625000E-3	-2.334654E-3
5.630000E-3	-2.728105E-4
5.635000E-3	9.870529E-4
5.640000E-3	1.044631E-3
5.645000E-3	2.137244E-3
5.650000E-3	2.755523E-3
5.655000E-3	1.412034E-3
5.660000E-3	2.947450E-4
5.665000E-3	-1.039147E-3
5.670000E-3	-2.181113E-3
5.675000E-3	-2.256513E-3
5.680000E-3	-2.378523E-3
5.685000E-3	-2.076924E-3
5.690000E-3	-3.811121E-4
5.695000E-3	8.910894E-4
5.700000E-3	2.385378E-4
5.705000E-3	9.047985E-5
5.710000E-3	8.705258E-4
5.715000E-3	1.036406E-3
5.720000E-3	1.597106E-3
5.725000E-3	2.543032E-3
5.730000E-3	3.464282E-3
5.735000E-3	3.122926E-3
5.740000E-3	2.164662E-3
5.745000E-3	1.203656E-3
5.750000E-3	-3.509521E-4
5.755000E-3	-8.074641E-4
5.760000E-3	-1.162529E-3
5.765000E-3	-1.416147E-3
5.770000E-3	-8.184314E-4
5.775000E-3	-9.733438E-5
5.780000E-3	1.370907E-6
5.785000E-3	-4.222393E-4
5.790000E-3	-1.078904E-3
5.795000E-3	-1.809597E-3
5.800000E-3	-2.205789E-3
5.805000E-3	-1.982331E-3
5.810000E-3	-1.868546E-3
5.815000E-3	-1.789033E-3
5.820000E-3	-1.505256E-3
5.825000E-3	-3.660321E-4
5.830000E-3	1.837015E-3
5.835000E-3	3.099620E-3
5.840000E-3	3.151715E-3
5.845000E-3	3.107846E-3
5.850000E-3	2.164662E-3
5.855000E-3	8.335114E-4
5.860000E-3	1.151562E-4
5.865000E-3	-4.263520E-4
5.870000E-3	-7.430315E-4
5.875000E-3	-2.673268E-4
5.880000E-3	6.635189E-4
5.885000E-3	6.484389E-4
5.890000E-3	7.512569E-4
5.895000E-3	1.948059E-3
5.900000E-3	2.989948E-3
5.905000E-3	3.221631E-3
5.910000E-3	2.756894E-3
5.915000E-3	1.228333E-3
5.920000E-3	-3.865957E-4
5.925000E-3	-1.381874E-3
5.930000E-3	-2.403200E-3
5.935000E-3	-3.881037E-3
5.940000E-3	-4.492462E-3
5.945000E-3	-3.743947E-3
5.950000E-3	-2.891243E-3
5.955000E-3	-2.022088E-3
5.960000E-3	-1.157045E-3
5.965000E-3	-7.718205E-4
5.970000E-3	-7.457733E-4
5.975000E-3	-6.059408E-4
5.980000E-3	-9.171367E-4
5.985000E-3	-8.074641E-4
5.990000E-3	-3.975630E-5
5.995000E-3	8.554459E-4
6.000000E-3	1.649201E-3
6.005000E-3	2.297640E-3
6.010000E-3	1.786292E-3
6.015000E-3	1.727343E-4
6.020000E-3	-1.549125E-3
6.025000E-3	-2.751410E-3
6.030000E-3	-4.018128E-3
6.035000E-3	-3.830314E-3
6.040000E-3	-2.004266E-3
6.045000E-3	-1.905560E-4
6.050000E-3	1.625896E-3
6.055000E-3	3.362834E-3
6.060000E-3	4.270375E-3
6.065000E-3	4.534960E-3
6.070000E-3	4.273117E-3
6.075000E-3	2.966642E-3
6.080000E-3	1.746535E-3
6.085000E-3	2.087891E-3
6.090000E-3	3.048897E-3
6.095000E-3	3.998935E-3
6.100000E-3	5.903125E-3
6.105000E-3	6.580353E-3
6.110000E-3	4.462302E-3
6.115000E-3	1.309216E-3
6.120000E-3	-2.059102E-3
6.125000E-3	-5.746841E-3
6.130000E-3	-7.387817E-3
6.135000E-3	-6.748974E-3
6.140000E-3	-5.402744E-3
6.145000E-3	-3.497183E-3
6.150000E-3	-1.322925E-3
6.155000E-3	-4.290938E-4
6.160000E-3	-7.142425E-4
6.165000E-3	-7.910132E-4
6.170000E-3	-1.270831E-3
6.175000E-3	-2.061844E-3
6.180000E-3	-1.734197E-3
6.185000E-3	-1.845241E-3
6.190000E-3	-2.453923E-3
6.195000E-3	-2.109826E-3
6.200000E-3	-1.288652E-3
6.205000E-3	-1.586139E-3
6.210000E-3	-1.820564E-3
6.215000E-3	-1.181722E-3
6.220000E-3	-5.031228E-4
6.225000E-3	2.083778E-4
6.230000E-3	1.290023E-3
6.235000E-3	1.957655E-3
6.240000E-3	1.573801E-3
6.245000E-3	9.239912E-4
6.250000E-3	3.701448E-5
6.255000E-3	-6.703734E-4
6.260000E-3	-1.191318E-3
6.265000E-3	-1.784921E-3
6.270000E-3	-2.826810E-3
6.275000E-3	-2.829552E-3
6.280000E-3	-1.902819E-3
6.285000E-3	-9.047985E-5
6.290000E-3	1.743793E-3
6.295000E-3	2.777457E-3
6.300000E-3	2.488196E-3
6.305000E-3	2.079666E-3
6.310000E-3	7.306933E-4
6.315000E-3	-1.843870E-3
6.320000E-3	-4.167557E-3
6.325000E-3	-4.814625E-3
6.330000E-3	-4.699469E-3
6.335000E-3	-4.382789E-3
6.340000E-3	-3.118813E-3
6.345000E-3	-1.259863E-3
6.350000E-3	6.443262E-4
6.355000E-3	2.209902E-3
6.360000E-3	3.547907E-3
6.365000E-3	3.911197E-3
6.370000E-3	4.046917E-3
6.375000E-3	3.750801E-3
6.380000E-3	3.063977E-3
6.385000E-3	3.188729E-3
6.390000E-3	4.014015E-3
6.395000E-3	4.123688E-3
6.400000E-3	4.052401E-3
6.405000E-3	3.743947E-3
6.410000E-3	2.693832E-3
6.415000E-3	1.690328E-3
6.420000E-3	1.606703E-3
6.425000E-3	1.502514E-3
6.430000E-3	1.168013E-3
6.435000E-3	1.110435E-3
6.440000E-3	9.075403E-4
6.445000E-3	5.003810E-4
6.450000E-3	0.000000E+0
6.455000E-3	-6.196499E-4
6.460000E-3	-1.007617E-3
6.465000E-3	-1.209140E-3
6.470000E-3	-1.730084E-3
6.475000E-3	-2.204418E-3
6.480000E-3	-2.161920E-3
6.485000E-3	-1.540899E-3
6.490000E-3	-1.144707E-3
6.495000E-3	-5.415082E-4
6.500000E-3	-3.523231E-4
6.505000E-3	-7.841587E-4
6.510000E-3	-1.686215E-3
6.515000E-3	-2.166033E-3
6.520000E-3	-2.863824E-3
6.525000E-3	-2.759635E-3
6.530000E-3	-1.690328E-3
6.535000E-3	-6.744862E-4
6.540000E-3	2.097487E-4
6.545000E-3	7.923841E-4
6.550000E-3	1.209140E-3
6.555000E-3	1.354456E-3
6.560000E-3	1.014471E-3
6.565000E-3	-1.233816E-4
6.570000E-3	-7.718205E-4
6.575000E-3	-1.044631E-3
6.580000E-3	-9.377003E-4
6.585000E-3	-4.496574E-4
6.590000E-3	5.867481E-4
6.595000E-3	1.424372E-3
6.600000E-3	1.461387E-3
6.605000E-3	8.554459E-4
6.610000E-3	8.362532E-5
6.615000E-3	-5.949736E-4
6.620000E-3	-8.006096E-4
6.625000E-3	-8.156896E-4
6.630000E-3	-6.717443E-4
6.635000E-3	-4.194975E-4
6.640000E-3	-4.386902E-5
6.645000E-3	5.908608E-4
6.650000E-3	1.706779E-3
6.655000E-3	2.301753E-3
6.660000E-3	2.157807E-3
6.665000E-3	1.617670E-3
6.670000E-3	7.444024E-4
6.675000E-3	-5.702972E-4
6.680000E-3	-1.617670E-3
6.685000E-3	-2.309978E-3
6.690000E-3	-2.708912E-3
6.695000E-3	-1.961768E-3
6.700000E-3	-8.938313E-4
6.705000E-3	-2.563596E-4
6.710000E-3	-3.015995E-5
6.715000E-3	5.702972E-4
6.720000E-3	6.333590E-4
6.725000E-3	2.796650E-4
6.730000E-3	-1.316071E-4
6.735000E-3	-7.855296E-4
6.740000E-3	-1.916528E-3
6.745000E-3	-3.002286E-3
6.750000E-3	-3.321707E-3
6.755000E-3	-2.756894E-3
6.760000E-3	-1.562834E-3
6.765000E-3	-1.412034E-4
6.770000E-3	4.222393E-4
6.775000E-3	3.578067E-4
6.780000E-3	-4.661083E-5
6.785000E-3	-5.401373E-4
6.790000E-3	-5.127192E-4
6.795000E-3	-1.987815E-4
6.800000E-3	3.345013E-4
6.805000E-3	1.229703E-3
6.810000E-3	1.761615E-3
6.815000E-3	1.460016E-3
6.820000E-3	6.552935E-4
6.825000E-3	-1.645088E-4
6.830000E-3	-5.072355E-4
6.835000E-3	-7.169843E-4
6.840000E-3	-6.306171E-4
6.845000E-3	-7.539988E-4
6.850000E-3	-1.159787E-3
6.855000E-3	-1.746535E-3
6.860000E-3	-2.179742E-3
6.865000E-3	-2.256513E-3
6.870000E-3	-1.753390E-3
6.875000E-3	-1.070678E-3
6.880000E-3	-3.564358E-4
6.885000E-3	2.769232E-4
6.890000E-3	7.635951E-4
6.895000E-3	1.433969E-3
6.900000E-3	2.329171E-3
6.905000E-3	2.915919E-3
6.910000E-3	3.272355E-3
6.915000E-3	2.854228E-3
6.920000E-3	2.230465E-3
6.925000E-3	5.456209E-4
6.930000E-3	-1.620412E-3
6.935000E-3	-3.454685E-3
6.940000E-3	-4.772127E-3
6.945000E-3	-5.467176E-3
6.950000E-3	-5.461693E-3
6.955000E-3	-4.669309E-3
6.960000E-3	-3.347754E-3
6.965000E-3	-1.274943E-3
6.970000E-3	6.155372E-4
6.975000E-3	1.911044E-3
6.980000E-3	2.515614E-3
6.985000E-3	2.689719E-3
6.990000E-3	2.331913E-3
6.995000E-3	1.850724E-3
7.000000E-3	9.431839E-4
7.005000E-3	-5.483627E-6
7.010000E-3	-6.415844E-4
7.015000E-3	-8.952022E-4
7.020000E-3	-8.170605E-4
7.025000E-3	-1.590252E-4
7.030000E-3	5.058646E-4
7.035000E-3	1.110435E-3
7.040000E-3	1.536787E-3
7.045000E-3	1.539528E-3
7.050000E-3	1.342118E-3
7.055000E-3	9.993911E-4
7.060000E-3	5.593300E-4
7.065000E-3	2.371669E-4
7.070000E-3	4.674792E-4
7.075000E-3	6.703734E-4
7.080000E-3	7.320642E-4
7.085000E-3	4.153848E-4
7.090000E-3	4.181266E-4
7.095000E-3	5.661845E-4
7.100000E-3	5.620718E-5
7.105000E-3	-1.055598E-3
7.110000E-3	-1.832902E-3
7.115000E-3	-2.422392E-3
7.120000E-3	-2.959788E-3
7.125000E-3	-2.970755E-3
7.130000E-3	-2.241433E-3
7.135000E-3	-1.181722E-3
7.140000E-3	-5.538464E-4
7.145000E-3	6.031990E-5
7.150000E-3	9.212494E-4
7.155000E-3	1.761615E-3
7.160000E-3	2.791166E-3
7.165000E-3	3.749430E-3
7.170000E-3	3.757656E-3
7.175000E-3	3.523231E-3
7.180000E-3	2.686977E-3
7.185000E-3	1.225591E-3
7.190000E-3	-3.934503E-4
7.195000E-3	-1.479208E-3
7.200000E-3	-2.008379E-3
7.205000E-3	-2.249658E-3
7.210000E-3	-1.942575E-3
7.215000E-3	-1.010358E-3
7.220000E-3	-3.989339E-4
7.225000E-3	-2.878904E-5
7.230000E-3	4.112720E-5
7.235000E-3	-1.507998E-5
7.240000E-3	-1.357198E-4
7.245000E-3	1.645088E-5
7.250000E-3	4.208684E-4
7.255000E-3	5.236864E-4
7.260000E-3	6.772280E-4
7.265000E-3	5.579591E-4
7.270000E-3	4.839301E-4
7.275000E-3	3.290176E-4
7.280000E-3	1.370907E-5
7.285000E-3	-3.194213E-4
7.290000E-3	-6.251335E-4
7.295000E-3	-7.512569E-4
7.300000E-3	-6.237626E-4
7.305000E-3	-3.865957E-4
7.310000E-3	-2.275705E-4
7.315000E-3	-1.494288E-4
7.320000E-3	-3.824830E-4
7.325000E-3	-6.813407E-4
7.330000E-3	-1.106322E-3
7.335000E-3	-1.115918E-3
7.340000E-3	-1.107693E-3
7.345000E-3	-1.054227E-3
7.350000E-3	-4.428029E-4
7.355000E-3	-9.047985E-5
7.360000E-3	8.088350E-5
7.365000E-3	-9.596348E-6
7.370000E-3	-5.826354E-4
7.375000E-3	-1.207769E-3
7.380000E-3	-1.384616E-3
7.385000E-3	-1.462758E-3
7.390000E-3	-1.538157E-3
7.395000E-3	-1.387358E-3
7.400000E-3	-1.477838E-3
7.405000E-3	-1.928866E-3
7.410000E-3	-2.234578E-3
7.415000E-3	-2.699316E-3
7.420000E-3	-2.730846E-3
7.425000E-3	-2.469003E-3
7.430000E-3	-2.283931E-3
7.435000E-3	-1.926124E-3
7.440000E-3	-1.185834E-3
7.445000E-3	-2.467632E-5
7.450000E-3	1.243412E-3
7.455000E-3	2.081037E-3
7.460000E-3	2.972126E-3
7.465000E-3	3.158569E-3
7.470000E-3	2.870679E-3
7.475000E-3	2.153695E-3
7.480000E-3	1.332521E-3
7.485000E-3	8.403659E-4
7.490000E-3	9.870529E-5
7.495000E-3	-3.811121E-4
7.500000E-3	-6.429553E-4
7.505000E-3	-7.128716E-4
7.510000E-3	-9.020567E-4
7.515000E-3	-8.650422E-4
7.520000E-3	-7.951260E-4
7.525000E-3	-2.741814E-4
7.530000E-3	1.713634E-4
7.535000E-3	9.911656E-4
7.540000E-3	1.630008E-3
7.545000E-3	1.821935E-3
7.550000E-3	1.775324E-3
7.555000E-3	1.102209E-3
7.560000E-3	1.480579E-4
7.565000E-3	-1.322925E-3
7.570000E-3	-2.577305E-3
7.575000E-3	-3.328562E-3
7.580000E-3	-3.098249E-3
7.585000E-3	-2.024829E-3
7.590000E-3	-7.375479E-4
7.595000E-3	1.864433E-4
7.600000E-3	3.756285E-4
7.605000E-3	-1.974106E-4
7.610000E-3	-9.651184E-4
7.615000E-3	-1.875401E-3
7.620000E-3	-2.636254E-3
7.625000E-3	-2.833664E-3
7.630000E-3	-2.294898E-3
7.635000E-3	-1.398325E-3
7.640000E-3	-1.370907E-4
7.645000E-3	1.311958E-3
7.650000E-3	2.784312E-3
7.655000E-3	3.785074E-3
7.660000E-3	4.666567E-3
7.665000E-3	4.955828E-3
7.670000E-3	4.480124E-3
7.675000E-3	3.635645E-3
7.680000E-3	2.326429E-3
7.685000E-3	7.416606E-4
7.690000E-3	-7.690787E-4
7.695000E-3	-1.924753E-3
7.700000E-3	-2.329171E-3
7.705000E-3	-2.092004E-3
7.710000E-3	-1.577914E-3
7.715000E-3	-7.622242E-4
7.720000E-3	-1.466870E-4
7.725000E-3	1.549125E-4
7.730000E-3	5.346537E-5
7.735000E-3	-2.563596E-4
7.740000E-3	-8.074641E-4
7.745000E-3	-1.380503E-3
7.750000E-3	-2.156436E-3
7.755000E-3	-2.952933E-3
7.760000E-3	-3.615081E-3
7.765000E-3	-3.779590E-3
7.770000E-3	-3.412187E-3
7.775000E-3	-2.585530E-3
7.780000E-3	-1.598477E-3
7.785000E-3	-2.961159E-4
7.790000E-3	7.608533E-4
7.795000E-3	1.218736E-3
7.800000E-3	1.305103E-3
7.805000E-3	8.938313E-4
7.810000E-3	5.607009E-4
7.815000E-3	2.261996E-4
7.820000E-3	1.302361E-4
7.825000E-3	2.495050E-4
7.830000E-3	6.635189E-4
7.835000E-3	5.346537E-4
7.840000E-3	3.057122E-4
7.845000E-3	1.932979E-4
7.850000E-3	4.304647E-4
7.855000E-3	6.456971E-4
7.860000E-3	1.292765E-3
7.865000E-3	2.245545E-3
7.870000E-3	2.970755E-3
7.875000E-3	3.290176E-3
7.880000E-3	3.132522E-3
7.885000E-3	2.515614E-3
7.890000E-3	1.758873E-3
7.895000E-3	1.244783E-3
7.900000E-3	6.169081E-4
7.905000E-3	-1.494288E-4
7.910000E-3	-1.111805E-3
7.915000E-3	-2.098858E-3
7.920000E-3	-3.015995E-3
7.925000E-3	-3.632903E-3
7.930000E-3	-4.112720E-3
7.935000E-3	-3.904343E-3
7.940000E-3	-3.464282E-3
7.945000E-3	-2.732217E-3
7.950000E-3	-1.968622E-3
7.955000E-3	-8.842349E-4
7.960000E-3	-2.741814E-4
7.965000E-3	2.330542E-4
7.970000E-3	3.098249E-4
7.975000E-3	5.675554E-4
7.980000E-3	6.840825E-4
7.985000E-3	8.540750E-4
7.990000E-3	1.280427E-3
7.995000E-3	1.846611E-3
8.000000E-3	2.251029E-3
8.005000E-3	2.421021E-3
8.010000E-3	2.388120E-3
8.015000E-3	2.035797E-3
8.020000E-3	1.339376E-3
8.025000E-3	7.457733E-4
8.030000E-3	4.112720E-6
8.035000E-3	-3.317595E-4
8.040000E-3	-1.343489E-4
8.045000E-3	7.539988E-5
8.050000E-3	1.247525E-4
8.055000E-3	5.648136E-4
8.060000E-3	9.514093E-4
8.065000E-3	1.083016E-3
8.070000E-3	1.080275E-3
8.075000E-3	6.840825E-4
8.080000E-3	6.031990E-5
8.085000E-3	-6.498098E-4
8.090000E-3	-1.118660E-3
8.095000E-3	-1.320183E-3
8.100000E-3	-1.344860E-3
8.105000E-3	-1.276314E-3
8.110000E-3	-1.118660E-3
8.115000E-3	-9.692311E-4
8.120000E-3	-1.122773E-3
8.125000E-3	-1.329780E-3
8.130000E-3	-1.058340E-3
8.135000E-3	-4.853010E-4
8.140000E-3	6.265044E-4
8.145000E-3	1.403809E-3
8.150000E-3	1.967251E-3
8.155000E-3	2.020717E-3
8.160000E-3	2.002895E-3
8.165000E-3	1.509368E-3
8.170000E-3	6.086826E-4
8.175000E-3	-2.138615E-4
8.180000E-3	-8.170605E-4
8.185000E-3	-1.159787E-3
8.190000E-3	-1.568317E-3
8.195000E-3	-1.801372E-3
8.200000E-3	-1.909673E-3
8.205000E-3	-2.031684E-3
8.210000E-3	-2.026200E-3
8.215000E-3	-1.939833E-3
8.220000E-3	-2.223611E-3
8.225000E-3	-1.980960E-3
8.230000E-3	-1.819193E-3
8.235000E-3	-1.752019E-3
8.240000E-3	-1.516223E-3
8.245000E-3	-1.211882E-3
8.250000E-3	-1.140594E-3
8.255000E-3	-1.246154E-3
8.260000E-3	-1.462758E-3
8.265000E-3	-1.897335E-3
8.270000E-3	-2.415538E-3
8.275000E-3	-2.489567E-3
8.280000E-3	-2.418280E-3
8.285000E-3	-2.559483E-3
8.290000E-3	-2.527952E-3
8.295000E-3	-2.500534E-3
8.300000E-3	-2.549887E-3
8.305000E-3	-2.244174E-3
8.310000E-3	-1.756132E-3
8.315000E-3	-1.488805E-3
8.320000E-3	-1.189947E-3
8.325000E-3	-7.649660E-4
8.330000E-3	-2.974868E-4
8.335000E-3	-2.193451E-4
8.340000E-3	5.483627E-5
8.345000E-3	2.920032E-4
8.350000E-3	4.853010E-4
8.355000E-3	7.457733E-4
8.360000E-3	8.417368E-4
8.365000E-3	6.895661E-4
8.370000E-3	6.662607E-4
8.375000E-3	4.853010E-4
8.380000E-3	3.495812E-4
8.385000E-3	2.714396E-4
8.390000E-3	4.825592E-4
8.395000E-3	9.610057E-4
8.400000E-3	1.531303E-3
8.405000E-3	1.898706E-3
8.410000E-3	2.156436E-3
8.415000E-3	1.979589E-3
8.420000E-3	1.867175E-3
8.425000E-3	1.686215E-3
8.430000E-3	1.210511E-3
8.435000E-3	1.262605E-3
8.440000E-3	1.560092E-3
8.445000E-3	1.911044E-3
8.450000E-3	1.934350E-3
8.455000E-3	1.756132E-3
8.460000E-3	1.432598E-3
8.465000E-3	5.689263E-4
8.470000E-3	-5.277991E-4
8.475000E-3	-1.029551E-3
8.480000E-3	-1.487434E-3
8.485000E-3	-1.695812E-3
8.490000E-3	-1.697183E-3
8.495000E-3	-1.479208E-3
8.500000E-3	-1.381874E-3
8.505000E-3	-1.203656E-3
8.510000E-3	-7.032752E-4
8.515000E-3	-2.015233E-4
8.520000E-3	1.864433E-4
8.525000E-3	4.194975E-4
8.530000E-3	4.619956E-4
8.535000E-3	7.306933E-4
8.540000E-3	1.047373E-3
8.545000E-3	1.333892E-3
8.550000E-3	1.660168E-3
8.555000E-3	1.698554E-3
8.560000E-3	1.473725E-3
8.565000E-3	1.195431E-3
8.570000E-3	8.252859E-4
8.575000E-3	3.084540E-4
8.580000E-3	-9.870529E-5
8.585000E-3	-4.784465E-4
8.590000E-3	-4.729629E-4
8.595000E-3	-4.153848E-4
8.600000E-3	-3.975630E-4
8.605000E-3	-5.620718E-4
8.610000E-3	-6.854534E-4
8.615000E-3	-5.661845E-4
8.620000E-3	-4.510283E-4
8.625000E-3	-2.330542E-4
8.630000E-3	6.141663E-4
8.635000E-3	1.291394E-3
8.640000E-3	1.985073E-3
8.645000E-3	2.190709E-3
8.650000E-3	2.120793E-3
8.655000E-3	1.802742E-3
8.660000E-3	1.004875E-3
8.665000E-3	-1.727343E-4
8.670000E-3	-1.383245E-3
8.675000E-3	-2.441585E-3
8.680000E-3	-3.085911E-3
8.685000E-3	-3.468394E-3
8.690000E-3	-3.106475E-3
8.695000E-3	-2.479970E-3
8.700000E-3	-1.919270E-3
8.705000E-3	-1.605332E-3
8.710000E-3	-1.372278E-3
8.715000E-3	-1.793146E-3
8.720000E-3	-2.401829E-3
8.725000E-3	-2.514243E-3
8.730000E-3	-2.504647E-3
8.735000E-3	-2.504647E-3
8.740000E-3	-2.277076E-3
8.745000E-3	-1.879513E-3
8.750000E-3	-1.732826E-3
8.755000E-3	-1.603961E-3
8.760000E-3	-1.632750E-3
8.765000E-3	-1.476467E-3
8.770000E-3	-1.390100E-3
8.775000E-3	-1.126885E-3
8.780000E-3	-1.206398E-3
8.785000E-3	-9.445548E-4
8.790000E-3	-5.922318E-4
8.795000E-3	-2.824068E-4
8.800000E-3	6.580353E-5
8.805000E-3	5.099773E-4
8.810000E-3	8.389950E-4
8.815000E-3	1.354456E-3
8.820000E-3	1.838386E-3
8.825000E-3	2.023458E-3
8.830000E-3	2.444327E-3
8.835000E-3	2.404571E-3
8.840000E-3	2.082407E-3
8.845000E-3	1.764357E-3
8.850000E-3	1.464128E-3
8.855000E-3	1.072049E-3
8.860000E-3	6.799698E-4
8.865000E-3	2.796650E-4
8.870000E-3	1.521707E-4
8.875000E-3	1.617670E-4
8.880000E-3	2.330542E-5
8.885000E-3	-1.233816E-5
8.890000E-3	8.910894E-5
8.895000E-3	1.850724E-4
8.900000E-3	1.000762E-4
8.905000E-3	-2.769232E-4
8.910000E-3	-2.371669E-4
8.915000E-3	-2.261996E-4
8.920000E-3	-3.427267E-4
8.925000E-3	-6.772280E-4
8.930000E-3	-6.991625E-4
8.935000E-3	-3.427267E-4
8.940000E-3	-3.838539E-5
8.945000E-3	5.140901E-4
8.950000E-3	9.212494E-4
8.955000E-3	1.158416E-3
8.960000E-3	1.338005E-3
8.965000E-3	1.174867E-3
8.970000E-3	1.033664E-3
8.975000E-3	7.402897E-4
8.980000E-3	6.566644E-4
8.985000E-3	2.207160E-4
8.990000E-3	-3.015995E-5
8.995000E-3	-1.946688E-4
9.000000E-3	-4.222393E-4
9.005000E-3	-4.359484E-4
9.010000E-3	-3.701448E-4
9.015000E-3	-6.278753E-4
9.020000E-3	-9.706020E-4
9.025000E-3	-1.427114E-3
9.030000E-3	-2.030313E-3
9.035000E-3	-2.244174E-3
9.040000E-3	-2.386749E-3
9.045000E-3	-2.240062E-3
9.050000E-3	-2.122164E-3
9.055000E-3	-1.479208E-3
9.060000E-3	-8.732677E-4
9.065000E-3	-6.155372E-4
9.070000E-3	-4.140139E-4
9.075000E-3	-3.194213E-4
9.080000E-3	-1.960397E-4
9.085000E-3	7.539988E-5
9.090000E-3	3.934503E-4
9.095000E-3	3.824830E-4
9.100000E-3	3.345013E-4
9.105000E-3	2.124906E-4
9.110000E-3	-1.069307E-4
9.115000E-3	-2.111197E-4
9.120000E-3	-2.577305E-4
9.125000E-3	6.580353E-5
9.130000E-3	5.442500E-4
9.135000E-3	9.692311E-4
9.140000E-3	1.798630E-3
9.145000E-3	2.264738E-3
9.150000E-3	2.462149E-3
9.155000E-3	2.458036E-3
9.160000E-3	2.297640E-3
9.165000E-3	2.037168E-3
9.170000E-3	1.547754E-3
9.175000E-3	1.041889E-3
9.180000E-3	7.142425E-4
9.185000E-3	4.030466E-4
9.190000E-3	2.042651E-4
9.195000E-3	4.606247E-4
9.200000E-3	5.881190E-4
9.205000E-3	3.728867E-4
9.210000E-3	1.096725E-4
9.215000E-3	-3.468394E-4
9.220000E-3	-7.087588E-4
9.225000E-3	-1.118660E-3
9.230000E-3	-1.288652E-3
9.235000E-3	-1.609445E-3
9.240000E-3	-1.547754E-3
9.245000E-3	-1.667023E-3
9.250000E-3	-1.943946E-3
9.255000E-3	-2.411425E-3
9.260000E-3	-2.739072E-3
9.265000E-3	-3.179133E-3
9.270000E-3	-3.379285E-3
9.275000E-3	-3.177762E-3
9.280000E-3	-2.511501E-3
9.285000E-3	-1.719117E-3
9.290000E-3	-1.125515E-3
9.295000E-3	-9.706020E-4
9.300000E-3	-4.702210E-4
9.305000E-3	-4.263520E-4
9.310000E-3	-3.961921E-4
9.315000E-3	-1.329780E-4
9.320000E-3	9.733438E-5
9.325000E-3	5.346537E-4
9.330000E-3	8.047223E-4
9.335000E-3	1.414776E-3
9.340000E-3	2.044022E-3
9.345000E-3	2.270222E-3
9.350000E-3	1.993299E-3
9.355000E-3	1.735568E-3
9.360000E-3	1.246154E-3
9.365000E-3	1.055598E-3
9.370000E-3	9.939075E-4
9.375000E-3	1.018584E-3
9.380000E-3	8.184314E-4
9.385000E-3	7.882714E-4
9.390000E-3	5.552173E-4
9.395000E-3	3.235340E-4
9.400000E-3	2.741814E-5
9.405000E-3	-1.247525E-4
9.410000E-3	-2.549887E-4
9.415000E-3	-4.236102E-4
9.420000E-3	-2.933741E-4
9.425000E-3	-4.661083E-5
9.430000E-3	-3.564358E-4
9.435000E-3	-6.580353E-4
9.440000E-3	-9.267330E-4
9.445000E-3	-1.211882E-3
9.450000E-3	-1.331151E-3
9.455000E-3	-1.406550E-3
9.460000E-3	-1.021326E-3
9.465000E-3	-7.814169E-4
9.470000E-3	-3.769994E-4
9.475000E-3	3.043413E-4
9.480000E-3	8.431077E-4
9.485000E-3	9.610057E-4
9.490000E-3	7.923841E-4
9.495000E-3	4.496574E-4
9.500000E-3	5.620718E-5
9.505000E-3	-2.933741E-4
9.510000E-3	-4.208684E-4
9.515000E-3	-4.290938E-4
9.520000E-3	-5.140901E-4
9.525000E-3	-7.389188E-4
9.530000E-3	-6.676316E-4
9.535000E-3	-7.704496E-4
9.540000E-3	-9.185076E-4
9.545000E-3	-1.013100E-3
9.550000E-3	-1.035035E-3
9.555000E-3	-9.555221E-4
9.560000E-3	-1.121402E-3
9.565000E-3	-9.843111E-4
9.570000E-3	-8.211732E-4
9.575000E-3	-4.647374E-4
9.580000E-3	-3.057122E-4
9.585000E-3	-5.757809E-5
9.590000E-3	1.192689E-4
9.595000E-3	4.194975E-4
9.600000E-3	4.414320E-4
9.605000E-3	6.086826E-4
9.610000E-3	5.771518E-4
9.615000E-3	7.951260E-4
9.620000E-3	9.034276E-4
9.625000E-3	6.388426E-4
9.630000E-3	1.658797E-4
9.635000E-3	-3.454685E-4
9.640000E-3	-7.992387E-4
9.645000E-3	-1.143336E-3
9.650000E-3	-1.561463E-3
9.655000E-3	-1.602590E-3
9.660000E-3	-1.178980E-3
9.665000E-3	-8.266568E-4
9.670000E-3	-2.495050E-4
9.675000E-3	2.851486E-4
9.680000E-3	6.840825E-4
9.685000E-3	1.046002E-3
9.690000E-3	1.202285E-3
9.695000E-3	1.089871E-3
9.700000E-3	1.152933E-3
9.705000E-3	1.120031E-3
9.710000E-3	1.087129E-3
9.715000E-3	1.039147E-3
9.720000E-3	9.226203E-4
9.725000E-3	6.361008E-4
9.730000E-3	5.744100E-4
9.735000E-3	2.220869E-4
9.740000E-3	-2.371669E-4
9.745000E-3	-7.896423E-4
9.750000E-3	-1.109064E-3
9.755000E-3	-1.365423E-3
9.760000E-3	-1.078904E-3
9.765000E-3	-7.115006E-4
9.770000E-3	-6.991625E-5
9.775000E-3	3.276467E-4
9.780000E-3	3.345013E-4
9.785000E-3	3.015995E-4
9.790000E-3	2.673268E-4
9.795000E-3	4.181266E-4
9.800000E-3	1.562834E-4
9.805000E-3	9.870529E-5
9.810000E-3	2.878904E-5
9.815000E-3	-1.480579E-4
9.820000E-3	-8.499622E-5
9.825000E-3	-3.824830E-4
9.830000E-3	-4.715919E-4
9.835000E-3	-5.168319E-4
9.840000E-3	-7.320642E-4
9.845000E-3	-9.075403E-4
9.850000E-3	-1.095355E-3
9.855000E-3	-1.205027E-3
9.860000E-3	-1.284540E-3
9.865000E-3	-9.843111E-4
9.870000E-3	-7.594824E-4
9.875000E-3	-2.920032E-4
9.880000E-3	1.741052E-4
9.885000E-3	8.280277E-4
9.890000E-3	1.059711E-3
9.895000E-3	1.258492E-3
9.900000E-3	1.218736E-3
9.905000E-3	9.692311E-4
9.910000E-3	6.950498E-4
9.915000E-3	4.921556E-4
9.920000E-3	2.097487E-4
9.925000E-3	-1.014471E-4
9.930000E-3	-3.440976E-4
9.935000E-3	-4.661083E-4
9.940000E-3	-6.100535E-4
9.945000E-3	-8.280277E-4
9.950000E-3	-1.303732E-3
9.955000E-3	-1.514852E-3
9.960000E-3	-1.582026E-3
9.965000E-3	-1.461387E-3
9.970000E-3	-1.268089E-3
9.975000E-3	-1.185834E-3
9.980000E-3	-8.842349E-4
9.985000E-3	-6.785989E-4
9.990000E-3	-5.785227E-4
9.995000E-3	-4.003048E-4
