0.000000E+0	-1.719117E-3
5.000000E-6	-1.599848E-3
1.000000E-5	-1.706779E-3
1.500000E-5	-1.842499E-3
2.000000E-5	-1.638234E-3
2.500000E-5	-1.630008E-3
3.000000E-5	-1.558721E-3
3.500000E-5	-1.464128E-3
4.000000E-5	-1.377761E-3
4.500000E-5	-1.488805E-3
5.000000E-5	-1.712263E-3
5.500000E-5	-1.742423E-3
6.000000E-5	-1.669765E-3
6.500000E-5	-1.486063E-3
7.000000E-5	-1.495659E-3
7.500000E-5	-1.690328E-3
8.000000E-5	-1.752019E-3
8.500000E-5	-1.690328E-3
9.000000E-5	-1.687586E-3
9.500000E-5	-1.498401E-3
1.000000E-4	-1.651943E-3
1.050000E-4	-1.660168E-3
1.100000E-4	-1.697183E-3
1.150000E-4	-1.687586E-3
1.200000E-4	-1.677990E-3
1.250000E-4	-1.746535E-3
1.300000E-4	-1.657426E-3
1.350000E-4	-1.575172E-3
1.400000E-4	-1.716375E-3
1.450000E-4	-1.636863E-3
1.500000E-4	-1.465499E-3
1.550000E-4	-1.475096E-3
1.600000E-4	-1.640975E-3
1.650000E-4	-1.539528E-3
1.700000E-4	-1.668394E-3
1.750000E-4	-1.619041E-3
1.800000E-4	-1.501143E-3
1.850000E-4	-1.658797E-3
1.900000E-4	-1.694441E-3
1.950000E-4	-1.524448E-3
2.000000E-4	-1.603961E-3
2.050000E-4	-1.665652E-3
2.100000E-4	-1.621783E-3
2.150000E-4	-1.752019E-3
2.200000E-4	-1.783550E-3
2.250000E-4	-1.687586E-3
2.300000E-4	-1.535416E-3
2.350000E-4	-1.616299E-3
2.400000E-4	-1.719117E-3
2.450000E-4	-1.592994E-3
2.500000E-4	-1.590252E-3
2.550000E-4	-1.720488E-3
2.600000E-4	-1.542270E-3
2.650000E-4	-1.554608E-3
2.700000E-4	-1.553237E-3
2.750000E-4	-1.512110E-3
2.800000E-4	-1.505256E-3
2.850000E-4	-1.616299E-3
2.900000E-4	-1.442194E-3
2.950000E-4	-1.486063E-3
3.000000E-4	-1.512110E-3
3.050000E-4	-1.576543E-3
3.100000E-4	-1.595736E-3
3.150000E-4	-1.586139E-3
3.200000E-4	-1.590252E-3
3.250000E-4	-1.539528E-3
3.300000E-4	-1.547754E-3
3.350000E-4	-1.513481E-3
3.400000E-4	-1.494288E-3
3.450000E-4	-1.432598E-3
3.500000E-4	-1.523077E-3
3.550000E-4	-1.470983E-3
3.600000E-4	-1.539528E-3
3.650000E-4	-1.616299E-3
3.700000E-4	-1.608074E-3
3.750000E-4	-1.631379E-3
3.800000E-4	-1.697183E-3
3.850000E-4	-1.606703E-3
3.900000E-4	-1.638234E-3
3.950000E-4	-1.717746E-3
4.000000E-4	-1.597106E-3
4.050000E-4	-1.543641E-3
4.100000E-4	-1.587510E-3
4.150000E-4	-1.594365E-3
4.200000E-4	-1.717746E-3
4.250000E-4	-1.621783E-3
4.300000E-4	-1.623154E-3
4.350000E-4	-1.487434E-3
4.400000E-4	-1.602590E-3
4.450000E-4	-1.697183E-3
4.500000E-4	-1.642346E-3
4.550000E-4	-1.688957E-3
4.600000E-4	-1.513481E-3
4.650000E-4	-1.486063E-3
4.700000E-4	-1.405180E-3
4.750000E-4	-1.649201E-3
4.800000E-4	-1.698554E-3
4.850000E-4	-1.569688E-3
4.900000E-4	-1.682103E-3
4.950000E-4	-1.665652E-3
5.000000E-4	-1.605332E-3
5.050000E-4	-1.550496E-3
5.100000E-4	-1.603961E-3
5.150000E-4	-1.654685E-3
5.200000E-4	-1.775324E-3
5.250000E-4	-1.771212E-3
5.300000E-4	-1.638234E-3
5.350000E-4	-1.461387E-3
5.400000E-4	-1.513481E-3
5.450000E-4	-1.782179E-3
5.500000E-4	-1.661539E-3
5.550000E-4	-1.640975E-3
5.600000E-4	-1.553237E-3
5.650000E-4	-1.488805E-3
5.700000E-4	-1.647830E-3
5.750000E-4	-1.632750E-3
5.800000E-4	-1.609445E-3
5.850000E-4	-1.783550E-3
5.900000E-4	-1.657426E-3
5.950000E-4	-1.672506E-3
6.000000E-4	-1.545012E-3
6.050000E-4	-1.743793E-3
6.100000E-4	-1.717746E-3
6.150000E-4	-1.695812E-3
6.200000E-4	-1.701295E-3
6.250000E-4	-1.638234E-3
6.300000E-4	-1.577914E-3
6.350000E-4	-1.553237E-3
6.400000E-4	-1.713634E-3
6.450000E-4	-1.480579E-3
6.500000E-4	-1.605332E-3
6.550000E-4	-1.606703E-3
6.600000E-4	-1.643717E-3
6.650000E-4	-1.603961E-3
6.700000E-4	-1.601219E-3
6.750000E-4	-1.516223E-3
6.800000E-4	-1.413405E-3
6.850000E-4	-1.546383E-3
6.900000E-4	-1.630008E-3
6.950000E-4	-1.573801E-3
7.000000E-4	-1.498401E-3
7.050000E-4	-1.601219E-3
7.100000E-4	-1.651943E-3
7.150000E-4	-1.719117E-3
7.200000E-4	-1.809597E-3
7.250000E-4	-1.569688E-3
7.300000E-4	-1.603961E-3
7.350000E-4	-1.603961E-3
7.400000E-4	-1.528561E-3
7.450000E-4	-1.543641E-3
7.500000E-4	-1.527190E-3
7.550000E-4	-1.677990E-3
7.600000E-4	-1.765728E-3
7.650000E-4	-1.699924E-3
7.700000E-4	-1.595736E-3
7.750000E-4	-1.612186E-3
7.800000E-4	-1.646459E-3
7.850000E-4	-1.753390E-3
7.900000E-4	-1.550496E-3
7.950000E-4	-1.697183E-3
8.000000E-4	-1.598477E-3
8.050000E-4	-1.734197E-3
8.100000E-4	-1.643717E-3
8.150000E-4	-1.687586E-3
8.200000E-4	-1.772583E-3
8.250000E-4	-1.849353E-3
8.300000E-4	-1.756132E-3
8.350000E-4	-1.605332E-3
8.400000E-4	-1.613557E-3
8.450000E-4	-1.676619E-3
8.500000E-4	-1.676619E-3
8.550000E-4	-1.535416E-3
8.600000E-4	-1.503885E-3
8.650000E-4	-1.613557E-3
8.700000E-4	-1.787663E-3
8.750000E-4	-1.668394E-3
8.800000E-4	-1.658797E-3
8.850000E-4	-1.605332E-3
8.900000E-4	-1.524448E-3
8.950000E-4	-1.462758E-3
9.000000E-4	-1.588881E-3
9.050000E-4	-1.601219E-3
9.100000E-4	-1.682103E-3
9.150000E-4	-1.631379E-3
9.200000E-4	-1.772583E-3
9.250000E-4	-1.710892E-3
9.300000E-4	-1.539528E-3
9.350000E-4	-1.498401E-3
9.400000E-4	-1.491547E-3
9.450000E-4	-1.458645E-3
9.500000E-4	-1.484692E-3
9.550000E-4	-1.730084E-3
9.600000E-4	-1.775324E-3
9.650000E-4	-1.688957E-3
9.700000E-4	-1.826048E-3
9.750000E-4	-1.712263E-3
9.800000E-4	-1.621783E-3
9.850000E-4	-1.598477E-3
9.900000E-4	-1.572430E-3
9.950000E-4	-1.528561E-3
1.000000E-3	-1.564205E-3
1.005000E-3	-1.649201E-3
1.010000E-3	-1.686215E-3
1.015000E-3	-1.719117E-3
1.020000E-3	-1.616299E-3
1.025000E-3	-1.690328E-3
1.030000E-3	-1.728714E-3
1.035000E-3	-1.758873E-3
1.040000E-3	-1.497030E-3
1.045000E-3	-1.380503E-3
1.050000E-3	-1.361310E-3
1.055000E-3	-1.377761E-3
1.060000E-3	-1.373649E-3
1.065000E-3	-1.379132E-3
1.070000E-3	-1.510739E-3
1.075000E-3	-1.543641E-3
1.080000E-3	-1.621783E-3
1.085000E-3	-1.731455E-3
1.090000E-3	-1.486063E-3
1.095000E-3	-1.542270E-3
1.100000E-3	-1.547754E-3
1.105000E-3	-1.582026E-3
1.110000E-3	-1.475096E-3
1.115000E-3	-1.549125E-3
1.120000E-3	-1.569688E-3
1.125000E-3	-1.708150E-3
1.130000E-3	-1.720488E-3
1.135000E-3	-1.503885E-3
1.140000E-3	-1.458645E-3
1.145000E-3	-1.566947E-3
1.150000E-3	-1.701295E-3
1.155000E-3	-1.630008E-3
1.160000E-3	-1.787663E-3
1.165000E-3	-1.813710E-3
1.170000E-3	-1.736939E-3
1.175000E-3	-1.590252E-3
1.180000E-3	-1.550496E-3
1.185000E-3	-1.528561E-3
1.190000E-3	-1.616299E-3
1.195000E-3	-1.653314E-3
1.200000E-3	-1.817822E-3
1.205000E-3	-1.660168E-3
1.210000E-3	-1.454532E-3
1.215000E-3	-1.587510E-3
1.220000E-3	-1.657426E-3
1.225000E-3	-1.436710E-3
1.230000E-3	-1.464128E-3
1.235000E-3	-1.409292E-3
1.240000E-3	-1.536787E-3
1.245000E-3	-1.610816E-3
1.250000E-3	-1.716375E-3
1.255000E-3	-1.758873E-3
1.260000E-3	-1.664281E-3
1.265000E-3	-1.610816E-3
1.270000E-3	-1.561463E-3
1.275000E-3	-1.590252E-3
1.280000E-3	-1.539528E-3
1.285000E-3	-1.527190E-3
1.290000E-3	-1.599848E-3
1.295000E-3	-1.719117E-3
1.300000E-3	-1.516223E-3
1.305000E-3	-1.516223E-3
1.310000E-3	-1.514852E-3
1.315000E-3	-1.661539E-3
1.320000E-3	-1.605332E-3
1.325000E-3	-1.679361E-3
1.330000E-3	-1.651943E-3
1.335000E-3	-1.687586E-3
1.340000E-3	-1.776695E-3
1.345000E-3	-1.709521E-3
1.350000E-3	-1.566947E-3
1.355000E-3	-1.576543E-3
1.360000E-3	-1.543641E-3
1.365000E-3	-1.558721E-3
1.370000E-3	-1.547754E-3
1.375000E-3	-1.573801E-3
1.380000E-3	-1.483321E-3
1.385000E-3	-1.542270E-3
1.390000E-3	-1.743793E-3
1.395000E-3	-1.758873E-3
1.400000E-3	-1.706779E-3
1.405000E-3	-1.516223E-3
1.410000E-3	-1.424372E-3
1.415000E-3	-1.480579E-3
1.420000E-3	-1.605332E-3
1.425000E-3	-1.549125E-3
1.430000E-3	-1.523077E-3
1.435000E-3	-1.498401E-3
1.440000E-3	-1.715004E-3
1.445000E-3	-1.577914E-3
1.450000E-3	-1.631379E-3
1.455000E-3	-1.440823E-3
1.460000E-3	-1.588881E-3
1.465000E-3	-1.657426E-3
1.470000E-3	-1.558721E-3
1.475000E-3	-1.528561E-3
1.480000E-3	-1.687586E-3
1.485000E-3	-1.664281E-3
1.490000E-3	-1.651943E-3
1.495000E-3	-1.638234E-3
1.500000E-3	-1.728714E-3
1.505000E-3	-1.691699E-3
1.510000E-3	-1.705408E-3
1.515000E-3	-1.687586E-3
1.520000E-3	-1.639605E-3
1.525000E-3	-1.590252E-3
1.530000E-3	-1.635492E-3
1.535000E-3	-1.712263E-3
1.540000E-3	-1.798630E-3
1.545000E-3	-1.683474E-3
1.550000E-3	-1.507998E-3
1.555000E-3	-1.460016E-3
1.560000E-3	-1.575172E-3
1.565000E-3	-1.680732E-3
1.570000E-3	-1.601219E-3
1.575000E-3	-1.545012E-3
1.580000E-3	-1.706779E-3
1.585000E-3	-1.898706E-3
1.590000E-3	-1.912415E-3
1.595000E-3	-1.964509E-3
1.600000E-3	-1.772583E-3
1.605000E-3	-1.588881E-3
1.610000E-3	-1.576543E-3
1.615000E-3	-1.664281E-3
1.620000E-3	-1.749277E-3
1.625000E-3	-1.776695E-3
1.630000E-3	-1.651943E-3
1.635000E-3	-1.632750E-3
1.640000E-3	-1.631379E-3
1.645000E-3	-1.632750E-3
1.650000E-3	-1.684844E-3
1.655000E-3	-1.651943E-3
1.660000E-3	-1.790404E-3
1.665000E-3	-1.691699E-3
1.670000E-3	-1.588881E-3
1.675000E-3	-1.627266E-3
1.680000E-3	-1.783550E-3
1.685000E-3	-1.662910E-3
1.690000E-3	-1.669765E-3
1.695000E-3	-1.812339E-3
1.700000E-3	-1.772583E-3
1.705000E-3	-1.649201E-3
1.710000E-3	-1.691699E-3
1.715000E-3	-1.654685E-3
1.720000E-3	-1.650572E-3
1.725000E-3	-1.683474E-3
1.730000E-3	-1.732826E-3
1.735000E-3	-1.598477E-3
1.740000E-3	-1.523077E-3
1.745000E-3	-1.455903E-3
1.750000E-3	-1.497030E-3
1.755000E-3	-1.505256E-3
1.760000E-3	-1.546383E-3
1.765000E-3	-1.546383E-3
1.770000E-3	-1.632750E-3
1.775000E-3	-1.594365E-3
1.780000E-3	-1.594365E-3
1.785000E-3	-1.640975E-3
1.790000E-3	-1.680732E-3
1.795000E-3	-1.614928E-3
1.800000E-3	-1.636863E-3
1.805000E-3	-1.839757E-3
1.810000E-3	-1.837015E-3
1.815000E-3	-1.609445E-3
1.820000E-3	-1.551867E-3
1.825000E-3	-1.476467E-3
1.830000E-3	-1.529932E-3
1.835000E-3	-1.687586E-3
1.840000E-3	-1.569688E-3
1.845000E-3	-1.449049E-3
1.850000E-3	-1.491547E-3
1.855000E-3	-1.614928E-3
1.860000E-3	-1.638234E-3
1.865000E-3	-1.794517E-3
1.870000E-3	-1.649201E-3
1.875000E-3	-1.661539E-3
1.880000E-3	-1.579285E-3
1.885000E-3	-1.699924E-3
1.890000E-3	-1.598477E-3
1.895000E-3	-1.584768E-3
1.900000E-3	-1.643717E-3
1.905000E-3	-1.630008E-3
1.910000E-3	-1.677990E-3
1.915000E-3	-1.709521E-3
1.920000E-3	-1.502514E-3
1.925000E-3	-1.687586E-3
1.930000E-3	-1.676619E-3
1.935000E-3	-1.695812E-3
1.940000E-3	-1.509368E-3
1.945000E-3	-1.351714E-3
1.950000E-3	-1.407921E-3
1.955000E-3	-1.501143E-3
1.960000E-3	-1.671135E-3
1.965000E-3	-1.730084E-3
1.970000E-3	-1.665652E-3
1.975000E-3	-1.584768E-3
1.980000E-3	-1.657426E-3
1.985000E-3	-1.705408E-3
1.990000E-3	-1.895964E-3
1.995000E-3	-1.780808E-3
2.000000E-3	-1.667023E-3
2.005000E-3	-1.603961E-3
2.010000E-3	-1.673877E-3
2.015000E-3	-1.649201E-3
2.020000E-3	-1.590252E-3
2.025000E-3	-1.455903E-3
2.030000E-3	-1.447678E-3
2.035000E-3	-1.416147E-3
2.040000E-3	-1.590252E-3
2.045000E-3	-1.612186E-3
2.050000E-3	-1.521707E-3
2.055000E-3	-1.657426E-3
2.060000E-3	-1.695812E-3
2.065000E-3	-1.658797E-3
2.070000E-3	-1.694441E-3
2.075000E-3	-1.613557E-3
2.080000E-3	-1.460016E-3
2.085000E-3	-1.412034E-3
2.090000E-3	-1.427114E-3
2.095000E-3	-1.592994E-3
2.100000E-3	-1.675248E-3
2.105000E-3	-1.645088E-3
2.110000E-3	-1.606703E-3
2.115000E-3	-1.631379E-3
2.120000E-3	-1.684844E-3
2.125000E-3	-1.749277E-3
2.130000E-3	-1.720488E-3
2.135000E-3	-1.694441E-3
2.140000E-3	-1.706779E-3
2.145000E-3	-1.787663E-3
2.150000E-3	-1.684844E-3
2.155000E-3	-1.547754E-3
2.160000E-3	-1.513481E-3
2.165000E-3	-1.614928E-3
2.170000E-3	-1.546383E-3
2.175000E-3	-1.661539E-3
2.180000E-3	-1.815081E-3
2.185000E-3	-1.742423E-3
2.190000E-3	-1.745164E-3
2.195000E-3	-1.501143E-3
2.200000E-3	-1.560092E-3
2.205000E-3	-1.486063E-3
2.210000E-3	-1.577914E-3
2.215000E-3	-1.810968E-3
2.220000E-3	-1.772583E-3
2.225000E-3	-1.789033E-3
2.230000E-3	-1.883626E-3
2.235000E-3	-1.688957E-3
2.240000E-3	-1.658797E-3
2.245000E-3	-1.636863E-3
2.250000E-3	-1.591623E-3
2.255000E-3	-1.705408E-3
2.260000E-3	-1.782179E-3
2.265000E-3	-1.820564E-3
2.270000E-3	-1.724601E-3
2.275000E-3	-1.757503E-3
2.280000E-3	-1.762986E-3
2.285000E-3	-1.735568E-3
2.290000E-3	-1.620412E-3
2.295000E-3	-1.613557E-3
2.300000E-3	-1.730084E-3
2.305000E-3	-1.698554E-3
2.310000E-3	-1.590252E-3
2.315000E-3	-1.461387E-3
2.320000E-3	-1.305103E-3
2.325000E-3	-1.486063E-3
2.330000E-3	-1.488805E-3
2.335000E-3	-1.620412E-3
2.340000E-3	-1.735568E-3
2.345000E-3	-1.764357E-3
2.350000E-3	-1.728714E-3
2.355000E-3	-1.488805E-3
2.360000E-3	-1.640975E-3
2.365000E-3	-1.677990E-3
2.370000E-3	-1.895964E-3
2.375000E-3	-1.479208E-3
2.380000E-3	-1.831532E-3
2.385000E-3	-1.616299E-3
2.390000E-3	-1.953542E-3
2.395000E-3	-1.200914E-3
2.400000E-3	-2.094746E-3
2.405000E-3	-1.118660E-3
2.410000E-3	-2.274334E-3
2.415000E-3	-7.635951E-4
2.420000E-3	-2.469003E-3
2.425000E-3	-2.453923E-4
2.430000E-3	-2.723992E-3
2.435000E-3	1.220107E-4
2.440000E-3	-3.562987E-3
2.445000E-3	6.552935E-4
2.450000E-3	-4.162073E-3
2.455000E-3	1.713634E-3
2.460000E-3	-5.659103E-3
2.465000E-3	3.223002E-3
2.470000E-3	-7.844329E-3
2.475000E-3	7.206857E-3
2.480000E-3	-5.812645E-3
2.485000E-3	4.000032E-2
2.490000E-3	-2.458406E-1
2.495000E-3	-4.565696E-1
2.500000E-3	2.137203E-1
2.505000E-3	-1.177431E-1
2.510000E-3	-7.652347E-1
2.515000E-3	6.664115E-2
2.520000E-3	2.697725E-1
2.525000E-3	2.364458E-1
2.530000E-3	9.677725E-1
2.535000E-3	1.670244E-1
2.540000E-3	-5.016148E-1
2.545000E-3	6.057228E-1
2.550000E-3	2.634211E-1
2.555000E-3	-5.570049E-1
2.560000E-3	3.577532E-1
2.565000E-3	1.111723E-1
2.570000E-3	-6.529931E-1
2.575000E-3	3.625007E-1
2.580000E-3	3.923083E-1
2.585000E-3	-7.330253E-1
2.590000E-3	1.258643E-1
2.595000E-3	4.683772E-1
2.600000E-3	-6.684117E-1
2.605000E-3	-1.498662E-1
2.610000E-3	4.005639E-1
2.615000E-3	-6.063617E-1
2.620000E-3	-1.727370E-1
2.625000E-3	6.620507E-1
2.630000E-3	-3.211966E-1
2.635000E-3	-1.740037E-1
2.640000E-3	5.746389E-1
2.645000E-3	-3.282595E-1
2.650000E-3	-3.112946E-1
2.655000E-3	5.603705E-1
2.660000E-3	-1.588264E-1
2.665000E-3	-4.244766E-1
2.670000E-3	4.165295E-1
2.675000E-3	-1.202436E-1
2.680000E-3	-3.795808E-1
2.685000E-3	4.311529E-1
2.690000E-3	-3.049719E-2
2.695000E-3	-5.007128E-1
2.700000E-3	2.783695E-1
2.705000E-3	1.341624E-1
2.710000E-3	-3.610763E-1
2.715000E-3	2.552039E-1
2.720000E-3	2.129238E-1
2.725000E-3	-3.633054E-1
2.730000E-3	2.140191E-1
2.735000E-3	3.349454E-1
2.740000E-3	-2.642862E-1
2.745000E-3	7.704908E-2
2.750000E-3	2.845399E-1
2.755000E-3	-2.227024E-1
2.760000E-3	1.002818E-2
2.765000E-3	2.710941E-1
2.770000E-3	-2.007131E-1
2.775000E-3	-1.191414E-1
2.780000E-3	2.346897E-1
2.785000E-3	-1.305857E-1
2.790000E-3	-1.943041E-1
2.795000E-3	1.671122E-1
2.800000E-3	-1.106527E-1
2.805000E-3	-1.907425E-1
2.810000E-3	1.826363E-1
2.815000E-3	-5.666095E-2
2.820000E-3	-1.734183E-1
2.825000E-3	1.715662E-1
2.830000E-3	1.832902E-2
2.835000E-3	-1.852424E-1
2.840000E-3	1.073173E-1
2.845000E-3	5.422622E-2
2.850000E-3	-1.255805E-1
2.855000E-3	1.036639E-1
2.860000E-3	2.379346E-2
2.865000E-3	-1.630392E-1
2.870000E-3	8.315098E-2
2.875000E-3	7.141465E-2
2.880000E-3	-1.212540E-1
2.885000E-3	1.798081E-2
2.890000E-3	5.571914E-2
2.895000E-3	-1.135536E-1
2.900000E-3	2.423626E-2
2.905000E-3	1.298358E-1
2.910000E-3	-8.690041E-2
2.915000E-3	-4.436392E-2
2.920000E-3	6.255859E-2
2.925000E-3	-6.269431E-2
2.930000E-3	3.513634E-3
2.935000E-3	1.134796E-1
2.940000E-3	1.299620E-3
2.945000E-3	2.033740E-2
2.950000E-3	1.205342E-1
2.955000E-3	-1.278782E-2
2.960000E-3	-4.714960E-2
2.965000E-3	9.044832E-2
2.970000E-3	-2.663535E-2
2.975000E-3	-8.146340E-2
2.980000E-3	2.673268E-2
2.985000E-3	-7.425106E-2
2.990000E-3	-9.370971E-2
2.995000E-3	3.275782E-2
3.000000E-3	-1.728165E-2
3.005000E-3	-7.835966E-2
3.010000E-3	1.477563E-2
3.015000E-3	1.113176E-2
3.020000E-3	-3.378052E-2
3.025000E-3	5.541754E-2
3.030000E-3	2.310252E-2
3.035000E-3	-7.571518E-2
3.040000E-3	2.241021E-2
3.045000E-3	2.882195E-2
3.050000E-3	-3.104693E-2
3.055000E-3	4.811472E-2
3.060000E-3	2.102697E-2
3.065000E-3	-5.726552E-2
3.070000E-3	1.763672E-2
3.075000E-3	3.448927E-2
3.080000E-3	-4.431868E-2
3.085000E-3	-1.211882E-2
3.090000E-3	1.183778E-2
3.095000E-3	-1.680458E-2
3.100000E-3	5.351472E-2
3.105000E-3	4.989964E-2
3.110000E-3	-4.663551E-2
3.115000E-3	-1.353222E-2
3.120000E-3	4.519880E-3
3.125000E-3	-2.059102E-2
3.130000E-3	1.923108E-2
3.135000E-3	2.000701E-2
3.140000E-3	-1.937366E-2
3.145000E-3	1.628774E-2
3.150000E-3	4.480535E-2
3.155000E-3	-1.386946E-2
3.160000E-3	-3.504723E-2
3.165000E-3	-1.597929E-2
3.170000E-3	-4.150558E-2
3.175000E-3	-1.855385E-2
3.180000E-3	2.525073E-2
3.185000E-3	-1.993710E-2
3.190000E-3	-1.966703E-2
3.195000E-3	2.651745E-2
3.200000E-3	-1.151562E-3
3.205000E-3	-1.981235E-2
3.210000E-3	2.449811E-3
3.215000E-3	-1.550770E-2
3.220000E-3	-1.880473E-2
3.225000E-3	2.416772E-2
3.230000E-3	1.313055E-2
3.235000E-3	-4.831076E-3
3.240000E-3	2.037579E-2
3.245000E-3	2.501905E-3
3.250000E-3	-2.671349E-2
3.255000E-3	5.953848E-3
3.260000E-3	1.682514E-2
3.265000E-3	-2.767861E-2
3.270000E-3	-2.565104E-2
3.275000E-3	-1.380777E-2
3.280000E-3	-4.129583E-2
3.285000E-3	-2.688897E-2
3.290000E-3	-5.919576E-3
3.295000E-3	-6.805182E-3
3.300000E-3	1.103443E-2
3.305000E-3	3.831959E-2
3.310000E-3	4.201144E-2
3.315000E-3	3.138006E-2
3.320000E-3	2.980489E-2
3.325000E-3	3.244251E-2
3.330000E-3	2.360702E-2
3.335000E-3	2.547830E-2
3.340000E-3	2.080351E-2
3.345000E-3	5.216300E-3
3.350000E-3	3.608227E-3
3.355000E-3	5.087435E-3
3.360000E-3	-5.545318E-3
3.365000E-3	-1.970816E-2
3.370000E-3	-2.786368E-2
3.375000E-3	-2.674365E-2
3.380000E-3	-2.169597E-2
3.385000E-3	-1.360899E-2
3.390000E-3	-1.493877E-2
3.395000E-3	-1.069856E-2
3.400000E-3	-3.231227E-3
3.405000E-3	-1.268774E-2
3.410000E-3	-6.123841E-3
3.415000E-3	1.916528E-3
3.420000E-3	-1.343489E-3
3.425000E-3	5.579591E-4
3.430000E-3	6.742120E-3
3.435000E-3	2.722621E-3
3.440000E-3	-1.660168E-3
3.445000E-3	-9.678602E-4
3.450000E-3	-7.751107E-3
3.455000E-3	-1.964372E-2
3.460000E-3	-1.148683E-2
3.465000E-3	-1.657838E-2
3.470000E-3	-3.649628E-2
3.475000E-3	-2.966231E-2
3.480000E-3	-1.823169E-2
3.485000E-3	-5.602896E-3
3.490000E-3	1.596284E-2
3.495000E-3	1.971501E-2
3.500000E-3	6.688654E-3
3.505000E-3	3.948212E-3
3.510000E-3	1.417106E-2
3.515000E-3	2.298737E-2
3.520000E-3	2.820367E-2
3.525000E-3	2.245408E-2
3.530000E-3	-1.602590E-3
3.535000E-3	-9.116530E-3
3.540000E-3	-9.322166E-4
3.545000E-3	-1.416695E-2
3.550000E-3	-2.645576E-2
3.555000E-3	-1.612872E-2
3.560000E-3	-7.227421E-3
3.565000E-3	-1.318264E-2
3.570000E-3	-1.782179E-4
3.575000E-3	1.185560E-2
3.580000E-3	5.761921E-3
3.585000E-3	1.967663E-2
3.590000E-3	2.377564E-2
3.595000E-3	5.707085E-3
3.600000E-3	9.544253E-3
3.605000E-3	9.649813E-3
3.610000E-3	-4.482865E-3
3.615000E-3	-3.587663E-3
3.620000E-3	3.948212E-4
3.625000E-3	-8.520186E-3
3.630000E-3	-8.472204E-4
3.635000E-3	8.869767E-4
3.640000E-3	-1.718158E-2
3.645000E-3	-1.124555E-2
3.650000E-3	-4.513025E-3
3.655000E-3	-2.412385E-2
3.660000E-3	-3.137183E-2
3.665000E-3	-2.947038E-2
3.670000E-3	-3.056163E-2
3.675000E-3	-1.740503E-2
3.680000E-3	1.368165E-3
3.685000E-3	9.459257E-4
3.690000E-3	6.514549E-3
3.695000E-3	3.297853E-2
3.700000E-3	4.019910E-2
3.705000E-3	2.750725E-2
3.710000E-3	2.359742E-2
3.715000E-3	1.189399E-2
3.720000E-3	3.764510E-3
3.725000E-3	8.782029E-3
3.730000E-3	5.793452E-3
3.735000E-3	2.377152E-3
3.740000E-3	1.381874E-3
3.745000E-3	-5.615234E-3
3.750000E-3	-1.122224E-2
3.755000E-3	-7.261693E-3
3.760000E-3	-1.106185E-2
3.765000E-3	-2.276802E-2
3.770000E-3	-1.521021E-2
3.775000E-3	-9.339988E-3
3.780000E-3	-1.413405E-2
3.785000E-3	-7.995129E-3
3.790000E-3	-1.667023E-3
3.795000E-3	-1.183093E-3
3.800000E-3	7.952631E-3
3.805000E-3	1.021051E-2
3.810000E-3	-3.207922E-4
3.815000E-3	-4.271746E-3
3.820000E-3	-9.394825E-3
3.825000E-3	-2.372217E-2
3.830000E-3	-2.173436E-2
3.835000E-3	-1.246154E-2
3.840000E-3	-1.691288E-2
3.845000E-3	-8.847833E-3
3.850000E-3	1.871288E-3
3.855000E-3	-3.369689E-3
3.860000E-3	2.373040E-3
3.865000E-3	7.745624E-3
3.870000E-3	1.572430E-3
3.875000E-3	4.216909E-3
3.880000E-3	6.440520E-3
3.885000E-3	-1.418889E-3
3.890000E-3	-4.241586E-3
3.895000E-3	4.399240E-3
3.900000E-3	1.514852E-3
3.905000E-3	-6.075859E-3
3.910000E-3	6.854534E-4
3.915000E-3	5.874336E-3
3.920000E-3	8.888960E-3
3.925000E-3	1.394486E-2
3.930000E-3	1.208317E-2
3.935000E-3	6.015539E-3
3.940000E-3	9.323537E-3
3.945000E-3	8.828640E-3
3.950000E-3	-3.218889E-3
3.955000E-3	-4.199088E-3
3.960000E-3	-4.924297E-3
3.965000E-3	-1.436573E-2
3.970000E-3	-1.518553E-2
3.975000E-3	-1.877320E-2
3.980000E-3	-2.370983E-2
3.985000E-3	-1.630282E-2
3.990000E-3	-6.477535E-3
3.995000E-3	6.690025E-4
4.000000E-3	6.753087E-3
4.005000E-3	6.515920E-3
4.010000E-3	3.546536E-3
4.015000E-3	1.157045E-2
4.020000E-3	1.174045E-2
4.025000E-3	-3.325820E-3
4.030000E-3	-7.656515E-3
4.035000E-3	-1.230389E-2
4.040000E-3	-2.813512E-2
4.045000E-3	-2.879041E-2
4.050000E-3	-2.247602E-2
4.055000E-3	-2.359742E-2
4.060000E-3	-1.867998E-2
4.065000E-3	1.479208E-3
4.070000E-3	8.381724E-3
4.075000E-3	1.927495E-2
4.080000E-3	3.587389E-2
4.085000E-3	1.449323E-2
4.090000E-3	2.981448E-2
4.095000E-3	4.155356E-2
4.100000E-3	1.771075E-2
4.105000E-3	2.644479E-2
4.110000E-3	3.534198E-2
4.115000E-3	5.774260E-3
4.120000E-3	3.915310E-3
4.125000E-3	5.916834E-3
4.130000E-3	-2.485454E-2
4.135000E-3	-2.624464E-2
4.140000E-3	-1.139224E-3
4.145000E-3	-1.102620E-2
4.150000E-3	-1.714867E-2
4.155000E-3	1.235187E-3
4.160000E-3	-1.593268E-2
4.165000E-3	-3.161448E-2
4.170000E-3	-8.968472E-3
4.175000E-3	-1.753664E-2
4.180000E-3	-2.674502E-2
4.185000E-3	3.111959E-4
4.190000E-3	-6.758571E-4
4.195000E-3	-1.492918E-2
4.200000E-3	6.681800E-3
4.205000E-3	8.256972E-3
4.210000E-3	-1.737350E-2
4.215000E-3	8.636713E-4
4.220000E-3	4.777610E-3
4.225000E-3	-1.073146E-2
4.230000E-3	4.661083E-3
4.235000E-3	9.519577E-3
4.240000E-3	-1.227236E-2
4.245000E-3	-4.404724E-3
4.250000E-3	7.781267E-3
4.255000E-3	-8.993149E-3
4.260000E-3	3.661692E-3
4.265000E-3	1.192141E-2
4.270000E-3	-1.244235E-2
4.275000E-3	-9.869158E-3
4.280000E-3	8.372128E-3
4.285000E-3	-1.388729E-3
4.290000E-3	1.865804E-3
4.295000E-3	2.002072E-2
4.300000E-3	1.046002E-2
4.305000E-3	6.683171E-3
4.310000E-3	2.012765E-2
4.315000E-3	8.465350E-3
4.320000E-3	-1.709521E-3
4.325000E-3	8.339226E-3
4.330000E-3	-6.111503E-3
4.335000E-3	-2.538097E-2
4.340000E-3	-1.968622E-2
4.345000E-3	-2.255827E-2
4.350000E-3	-2.787191E-2
4.355000E-3	-9.175479E-3
4.360000E-3	-8.979440E-4
4.365000E-3	-7.760704E-3
4.370000E-3	2.708912E-3
4.375000E-3	1.181996E-2
4.380000E-3	1.194060E-3
4.385000E-3	-7.745624E-4
4.390000E-3	-4.592538E-4
4.395000E-3	-7.668853E-3
4.400000E-3	-1.854837E-3
4.405000E-3	4.216909E-3
4.410000E-3	-6.931305E-3
4.415000E-3	-5.660474E-3
4.420000E-3	5.681038E-3
4.425000E-3	1.151562E-4
4.430000E-3	-9.281039E-4
4.435000E-3	6.189644E-3
4.440000E-3	3.811121E-3
4.445000E-3	3.143489E-3
4.450000E-3	6.130695E-3
4.455000E-3	-2.932370E-3
4.460000E-3	-5.456209E-3
4.465000E-3	8.437932E-3
4.470000E-3	1.376253E-2
4.475000E-3	9.178221E-3
4.480000E-3	8.601069E-3
4.485000E-3	-2.108455E-3
4.490000E-3	-8.102059E-3
4.495000E-3	-7.017672E-3
4.500000E-3	-9.268701E-3
4.505000E-3	-6.351411E-3
4.510000E-3	1.850724E-4
4.515000E-3	-1.081645E-3
4.520000E-3	-7.677078E-3
4.525000E-3	-6.371975E-3
4.530000E-3	-1.342392E-2
4.535000E-3	-2.203184E-2
4.540000E-3	-2.300107E-2
4.545000E-3	-2.708912E-2
4.550000E-3	-2.764159E-2
4.555000E-3	-1.362956E-2
4.560000E-3	-3.364205E-3
4.565000E-3	5.458951E-3
4.570000E-3	2.215797E-2
4.575000E-3	2.451456E-2
4.580000E-3	1.597655E-2
4.585000E-3	1.318949E-2
4.590000E-3	9.466112E-3
4.595000E-3	2.289414E-3
4.600000E-3	3.842652E-3
4.605000E-3	5.291700E-3
4.610000E-3	-3.279209E-3
4.615000E-3	1.229703E-3
4.620000E-3	6.710589E-3
4.625000E-3	-3.955066E-3
4.630000E-3	-3.243566E-3
4.635000E-3	2.596498E-3
4.640000E-3	-6.824374E-3
4.645000E-3	-1.041615E-2
4.650000E-3	-4.655600E-3
4.655000E-3	-7.677078E-3
4.660000E-3	-1.348972E-3
4.665000E-3	1.108104E-2
4.670000E-3	1.248485E-2
4.675000E-3	1.263976E-2
4.680000E-3	1.416284E-2
4.685000E-3	4.578829E-3
4.690000E-3	-4.667938E-3
4.695000E-3	-3.229856E-3
4.700000E-3	-1.246017E-2
4.705000E-3	-1.806581E-2
4.710000E-3	-9.980202E-3
4.715000E-3	-9.194672E-3
4.720000E-3	-6.465197E-3
4.725000E-3	3.190100E-3
4.730000E-3	-2.773345E-3
4.735000E-3	-1.210511E-2
4.740000E-3	-6.158113E-3
4.745000E-3	-6.817520E-3
4.750000E-3	-1.352811E-2
4.755000E-3	-7.175326E-3
4.760000E-3	-3.527343E-3
4.765000E-3	-4.874945E-3
4.770000E-3	6.363750E-3
4.775000E-3	1.489627E-2
4.780000E-3	1.038051E-2
4.785000E-3	1.126474E-2
4.790000E-3	1.037776E-2
4.795000E-3	-1.597106E-3
4.800000E-3	-3.627419E-3
4.805000E-3	-7.690787E-4
4.810000E-3	-8.389950E-3
4.815000E-3	-9.503126E-3
4.820000E-3	-4.264891E-3
4.825000E-3	-8.668244E-3
4.830000E-3	-8.300841E-3
4.835000E-3	-1.787663E-3
4.840000E-3	-3.791928E-3
4.845000E-3	-2.700686E-3
4.850000E-3	5.121708E-3
4.855000E-3	5.125821E-3
4.860000E-3	4.119575E-3
4.865000E-3	6.377459E-3
4.870000E-3	2.713025E-3
4.875000E-3	-2.076924E-3
4.880000E-3	-5.620718E-5
4.885000E-3	-1.379132E-3
4.890000E-3	-4.955828E-3
4.895000E-3	-1.343489E-3
4.900000E-3	-5.360246E-4
4.905000E-3	-4.696727E-3
4.910000E-3	-3.700078E-3
4.915000E-3	-5.989492E-3
4.920000E-3	-1.403946E-2
4.925000E-3	-1.551044E-2
4.930000E-3	-1.443702E-2
4.935000E-3	-1.697731E-2
4.940000E-3	-1.290298E-2
4.945000E-3	-8.028030E-3
4.950000E-3	-8.055449E-3
4.955000E-3	-4.667938E-3
4.960000E-3	-1.080275E-3
4.965000E-3	-2.947450E-3
4.970000E-3	-2.902210E-3
4.975000E-3	2.007008E-3
4.980000E-3	5.934656E-3
4.985000E-3	1.117426E-2
4.990000E-3	1.817274E-2
4.995000E-3	1.824540E-2
5.000000E-3	1.260823E-2
5.005000E-3	7.056057E-3
5.010000E-3	6.114244E-4
5.015000E-3	-7.483780E-3
5.020000E-3	-1.305103E-2
5.025000E-3	-1.465911E-2
5.030000E-3	-1.377898E-2
5.035000E-3	-8.979440E-3
5.040000E-3	-2.799392E-3
5.045000E-3	4.948974E-4
5.050000E-3	3.732979E-3
5.055000E-3	6.813407E-3
5.060000E-3	6.762683E-3
5.065000E-3	7.226050E-3
5.070000E-3	8.559942E-3
5.075000E-3	6.378829E-3
5.080000E-3	4.488349E-3
5.085000E-3	2.445698E-3
5.090000E-3	-2.026200E-3
5.095000E-3	-5.667329E-3
5.100000E-3	-8.596957E-3
5.105000E-3	-1.091242E-2
5.110000E-3	-9.645700E-3
5.115000E-3	-5.112112E-3
5.120000E-3	-2.246916E-3
5.125000E-3	-6.580353E-4
5.130000E-3	3.096879E-3
5.135000E-3	3.261387E-3
5.140000E-3	-1.135111E-3
5.145000E-3	-2.800763E-3
5.150000E-3	-1.024067E-3
5.155000E-3	-4.976392E-4
5.160000E-3	-7.073879E-4
5.165000E-3	6.456971E-4
5.170000E-3	5.922318E-4
5.175000E-3	1.894593E-3
5.180000E-3	3.933132E-3
5.185000E-3	5.716681E-4
5.190000E-3	-2.972126E-3
5.195000E-3	-3.924906E-3
5.200000E-3	-6.600916E-3
5.205000E-3	-8.688807E-3
5.210000E-3	-8.100688E-3
5.215000E-3	-8.380353E-3
5.220000E-3	-7.242501E-3
5.225000E-3	-3.579438E-3
5.230000E-3	-2.356589E-3
5.235000E-3	-3.166795E-4
5.240000E-3	3.680885E-3
5.245000E-3	5.194366E-3
5.250000E-3	4.946232E-3
5.255000E-3	5.298555E-3
5.260000E-3	2.447069E-3
5.265000E-3	-2.547145E-3
5.270000E-3	-3.465652E-3
5.275000E-3	-4.285455E-3
5.280000E-3	-5.479515E-3
5.285000E-3	-3.989339E-3
5.290000E-3	-4.474640E-3
5.295000E-3	-6.980658E-3
5.300000E-3	-6.343186E-3
5.305000E-3	-5.808532E-3
5.310000E-3	-6.663978E-3
5.315000E-3	-5.619347E-3
5.320000E-3	-5.364358E-3
5.325000E-3	-6.010056E-3
5.330000E-3	-3.848135E-3
5.335000E-3	-3.440976E-4
5.340000E-3	2.185225E-3
5.345000E-3	4.947603E-3
5.350000E-3	6.206095E-3
5.355000E-3	3.133893E-3
5.360000E-3	-3.070831E-4
5.365000E-3	-1.915157E-3
5.370000E-3	-2.486825E-3
5.375000E-3	-3.387511E-3
5.380000E-3	-2.649963E-3
5.385000E-3	-1.597106E-3
5.390000E-3	-7.882714E-4
5.395000E-3	5.702972E-4
5.400000E-3	2.164662E-3
5.405000E-3	2.215385E-3
5.410000E-3	1.731455E-3
5.415000E-3	2.821326E-3
5.420000E-3	1.867175E-3
5.425000E-3	-5.798936E-4
5.430000E-3	-1.107693E-3
5.435000E-3	-2.028942E-3
5.440000E-3	-1.518965E-3
5.445000E-3	1.083016E-3
5.450000E-3	1.295507E-3
5.455000E-3	3.084540E-4
5.460000E-3	-3.564358E-5
5.465000E-3	-2.111197E-4
5.470000E-3	-1.232445E-3
5.475000E-3	-2.138615E-3
5.480000E-3	-5.131304E-3
5.485000E-3	-7.840216E-3
5.490000E-3	-7.709980E-3
5.495000E-3	-6.810665E-3
5.500000E-3	-6.536484E-3
5.505000E-3	-5.456209E-3
5.510000E-3	-5.920947E-3
5.515000E-3	-5.816758E-3
5.520000E-3	-3.482103E-3
5.525000E-3	-2.582788E-3
5.530000E-3	-2.022088E-3
5.535000E-3	-1.542270E-3
5.540000E-3	-1.495659E-3
5.545000E-3	-6.566644E-4
5.550000E-3	1.028180E-3
5.555000E-3	-1.782179E-5
5.560000E-3	-9.815693E-4
5.565000E-3	-4.044175E-4
5.570000E-3	-1.480579E-3
5.575000E-3	-1.594365E-3
5.580000E-3	2.481341E-4
5.585000E-3	-1.140594E-3
5.590000E-3	-1.258492E-3
5.595000E-3	-1.110435E-4
5.600000E-3	-6.031990E-4
5.605000E-3	-6.621480E-4
5.610000E-3	-6.648898E-4
5.615000E-3	-1.240671E-3
5.620000E-3	-9.843111E-4
5.625000E-3	-4.510283E-4
5.630000E-3	6.744862E-4
5.635000E-3	7.759333E-4
5.640000E-3	1.560092E-3
5.645000E-3	1.137853E-4
5.650000E-3	-2.325058E-3
5.655000E-3	-2.998173E-3
5.660000E-3	-5.273879E-3
5.665000E-3	-6.000459E-3
5.670000E-3	-6.603658E-3
5.675000E-3	-6.003201E-3
5.680000E-3	-5.302668E-3
5.685000E-3	-3.092766E-3
5.690000E-3	4.523993E-5
5.695000E-3	2.989948E-3
5.700000E-3	3.830314E-3
5.705000E-3	4.168928E-3
5.710000E-3	3.579438E-3
5.715000E-3	2.389491E-3
5.720000E-3	1.698554E-3
5.725000E-3	6.415844E-4
5.730000E-3	-9.171367E-4
5.735000E-3	-2.930999E-3
5.740000E-3	-3.961921E-3
5.745000E-3	-4.907846E-3
5.750000E-3	-5.759180E-3
5.755000E-3	-7.279515E-3
5.760000E-3	-8.277535E-3
5.765000E-3	-8.610666E-3
5.770000E-3	-8.895814E-3
5.775000E-3	-6.702363E-3
5.780000E-3	-1.627266E-3
5.785000E-3	3.468394E-3
5.790000E-3	8.292615E-3
5.795000E-3	1.120579E-2
5.800000E-3	1.117152E-2
5.805000E-3	9.074032E-3
5.810000E-3	6.594062E-3
5.815000E-3	2.512872E-3
5.820000E-3	-1.322925E-3
5.825000E-3	-2.445698E-3
5.830000E-3	-3.360093E-3
5.835000E-3	-4.661083E-3
5.840000E-3	-5.624831E-3
5.845000E-3	-5.978525E-3
5.850000E-3	-5.742729E-3
5.855000E-3	-4.003048E-3
5.860000E-3	-2.762377E-3
5.865000E-3	-3.460169E-3
5.870000E-3	-2.970755E-3
5.875000E-3	-1.983702E-3
5.880000E-3	-1.837015E-3
5.885000E-3	-1.159787E-3
5.890000E-3	-1.026809E-3
5.895000E-3	-2.108455E-3
5.900000E-3	-2.353847E-3
5.905000E-3	-1.125515E-3
5.910000E-3	-1.895964E-3
5.915000E-3	-3.560245E-3
5.920000E-3	-4.595280E-3
5.925000E-3	-6.259561E-3
5.930000E-3	-7.598937E-3
5.935000E-3	-8.102059E-3
5.940000E-3	-9.054840E-3
5.945000E-3	-9.150803E-3
5.950000E-3	-7.058799E-3
5.955000E-3	-4.728258E-3
5.960000E-3	-2.822697E-3
5.965000E-3	-2.207160E-4
5.970000E-3	9.006858E-4
5.975000E-3	4.208684E-4
5.980000E-3	9.239912E-4
5.985000E-3	1.146078E-3
5.990000E-3	8.773804E-4
5.995000E-3	2.922773E-3
6.000000E-3	5.541205E-3
6.005000E-3	7.989645E-3
6.010000E-3	1.041341E-2
6.015000E-3	1.082742E-2
6.020000E-3	8.516073E-3
6.025000E-3	6.465197E-3
6.030000E-3	4.476011E-3
6.035000E-3	1.509368E-3
6.040000E-3	-7.238388E-4
6.045000E-3	-3.383398E-3
6.050000E-3	-7.324755E-3
6.055000E-3	-8.745015E-3
6.060000E-3	-7.845700E-3
6.065000E-3	-7.948518E-3
6.070000E-3	-7.563293E-3
6.075000E-3	-6.573498E-3
6.080000E-3	-5.729020E-3
6.085000E-3	-4.011273E-3
6.090000E-3	-2.215385E-3
6.095000E-3	-2.840519E-3
6.100000E-3	-4.197717E-3
6.105000E-3	-3.807008E-3
6.110000E-3	-3.913939E-3
6.115000E-3	-3.798783E-3
6.120000E-3	-3.063977E-3
6.125000E-3	-2.922773E-3
6.130000E-3	-1.743793E-3
6.135000E-3	1.510739E-3
6.140000E-3	3.789186E-3
6.145000E-3	3.502667E-3
6.150000E-3	2.148211E-3
6.155000E-3	3.249049E-4
6.160000E-3	-1.185834E-3
6.165000E-3	-7.224679E-4
6.170000E-3	-3.262758E-4
6.175000E-3	-8.897185E-4
6.180000E-3	-6.923079E-4
6.185000E-3	-1.008987E-3
6.190000E-3	-1.547754E-3
6.195000E-3	-9.185076E-4
6.200000E-3	-5.209446E-5
6.205000E-3	6.539226E-4
6.210000E-3	1.554608E-3
6.215000E-3	2.573192E-3
6.220000E-3	2.862453E-3
6.225000E-3	2.341509E-3
6.230000E-3	9.939075E-4
6.235000E-3	-1.562834E-3
6.240000E-3	-3.501296E-3
6.245000E-3	-5.088806E-3
6.250000E-3	-7.115006E-3
6.255000E-3	-8.533895E-3
6.260000E-3	-9.268701E-3
6.265000E-3	-9.893835E-3
6.270000E-3	-9.917140E-3
6.275000E-3	-9.270072E-3
6.280000E-3	-8.226812E-3
6.285000E-3	-5.500078E-3
6.290000E-3	-1.551867E-3
6.295000E-3	1.776695E-3
6.300000E-3	3.945470E-3
6.305000E-3	4.156590E-3
6.310000E-3	1.558721E-3
6.315000E-3	-2.083778E-3
6.320000E-3	-4.865348E-3
6.325000E-3	-6.768167E-3
6.330000E-3	-7.019043E-3
6.335000E-3	-5.458951E-3
6.340000E-3	-2.954304E-3
6.345000E-3	2.481341E-4
6.350000E-3	3.963292E-3
6.355000E-3	6.488502E-3
6.360000E-3	6.801069E-3
6.365000E-3	5.269766E-3
6.370000E-3	2.384007E-3
6.375000E-3	-9.472966E-4
6.380000E-3	-2.947450E-3
6.385000E-3	-4.359484E-3
6.390000E-3	-5.214930E-3
6.395000E-3	-4.348516E-3
6.400000E-3	-2.048135E-3
6.405000E-3	-9.322166E-5
6.410000E-3	7.773042E-4
6.415000E-3	6.251335E-4
6.420000E-3	9.047985E-5
6.425000E-3	1.919270E-5
6.430000E-3	-3.523231E-4
6.435000E-3	-8.239150E-4
6.440000E-3	-9.500384E-4
6.445000E-3	-4.674792E-4
6.450000E-3	3.413558E-4
6.455000E-3	1.244783E-3
6.460000E-3	2.411425E-3
6.465000E-3	2.614319E-3
6.470000E-3	1.996040E-3
6.475000E-3	1.601219E-3
6.480000E-3	1.067936E-3
6.485000E-3	-2.330542E-5
6.490000E-3	-1.265347E-3
6.495000E-3	-3.353238E-3
6.500000E-3	-4.876316E-3
6.505000E-3	-4.674792E-3
6.510000E-3	-4.467785E-3
6.515000E-3	-4.507542E-3
6.520000E-3	-4.362226E-3
6.525000E-3	-3.893375E-3
6.530000E-3	-3.931761E-3
6.535000E-3	-3.446460E-3
6.540000E-3	-2.470374E-3
6.545000E-3	-1.296878E-3
6.550000E-3	2.906322E-4
6.555000E-3	1.236558E-3
6.560000E-3	1.399696E-3
6.565000E-3	1.498401E-3
6.570000E-3	1.449049E-3
6.575000E-3	1.284540E-3
6.580000E-3	1.085758E-3
6.585000E-3	5.223155E-4
6.590000E-3	-8.938313E-4
6.595000E-3	-2.592385E-3
6.600000E-3	-3.918052E-3
6.605000E-3	-4.957199E-3
6.610000E-3	-5.254686E-3
6.615000E-3	-4.863977E-3
6.620000E-3	-4.157960E-3
6.625000E-3	-2.904952E-3
6.630000E-3	-1.717746E-3
6.635000E-3	-1.067936E-3
6.640000E-3	-4.153848E-4
6.645000E-3	1.165271E-4
6.650000E-3	2.440214E-4
6.655000E-3	6.361008E-4
6.660000E-3	9.678602E-4
6.665000E-3	-2.947450E-4
6.670000E-3	-2.307236E-3
6.675000E-3	-3.897488E-3
6.680000E-3	-4.975021E-3
6.685000E-3	-5.696118E-3
6.690000E-3	-5.946994E-3
6.695000E-3	-5.866110E-3
6.700000E-3	-4.913330E-3
6.705000E-3	-3.236711E-3
6.710000E-3	-1.780808E-3
6.715000E-3	-1.401067E-3
6.720000E-3	-1.512110E-3
6.725000E-3	-1.776695E-3
6.730000E-3	-2.097487E-3
6.735000E-3	-2.174258E-3
6.740000E-3	-1.591623E-3
6.745000E-3	-8.143187E-4
6.750000E-3	6.114244E-4
6.755000E-3	1.904190E-3
6.760000E-3	3.063977E-3
6.765000E-3	3.689110E-3
6.770000E-3	3.201067E-3
6.775000E-3	2.131760E-3
6.780000E-3	5.840063E-4
6.785000E-3	-7.375479E-4
6.790000E-3	-2.327800E-3
6.795000E-3	-3.808379E-3
6.800000E-3	-4.454076E-3
6.805000E-3	-4.227877E-3
6.810000E-3	-2.824068E-3
6.815000E-3	-1.100838E-3
6.820000E-3	-8.170605E-4
6.825000E-3	-1.455903E-3
6.830000E-3	-2.537549E-3
6.835000E-3	-3.667176E-3
6.840000E-3	-4.927039E-3
6.845000E-3	-5.468547E-3
6.850000E-3	-5.689263E-3
6.855000E-3	-5.198479E-3
6.860000E-3	-3.616452E-3
6.865000E-3	-1.571059E-3
6.870000E-3	1.083016E-4
6.875000E-3	1.210511E-3
6.880000E-3	1.586139E-3
6.885000E-3	6.388426E-4
6.890000E-3	-6.799698E-4
6.895000E-3	-2.016604E-3
6.900000E-3	-3.272355E-3
6.905000E-3	-4.633665E-3
6.910000E-3	-5.697489E-3
6.915000E-3	-6.540596E-3
6.920000E-3	-6.801069E-3
6.925000E-3	-6.143034E-3
6.930000E-3	-4.684389E-3
6.935000E-3	-3.120184E-3
6.940000E-3	-1.675248E-3
6.945000E-3	-6.552935E-4
6.950000E-3	-5.428791E-4
6.955000E-3	-7.567406E-4
6.960000E-3	-1.058340E-3
6.965000E-3	-1.316071E-3
6.970000E-3	-1.121402E-3
6.975000E-3	-7.402897E-4
6.980000E-3	-4.935265E-4
6.985000E-3	2.508759E-4
6.990000E-3	1.083016E-3
6.995000E-3	9.870529E-4
7.000000E-3	4.578829E-4
7.005000E-3	-3.303885E-4
7.010000E-3	-8.746386E-4
7.015000E-3	-1.347601E-3
7.020000E-3	-1.322925E-3
7.025000E-3	-1.192689E-3
7.030000E-3	-1.237929E-3
7.035000E-3	-9.459257E-4
7.040000E-3	-4.167557E-4
7.045000E-3	-4.798174E-5
7.050000E-3	2.399087E-4
7.055000E-3	4.414320E-4
7.060000E-3	6.813407E-4
7.065000E-3	6.566644E-4
7.070000E-3	6.484389E-4
7.075000E-3	5.003810E-4
7.080000E-3	1.384616E-4
7.085000E-3	-6.470680E-4
7.090000E-3	-1.392841E-3
7.095000E-3	-2.086520E-3
7.100000E-3	-3.190100E-3
7.105000E-3	-4.072964E-3
7.110000E-3	-4.247069E-3
7.115000E-3	-3.719270E-3
7.120000E-3	-2.810359E-3
7.125000E-3	-1.956284E-3
7.130000E-3	-1.810968E-3
7.135000E-3	-1.571059E-3
7.140000E-3	-1.176238E-3
7.145000E-3	-2.604723E-4
7.150000E-3	6.415844E-4
7.155000E-3	1.461387E-3
7.160000E-3	2.045393E-3
7.165000E-3	2.233207E-3
7.170000E-3	2.473116E-3
7.175000E-3	2.299011E-3
7.180000E-3	1.579285E-3
7.185000E-3	6.031990E-4
7.190000E-3	-5.675554E-4
7.195000E-3	-1.835644E-3
7.200000E-3	-2.840519E-3
7.205000E-3	-3.608227E-3
7.210000E-3	-4.266262E-3
7.215000E-3	-4.610360E-3
7.220000E-3	-4.266262E-3
7.225000E-3	-3.546536E-3
7.230000E-3	-2.412796E-3
7.235000E-3	-1.882255E-3
7.240000E-3	-1.571059E-3
7.245000E-3	-1.070678E-3
7.250000E-3	-5.634427E-4
7.255000E-3	-1.083016E-4
7.260000E-3	2.207160E-4
7.265000E-3	2.179742E-4
7.270000E-3	-2.481341E-4
7.275000E-3	-7.224679E-4
7.280000E-3	-1.237929E-3
7.285000E-3	-1.710892E-3
7.290000E-3	-1.497030E-3
7.295000E-3	-1.266718E-3
7.300000E-3	-9.801984E-4
7.305000E-3	-1.194060E-3
7.310000E-3	-1.867175E-3
7.315000E-3	-2.739072E-3
7.320000E-3	-4.075706E-3
7.325000E-3	-5.169690E-3
7.330000E-3	-5.824983E-3
7.335000E-3	-5.435646E-3
7.340000E-3	-4.360855E-3
7.345000E-3	-2.917290E-3
7.350000E-3	-1.444936E-3
7.355000E-3	-1.233816E-5
7.360000E-3	1.047373E-3
7.365000E-3	1.158416E-3
7.370000E-3	3.098249E-4
7.375000E-3	-9.404421E-4
7.380000E-3	-1.961768E-3
7.385000E-3	-2.503276E-3
7.390000E-3	-2.564967E-3
7.395000E-3	-2.463520E-3
7.400000E-3	-2.389491E-3
7.405000E-3	-2.399087E-3
7.410000E-3	-2.810359E-3
7.415000E-3	-3.542423E-3
7.420000E-3	-4.377306E-3
7.425000E-3	-5.051792E-3
7.430000E-3	-5.272508E-3
7.435000E-3	-5.062759E-3
7.440000E-3	-4.212797E-3
7.445000E-3	-2.771974E-3
7.450000E-3	-8.801222E-4
7.455000E-3	8.362532E-4
7.460000E-3	2.315462E-3
7.465000E-3	2.921402E-3
7.470000E-3	2.379894E-3
7.475000E-3	1.173496E-3
7.480000E-3	-4.523993E-5
7.485000E-3	-8.321404E-4
7.490000E-3	-1.427114E-3
7.495000E-3	-2.096117E-3
7.500000E-3	-1.878142E-3
7.505000E-3	-1.322925E-3
7.510000E-3	-3.509521E-4
7.515000E-3	3.687739E-4
7.520000E-3	6.100535E-4
7.525000E-3	5.154610E-4
7.530000E-3	7.677078E-5
7.535000E-3	-6.004572E-4
7.540000E-3	-1.140594E-3
7.545000E-3	-1.549125E-3
7.550000E-3	-1.745164E-3
7.555000E-3	-1.617670E-3
7.560000E-3	-1.228333E-3
7.565000E-3	-5.195737E-4
7.570000E-3	4.222393E-4
7.575000E-3	8.952022E-4
7.580000E-3	5.716681E-4
7.585000E-3	-4.702210E-4
7.590000E-3	-2.283931E-3
7.595000E-3	-4.337549E-3
7.600000E-3	-6.373346E-3
7.605000E-3	-7.799089E-3
7.610000E-3	-8.217216E-3
7.615000E-3	-7.729173E-3
7.620000E-3	-6.156743E-3
7.625000E-3	-3.918052E-3
7.630000E-3	-1.979589E-3
7.635000E-3	-4.263520E-4
7.640000E-3	3.509521E-4
7.645000E-3	8.115768E-4
7.650000E-3	8.856058E-4
7.655000E-3	8.499622E-4
7.660000E-3	8.732677E-4
7.665000E-3	9.541512E-4
7.670000E-3	6.278753E-4
7.675000E-3	0.000000E+0
7.680000E-3	-1.146078E-3
7.685000E-3	-2.305865E-3
7.690000E-3	-3.397107E-3
7.695000E-3	-4.157960E-3
7.700000E-3	-3.920794E-3
7.705000E-3	-2.851486E-3
7.710000E-3	-1.492918E-3
7.715000E-3	-3.427267E-4
7.720000E-3	4.332066E-4
7.725000E-3	5.168319E-4
7.730000E-3	-3.111959E-4
7.735000E-3	-1.240671E-3
7.740000E-3	-1.998782E-3
7.745000E-3	-2.584159E-3
7.750000E-3	-2.695203E-3
7.755000E-3	-2.596498E-3
7.760000E-3	-2.525210E-3
7.765000E-3	-2.315462E-3
7.770000E-3	-2.451181E-3
7.775000E-3	-2.994061E-3
7.780000E-3	-3.763139E-3
7.785000E-3	-4.622698E-3
7.790000E-3	-4.953086E-3
7.795000E-3	-5.247831E-3
7.800000E-3	-4.814625E-3
7.805000E-3	-3.764510E-3
7.810000E-3	-2.591014E-3
7.815000E-3	-1.310587E-3
7.820000E-3	5.072355E-5
7.825000E-3	8.842349E-4
7.830000E-3	1.102209E-3
7.835000E-3	8.239150E-4
7.840000E-3	5.373955E-4
7.845000E-3	7.334352E-4
7.850000E-3	1.072049E-3
7.855000E-3	1.340747E-3
7.860000E-3	1.597106E-3
7.865000E-3	2.148211E-3
7.870000E-3	2.370298E-3
7.875000E-3	2.486825E-3
7.880000E-3	2.440214E-3
7.885000E-3	2.377152E-3
7.890000E-3	2.197564E-3
7.895000E-3	1.857579E-3
7.900000E-3	1.440823E-3
7.905000E-3	7.992387E-4
7.910000E-3	-4.661083E-5
7.915000E-3	-4.167557E-4
7.920000E-3	-8.650422E-4
7.925000E-3	-1.322925E-3
7.930000E-3	-1.747906E-3
7.935000E-3	-2.497792E-3
7.940000E-3	-3.438234E-3
7.945000E-3	-4.415691E-3
7.950000E-3	-5.209446E-3
7.955000E-3	-5.918205E-3
7.960000E-3	-6.458342E-3
7.965000E-3	-6.781876E-3
7.970000E-3	-6.625593E-3
7.975000E-3	-5.978525E-3
7.980000E-3	-4.984617E-3
7.985000E-3	-3.789186E-3
7.990000E-3	-2.806246E-3
7.995000E-3	-2.035797E-3
8.000000E-3	-1.420259E-3
8.005000E-3	-7.964969E-4
8.010000E-3	-3.701448E-5
8.015000E-3	4.332066E-4
8.020000E-3	1.283169E-3
8.025000E-3	2.378523E-3
8.030000E-3	3.372431E-3
8.035000E-3	4.375935E-3
8.040000E-3	4.868090E-3
8.045000E-3	5.051792E-3
8.050000E-3	4.784465E-3
8.055000E-3	4.037321E-3
8.060000E-3	2.983093E-3
8.065000E-3	1.976848E-3
8.070000E-3	1.132369E-3
8.075000E-3	1.261234E-4
8.080000E-3	-9.829402E-4
8.085000E-3	-2.382636E-3
8.090000E-3	-4.014015E-3
8.095000E-3	-5.659103E-3
8.100000E-3	-6.552935E-3
8.105000E-3	-7.272661E-3
8.110000E-3	-7.707238E-3
8.115000E-3	-7.275403E-3
8.120000E-3	-6.455600E-3
8.125000E-3	-5.505562E-3
8.130000E-3	-4.484236E-3
8.135000E-3	-3.387511E-3
8.140000E-3	-2.303123E-3
8.145000E-3	-1.528561E-3
8.150000E-3	-1.194060E-3
8.155000E-3	-1.613557E-3
8.160000E-3	-2.122164E-3
8.165000E-3	-2.493680E-3
8.170000E-3	-2.947450E-3
8.175000E-3	-3.331304E-3
8.180000E-3	-3.660321E-3
8.185000E-3	-3.834426E-3
8.190000E-3	-3.593147E-3
8.195000E-3	-2.718508E-3
8.200000E-3	-1.679361E-3
8.205000E-3	-5.058646E-4
8.210000E-3	7.731915E-4
8.215000E-3	2.030313E-3
8.220000E-3	2.658188E-3
8.225000E-3	2.850115E-3
8.230000E-3	2.680123E-3
8.235000E-3	2.255142E-3
8.240000E-3	1.908302E-3
8.245000E-3	1.612186E-3
8.250000E-3	1.283169E-3
8.255000E-3	8.225441E-4
8.260000E-3	2.837777E-4
8.265000E-3	-3.948212E-4
8.270000E-3	-1.897335E-3
8.275000E-3	-3.712416E-3
8.280000E-3	-5.391777E-3
8.285000E-3	-6.849051E-3
8.290000E-3	-7.666111E-3
8.295000E-3	-7.969081E-3
8.300000E-3	-7.660627E-3
8.305000E-3	-6.739378E-3
8.310000E-3	-5.716681E-3
8.315000E-3	-5.080581E-3
8.320000E-3	-4.303277E-3
8.325000E-3	-3.450572E-3
8.330000E-3	-2.619803E-3
8.335000E-3	-2.150953E-3
8.340000E-3	-1.407921E-3
8.345000E-3	-6.182790E-4
8.350000E-3	-5.483627E-5
8.355000E-3	3.660321E-4
8.360000E-3	8.773804E-4
8.365000E-3	1.078904E-3
8.370000E-3	9.774566E-4
8.375000E-3	5.977154E-4
8.380000E-3	2.330542E-4
8.385000E-3	-1.741052E-4
8.390000E-3	-6.717443E-4
8.395000E-3	-1.209140E-3
8.400000E-3	-1.339376E-3
8.405000E-3	-1.466870E-3
8.410000E-3	-1.380503E-3
8.415000E-3	-6.594062E-4
8.420000E-3	3.153086E-4
8.425000E-3	1.024067E-3
8.430000E-3	1.497030E-3
8.435000E-3	1.693070E-3
8.440000E-3	1.025438E-3
8.445000E-3	-4.249811E-5
8.450000E-3	-1.056969E-3
8.455000E-3	-1.943946E-3
8.460000E-3	-3.037930E-3
8.465000E-3	-3.683627E-3
8.470000E-3	-3.521860E-3
8.475000E-3	-3.266871E-3
8.480000E-3	-3.090024E-3
8.485000E-3	-2.813101E-3
8.490000E-3	-2.759635E-3
8.495000E-3	-2.463520E-3
8.500000E-3	-2.449811E-3
8.505000E-3	-2.575934E-3
8.510000E-3	-2.791166E-3
8.515000E-3	-2.728105E-3
8.520000E-3	-2.734959E-3
8.525000E-3	-2.833664E-3
8.530000E-3	-2.647221E-3
8.535000E-3	-1.997411E-3
8.540000E-3	-1.406550E-3
8.545000E-3	-5.661845E-4
8.550000E-3	4.880428E-4
8.555000E-3	1.879513E-3
8.560000E-3	3.092766E-3
8.565000E-3	3.669918E-3
8.570000E-3	3.572583E-3
8.575000E-3	2.676010E-3
8.580000E-3	1.340747E-3
8.585000E-3	-4.606247E-4
8.590000E-3	-2.031684E-3
8.595000E-3	-3.139377E-3
8.600000E-3	-3.395736E-3
8.605000E-3	-3.462911E-3
8.610000E-3	-2.896726E-3
8.615000E-3	-2.275705E-3
8.620000E-3	-1.595736E-3
8.625000E-3	-8.444786E-4
8.630000E-3	-4.962683E-4
8.635000E-3	-9.459257E-5
8.640000E-3	8.636713E-5
8.645000E-3	2.056360E-4
8.650000E-3	1.439452E-4
8.655000E-3	-3.674030E-4
8.660000E-3	-8.033514E-4
8.665000E-3	-1.284540E-3
8.670000E-3	-1.741052E-3
8.675000E-3	-2.249658E-3
8.680000E-3	-2.507389E-3
8.685000E-3	-2.305865E-3
8.690000E-3	-1.913786E-3
8.695000E-3	-1.528561E-3
8.700000E-3	-1.213253E-3
8.705000E-3	-9.335876E-4
8.710000E-3	-1.287282E-3
8.715000E-3	-1.546383E-3
8.720000E-3	-2.163291E-3
8.725000E-3	-2.699316E-3
8.730000E-3	-3.350496E-3
8.735000E-3	-3.838539E-3
8.740000E-3	-4.410207E-3
8.745000E-3	-4.758418E-3
8.750000E-3	-4.794061E-3
8.755000E-3	-4.791319E-3
8.760000E-3	-5.076468E-3
8.765000E-3	-5.201221E-3
8.770000E-3	-4.980505E-3
8.775000E-3	-4.633665E-3
8.780000E-3	-4.041433E-3
8.785000E-3	-3.151715E-3
8.790000E-3	-2.471745E-3
8.795000E-3	-1.842499E-3
8.800000E-3	-1.446307E-3
8.805000E-3	-1.180351E-3
8.810000E-3	-8.760095E-4
8.815000E-3	-6.374717E-4
8.820000E-3	-2.796650E-4
8.825000E-3	-2.591014E-4
8.830000E-3	9.322166E-5
8.835000E-3	5.524755E-4
8.840000E-3	1.214623E-3
8.845000E-3	1.464128E-3
8.850000E-3	1.865804E-3
8.855000E-3	2.012491E-3
8.860000E-3	1.679361E-3
8.865000E-3	1.351714E-3
8.870000E-3	8.060932E-4
8.875000E-3	1.288652E-4
8.880000E-3	-1.590252E-4
8.885000E-3	-9.459257E-5
8.890000E-3	-5.017519E-4
8.895000E-3	-6.429553E-4
8.900000E-3	-6.443262E-4
8.905000E-3	-5.648136E-4
8.910000E-3	-5.072355E-4
8.915000E-3	-9.363294E-4
8.920000E-3	-1.561463E-3
8.925000E-3	-2.193451E-3
8.930000E-3	-2.889872E-3
8.935000E-3	-3.627419E-3
8.940000E-3	-3.966033E-3
8.945000E-3	-4.238844E-3
8.950000E-3	-4.522622E-3
8.955000E-3	-4.566491E-3
8.960000E-3	-4.425287E-3
8.965000E-3	-4.131913E-3
8.970000E-3	-4.077077E-3
8.975000E-3	-3.671288E-3
8.980000E-3	-3.228486E-3
8.985000E-3	-2.799392E-3
8.990000E-3	-2.074182E-3
8.995000E-3	-1.295507E-3
9.000000E-3	-7.704496E-4
9.005000E-3	-2.261996E-4
9.010000E-3	1.960397E-4
9.015000E-3	3.989339E-4
9.020000E-3	3.756285E-4
9.025000E-3	6.169081E-4
9.030000E-3	5.593300E-4
9.035000E-3	6.662607E-4
9.040000E-3	9.212494E-4
9.045000E-3	1.313329E-3
9.050000E-3	1.460016E-3
9.055000E-3	1.583397E-3
9.060000E-3	1.332521E-3
9.065000E-3	7.348061E-4
9.070000E-3	-1.041889E-4
9.075000E-3	-1.010358E-3
9.080000E-3	-1.742423E-3
9.085000E-3	-2.345622E-3
9.090000E-3	-2.773345E-3
9.095000E-3	-2.961159E-3
9.100000E-3	-2.862453E-3
9.105000E-3	-2.715766E-3
9.110000E-3	-2.599239E-3
9.115000E-3	-2.957046E-3
9.120000E-3	-2.965271E-3
9.125000E-3	-2.844632E-3
9.130000E-3	-2.755523E-3
9.135000E-3	-2.577305E-3
9.140000E-3	-2.263367E-3
9.145000E-3	-2.304494E-3
9.150000E-3	-2.362072E-3
9.155000E-3	-2.578676E-3
9.160000E-3	-2.710283E-3
9.165000E-3	-2.981722E-3
9.170000E-3	-2.954304E-3
9.175000E-3	-2.840519E-3
9.180000E-3	-2.678752E-3
9.185000E-3	-2.459407E-3
9.190000E-3	-1.852095E-3
9.195000E-3	-1.114547E-3
9.200000E-3	-2.330542E-4
9.205000E-3	3.948212E-4
9.210000E-3	1.041889E-3
9.215000E-3	1.928866E-3
9.220000E-3	2.447069E-3
9.225000E-3	2.577305E-3
9.230000E-3	2.209902E-3
9.235000E-3	1.270831E-3
9.240000E-3	4.181266E-4
9.245000E-3	-6.827116E-4
9.250000E-3	-1.603961E-3
9.255000E-3	-2.552629E-3
9.260000E-3	-3.457427E-3
9.265000E-3	-4.051030E-3
9.270000E-3	-4.279971E-3
9.275000E-3	-4.286826E-3
9.280000E-3	-4.111350E-3
9.285000E-3	-3.742576E-3
9.290000E-3	-3.469765E-3
9.295000E-3	-2.896726E-3
9.300000E-3	-2.619803E-3
9.305000E-3	-2.288043E-3
9.310000E-3	-2.194822E-3
9.315000E-3	-2.142727E-3
9.320000E-3	-2.320945E-3
9.325000E-3	-2.663672E-3
9.330000E-3	-3.179133E-3
9.335000E-3	-3.307998E-3
9.340000E-3	-3.172278E-3
9.345000E-3	-2.818584E-3
9.350000E-3	-2.131760E-3
9.355000E-3	-1.169384E-3
9.360000E-3	-2.166033E-4
9.365000E-3	4.332066E-4
9.370000E-3	9.226203E-4
9.375000E-3	1.067936E-3
9.380000E-3	1.332521E-3
9.385000E-3	1.087129E-3
9.390000E-3	9.541512E-4
9.395000E-3	1.083016E-3
9.400000E-3	1.002133E-3
9.405000E-3	7.306933E-4
9.410000E-3	4.208684E-4
9.415000E-3	7.402897E-5
9.420000E-3	-2.810359E-4
9.425000E-3	-4.729629E-4
9.430000E-3	-8.074641E-4
9.435000E-3	-9.445548E-4
9.440000E-3	-1.344860E-3
9.445000E-3	-1.869917E-3
9.450000E-3	-2.288043E-3
9.455000E-3	-2.935112E-3
9.460000E-3	-3.477991E-3
9.465000E-3	-3.886521E-3
9.470000E-3	-4.152477E-3
9.475000E-3	-4.635036E-3
9.480000E-3	-4.783094E-3
9.485000E-3	-4.613101E-3
9.490000E-3	-4.381418E-3
9.495000E-3	-3.923535E-3
9.500000E-3	-3.734350E-3
9.505000E-3	-3.664434E-3
9.510000E-3	-3.519118E-3
9.515000E-3	-3.473878E-3
9.520000E-3	-3.612339E-3
9.525000E-3	-3.579438E-3
9.530000E-3	-3.225744E-3
9.535000E-3	-2.421021E-3
9.540000E-3	-1.420259E-3
9.545000E-3	-1.645088E-4
9.550000E-3	8.540750E-4
9.555000E-3	1.819193E-3
9.560000E-3	2.355218E-3
9.565000E-3	2.719879E-3
9.570000E-3	2.641737E-3
9.575000E-3	2.222240E-3
9.580000E-3	1.469612E-3
9.585000E-3	1.039147E-3
9.590000E-3	7.471442E-4
9.595000E-3	5.291700E-4
9.600000E-3	3.838539E-4
9.605000E-3	4.249811E-5
9.610000E-3	-2.974868E-4
9.615000E-3	-4.482865E-4
9.620000E-3	-4.674792E-4
9.625000E-3	-7.389188E-4
9.630000E-3	-1.135111E-3
9.635000E-3	-1.712263E-3
9.640000E-3	-1.991928E-3
9.645000E-3	-2.696574E-3
9.650000E-3	-3.601372E-3
9.655000E-3	-4.414320E-3
9.660000E-3	-5.081952E-3
9.665000E-3	-5.456209E-3
9.670000E-3	-5.479515E-3
9.675000E-3	-5.024374E-3
9.680000E-3	-4.066110E-3
9.685000E-3	-2.918661E-3
9.690000E-3	-1.713634E-3
9.695000E-3	-9.034276E-4
9.700000E-3	-7.951260E-5
9.705000E-3	3.838539E-4
9.710000E-3	7.869005E-4
9.715000E-3	8.540750E-4
9.720000E-3	9.034276E-4
9.725000E-3	1.022696E-3
9.730000E-3	1.199543E-3
9.735000E-3	1.358569E-3
9.740000E-3	1.603961E-3
9.745000E-3	1.806855E-3
9.750000E-3	1.834273E-3
9.755000E-3	1.694441E-3
9.760000E-3	1.491547E-3
9.765000E-3	1.137853E-3
9.770000E-3	4.880428E-4
9.775000E-3	-2.591014E-4
9.780000E-3	-1.088500E-3
9.785000E-3	-1.906931E-3
9.790000E-3	-3.073573E-3
9.795000E-3	-3.797412E-3
9.800000E-3	-4.466414E-3
9.805000E-3	-4.883170E-3
9.810000E-3	-5.234122E-3
9.815000E-3	-5.335569E-3
9.820000E-3	-5.685151E-3
9.825000E-3	-5.796194E-3
9.830000E-3	-5.986750E-3
9.835000E-3	-5.722165E-3
9.840000E-3	-5.390406E-3
9.845000E-3	-4.832447E-3
9.850000E-3	-4.144251E-3
9.855000E-3	-3.255904E-3
9.860000E-3	-2.418280E-3
9.865000E-3	-1.938462E-3
9.870000E-3	-1.376390E-3
9.875000E-3	-1.091242E-3
9.880000E-3	-6.210208E-4
9.885000E-3	-1.357198E-4
9.890000E-3	3.728867E-4
9.895000E-3	8.431077E-4
9.900000E-3	1.373649E-3
9.905000E-3	1.886368E-3
9.910000E-3	2.108455E-3
9.915000E-3	2.233207E-3
9.920000E-3	2.203047E-3
9.925000E-3	1.810968E-3
9.930000E-3	1.403809E-3
9.935000E-3	9.486675E-4
9.940000E-3	1.699924E-4
9.945000E-3	-5.099773E-4
9.950000E-3	-8.842349E-4
9.955000E-3	-1.428485E-3
9.960000E-3	-1.943946E-3
9.965000E-3	-2.289414E-3
9.970000E-3	-2.547145E-3
9.975000E-3	-2.741814E-3
9.980000E-3	-2.781570E-3
9.985000E-3	-2.896726E-3
9.990000E-3	-2.981722E-3
9.995000E-3	-3.388882E-3
