0.000000E+0	1.856208E-3
5.000000E-6	1.610816E-3
1.000000E-5	1.671135E-3
1.500000E-5	1.683474E-3
2.000000E-5	1.625896E-3
2.500000E-5	1.638234E-3
3.000000E-5	1.743793E-3
3.500000E-5	1.813710E-3
4.000000E-5	1.765728E-3
4.500000E-5	1.702666E-3
5.000000E-5	1.657426E-3
5.500000E-5	1.801372E-3
6.000000E-5	1.768470E-3
6.500000E-5	1.706779E-3
7.000000E-5	1.815081E-3
7.500000E-5	1.682103E-3
8.000000E-5	1.734197E-3
8.500000E-5	1.656055E-3
9.000000E-5	1.827419E-3
9.500000E-5	1.684844E-3
1.000000E-4	1.742423E-3
1.050000E-4	1.750648E-3
1.100000E-4	1.658797E-3
1.150000E-4	1.517594E-3
1.200000E-4	1.433969E-3
1.250000E-4	1.594365E-3
1.300000E-4	1.778066E-3
1.350000E-4	1.699924E-3
1.400000E-4	1.742423E-3
1.450000E-4	1.761615E-3
1.500000E-4	1.743793E-3
1.550000E-4	1.773953E-3
1.600000E-4	1.577914E-3
1.650000E-4	1.592994E-3
1.700000E-4	1.616299E-3
1.750000E-4	1.688957E-3
1.800000E-4	1.661539E-3
1.850000E-4	1.698554E-3
1.900000E-4	1.864433E-3
1.950000E-4	1.649201E-3
2.000000E-4	1.576543E-3
2.050000E-4	1.619041E-3
2.100000E-4	1.590252E-3
2.150000E-4	1.657426E-3
2.200000E-4	1.650572E-3
2.250000E-4	1.715004E-3
2.300000E-4	1.531303E-3
2.350000E-4	1.764357E-3
2.400000E-4	1.791775E-3
2.450000E-4	1.889110E-3
2.500000E-4	1.901448E-3
2.550000E-4	1.879513E-3
2.600000E-4	1.784921E-3
2.650000E-4	1.827419E-3
2.700000E-4	1.642346E-3
2.750000E-4	1.672506E-3
2.800000E-4	1.757503E-3
2.850000E-4	1.691699E-3
2.900000E-4	1.706779E-3
2.950000E-4	1.623154E-3
3.000000E-4	1.490176E-3
3.050000E-4	1.597106E-3
3.100000E-4	1.706779E-3
3.150000E-4	1.695812E-3
3.200000E-4	1.554608E-3
3.250000E-4	1.433969E-3
3.300000E-4	1.598477E-3
3.350000E-4	1.613557E-3
3.400000E-4	1.602590E-3
3.450000E-4	1.813710E-3
3.500000E-4	1.776695E-3
3.550000E-4	1.631379E-3
3.600000E-4	1.642346E-3
3.650000E-4	1.688957E-3
3.700000E-4	1.683474E-3
3.750000E-4	1.675248E-3
3.800000E-4	1.699924E-3
3.850000E-4	1.536787E-3
3.900000E-4	1.598477E-3
3.950000E-4	1.749277E-3
4.000000E-4	1.662910E-3
4.050000E-4	1.651943E-3
4.100000E-4	1.753390E-3
4.150000E-4	1.706779E-3
4.200000E-4	1.713634E-3
4.250000E-4	1.721859E-3
4.300000E-4	1.820564E-3
4.350000E-4	1.580656E-3
4.400000E-4	1.621783E-3
4.450000E-4	1.871288E-3
4.500000E-4	1.787663E-3
4.550000E-4	1.741052E-3
4.600000E-4	1.627266E-3
4.650000E-4	1.573801E-3
4.700000E-4	1.555979E-3
4.750000E-4	1.872659E-3
4.800000E-4	1.767099E-3
4.850000E-4	1.779437E-3
4.900000E-4	1.653314E-3
4.950000E-4	1.734197E-3
5.000000E-4	1.686215E-3
5.050000E-4	1.617670E-3
5.100000E-4	1.524448E-3
5.150000E-4	1.653314E-3
5.200000E-4	1.695812E-3
5.250000E-4	1.904190E-3
5.300000E-4	1.719117E-3
5.350000E-4	1.605332E-3
5.400000E-4	1.505256E-3
5.450000E-4	1.427114E-3
5.500000E-4	1.427114E-3
5.550000E-4	1.595736E-3
5.600000E-4	1.694441E-3
5.650000E-4	1.684844E-3
5.700000E-4	1.668394E-3
5.750000E-4	1.720488E-3
5.800000E-4	1.786292E-3
5.850000E-4	1.827419E-3
5.900000E-4	1.798630E-3
5.950000E-4	1.649201E-3
6.000000E-4	1.734197E-3
6.050000E-4	1.555979E-3
6.100000E-4	1.439452E-3
6.150000E-4	1.591623E-3
6.200000E-4	1.732826E-3
6.250000E-4	1.841128E-3
6.300000E-4	1.750648E-3
6.350000E-4	1.595736E-3
6.400000E-4	1.461387E-3
6.450000E-4	1.529932E-3
6.500000E-4	1.780808E-3
6.550000E-4	1.804113E-3
6.600000E-4	1.594365E-3
6.650000E-4	1.465499E-3
6.700000E-4	1.565576E-3
6.750000E-4	1.684844E-3
6.800000E-4	1.791775E-3
6.850000E-4	1.694441E-3
6.900000E-4	1.630008E-3
6.950000E-4	1.617670E-3
7.000000E-4	1.630008E-3
7.050000E-4	1.767099E-3
7.100000E-4	1.690328E-3
7.150000E-4	1.646459E-3
7.200000E-4	1.599848E-3
7.250000E-4	1.728714E-3
7.300000E-4	1.771212E-3
7.350000E-4	1.712263E-3
7.400000E-4	1.732826E-3
7.450000E-4	1.758873E-3
7.500000E-4	1.665652E-3
7.550000E-4	1.719117E-3
7.600000E-4	1.690328E-3
7.650000E-4	1.767099E-3
7.700000E-4	1.706779E-3
7.750000E-4	1.725972E-3
7.800000E-4	1.686215E-3
7.850000E-4	1.738310E-3
7.900000E-4	1.793146E-3
7.950000E-4	1.708150E-3
8.000000E-4	1.623154E-3
8.050000E-4	1.839757E-3
8.100000E-4	1.753390E-3
8.150000E-4	1.665652E-3
8.200000E-4	1.632750E-3
8.250000E-4	1.673877E-3
8.300000E-4	1.745164E-3
8.350000E-4	1.824677E-3
8.400000E-4	1.801372E-3
8.450000E-4	1.974106E-3
8.500000E-4	1.739681E-3
8.550000E-4	1.646459E-3
8.600000E-4	1.576543E-3
8.650000E-4	1.750648E-3
8.700000E-4	1.731455E-3
8.750000E-4	1.495659E-3
8.800000E-4	1.605332E-3
8.850000E-4	1.630008E-3
8.900000E-4	1.667023E-3
8.950000E-4	1.619041E-3
9.000000E-4	1.549125E-3
9.050000E-4	1.486063E-3
9.100000E-4	1.735568E-3
9.150000E-4	1.867175E-3
9.200000E-4	1.708150E-3
9.250000E-4	1.734197E-3
9.300000E-4	1.501143E-3
9.350000E-4	1.502514E-3
9.400000E-4	1.728714E-3
9.450000E-4	1.786292E-3
9.500000E-4	1.661539E-3
9.550000E-4	1.579285E-3
9.600000E-4	1.695812E-3
9.650000E-4	1.816452E-3
9.700000E-4	1.935720E-3
9.750000E-4	1.869917E-3
9.800000E-4	1.761615E-3
9.850000E-4	1.658797E-3
9.900000E-4	1.687586E-3
9.950000E-4	1.586139E-3
1.000000E-3	1.466870E-3
1.005000E-3	1.756132E-3
1.010000E-3	1.826048E-3
1.015000E-3	1.679361E-3
1.020000E-3	1.734197E-3
1.025000E-3	1.608074E-3
1.030000E-3	1.546383E-3
1.035000E-3	1.513481E-3
1.040000E-3	1.702666E-3
1.045000E-3	1.846611E-3
1.050000E-3	1.557350E-3
1.055000E-3	1.735568E-3
1.060000E-3	1.640975E-3
1.065000E-3	1.761615E-3
1.070000E-3	1.672506E-3
1.075000E-3	1.761615E-3
1.080000E-3	1.705408E-3
1.085000E-3	1.739681E-3
1.090000E-3	1.728714E-3
1.095000E-3	1.854837E-3
1.100000E-3	1.939833E-3
1.105000E-3	1.779437E-3
1.110000E-3	1.809597E-3
1.115000E-3	1.801372E-3
1.120000E-3	1.584768E-3
1.125000E-3	1.444936E-3
1.130000E-3	1.591623E-3
1.135000E-3	1.798630E-3
1.140000E-3	1.630008E-3
1.145000E-3	1.749277E-3
1.150000E-3	1.767099E-3
1.155000E-3	1.721859E-3
1.160000E-3	1.575172E-3
1.165000E-3	1.720488E-3
1.170000E-3	1.706779E-3
1.175000E-3	1.571059E-3
1.180000E-3	1.668394E-3
1.185000E-3	1.731455E-3
1.190000E-3	1.809597E-3
1.195000E-3	1.747906E-3
1.200000E-3	1.710892E-3
1.205000E-3	1.640975E-3
1.210000E-3	1.768470E-3
1.215000E-3	1.725972E-3
1.220000E-3	1.677990E-3
1.225000E-3	1.668394E-3
1.230000E-3	1.576543E-3
1.235000E-3	1.658797E-3
1.240000E-3	1.853466E-3
1.245000E-3	1.710892E-3
1.250000E-3	1.754761E-3
1.255000E-3	1.869917E-3
1.260000E-3	1.849353E-3
1.265000E-3	1.694441E-3
1.270000E-3	1.540899E-3
1.275000E-3	1.529932E-3
1.280000E-3	1.682103E-3
1.285000E-3	1.630008E-3
1.290000E-3	1.602590E-3
1.295000E-3	1.603961E-3
1.300000E-3	1.603961E-3
1.305000E-3	1.699924E-3
1.310000E-3	1.758873E-3
1.315000E-3	1.801372E-3
1.320000E-3	1.657426E-3
1.325000E-3	1.732826E-3
1.330000E-3	1.667023E-3
1.335000E-3	1.854837E-3
1.340000E-3	1.702666E-3
1.345000E-3	1.645088E-3
1.350000E-3	1.730084E-3
1.355000E-3	1.698554E-3
1.360000E-3	1.645088E-3
1.365000E-3	1.683474E-3
1.370000E-3	1.488805E-3
1.375000E-3	1.551867E-3
1.380000E-3	1.461387E-3
1.385000E-3	1.429856E-3
1.390000E-3	1.571059E-3
1.395000E-3	1.656055E-3
1.400000E-3	1.727343E-3
1.405000E-3	1.573801E-3
1.410000E-3	1.775324E-3
1.415000E-3	2.001524E-3
1.420000E-3	1.876771E-3
1.425000E-3	1.858950E-3
1.430000E-3	1.808226E-3
1.435000E-3	1.709521E-3
1.440000E-3	1.745164E-3
1.445000E-3	1.802742E-3
1.450000E-3	1.739681E-3
1.455000E-3	1.553237E-3
1.460000E-3	1.628637E-3
1.465000E-3	1.709521E-3
1.470000E-3	1.672506E-3
1.475000E-3	1.617670E-3
1.480000E-3	1.715004E-3
1.485000E-3	1.728714E-3
1.490000E-3	1.710892E-3
1.495000E-3	1.676619E-3
1.500000E-3	1.636863E-3
1.505000E-3	1.827419E-3
1.510000E-3	1.835644E-3
1.515000E-3	1.830161E-3
1.520000E-3	1.754761E-3
1.525000E-3	1.658797E-3
1.530000E-3	1.724601E-3
1.535000E-3	1.658797E-3
1.540000E-3	1.860321E-3
1.545000E-3	1.815081E-3
1.550000E-3	1.800001E-3
1.555000E-3	1.732826E-3
1.560000E-3	1.569688E-3
1.565000E-3	1.690328E-3
1.570000E-3	1.789033E-3
1.575000E-3	1.735568E-3
1.580000E-3	1.760244E-3
1.585000E-3	1.741052E-3
1.590000E-3	1.812339E-3
1.595000E-3	1.691699E-3
1.600000E-3	1.642346E-3
1.605000E-3	1.682103E-3
1.610000E-3	1.713634E-3
1.615000E-3	1.937091E-3
1.620000E-3	1.919270E-3
1.625000E-3	1.868546E-3
1.630000E-3	1.704037E-3
1.635000E-3	1.725972E-3
1.640000E-3	1.738310E-3
1.645000E-3	1.802742E-3
1.650000E-3	1.789033E-3
1.655000E-3	1.779437E-3
1.660000E-3	1.518965E-3
1.665000E-3	1.516223E-3
1.670000E-3	1.488805E-3
1.675000E-3	1.642346E-3
1.680000E-3	1.684844E-3
1.685000E-3	1.624525E-3
1.690000E-3	1.656055E-3
1.695000E-3	1.761615E-3
1.700000E-3	1.710892E-3
1.705000E-3	1.757503E-3
1.710000E-3	1.743793E-3
1.715000E-3	1.654685E-3
1.720000E-3	1.709521E-3
1.725000E-3	1.679361E-3
1.730000E-3	1.865804E-3
1.735000E-3	1.640975E-3
1.740000E-3	1.476467E-3
1.745000E-3	1.577914E-3
1.750000E-3	1.720488E-3
1.755000E-3	1.680732E-3
1.760000E-3	1.683474E-3
1.765000E-3	1.676619E-3
1.770000E-3	1.804113E-3
1.775000E-3	1.797259E-3
1.780000E-3	1.908302E-3
1.785000E-3	1.853466E-3
1.790000E-3	1.683474E-3
1.795000E-3	1.606703E-3
1.800000E-3	1.690328E-3
1.805000E-3	1.745164E-3
1.810000E-3	1.739681E-3
1.815000E-3	1.701295E-3
1.820000E-3	1.630008E-3
1.825000E-3	1.662910E-3
1.830000E-3	1.679361E-3
1.835000E-3	1.693070E-3
1.840000E-3	1.715004E-3
1.845000E-3	1.576543E-3
1.850000E-3	1.512110E-3
1.855000E-3	1.745164E-3
1.860000E-3	1.638234E-3
1.865000E-3	1.708150E-3
1.870000E-3	1.795888E-3
1.875000E-3	1.677990E-3
1.880000E-3	1.546383E-3
1.885000E-3	1.529932E-3
1.890000E-3	1.804113E-3
1.895000E-3	1.919270E-3
1.900000E-3	1.660168E-3
1.905000E-3	1.769841E-3
1.910000E-3	1.619041E-3
1.915000E-3	1.598477E-3
1.920000E-3	1.602590E-3
1.925000E-3	1.691699E-3
1.930000E-3	1.580656E-3
1.935000E-3	1.538157E-3
1.940000E-3	1.592994E-3
1.945000E-3	1.654685E-3
1.950000E-3	1.831532E-3
1.955000E-3	1.853466E-3
1.960000E-3	1.805484E-3
1.965000E-3	1.728714E-3
1.970000E-3	1.609445E-3
1.975000E-3	1.545012E-3
1.980000E-3	1.623154E-3
1.985000E-3	1.801372E-3
1.990000E-3	1.572430E-3
1.995000E-3	1.377761E-3
2.000000E-3	1.690328E-3
2.005000E-3	1.706779E-3
2.010000E-3	1.809597E-3
2.015000E-3	1.816452E-3
2.020000E-3	1.775324E-3
2.025000E-3	1.683474E-3
2.030000E-3	1.839757E-3
2.035000E-3	1.787663E-3
2.040000E-3	1.828790E-3
2.045000E-3	1.664281E-3
2.050000E-3	1.716375E-3
2.055000E-3	1.475096E-3
2.060000E-3	1.662910E-3
2.065000E-3	1.601219E-3
2.070000E-3	1.562834E-3
2.075000E-3	1.443565E-3
2.080000E-3	1.523077E-3
2.085000E-3	1.531303E-3
2.090000E-3	1.658797E-3
2.095000E-3	1.749277E-3
2.100000E-3	1.738310E-3
2.105000E-3	1.772583E-3
2.110000E-3	1.712263E-3
2.115000E-3	1.749277E-3
2.120000E-3	1.638234E-3
2.125000E-3	1.624525E-3
2.130000E-3	1.557350E-3
2.135000E-3	1.617670E-3
2.140000E-3	1.501143E-3
2.145000E-3	1.547754E-3
2.150000E-3	1.672506E-3
2.155000E-3	1.775324E-3
2.160000E-3	1.875401E-3
2.165000E-3	1.699924E-3
2.170000E-3	1.636863E-3
2.175000E-3	1.728714E-3
2.180000E-3	1.720488E-3
2.185000E-3	1.789033E-3
2.190000E-3	1.793146E-3
2.195000E-3	1.677990E-3
2.200000E-3	1.736939E-3
2.205000E-3	2.001524E-3
2.210000E-3	1.831532E-3
2.215000E-3	1.723230E-3
2.220000E-3	1.802742E-3
2.225000E-3	1.695812E-3
2.230000E-3	1.762986E-3
2.235000E-3	1.638234E-3
2.240000E-3	1.662910E-3
2.245000E-3	1.673877E-3
2.250000E-3	1.758873E-3
2.255000E-3	1.823306E-3
2.260000E-3	1.890481E-3
2.265000E-3	1.934350E-3
2.270000E-3	1.994669E-3
2.275000E-3	1.719117E-3
2.280000E-3	1.736939E-3
2.285000E-3	1.560092E-3
2.290000E-3	1.653314E-3
2.295000E-3	1.697183E-3
2.300000E-3	1.720488E-3
2.305000E-3	1.804113E-3
2.310000E-3	2.002895E-3
2.315000E-3	1.798630E-3
2.320000E-3	1.753390E-3
2.325000E-3	1.642346E-3
2.330000E-3	1.798630E-3
2.335000E-3	1.713634E-3
2.340000E-3	1.657426E-3
2.345000E-3	1.704037E-3
2.350000E-3	1.705408E-3
2.355000E-3	1.553237E-3
2.360000E-3	1.510739E-3
2.365000E-3	1.468241E-3
2.370000E-3	1.587510E-3
2.375000E-3	1.380503E-3
2.380000E-3	1.772583E-3
2.385000E-3	1.357198E-3
2.390000E-3	1.794517E-3
2.395000E-3	1.221478E-3
2.400000E-3	2.082407E-3
2.405000E-3	1.225591E-3
2.410000E-3	2.122164E-3
2.415000E-3	9.281039E-4
2.420000E-3	2.304494E-3
2.425000E-3	7.224679E-4
2.430000E-3	2.723992E-3
2.435000E-3	2.591014E-4
2.440000E-3	3.021479E-3
2.445000E-3	-4.510283E-4
2.450000E-3	4.144251E-3
2.455000E-3	-3.084540E-4
2.460000E-3	1.747221E-2
2.465000E-3	-7.568777E-3
2.470000E-3	-4.033345E-2
2.475000E-3	-1.390264E-1
2.480000E-3	-1.454601E-1
2.485000E-3	-1.633230E-1
2.490000E-3	-2.238403E-1
2.495000E-3	-2.643657E-2
2.500000E-3	1.712605E-1
2.505000E-3	4.639533E-1
2.510000E-3	2.335696E-1
2.515000E-3	-1.783591E-1
2.520000E-3	1.993079E-1
2.525000E-3	8.731580E-2
2.530000E-3	-2.288633E-1
2.535000E-3	1.498538E-2
2.540000E-3	1.675111E-1
2.545000E-3	-1.285390E-1
2.550000E-3	-4.455447E-3
2.555000E-3	1.201901E-1
2.560000E-3	-2.405503E-1
2.565000E-3	6.108761E-3
2.570000E-3	1.078122E-1
2.575000E-3	-8.215982E-2
2.580000E-3	-4.802287E-2
2.585000E-3	1.468104E-1
2.590000E-3	1.089391E-1
2.595000E-3	-1.032197E-1
2.600000E-3	6.005943E-3
2.605000E-3	2.101600E-2
2.610000E-3	-7.025486E-2
2.615000E-3	8.699912E-2
2.620000E-3	8.424085E-2
2.625000E-3	2.938813E-2
2.630000E-3	2.267480E-3
2.635000E-3	-3.641403E-2
2.640000E-3	5.425364E-2
2.645000E-3	-5.388761E-2
2.650000E-3	-9.911519E-2
2.655000E-3	-4.349887E-3
2.660000E-3	-3.706110E-2
2.665000E-3	-7.850498E-2
2.670000E-3	-3.422880E-2
2.675000E-3	-2.336711E-2
2.680000E-3	-5.860764E-2
2.685000E-3	6.706065E-2
2.690000E-3	6.601876E-2
2.695000E-3	-2.787328E-2
2.700000E-3	4.436940E-2
2.705000E-3	3.917640E-2
2.710000E-3	-4.270649E-2
2.715000E-3	5.256057E-2
2.720000E-3	8.439165E-2
2.725000E-3	-1.392156E-2
2.730000E-3	4.044586E-2
2.735000E-3	7.614839E-2
2.740000E-3	-1.427018E-1
2.745000E-3	-6.616271E-2
2.750000E-3	8.286583E-2
2.755000E-3	-2.981174E-2
2.760000E-3	2.443641E-2
2.765000E-3	1.022724E-1
2.770000E-3	-8.483583E-2
2.775000E-3	-8.976561E-2
2.780000E-3	6.865638E-2
2.785000E-3	-7.553697E-2
2.790000E-3	-5.299103E-2
2.795000E-3	1.792063E-1
2.800000E-3	-1.213527E-2
2.805000E-3	-1.056832E-1
2.810000E-3	9.860247E-2
2.815000E-3	4.057884E-3
2.820000E-3	-1.532633E-1
2.825000E-3	1.520884E-2
2.830000E-3	6.158799E-2
2.835000E-3	-1.046016E-1
2.840000E-3	1.616985E-2
2.845000E-3	1.429102E-1
2.850000E-3	-1.356101E-2
2.855000E-3	-2.878904E-2
2.860000E-3	5.257839E-2
2.865000E-3	-6.529355E-2
2.870000E-3	-7.653910E-2
2.875000E-3	1.848119E-2
2.880000E-3	-2.248013E-2
2.885000E-3	2.022499E-2
2.890000E-3	8.423400E-2
2.895000E-3	1.211196E-2
2.900000E-3	-4.063642E-2
2.905000E-3	9.874642E-3
2.910000E-3	2.416360E-2
2.915000E-3	1.076847E-2
2.920000E-3	4.827511E-2
2.925000E-3	3.000504E-2
2.930000E-3	4.947603E-3
2.935000E-3	1.577914E-2
2.940000E-3	4.422545E-3
2.945000E-3	-3.808653E-2
2.950000E-3	-2.865195E-3
2.955000E-3	2.091867E-2
2.960000E-3	-2.166307E-2
2.965000E-3	-9.322166E-5
2.970000E-3	-6.696880E-3
2.975000E-3	-3.649765E-2
2.980000E-3	-1.842499E-3
2.985000E-3	1.464951E-2
2.990000E-3	1.717746E-3
2.995000E-3	-3.998935E-3
3.000000E-3	3.658402E-2
3.005000E-3	8.110285E-3
3.010000E-3	-8.370757E-3
3.015000E-3	1.419163E-2
3.020000E-3	-2.089125E-2
3.025000E-3	-2.452964E-2
3.030000E-3	-4.964054E-3
3.035000E-3	-8.097947E-3
3.040000E-3	9.939075E-4
3.045000E-3	2.739483E-2
3.050000E-3	-1.735294E-2
3.055000E-3	-2.268028E-2
3.060000E-3	2.556467E-2
3.065000E-3	-2.505606E-2
3.070000E-3	-1.587099E-2
3.075000E-3	5.144054E-2
3.080000E-3	-2.331638E-2
3.085000E-3	-4.351944E-2
3.090000E-3	3.802073E-2
3.095000E-3	4.231989E-3
3.100000E-3	2.438843E-3
3.105000E-3	7.076347E-2
3.110000E-3	-3.979743E-3
3.115000E-3	-3.151304E-2
3.120000E-3	6.109309E-2
3.125000E-3	2.015370E-2
3.130000E-3	-6.587344E-2
3.135000E-3	6.432295E-3
3.140000E-3	1.573116E-2
3.145000E-3	-7.431000E-2
3.150000E-3	1.474273E-2
3.155000E-3	6.495357E-2
3.160000E-3	-4.875767E-2
3.165000E-3	-1.076847E-2
3.170000E-3	7.133377E-2
3.175000E-3	-2.184677E-2
3.180000E-3	-8.453012E-3
3.185000E-3	9.856683E-2
3.190000E-3	1.002955E-2
3.195000E-3	-5.330908E-2
3.200000E-3	4.693711E-2
3.205000E-3	1.332110E-2
3.210000E-3	-7.474458E-2
3.215000E-3	9.844482E-3
3.220000E-3	9.196043E-3
3.225000E-3	-6.177169E-2
3.230000E-3	2.363580E-2
3.235000E-3	2.881783E-2
3.240000E-3	-6.039530E-2
3.245000E-3	1.712811E-2
3.250000E-3	3.103185E-2
3.255000E-3	-6.594747E-2
3.260000E-3	-1.257122E-3
3.265000E-3	6.466019E-2
3.270000E-3	-1.437807E-2
3.275000E-3	-1.494288E-3
3.280000E-3	5.289507E-2
3.285000E-3	-2.519727E-2
3.290000E-3	-9.444177E-3
3.295000E-3	5.853361E-2
3.300000E-3	-1.016390E-2
3.305000E-3	-2.530831E-2
3.310000E-3	4.283947E-2
3.315000E-3	1.949430E-3
3.320000E-3	-2.733588E-2
3.325000E-3	3.649902E-2
3.330000E-3	1.728988E-2
3.335000E-3	-2.286124E-2
3.340000E-3	1.480991E-2
3.345000E-3	-5.984008E-3
3.350000E-3	-5.390954E-2
3.355000E-3	-3.731608E-3
3.360000E-3	2.732903E-2
3.365000E-3	-1.784647E-2
3.370000E-3	7.076621E-3
3.375000E-3	3.601098E-2
3.380000E-3	-3.350496E-3
3.385000E-3	3.886521E-3
3.390000E-3	3.028882E-2
3.395000E-3	-8.780658E-3
3.400000E-3	-9.863675E-3
3.405000E-3	2.195919E-2
3.410000E-3	-7.276773E-3
3.415000E-3	-9.389341E-3
3.420000E-3	7.814169E-4
3.425000E-3	-1.928180E-2
3.430000E-3	-1.118660E-2
3.435000E-3	1.412994E-2
3.440000E-3	-5.708456E-3
3.445000E-3	-1.402301E-2
3.450000E-3	1.474547E-2
3.455000E-3	-6.306171E-3
3.460000E-3	-2.097762E-2
3.465000E-3	2.504647E-3
3.470000E-3	-6.064892E-3
3.475000E-3	-7.895052E-3
3.480000E-3	2.172202E-2
3.485000E-3	7.187665E-3
3.490000E-3	-5.888045E-3
3.495000E-3	1.255476E-2
3.500000E-3	9.837627E-3
3.505000E-3	1.287282E-3
3.510000E-3	1.093709E-2
3.515000E-3	6.580353E-3
3.520000E-3	-1.077121E-2
3.525000E-3	-1.789033E-3
3.530000E-3	5.827725E-3
3.535000E-3	-9.242654E-3
3.540000E-3	-3.632903E-3
3.545000E-3	-2.423763E-3
3.550000E-3	-1.030785E-2
3.555000E-3	1.394212E-3
3.560000E-3	1.670313E-2
3.565000E-3	1.649612E-2
3.570000E-3	7.158875E-3
3.575000E-3	1.239574E-2
3.580000E-3	-1.950800E-3
3.585000E-3	-1.151288E-2
3.590000E-3	3.678143E-3
3.595000E-3	6.089568E-3
3.600000E-3	4.253924E-3
3.605000E-3	1.410115E-2
3.610000E-3	9.061694E-3
3.615000E-3	-9.433210E-3
3.620000E-3	-2.948821E-3
3.625000E-3	-9.219348E-3
3.630000E-3	-2.562225E-2
3.635000E-3	-1.116741E-2
3.640000E-3	-1.701295E-3
3.645000E-3	-1.152933E-3
3.650000E-3	7.502973E-3
3.655000E-3	1.151150E-2
3.660000E-3	9.531915E-3
3.665000E-3	1.128805E-2
3.670000E-3	2.439666E-2
3.675000E-3	1.446855E-2
3.680000E-3	-4.292309E-3
3.685000E-3	8.211732E-4
3.690000E-3	-1.067936E-3
3.695000E-3	-6.855905E-3
3.700000E-3	4.700840E-3
3.705000E-3	4.752934E-3
3.710000E-3	-5.946994E-3
3.715000E-3	8.590102E-3
3.720000E-3	1.040244E-2
3.725000E-3	-1.082605E-2
3.730000E-3	1.483321E-3
3.735000E-3	9.286523E-3
3.740000E-3	-1.254243E-2
3.745000E-3	7.633209E-3
3.750000E-3	2.367145E-2
3.755000E-3	-8.348823E-4
3.760000E-3	9.159029E-3
3.765000E-3	2.561402E-2
3.770000E-3	3.305256E-3
3.775000E-3	4.578829E-4
3.780000E-3	1.144433E-2
3.785000E-3	-1.201600E-2
3.790000E-3	-1.417381E-2
3.795000E-3	7.722318E-3
3.800000E-3	-5.142272E-3
3.805000E-3	-1.034212E-2
3.810000E-3	4.207313E-3
3.815000E-3	-1.003915E-2
3.820000E-3	-1.964098E-2
3.825000E-3	1.096725E-4
3.830000E-3	3.955066E-3
3.835000E-3	-7.814169E-4
3.840000E-3	1.154989E-2
3.845000E-3	8.362532E-3
3.850000E-3	-7.279515E-4
3.855000E-3	4.290938E-3
3.860000E-3	1.469612E-3
3.865000E-3	-5.424678E-3
3.870000E-3	1.237929E-3
3.875000E-3	3.109217E-3
3.880000E-3	2.085149E-3
3.885000E-3	8.118510E-3
3.890000E-3	2.074182E-3
3.895000E-3	-4.267633E-3
3.900000E-3	-3.676772E-3
3.905000E-3	-1.588881E-3
3.910000E-3	2.545774E-3
3.915000E-3	6.218433E-3
3.920000E-3	9.832144E-3
3.925000E-3	6.159484E-3
3.930000E-3	4.252553E-3
3.935000E-3	3.317595E-3
3.940000E-3	-2.145469E-3
3.945000E-3	-5.807161E-3
3.950000E-3	-1.165271E-4
3.955000E-3	5.316377E-3
3.960000E-3	3.029704E-3
3.965000E-3	9.756744E-3
3.970000E-3	1.154304E-2
3.975000E-3	-3.388882E-3
3.980000E-3	-9.175479E-3
3.985000E-3	8.170605E-4
3.990000E-3	-6.755829E-3
3.995000E-3	-8.605182E-3
4.000000E-3	3.460169E-3
4.005000E-3	-4.778981E-3
4.010000E-3	-1.343900E-2
4.015000E-3	-6.141663E-3
4.020000E-3	-5.553544E-3
4.025000E-3	-9.841740E-3
4.030000E-3	7.083476E-3
4.035000E-3	1.966977E-2
4.040000E-3	1.356924E-2
4.045000E-3	1.251775E-2
4.050000E-3	1.504707E-2
4.055000E-3	8.516073E-3
4.060000E-3	1.154304E-3
4.065000E-3	5.524755E-4
4.070000E-3	-9.980202E-4
4.075000E-3	-1.332521E-3
4.080000E-3	1.953542E-3
4.085000E-3	3.819346E-3
4.090000E-3	6.189644E-3
4.095000E-3	7.486522E-3
4.100000E-3	5.789340E-3
4.105000E-3	7.282257E-3
4.110000E-3	8.583248E-3
4.115000E-3	5.778372E-3
4.120000E-3	1.088500E-3
4.125000E-3	-2.996802E-3
4.130000E-3	-6.037474E-3
4.135000E-3	-5.572736E-3
4.140000E-3	-5.936027E-4
4.145000E-3	-1.065195E-3
4.150000E-3	-2.660930E-3
4.155000E-3	-3.480732E-3
4.160000E-3	-7.688046E-3
4.165000E-3	-5.271137E-3
4.170000E-3	3.072202E-3
4.175000E-3	5.476773E-3
4.180000E-3	4.821479E-3
4.185000E-3	5.280733E-3
4.190000E-3	9.102821E-4
4.195000E-3	-5.986750E-3
4.200000E-3	-5.221784E-3
4.205000E-3	-1.253009E-3
4.210000E-3	5.154610E-4
4.215000E-3	2.094746E-3
4.220000E-3	3.240824E-3
4.225000E-3	1.540899E-3
4.230000E-3	3.080428E-3
4.235000E-3	2.637625E-3
4.240000E-3	-2.955675E-3
4.245000E-3	2.874792E-3
4.250000E-3	1.037502E-2
4.255000E-3	4.917443E-3
4.260000E-3	5.286217E-3
4.265000E-3	1.368988E-2
4.270000E-3	1.192826E-2
4.275000E-3	9.781420E-3
4.280000E-3	1.216406E-2
4.285000E-3	7.497489E-3
4.290000E-3	5.816758E-3
4.295000E-3	1.253283E-2
4.300000E-3	7.564664E-3
4.305000E-3	-3.122926E-3
4.310000E-3	-2.618432E-3
4.315000E-3	-6.103277E-3
4.320000E-3	-1.157594E-2
4.325000E-3	-4.429400E-3
4.330000E-3	3.147602E-3
4.335000E-3	1.761615E-3
4.340000E-3	4.611731E-3
4.345000E-3	5.990863E-3
4.350000E-3	5.620718E-5
4.355000E-3	1.576543E-3
4.360000E-3	6.705105E-3
4.365000E-3	1.258492E-3
4.370000E-3	-2.022088E-3
4.375000E-3	2.042651E-3
4.380000E-3	-4.463673E-3
4.385000E-3	-9.876013E-3
4.390000E-3	-2.713025E-3
4.395000E-3	-3.504038E-3
4.400000E-3	-8.749127E-3
4.405000E-3	-1.369536E-3
4.410000E-3	4.434884E-3
4.415000E-3	1.357198E-3
4.420000E-3	2.166033E-3
4.425000E-3	4.060626E-3
4.430000E-3	1.008987E-3
4.435000E-3	-8.307695E-4
4.440000E-3	-2.182484E-3
4.445000E-3	-6.018281E-3
4.450000E-3	-8.991778E-3
4.455000E-3	-5.574107E-3
4.460000E-3	-1.586139E-3
4.465000E-3	-5.790710E-3
4.470000E-3	-2.378523E-3
4.475000E-3	9.194672E-3
4.480000E-3	9.464741E-3
4.485000E-3	3.542423E-3
4.490000E-3	6.757200E-3
4.495000E-3	4.023612E-3
4.500000E-3	-2.463520E-3
4.505000E-3	3.695965E-3
4.510000E-3	8.022547E-3
4.515000E-3	6.011426E-3
4.520000E-3	1.325667E-2
4.525000E-3	1.564205E-2
4.530000E-3	5.236864E-3
4.535000E-3	1.715004E-3
4.540000E-3	5.568624E-3
4.545000E-3	7.005334E-4
4.550000E-3	-1.952171E-3
4.555000E-3	4.434884E-3
4.560000E-3	5.896270E-3
4.565000E-3	3.246307E-3
4.570000E-3	4.126430E-3
4.575000E-3	7.416606E-4
4.580000E-3	-2.467632E-3
4.585000E-3	-8.718967E-4
4.590000E-3	-2.207160E-4
4.595000E-3	-1.454532E-3
4.600000E-3	7.060170E-4
4.605000E-3	1.809597E-3
4.610000E-3	-7.375479E-4
4.615000E-3	1.335263E-3
4.620000E-3	5.025744E-3
4.625000E-3	8.431077E-4
4.630000E-3	2.740443E-3
4.635000E-3	9.812951E-3
4.640000E-3	6.178677E-3
4.645000E-3	1.098096E-3
4.650000E-3	2.211273E-3
4.655000E-3	6.607771E-4
4.660000E-3	-1.076162E-3
4.665000E-3	4.770756E-4
4.670000E-3	1.794517E-3
4.675000E-3	-2.116680E-3
4.680000E-3	-3.399849E-4
4.685000E-3	-2.134502E-3
4.690000E-3	-7.938921E-3
4.695000E-3	-4.744709E-3
4.700000E-3	5.457580E-3
4.705000E-3	8.362532E-3
4.710000E-3	1.063275E-2
4.715000E-3	1.486748E-2
4.720000E-3	6.969690E-3
4.725000E-3	1.107693E-3
4.730000E-3	1.499772E-3
4.735000E-3	3.427267E-5
4.740000E-3	-2.618432E-4
4.745000E-3	3.155828E-3
4.750000E-3	2.530694E-3
4.755000E-3	-2.318203E-3
4.760000E-3	-1.265347E-3
4.765000E-3	-1.435339E-3
4.770000E-3	-4.870832E-3
4.775000E-3	-2.342880E-3
4.780000E-3	1.612186E-3
4.785000E-3	-2.878904E-5
4.790000E-3	3.283322E-3
4.795000E-3	6.960094E-3
4.800000E-3	6.718814E-3
4.805000E-3	6.138921E-3
4.810000E-3	7.762074E-3
4.815000E-3	5.569994E-3
4.820000E-3	2.604723E-3
4.825000E-3	1.688957E-3
4.830000E-3	7.937551E-4
4.835000E-3	6.676316E-4
4.840000E-3	9.226203E-4
4.845000E-3	-9.281039E-4
4.850000E-3	-6.517291E-3
4.855000E-3	-1.220518E-2
4.860000E-3	-1.203108E-2
4.865000E-3	-6.428182E-3
4.870000E-3	-1.062453E-3
4.875000E-3	1.954913E-3
4.880000E-3	5.775630E-3
4.885000E-3	5.808532E-3
4.890000E-3	3.032446E-3
4.895000E-3	4.955828E-3
4.900000E-3	7.731915E-3
4.905000E-3	7.667482E-3
4.910000E-3	8.562684E-3
4.915000E-3	6.890178E-3
4.920000E-3	9.514093E-4
4.925000E-3	-1.595736E-3
4.930000E-3	-2.201676E-3
4.935000E-3	-4.518509E-3
4.940000E-3	-1.732826E-3
4.945000E-3	3.238082E-3
4.950000E-3	4.480124E-3
4.955000E-3	4.968166E-3
4.960000E-3	4.159331E-3
4.965000E-3	9.157658E-4
4.970000E-3	-1.891851E-4
4.975000E-3	-3.550649E-4
4.980000E-3	-3.272355E-3
4.985000E-3	-6.411731E-3
4.990000E-3	-3.879666E-3
4.995000E-3	-2.747297E-3
5.000000E-3	-3.244936E-3
5.005000E-3	1.878142E-4
5.010000E-3	-2.741814E-6
5.015000E-3	-5.251944E-3
5.020000E-3	-5.187511E-3
5.025000E-3	-1.989186E-3
5.030000E-3	-4.066110E-3
5.035000E-3	-4.448593E-3
5.040000E-3	5.702972E-4
5.045000E-3	3.176391E-3
5.050000E-3	3.931761E-3
5.055000E-3	6.115615E-3
5.060000E-3	5.127192E-3
5.065000E-3	2.866566E-3
5.070000E-3	4.851639E-3
5.075000E-3	4.211426E-3
5.080000E-3	3.074944E-3
5.085000E-3	5.239606E-3
5.090000E-3	7.001221E-3
5.095000E-3	5.841434E-3
5.100000E-3	6.467938E-3
5.105000E-3	8.088350E-3
5.110000E-3	7.782638E-3
5.115000E-3	9.958267E-3
5.120000E-3	1.164722E-2
5.125000E-3	7.439911E-3
5.130000E-3	3.438234E-3
5.135000E-3	1.180351E-3
5.140000E-3	-3.727496E-3
5.145000E-3	-6.742120E-3
5.150000E-3	-3.853619E-3
5.155000E-3	-2.536178E-4
5.160000E-3	2.852857E-3
5.165000E-3	5.123079E-3
5.170000E-3	5.304039E-3
5.175000E-3	5.024374E-3
5.180000E-3	5.157351E-3
5.185000E-3	1.884997E-3
5.190000E-3	-1.950800E-3
5.195000E-3	-1.787663E-3
5.200000E-3	-1.003504E-3
5.205000E-3	-1.905560E-3
5.210000E-3	-2.622545E-3
5.215000E-3	-6.402135E-4
5.220000E-3	-7.677078E-4
5.225000E-3	-1.013100E-3
5.230000E-3	1.036406E-3
5.235000E-3	2.346992E-3
5.240000E-3	3.331304E-4
5.245000E-3	-1.202285E-3
5.250000E-3	-7.649660E-4
5.255000E-3	2.878904E-5
5.260000E-3	2.122164E-3
5.265000E-3	5.563140E-3
5.270000E-3	7.215083E-3
5.275000E-3	9.781420E-3
5.280000E-3	1.092750E-2
5.285000E-3	9.734809E-3
5.290000E-3	7.221937E-3
5.295000E-3	5.989492E-3
5.300000E-3	3.542423E-3
5.305000E-3	1.102209E-3
5.310000E-3	2.234578E-4
5.315000E-3	4.277229E-4
5.320000E-3	1.549125E-4
5.325000E-3	9.774566E-4
5.330000E-3	2.937853E-3
5.335000E-3	2.530694E-3
5.340000E-3	1.093984E-3
5.345000E-3	-1.373649E-3
5.350000E-3	-4.975021E-3
5.355000E-3	-7.748365E-3
5.360000E-3	-6.089568E-3
5.365000E-3	-3.663063E-3
5.370000E-3	-1.228333E-3
5.375000E-3	2.403200E-3
5.380000E-3	3.897488E-3
5.385000E-3	2.643108E-3
5.390000E-3	1.435339E-3
5.395000E-3	-6.498098E-4
5.400000E-3	-4.943490E-3
5.405000E-3	-5.766034E-3
5.410000E-3	-4.083931E-3
5.415000E-3	-4.855752E-3
5.420000E-3	-3.475249E-3
5.425000E-3	1.686215E-4
5.430000E-3	8.691549E-4
5.435000E-3	1.379132E-3
5.440000E-3	4.201829E-3
5.445000E-3	5.223155E-3
5.450000E-3	4.554152E-3
5.455000E-3	6.703734E-3
5.460000E-3	8.141816E-3
5.465000E-3	5.899012E-3
5.470000E-3	6.729782E-3
5.475000E-3	8.902669E-3
5.480000E-3	9.832144E-3
5.485000E-3	9.342730E-3
5.490000E-3	9.767711E-3
5.495000E-3	8.139074E-3
5.500000E-3	5.323231E-3
5.505000E-3	5.264282E-3
5.510000E-3	3.749430E-3
5.515000E-3	9.500384E-4
5.520000E-3	1.540899E-3
5.525000E-3	1.864433E-4
5.530000E-3	-2.989948E-3
5.535000E-3	-2.004266E-3
5.540000E-3	-1.983702E-3
5.545000E-3	-2.359331E-3
5.550000E-3	1.919270E-4
5.555000E-3	2.878904E-4
5.560000E-3	-1.462758E-3
5.565000E-3	-5.415082E-4
5.570000E-3	1.224220E-3
5.575000E-3	8.403659E-4
5.580000E-3	3.133893E-3
5.585000E-3	4.933894E-3
5.590000E-3	1.217365E-3
5.595000E-3	-2.053618E-3
5.600000E-3	-3.811121E-3
5.605000E-3	-8.261085E-3
5.610000E-3	-1.077396E-2
5.615000E-3	-7.167101E-3
5.620000E-3	-5.604267E-3
5.625000E-3	-2.828181E-3
5.630000E-3	4.166186E-3
5.635000E-3	5.742729E-3
5.640000E-3	3.785074E-3
5.645000E-3	4.380047E-3
5.650000E-3	3.210664E-3
5.655000E-3	9.514093E-4
5.660000E-3	3.236711E-3
5.665000E-3	6.158113E-3
5.670000E-3	6.659865E-3
5.675000E-3	7.522166E-3
5.680000E-3	7.400155E-3
5.685000E-3	3.458798E-3
5.690000E-3	2.440214E-4
5.695000E-3	-2.645850E-4
5.700000E-3	-5.456209E-4
5.705000E-3	7.539988E-5
5.710000E-3	1.547754E-3
5.715000E-3	1.931608E-3
5.720000E-3	9.281039E-4
5.725000E-3	1.002133E-3
5.730000E-3	7.759333E-4
5.735000E-3	7.622242E-4
5.740000E-3	1.609445E-3
5.745000E-3	1.602590E-3
5.750000E-3	1.476467E-3
5.755000E-3	1.616299E-3
5.760000E-3	7.690787E-4
5.765000E-3	6.772280E-4
5.770000E-3	1.837015E-3
5.775000E-3	3.247678E-3
5.780000E-3	4.345775E-3
5.785000E-3	6.299317E-3
5.790000E-3	6.812036E-3
5.795000E-3	4.880428E-3
5.800000E-3	3.552020E-3
5.805000E-3	1.502514E-3
5.810000E-3	-8.924603E-4
5.815000E-3	-1.433969E-3
5.820000E-3	-4.729629E-4
5.825000E-3	-1.106322E-3
5.830000E-3	-1.639605E-3
5.835000E-3	-1.317441E-3
5.840000E-3	-7.265806E-4
5.845000E-3	6.004572E-4
5.850000E-3	2.619803E-3
5.855000E-3	4.118204E-3
5.860000E-3	5.120337E-3
5.865000E-3	6.432295E-3
5.870000E-3	7.295966E-3
5.875000E-3	7.210970E-3
5.880000E-3	6.761312E-3
5.885000E-3	4.126430E-3
5.890000E-3	3.290176E-5
5.895000E-3	-2.867937E-3
5.900000E-3	-4.603505E-3
5.905000E-3	-6.045699E-3
5.910000E-3	-5.707085E-3
5.915000E-3	-3.966033E-3
5.920000E-3	-2.784312E-3
5.925000E-3	-1.491547E-3
5.930000E-3	-1.946688E-4
5.935000E-3	3.386140E-4
5.940000E-3	7.773042E-4
5.945000E-3	2.082407E-3
5.950000E-3	3.499925E-3
5.955000E-3	5.504191E-3
5.960000E-3	6.942272E-3
5.965000E-3	7.215083E-3
5.970000E-3	7.080734E-3
5.975000E-3	6.285608E-3
5.980000E-3	4.020870E-3
5.985000E-3	2.806246E-3
5.990000E-3	2.433360E-3
5.995000E-3	1.444936E-3
6.000000E-3	1.433969E-3
6.005000E-3	2.299011E-3
6.010000E-3	1.658797E-3
6.015000E-3	8.307695E-4
6.020000E-3	1.039147E-3
6.025000E-3	1.008987E-3
6.030000E-3	8.856058E-4
6.035000E-3	1.047373E-3
6.040000E-3	1.248896E-3
6.045000E-3	2.203047E-3
6.050000E-3	3.813863E-3
6.055000E-3	5.057275E-3
6.060000E-3	5.848289E-3
6.065000E-3	7.364511E-3
6.070000E-3	7.204115E-3
6.075000E-3	4.796803E-3
6.080000E-3	2.530694E-3
6.085000E-3	1.139224E-3
6.090000E-3	-2.988577E-4
6.095000E-3	-1.974106E-4
6.100000E-3	1.464128E-3
6.105000E-3	1.954913E-3
6.110000E-3	1.630008E-3
6.115000E-3	1.427114E-3
6.120000E-3	1.837015E-4
6.125000E-3	-8.431077E-4
6.130000E-3	-5.346537E-4
6.135000E-3	-3.961921E-4
6.140000E-3	-1.083016E-4
6.145000E-3	8.458495E-4
6.150000E-3	9.610057E-4
6.155000E-3	2.275705E-4
6.160000E-3	1.124144E-4
6.165000E-3	-2.001524E-4
6.170000E-3	-1.435339E-3
6.175000E-3	-1.867175E-3
6.180000E-3	-1.634121E-3
6.185000E-3	-1.370907E-3
6.190000E-3	-1.521707E-4
6.195000E-3	1.122773E-3
6.200000E-3	1.954913E-3
6.205000E-3	2.717137E-3
6.210000E-3	3.303885E-3
6.215000E-3	3.520489E-3
6.220000E-3	3.712416E-3
6.225000E-3	3.731608E-3
6.230000E-3	3.239453E-3
6.235000E-3	3.198326E-3
6.240000E-3	3.457427E-3
6.245000E-3	3.501296E-3
6.250000E-3	3.276467E-3
6.255000E-3	3.088653E-3
6.260000E-3	2.595127E-3
6.265000E-3	2.617061E-3
6.270000E-3	2.558112E-3
6.275000E-3	1.946688E-3
6.280000E-3	1.782179E-3
6.285000E-3	2.177000E-3
6.290000E-3	1.945317E-3
6.295000E-3	2.475858E-3
6.300000E-3	3.144860E-3
6.305000E-3	3.048897E-3
6.310000E-3	3.035188E-3
6.315000E-3	3.195584E-3
6.320000E-3	3.355980E-3
6.325000E-3	3.956437E-3
6.330000E-3	4.909217E-3
6.335000E-3	4.987359E-3
6.340000E-3	4.112720E-3
6.345000E-3	2.851486E-3
6.350000E-3	5.949736E-4
6.355000E-3	-1.750648E-3
6.360000E-3	-2.929628E-3
6.365000E-3	-3.612339E-3
6.370000E-3	-4.042804E-3
6.375000E-3	-3.541052E-3
6.380000E-3	-2.750039E-3
6.385000E-3	-1.617670E-3
6.390000E-3	-1.370907E-6
6.395000E-3	1.823306E-3
6.400000E-3	2.751410E-3
6.405000E-3	2.752781E-3
6.410000E-3	3.116071E-3
6.415000E-3	3.092766E-3
6.420000E-3	3.338158E-3
6.425000E-3	4.159331E-3
6.430000E-3	4.692614E-3
6.435000E-3	4.241586E-3
6.440000E-3	4.252553E-3
6.445000E-3	4.237473E-3
6.450000E-3	3.157198E-3
6.455000E-3	2.533436E-3
6.460000E-3	1.880884E-3
6.465000E-3	5.922318E-4
6.470000E-3	-5.483627E-6
6.475000E-3	4.866719E-4
6.480000E-3	1.490176E-3
6.485000E-3	3.276467E-3
6.490000E-3	5.079210E-3
6.495000E-3	5.752325E-3
6.500000E-3	5.971670E-3
6.505000E-3	5.852401E-3
6.510000E-3	5.538464E-3
6.515000E-3	5.168319E-3
6.520000E-3	4.502058E-3
6.525000E-3	3.260016E-3
6.530000E-3	1.100838E-3
6.535000E-3	-8.485913E-4
6.540000E-3	-2.503276E-3
6.545000E-3	-3.589034E-3
6.550000E-3	-4.237473E-3
6.555000E-3	-4.030466E-3
6.560000E-3	-3.513634E-3
6.565000E-3	-3.318965E-3
6.570000E-3	-2.756894E-3
6.575000E-3	-1.575172E-3
6.580000E-3	1.124144E-4
6.585000E-3	1.476467E-3
6.590000E-3	2.389491E-3
6.595000E-3	3.309369E-3
6.600000E-3	3.952324E-3
6.605000E-3	4.817367E-3
6.610000E-3	5.242348E-3
6.615000E-3	5.245090E-3
6.620000E-3	4.747450E-3
6.625000E-3	3.800154E-3
6.630000E-3	2.645850E-3
6.635000E-3	1.481950E-3
6.640000E-3	3.482103E-4
6.645000E-3	-5.785227E-4
6.650000E-3	-1.137853E-3
6.655000E-3	-1.665652E-3
6.660000E-3	-1.665652E-3
6.665000E-3	-1.092613E-3
6.670000E-3	-5.483627E-5
6.675000E-3	1.797259E-3
6.680000E-3	4.270375E-3
6.685000E-3	6.543338E-3
6.690000E-3	7.999241E-3
6.695000E-3	8.166492E-3
6.700000E-3	6.759942E-3
6.705000E-3	4.577458E-3
6.710000E-3	2.333283E-3
6.715000E-3	2.700686E-4
6.720000E-3	-1.243412E-3
6.725000E-3	-2.445698E-3
6.730000E-3	-3.515005E-3
6.735000E-3	-4.210055E-3
6.740000E-3	-4.519880E-3
6.745000E-3	-4.460931E-3
6.750000E-3	-3.771365E-3
6.755000E-3	-2.338767E-3
6.760000E-3	-8.883476E-4
6.765000E-3	5.017519E-4
6.770000E-3	1.417518E-3
6.775000E-3	1.964509E-3
6.780000E-3	2.501905E-3
6.785000E-3	3.769994E-3
6.790000E-3	5.129933E-3
6.795000E-3	5.916834E-3
6.800000E-3	6.101906E-3
6.805000E-3	5.831838E-3
6.810000E-3	5.054533E-3
6.815000E-3	4.329324E-3
6.820000E-3	3.935874E-3
6.825000E-3	3.491700E-3
6.830000E-3	2.782941E-3
6.835000E-3	2.131760E-3
6.840000E-3	1.753390E-3
6.845000E-3	1.739681E-3
6.850000E-3	2.346992E-3
6.855000E-3	3.081799E-3
6.860000E-3	3.948212E-3
6.865000E-3	4.458189E-3
6.870000E-3	4.544556E-3
6.875000E-3	4.193604E-3
6.880000E-3	3.719270E-3
6.885000E-3	3.102362E-3
6.890000E-3	2.625287E-3
6.895000E-3	1.939833E-3
6.900000E-3	9.747148E-4
6.905000E-3	-2.275705E-4
6.910000E-3	-1.424372E-3
6.915000E-3	-2.070069E-3
6.920000E-3	-2.666414E-3
6.925000E-3	-2.935112E-3
6.930000E-3	-2.983093E-3
6.935000E-3	-3.058493E-3
6.940000E-3	-2.892613E-3
6.945000E-3	-3.021479E-3
6.950000E-3	-3.151715E-3
6.955000E-3	-2.855599E-3
6.960000E-3	-1.887739E-3
6.965000E-3	-5.127192E-4
6.970000E-3	8.869767E-4
6.975000E-3	2.065957E-3
6.980000E-3	2.501905E-3
6.985000E-3	2.319574E-3
6.990000E-3	1.749277E-3
6.995000E-3	1.764357E-3
7.000000E-3	1.963139E-3
7.005000E-3	2.611578E-3
7.010000E-3	3.468394E-3
7.015000E-3	4.020870E-3
7.020000E-3	4.153848E-3
7.025000E-3	3.918052E-3
7.030000E-3	4.001677E-3
7.035000E-3	4.750192E-3
7.040000E-3	5.909979E-3
7.045000E-3	6.252706E-3
7.050000E-3	5.766034E-3
7.055000E-3	4.636407E-3
7.060000E-3	2.876163E-3
7.065000E-3	1.067936E-3
7.070000E-3	-6.031990E-4
7.075000E-3	-1.096725E-3
7.080000E-3	-9.637475E-4
7.085000E-3	-4.606247E-4
7.090000E-3	-2.357960E-4
7.095000E-3	-2.536178E-4
7.100000E-3	-5.798936E-4
7.105000E-3	-1.025438E-3
7.110000E-3	-1.004875E-3
7.115000E-3	-2.124906E-4
7.120000E-3	8.376241E-4
7.125000E-3	1.449049E-3
7.130000E-3	1.948059E-3
7.135000E-3	1.715004E-3
7.140000E-3	1.125515E-3
7.145000E-3	4.099011E-4
7.150000E-3	-9.185076E-5
7.155000E-3	-4.935265E-4
7.160000E-3	-3.852248E-4
7.165000E-3	1.439452E-4
7.170000E-3	6.306171E-4
7.175000E-3	1.052856E-3
7.180000E-3	1.912415E-3
7.185000E-3	2.537549E-3
7.190000E-3	3.173649E-3
7.195000E-3	3.834426E-3
7.200000E-3	4.791319E-3
7.205000E-3	5.649507E-3
7.210000E-3	6.127954E-3
7.215000E-3	6.118357E-3
7.220000E-3	5.112112E-3
7.225000E-3	3.882408E-3
7.230000E-3	2.259254E-3
7.235000E-3	1.231074E-3
7.240000E-3	9.706020E-4
7.245000E-3	1.056969E-3
7.250000E-3	1.155674E-3
7.255000E-3	1.376390E-3
7.260000E-3	1.635492E-3
7.265000E-3	1.753390E-3
7.270000E-3	2.057731E-3
7.275000E-3	2.275705E-3
7.280000E-3	2.748668E-3
7.285000E-3	3.343642E-3
7.290000E-3	3.314853E-3
7.295000E-3	2.678752E-3
7.300000E-3	1.784921E-3
7.305000E-3	9.267330E-4
7.310000E-3	2.837777E-4
7.315000E-3	-5.840063E-4
7.320000E-3	-1.214623E-3
7.325000E-3	-1.805484E-3
7.330000E-3	-2.118051E-3
7.335000E-3	-1.956284E-3
7.340000E-3	-9.431839E-4
7.345000E-3	4.126430E-4
7.350000E-3	1.679361E-3
7.355000E-3	2.610207E-3
7.360000E-3	2.911806E-3
7.365000E-3	2.883017E-3
7.370000E-3	2.292156E-3
7.375000E-3	1.357198E-3
7.380000E-3	4.880428E-4
7.385000E-3	7.677078E-5
7.390000E-3	2.440214E-4
7.395000E-3	8.252859E-4
7.400000E-3	1.477838E-3
7.405000E-3	1.897335E-3
7.410000E-3	2.209902E-3
7.415000E-3	2.246916E-3
7.420000E-3	2.048135E-3
7.425000E-3	1.669765E-3
7.430000E-3	1.477838E-3
7.435000E-3	7.087588E-4
7.440000E-3	2.522469E-4
7.445000E-3	4.167557E-4
7.450000E-3	5.373955E-4
7.455000E-3	9.555221E-4
7.460000E-3	1.100838E-3
7.465000E-3	1.336634E-3
7.470000E-3	1.582026E-3
7.475000E-3	1.994669E-3
7.480000E-3	2.795279E-3
7.485000E-3	3.417671E-3
7.490000E-3	3.900230E-3
7.495000E-3	4.289567E-3
7.500000E-3	3.919423E-3
7.505000E-3	3.132522E-3
7.510000E-3	2.041280E-3
7.515000E-3	1.032293E-3
7.520000E-3	1.425743E-4
7.525000E-3	-3.125668E-4
7.530000E-3	-9.253621E-4
7.535000E-3	-9.445548E-4
7.540000E-3	-5.949736E-4
7.545000E-3	1.549125E-4
7.550000E-3	8.965731E-4
7.555000E-3	1.634121E-3
7.560000E-3	2.418280E-3
7.565000E-3	2.933741E-3
7.570000E-3	3.350496E-3
7.575000E-3	3.646612E-3
7.580000E-3	3.796041E-3
7.585000E-3	3.654838E-3
7.590000E-3	3.519118E-3
7.595000E-3	2.943337E-3
7.600000E-3	2.245545E-3
7.605000E-3	1.313329E-3
7.610000E-3	6.265044E-4
7.615000E-3	-1.343489E-4
7.620000E-3	-5.072355E-4
7.625000E-3	-8.609295E-4
7.630000E-3	-5.702972E-4
7.635000E-3	-9.596348E-6
7.640000E-3	8.869767E-4
7.645000E-3	1.347601E-3
7.650000E-3	1.683474E-3
7.655000E-3	1.523077E-3
7.660000E-3	1.455903E-3
7.665000E-3	1.183093E-3
7.670000E-3	1.266718E-3
7.675000E-3	1.497030E-3
7.680000E-3	2.123535E-3
7.685000E-3	2.431989E-3
7.690000E-3	2.788424E-3
7.695000E-3	2.702057E-3
7.700000E-3	2.196193E-3
7.705000E-3	1.736939E-3
7.710000E-3	1.412034E-3
7.715000E-3	1.032293E-3
7.720000E-3	6.580353E-4
7.725000E-3	4.290938E-4
7.730000E-3	1.686215E-4
7.735000E-3	-3.276467E-4
7.740000E-3	-1.280427E-3
7.745000E-3	-1.481950E-3
7.750000E-3	-1.396954E-3
7.755000E-3	-5.552173E-4
7.760000E-3	3.920794E-4
7.765000E-3	1.816452E-3
7.770000E-3	3.139377E-3
7.775000E-3	3.871441E-3
7.780000E-3	4.052401E-3
7.785000E-3	3.874183E-3
7.790000E-3	3.264129E-3
7.795000E-3	2.456665E-3
7.800000E-3	1.398325E-3
7.805000E-3	3.249049E-4
7.810000E-3	-8.307695E-4
7.815000E-3	-1.808226E-3
7.820000E-3	-1.961768E-3
7.825000E-3	-1.717746E-3
7.830000E-3	-9.404421E-4
7.835000E-3	1.507998E-5
7.840000E-3	9.596348E-4
7.845000E-3	1.612186E-3
7.850000E-3	2.102971E-3
7.855000E-3	2.466261E-3
7.860000E-3	2.459407E-3
7.865000E-3	2.139986E-3
7.870000E-3	1.723230E-3
7.875000E-3	1.298249E-3
7.880000E-3	1.036406E-3
7.885000E-3	1.044631E-3
7.890000E-3	1.159787E-3
7.895000E-3	1.124144E-3
7.900000E-3	1.110435E-3
7.905000E-3	1.118660E-3
7.910000E-3	9.527802E-4
7.915000E-3	1.242042E-3
7.920000E-3	1.775324E-3
7.925000E-3	2.209902E-3
7.930000E-3	2.600610E-3
7.935000E-3	2.691090E-3
7.940000E-3	2.475858E-3
7.945000E-3	2.315462E-3
7.950000E-3	2.412796E-3
7.955000E-3	2.718508E-3
7.960000E-3	3.146231E-3
7.965000E-3	3.582180E-3
7.970000E-3	3.748059E-3
7.975000E-3	3.453314E-3
7.980000E-3	2.739072E-3
7.985000E-3	2.093375E-3
7.990000E-3	1.745164E-3
7.995000E-3	1.945317E-3
8.000000E-3	2.567708E-3
8.005000E-3	3.287435E-3
8.010000E-3	3.630161E-3
8.015000E-3	4.237473E-3
8.020000E-3	4.559636E-3
8.025000E-3	4.914701E-3
8.030000E-3	4.903734E-3
8.035000E-3	4.470527E-3
8.040000E-3	3.786445E-3
8.045000E-3	3.210664E-3
8.050000E-3	2.707541E-3
8.055000E-3	2.741814E-3
8.060000E-3	2.626657E-3
8.065000E-3	3.015995E-3
8.070000E-3	3.375173E-3
8.075000E-3	3.608227E-3
8.080000E-3	3.738463E-3
8.085000E-3	3.900230E-3
8.090000E-3	3.892004E-3
8.095000E-3	3.513634E-3
8.100000E-3	3.131151E-3
8.105000E-3	2.692461E-3
8.110000E-3	1.772583E-3
8.115000E-3	5.990863E-4
8.120000E-3	-6.813407E-4
8.125000E-3	-1.335263E-3
8.130000E-3	-1.348972E-3
8.135000E-3	-8.897185E-4
8.140000E-3	-2.001524E-4
8.145000E-3	4.921556E-4
8.150000E-3	9.637475E-4
8.155000E-3	8.540750E-4
8.160000E-3	1.453161E-4
8.165000E-3	-4.071593E-4
8.170000E-3	-6.923079E-4
8.175000E-3	-8.595586E-4
8.180000E-3	-4.551411E-4
8.185000E-3	-7.128716E-5
8.190000E-3	3.948212E-4
8.195000E-3	7.608533E-4
8.200000E-3	1.244783E-3
8.205000E-3	1.498401E-3
8.210000E-3	1.529932E-3
8.215000E-3	1.122773E-3
8.220000E-3	1.026809E-3
8.225000E-3	7.169843E-4
8.230000E-3	4.332066E-4
8.235000E-3	-7.402897E-5
8.240000E-3	-3.153086E-5
8.245000E-3	3.865957E-4
8.250000E-3	9.568930E-4
8.255000E-3	1.514852E-3
8.260000E-3	1.790404E-3
8.265000E-3	1.974106E-3
8.270000E-3	1.813710E-3
8.275000E-3	1.769841E-3
8.280000E-3	1.333892E-3
8.285000E-3	8.348823E-4
8.290000E-3	1.521707E-4
8.295000E-3	-4.510283E-4
8.300000E-3	-1.280427E-3
8.305000E-3	-1.650572E-3
8.310000E-3	-2.166033E-3
8.315000E-3	-2.126276E-3
8.320000E-3	-1.905560E-3
8.325000E-3	-1.436710E-3
8.330000E-3	-6.539226E-4
8.335000E-3	2.412796E-4
8.340000E-3	1.402438E-3
8.345000E-3	2.688348E-3
8.350000E-3	3.512263E-3
8.355000E-3	3.905714E-3
8.360000E-3	4.109979E-3
8.365000E-3	3.830314E-3
8.370000E-3	3.206551E-3
8.375000E-3	2.584159E-3
8.380000E-3	2.238691E-3
8.385000E-3	1.475096E-3
8.390000E-3	7.690787E-4
8.395000E-3	3.249049E-4
8.400000E-3	2.741814E-4
8.405000E-3	3.386140E-4
8.410000E-3	7.553697E-4
8.415000E-3	1.228333E-3
8.420000E-3	1.625896E-3
8.425000E-3	1.930237E-3
8.430000E-3	2.356589E-3
8.435000E-3	2.739072E-3
8.440000E-3	3.195584E-3
8.445000E-3	3.436863E-3
8.450000E-3	3.575325E-3
8.455000E-3	3.014624E-3
8.460000E-3	2.241433E-3
8.465000E-3	1.610816E-3
8.470000E-3	8.979440E-4
8.475000E-3	3.427267E-4
8.480000E-3	-1.069307E-4
8.485000E-3	-2.632141E-4
8.490000E-3	-4.428029E-4
8.495000E-3	-4.290938E-4
8.500000E-3	-6.827116E-4
8.505000E-3	-7.389188E-4
8.510000E-3	-7.485151E-4
8.515000E-3	-6.703734E-4
8.520000E-3	-5.415082E-4
8.525000E-3	-2.632141E-4
8.530000E-3	1.000762E-4
8.535000E-3	6.758571E-4
8.540000E-3	1.107693E-3
8.545000E-3	1.812339E-3
8.550000E-3	2.408683E-3
8.555000E-3	2.950191E-3
8.560000E-3	3.390253E-3
8.565000E-3	3.413558E-3
8.570000E-3	2.891243E-3
8.575000E-3	2.248287E-3
8.580000E-3	1.305103E-3
8.585000E-3	2.220869E-4
8.590000E-3	-5.812645E-4
8.595000E-3	-5.812645E-4
8.600000E-3	-2.522469E-4
8.605000E-3	9.418130E-4
8.610000E-3	2.201676E-3
8.615000E-3	3.462911E-3
8.620000E-3	4.470527E-3
8.625000E-3	5.136788E-3
8.630000E-3	5.065501E-3
8.635000E-3	4.652858E-3
8.640000E-3	4.012644E-3
8.645000E-3	2.926886E-3
8.650000E-3	2.263367E-3
8.655000E-3	1.987815E-3
8.660000E-3	1.863062E-3
8.665000E-3	1.967251E-3
8.670000E-3	2.407312E-3
8.675000E-3	2.556741E-3
8.680000E-3	2.637625E-3
8.685000E-3	2.248287E-3
8.690000E-3	2.068698E-3
8.695000E-3	1.602590E-3
8.700000E-3	1.503885E-3
8.705000E-3	1.662910E-3
8.710000E-3	1.742423E-3
8.715000E-3	1.617670E-3
8.720000E-3	1.623154E-3
8.725000E-3	1.532674E-3
8.730000E-3	1.358569E-3
8.735000E-3	1.261234E-3
8.740000E-3	1.534045E-3
8.745000E-3	1.609445E-3
8.750000E-3	1.720488E-3
8.755000E-3	1.854837E-3
8.760000E-3	2.141356E-3
8.765000E-3	2.713025E-3
8.770000E-3	3.070831E-3
8.775000E-3	3.188729E-3
8.780000E-3	2.973497E-3
8.785000E-3	2.591014E-3
8.790000E-3	2.093375E-3
8.795000E-3	1.273572E-3
8.800000E-3	8.705258E-4
8.805000E-3	6.580353E-4
8.810000E-3	7.252097E-4
8.815000E-3	9.692311E-4
8.820000E-3	1.362681E-3
8.825000E-3	1.764357E-3
8.830000E-3	2.120793E-3
8.835000E-3	2.430618E-3
8.840000E-3	2.248287E-3
8.845000E-3	2.511501E-3
8.850000E-3	2.355218E-3
8.855000E-3	2.181113E-3
8.860000E-3	1.693070E-3
8.865000E-3	1.369536E-3
8.870000E-3	9.239912E-4
8.875000E-3	6.251335E-4
8.880000E-3	2.659559E-4
8.885000E-3	-1.946688E-4
8.890000E-3	-5.209446E-4
8.895000E-3	-7.951260E-4
8.900000E-3	-9.212494E-4
8.905000E-3	-9.431839E-4
8.910000E-3	-8.869767E-4
8.915000E-3	-5.031228E-4
8.920000E-3	5.757809E-5
8.925000E-3	3.317595E-4
8.930000E-3	6.813407E-4
8.935000E-3	7.169843E-4
8.940000E-3	1.069307E-3
8.945000E-3	1.210511E-3
8.950000E-3	1.221478E-3
8.955000E-3	1.302361E-3
8.960000E-3	1.405180E-3
8.965000E-3	1.158416E-3
8.970000E-3	8.280277E-4
8.975000E-3	6.004572E-4
8.980000E-3	3.440976E-4
8.985000E-3	4.414320E-4
8.990000E-3	3.564358E-4
8.995000E-3	5.428791E-4
9.000000E-3	6.086826E-4
9.005000E-3	7.060170E-4
9.010000E-3	1.203656E-3
9.015000E-3	1.269460E-3
9.020000E-3	1.749277E-3
9.025000E-3	2.022088E-3
9.030000E-3	2.020717E-3
9.035000E-3	2.052248E-3
9.040000E-3	1.927495E-3
9.045000E-3	2.052248E-3
9.050000E-3	2.037168E-3
9.055000E-3	2.168775E-3
9.060000E-3	2.349734E-3
9.065000E-3	2.368927E-3
9.070000E-3	2.087891E-3
9.075000E-3	1.753390E-3
9.080000E-3	1.406550E-3
9.085000E-3	1.004875E-3
9.090000E-3	7.238388E-4
9.095000E-3	4.318357E-4
9.100000E-3	4.496574E-4
9.105000E-3	7.019043E-4
9.110000E-3	1.014471E-3
9.115000E-3	1.137853E-3
9.120000E-3	1.320183E-3
9.125000E-3	1.646459E-3
9.130000E-3	2.072811E-3
9.135000E-3	2.548516E-3
9.140000E-3	2.924144E-3
9.145000E-3	2.952933E-3
9.150000E-3	2.784312E-3
9.155000E-3	2.478600E-3
9.160000E-3	1.830161E-3
9.165000E-3	1.296878E-3
9.170000E-3	9.651184E-4
9.175000E-3	1.052856E-3
9.180000E-3	1.358569E-3
9.185000E-3	1.782179E-3
9.190000E-3	1.945317E-3
9.195000E-3	2.159178E-3
9.200000E-3	2.326429E-3
9.205000E-3	2.473116E-3
9.210000E-3	2.878904E-3
9.215000E-3	3.254533E-3
9.220000E-3	3.432751E-3
9.225000E-3	3.534198E-3
9.230000E-3	3.203809E-3
9.235000E-3	2.814472E-3
9.240000E-3	2.475858E-3
9.245000E-3	2.305865E-3
9.250000E-3	2.159178E-3
9.255000E-3	2.067327E-3
9.260000E-3	2.334654E-3
9.265000E-3	2.252400E-3
9.270000E-3	2.186596E-3
9.275000E-3	1.898706E-3
9.280000E-3	1.590252E-3
9.285000E-3	1.268089E-3
9.290000E-3	8.458495E-4
9.295000E-3	3.879666E-4
9.300000E-3	3.975630E-4
9.305000E-3	2.700686E-4
9.310000E-3	5.236864E-4
9.315000E-3	9.678602E-4
9.320000E-3	1.654685E-3
9.325000E-3	2.005637E-3
9.330000E-3	2.412796E-3
9.335000E-3	2.618432E-3
9.340000E-3	2.644479E-3
9.345000E-3	2.782941E-3
9.350000E-3	2.558112E-3
9.355000E-3	2.315462E-3
9.360000E-3	1.906931E-3
9.365000E-3	1.802742E-3
9.370000E-3	1.727343E-3
9.375000E-3	1.477838E-3
9.380000E-3	1.189947E-3
9.385000E-3	1.010358E-3
9.390000E-3	1.008987E-3
9.395000E-3	1.014471E-3
9.400000E-3	9.692311E-4
9.405000E-3	1.187205E-3
9.410000E-3	1.606703E-3
9.415000E-3	1.849353E-3
9.420000E-3	2.149582E-3
9.425000E-3	2.756894E-3
9.430000E-3	3.110588E-3
9.435000E-3	3.384769E-3
9.440000E-3	3.451943E-3
9.445000E-3	3.462911E-3
9.450000E-3	3.250420E-3
9.455000E-3	2.933741E-3
9.460000E-3	2.340138E-3
9.465000E-3	2.144098E-3
9.470000E-3	1.564205E-3
9.475000E-3	8.389950E-4
9.480000E-3	6.237626E-4
9.485000E-3	1.384616E-4
9.490000E-3	-2.399087E-4
9.495000E-3	-5.881190E-4
9.500000E-3	-8.060932E-4
9.505000E-3	-6.895661E-4
9.510000E-3	-7.786751E-4
9.515000E-3	-7.087588E-4
9.520000E-3	-6.580353E-4
9.525000E-3	-4.277229E-4
9.530000E-3	-9.870529E-5
9.535000E-3	4.565120E-4
9.540000E-3	1.072049E-3
9.545000E-3	1.203656E-3
9.550000E-3	1.262605E-3
9.555000E-3	8.842349E-4
9.560000E-3	7.060170E-4
9.565000E-3	4.866719E-4
9.570000E-3	4.578829E-4
9.575000E-3	2.728105E-4
9.580000E-3	5.113482E-4
9.585000E-3	6.237626E-4
9.590000E-3	1.029551E-3
9.595000E-3	1.658797E-3
9.600000E-3	2.116680E-3
9.605000E-3	2.578676E-3
9.610000E-3	2.796650E-3
9.615000E-3	3.092766E-3
9.620000E-3	3.236711E-3
9.625000E-3	3.143489E-3
9.630000E-3	3.063977E-3
9.635000E-3	2.614319E-3
9.640000E-3	2.174258E-3
9.645000E-3	1.709521E-3
9.650000E-3	1.292765E-3
9.655000E-3	8.033514E-4
9.660000E-3	5.058646E-4
9.665000E-3	5.236864E-4
9.670000E-3	5.113482E-4
9.675000E-3	6.566644E-4
9.680000E-3	9.678602E-4
9.685000E-3	1.285911E-3
9.690000E-3	1.458645E-3
9.695000E-3	1.359940E-3
9.700000E-3	1.295507E-3
9.705000E-3	1.126885E-3
9.710000E-3	1.091242E-3
9.715000E-3	1.248896E-3
9.720000E-3	1.450419E-3
9.725000E-3	1.923382E-3
9.730000E-3	2.474487E-3
9.735000E-3	2.951562E-3
9.740000E-3	3.476620E-3
9.745000E-3	3.972888E-3
9.750000E-3	4.286826E-3
9.755000E-3	4.635036E-3
9.760000E-3	4.454076E-3
9.765000E-3	4.122317E-3
9.770000E-3	3.664434E-3
9.775000E-3	3.435493E-3
9.780000E-3	3.327191E-3
9.785000E-3	3.107846E-3
9.790000E-3	2.858341E-3
9.795000E-3	2.722621E-3
9.800000E-3	2.401829E-3
9.805000E-3	2.085149E-3
9.810000E-3	2.107084E-3
9.815000E-3	2.164662E-3
9.820000E-3	2.399087E-3
9.825000E-3	2.455294E-3
9.830000E-3	2.589643E-3
9.835000E-3	2.559483E-3
9.840000E-3	2.260625E-3
9.845000E-3	1.713634E-3
9.850000E-3	1.311958E-3
9.855000E-3	7.128716E-4
9.860000E-3	3.249049E-4
9.865000E-3	1.302361E-4
9.870000E-3	2.303123E-4
9.875000E-3	1.864433E-4
9.880000E-3	1.946688E-4
9.885000E-3	1.576543E-4
9.890000E-3	1.370907E-6
9.895000E-3	-2.782941E-4
9.900000E-3	-4.071593E-4
9.905000E-3	-4.853010E-4
9.910000E-3	-2.412796E-4
9.915000E-3	2.796650E-4
9.920000E-3	7.306933E-4
9.925000E-3	9.527802E-4
9.930000E-3	9.993911E-4
9.935000E-3	1.322925E-3
9.940000E-3	1.488805E-3
9.945000E-3	1.960397E-3
9.950000E-3	2.288043E-3
9.955000E-3	2.382636E-3
9.960000E-3	2.253771E-3
9.965000E-3	1.922011E-3
9.970000E-3	1.527190E-3
9.975000E-3	9.952784E-4
9.980000E-3	6.511807E-4
9.985000E-3	6.456971E-4
9.990000E-3	4.894137E-4
9.995000E-3	5.058646E-4
