0.000000E+0	1.350793E+0
5.000000E-6	-6.168011E-1
1.000000E-5	-7.679272E-1
1.500000E-5	1.261288E+0
2.000000E-5	-5.391790E-1
2.500000E-5	-7.314062E-1
3.000000E-5	1.331358E+0
3.500000E-5	-5.542645E-1
4.000000E-5	-1.045352E+0
4.500000E-5	1.118168E+0
5.000000E-5	-2.349734E-2
5.500000E-5	-7.499902E-1
6.000000E-5	9.144565E-1
6.500000E-5	-1.740448E-1
7.000000E-5	-1.032401E+0
7.500000E-5	8.175622E-1
8.000000E-5	2.959500E-1
8.500000E-5	-9.405710E-1
9.000000E-5	7.264723E-1
9.500000E-5	5.263432E-1
1.000000E-4	-9.924091E-1
1.050000E-4	4.625289E-1
1.100000E-4	7.112443E-1
1.150000E-4	-9.035921E-1
1.200000E-4	4.953086E-2
1.250000E-4	7.386103E-1
1.300000E-4	-7.919948E-1
1.350000E-4	-1.113505E-1
1.400000E-4	7.624490E-1
1.450000E-4	-6.729124E-1
1.500000E-4	-1.207563E-1
1.550000E-4	6.251966E-1
1.600000E-4	-6.343666E-1
1.650000E-4	-1.636767E-1
1.700000E-4	5.042127E-1
1.750000E-4	-3.670192E-1
1.800000E-4	-2.909613E-2
1.850000E-4	4.461589E-1
1.900000E-4	-3.647161E-1
1.950000E-4	-1.033952E-1
2.000000E-4	2.988152E-1
2.050000E-4	-2.183416E-1
2.100000E-4	1.073598E-1
2.150000E-4	3.563919E-1
2.200000E-4	-1.362407E-1
2.250000E-4	2.516574E-2
2.300000E-4	4.478890E-2
2.350000E-4	-2.538590E-1
2.400000E-4	1.757503E-3
2.450000E-4	9.480780E-2
2.500000E-4	-9.926462E-2
2.550000E-4	-6.768304E-2
2.600000E-4	1.387371E-1
2.650000E-4	9.696424E-2
2.700000E-4	-6.261343E-2
2.750000E-4	6.605029E-2
2.800000E-4	-8.419698E-2
2.850000E-4	-1.149300E-1
2.900000E-4	1.245565E-1
2.950000E-4	-7.563704E-2
3.000000E-4	-1.436327E-1
3.050000E-4	1.119962E-1
3.100000E-4	-7.800460E-4
3.150000E-4	-1.130272E-1
3.200000E-4	9.138876E-2
3.250000E-4	-2.190024E-2
3.300000E-4	-1.853617E-1
3.350000E-4	6.333727E-2
3.400000E-4	2.806795E-2
3.450000E-4	-9.730834E-2
3.500000E-4	1.013374E-2
3.550000E-4	1.049155E-1
3.600000E-4	-5.979896E-3
3.650000E-4	-6.367451E-2
3.700000E-4	2.330994E-1
3.750000E-4	7.171899E-2
3.800000E-4	-2.136956E-1
3.850000E-4	2.006034E-1
3.900000E-4	1.321760E-1
3.950000E-4	-1.818206E-1
4.000000E-4	1.089323E-1
4.050000E-4	7.671458E-2
4.100000E-4	-1.231883E-1
4.150000E-4	5.321586E-2
4.200000E-4	4.303825E-2
4.250000E-4	-1.789993E-1
4.300000E-4	-1.396858E-1
4.350000E-4	3.414243E-2
4.400000E-4	-1.125103E-2
4.450000E-4	-1.819330E-2
4.500000E-4	5.288959E-2
4.550000E-4	-1.620823E-2
4.600000E-4	-2.080351E-2
4.650000E-4	6.408304E-2
4.700000E-4	4.082698E-2
4.750000E-4	1.093161E-2
4.800000E-4	6.308091E-2
4.850000E-4	8.993149E-4
4.900000E-4	-5.244267E-2
4.950000E-4	2.608562E-2
5.000000E-4	-3.572857E-2
5.050000E-4	-5.363673E-2
5.100000E-4	2.441585E-3
5.150000E-4	-6.957901E-2
5.200000E-4	1.640153E-2
5.250000E-4	1.196541E-1
5.300000E-4	4.734701E-2
5.350000E-4	1.415461E-2
5.400000E-4	3.816056E-2
5.450000E-4	-4.893726E-2
5.500000E-4	-4.893315E-2
5.550000E-4	1.497304E-2
5.600000E-4	-1.593405E-2
5.650000E-4	-2.621722E-2
5.700000E-4	4.211700E-2
5.750000E-4	-2.092552E-2
5.800000E-4	-4.627770E-2
5.850000E-4	3.763962E-2
5.900000E-4	-4.863977E-2
5.950000E-4	-9.051412E-2
6.000000E-4	2.585530E-3
6.050000E-4	-7.781404E-2
6.100000E-4	-7.404405E-2
6.150000E-4	4.177701E-2
6.200000E-4	-3.194213E-2
6.250000E-4	-2.633649E-2
6.300000E-4	1.295109E-1
6.350000E-4	5.846918E-2
6.400000E-4	1.275903E-2
6.450000E-4	2.192066E-1
6.500000E-4	1.442605E-1
6.550000E-4	-8.572692E-2
6.600000E-4	5.733132E-2
6.650000E-4	7.997870E-2
6.700000E-4	-1.103539E-1
6.750000E-4	2.927983E-2
6.800000E-4	8.348137E-2
6.850000E-4	-1.640811E-1
6.900000E-4	-6.720459E-2
6.950000E-4	7.998419E-2
7.000000E-4	-9.522456E-2
7.050000E-4	-7.116789E-2
7.100000E-4	7.584816E-2
7.150000E-4	-3.258646E-2
7.200000E-4	-8.922684E-2
7.250000E-4	2.018797E-2
7.300000E-4	-3.801250E-2
7.350000E-4	-8.552814E-2
7.400000E-4	7.562059E-2
7.450000E-4	4.086810E-2
7.500000E-4	-8.475906E-2
7.550000E-4	5.152553E-2
7.600000E-4	2.934289E-2
7.650000E-4	-9.433621E-2
7.700000E-4	5.162424E-2
7.750000E-4	8.062029E-2
7.800000E-4	-5.609888E-2
7.850000E-4	1.814532E-2
7.900000E-4	9.861344E-2
7.950000E-4	-4.218692E-2
8.000000E-4	-3.030252E-2
8.050000E-4	9.998983E-2
8.100000E-4	1.558173E-2
8.150000E-4	3.042179E-2
8.200000E-4	1.139978E-1
8.250000E-4	-1.139635E-2
8.300000E-4	-5.508578E-2
8.350000E-4	-1.903778E-2
8.400000E-4	-6.196636E-2
8.450000E-4	-7.008213E-2
8.500000E-4	-2.508485E-2
8.550000E-4	-6.619012E-2
8.600000E-4	-1.110284E-1
8.650000E-4	-3.942728E-3
8.700000E-4	1.000762E-4
8.750000E-4	-5.646628E-2
8.800000E-4	3.864449E-2
8.850000E-4	5.188471E-2
8.900000E-4	-1.293862E-2
8.950000E-4	2.379072E-2
9.000000E-4	6.810391E-2
9.050000E-4	4.764861E-2
9.100000E-4	3.619468E-2
9.150000E-4	4.184008E-2
9.200000E-4	3.057122E-4
9.250000E-4	-9.896576E-3
9.300000E-4	2.060199E-2
9.350000E-4	2.637351E-2
9.400000E-4	3.663886E-2
9.450000E-4	5.381083E-2
9.500000E-4	1.498812E-2
9.550000E-4	-5.208486E-2
9.600000E-4	-1.608074E-2
9.650000E-4	-7.156134E-3
9.700000E-4	-7.888883E-2
9.750000E-4	-2.626520E-2
9.800000E-4	-2.044570E-2
9.850000E-4	-9.840232E-2
9.900000E-4	-1.144707E-2
9.950000E-4	2.147251E-2
1.000000E-3	-4.012918E-2
1.005000E-3	5.536544E-2
1.010000E-3	1.039518E-1
1.015000E-3	-3.129780E-2
1.020000E-3	-4.423916E-2
1.025000E-3	2.566475E-2
1.030000E-3	-4.381692E-2
1.035000E-3	-2.615553E-2
1.040000E-3	6.747055E-2
1.045000E-3	-1.481950E-2
1.050000E-3	-1.573938E-2
1.055000E-3	6.173879E-2
1.060000E-3	-1.174182E-2
1.065000E-3	-1.307845E-3
1.070000E-3	6.813270E-2
1.075000E-3	-3.413695E-2
1.080000E-3	-4.754990E-2
1.085000E-3	6.303155E-2
1.090000E-3	-1.686215E-4
1.095000E-3	-5.357641E-2
1.100000E-3	3.768897E-2
1.105000E-3	2.146703E-2
1.110000E-3	-2.372628E-2
1.115000E-3	4.323155E-2
1.120000E-3	1.536787E-2
1.125000E-3	-5.227953E-2
1.130000E-3	7.755220E-3
1.135000E-3	1.778615E-2
1.140000E-3	-2.392644E-2
1.145000E-3	7.017672E-3
1.150000E-3	3.704190E-3
1.155000E-3	-2.493542E-2
1.160000E-3	-1.451790E-3
1.165000E-3	-3.070831E-3
1.170000E-3	-2.747983E-2
1.175000E-3	7.261693E-3
1.180000E-3	1.989460E-2
1.185000E-3	-5.899012E-3
1.190000E-3	1.842362E-2
1.195000E-3	1.495796E-2
1.200000E-3	-2.491349E-2
1.205000E-3	-2.005088E-2
1.210000E-3	1.355690E-2
1.215000E-3	1.420259E-2
1.220000E-3	6.171823E-3
1.225000E-3	2.809399E-2
1.230000E-3	8.007467E-3
1.235000E-3	-3.816330E-2
1.240000E-3	-3.222042E-2
1.245000E-3	-3.275096E-2
1.250000E-3	-4.359895E-2
1.255000E-3	-1.315248E-2
1.260000E-3	2.703428E-2
1.265000E-3	2.785546E-2
1.270000E-3	3.197366E-2
1.275000E-3	3.950679E-2
1.280000E-3	8.262455E-3
1.285000E-3	-1.069307E-2
1.290000E-3	-1.079178E-2
1.295000E-3	-1.986444E-2
1.300000E-3	-2.437609E-2
1.305000E-3	-2.473664E-2
1.310000E-3	-1.327997E-2
1.315000E-3	-8.743644E-3
1.320000E-3	-1.319635E-2
1.325000E-3	-7.882714E-3
1.330000E-3	-8.734047E-3
1.335000E-3	7.851183E-3
1.340000E-3	3.117305E-2
1.345000E-3	2.743870E-2
1.350000E-3	3.103185E-2
1.355000E-3	5.254823E-2
1.360000E-3	4.541129E-2
1.365000E-3	3.824145E-2
1.370000E-3	4.811198E-2
1.375000E-3	1.232171E-2
1.380000E-3	-4.034305E-2
1.385000E-3	-2.360564E-2
1.390000E-3	-2.276391E-2
1.395000E-3	-5.742592E-2
1.400000E-3	-2.760458E-2
1.405000E-3	-1.272887E-2
1.410000E-3	-3.650451E-2
1.415000E-3	-9.282410E-3
1.420000E-3	1.081645E-3
1.425000E-3	-2.311760E-2
1.430000E-3	6.602287E-3
1.435000E-3	2.030176E-2
1.440000E-3	-8.500993E-3
1.445000E-3	2.195781E-2
1.450000E-3	3.590542E-2
1.455000E-3	-1.446170E-2
1.460000E-3	1.155674E-3
1.465000E-3	2.314228E-2
1.470000E-3	-2.590054E-2
1.475000E-3	-4.840672E-3
1.480000E-3	4.071045E-2
1.485000E-3	-5.612493E-3
1.490000E-3	1.502514E-3
1.495000E-3	4.584312E-2
1.500000E-3	-9.468853E-3
1.505000E-3	-2.873284E-2
1.510000E-3	1.276040E-2
1.515000E-3	-1.675797E-2
1.520000E-3	-2.576894E-2
1.525000E-3	3.434807E-2
1.530000E-3	2.284616E-2
1.535000E-3	-1.511151E-2
1.540000E-3	7.756591E-3
1.545000E-3	-6.265044E-4
1.550000E-3	-2.550024E-2
1.555000E-3	7.142425E-3
1.560000E-3	1.600397E-2
1.565000E-3	-1.491547E-3
1.570000E-3	2.761692E-2
1.575000E-3	2.149856E-2
1.580000E-3	-2.438843E-2
1.585000E-3	-1.525271E-2
1.590000E-3	-1.510054E-2
1.595000E-3	-4.416102E-2
1.600000E-3	-9.822547E-3
1.605000E-3	2.599102E-2
1.610000E-3	1.043260E-3
1.615000E-3	5.800307E-3
1.620000E-3	2.216208E-2
1.625000E-3	-1.030785E-2
1.630000E-3	-7.278144E-3
1.635000E-3	1.515812E-2
1.640000E-3	-1.938462E-3
1.645000E-3	9.884238E-3
1.650000E-3	2.556604E-2
1.655000E-3	2.495050E-4
1.660000E-3	4.426658E-3
1.665000E-3	7.836103E-3
1.670000E-3	-3.910238E-2
1.675000E-3	-5.211639E-2
1.680000E-3	-1.982880E-2
1.685000E-3	-1.702392E-2
1.690000E-3	-1.408881E-2
1.695000E-3	1.547205E-2
1.700000E-3	8.525670E-3
1.705000E-3	-6.286979E-3
1.710000E-3	2.245408E-2
1.715000E-3	2.466398E-2
1.720000E-3	-5.168319E-4
1.725000E-3	5.941510E-3
1.730000E-3	4.046917E-3
1.735000E-3	-3.244936E-3
1.740000E-3	2.190846E-2
1.745000E-3	2.349186E-2
1.750000E-3	-5.853772E-4
1.755000E-3	2.614319E-3
1.760000E-3	-6.887436E-3
1.765000E-3	-2.919209E-2
1.770000E-3	-9.212494E-3
1.775000E-3	7.386446E-3
1.780000E-3	1.878142E-3
1.785000E-3	1.570922E-2
1.790000E-3	2.121204E-2
1.795000E-3	-6.982028E-3
1.800000E-3	-1.985073E-2
1.805000E-3	-3.586292E-3
1.810000E-3	-5.596042E-3
1.815000E-3	-7.461846E-3
1.820000E-3	1.004189E-2
1.825000E-3	-5.250573E-3
1.830000E-3	-2.076787E-2
1.835000E-3	1.746535E-3
1.840000E-3	6.472051E-3
1.845000E-3	-3.009140E-3
1.850000E-3	7.967710E-3
1.855000E-3	9.143949E-3
1.860000E-3	-4.067481E-3
1.865000E-3	-2.767861E-3
1.870000E-3	-3.155828E-3
1.875000E-3	-1.337868E-2
1.880000E-3	-1.235324E-2
1.885000E-3	-1.525545E-2
1.890000E-3	-1.734471E-2
1.895000E-3	8.097947E-3
1.900000E-3	3.015584E-2
1.905000E-3	3.594106E-2
1.910000E-3	4.305607E-2
1.915000E-3	2.947724E-2
1.920000E-3	4.112720E-5
1.925000E-3	-3.886521E-3
1.930000E-3	1.366794E-3
1.935000E-3	-4.565120E-3
1.940000E-3	8.816302E-3
1.945000E-3	1.258492E-2
1.950000E-3	-1.824540E-2
1.955000E-3	-2.442545E-2
1.960000E-3	-1.067525E-2
1.965000E-3	-1.270419E-2
1.970000E-3	-1.044083E-2
1.975000E-3	-4.334807E-3
1.980000E-3	-9.095967E-3
1.985000E-3	-1.215857E-2
1.990000E-3	-3.240824E-3
1.995000E-3	-1.258492E-3
2.000000E-3	-9.945929E-3
2.005000E-3	-1.109475E-2
2.010000E-3	-1.355278E-2
2.015000E-3	-2.085149E-2
2.020000E-3	-1.722956E-2
2.025000E-3	-2.163291E-3
2.030000E-3	1.201326E-2
2.035000E-3	1.599300E-2
2.040000E-3	1.503336E-2
2.045000E-3	1.198173E-2
2.050000E-3	6.193757E-3
2.055000E-3	8.026659E-3
2.060000E-3	7.659256E-3
2.065000E-3	7.065654E-3
2.070000E-3	1.363230E-2
2.075000E-3	1.594228E-2
2.080000E-3	2.127784E-2
2.085000E-3	3.304708E-2
2.090000E-3	3.752172E-2
2.095000E-3	3.812629E-2
2.100000E-3	3.655934E-2
2.105000E-3	2.171654E-2
2.110000E-3	2.940595E-3
2.115000E-3	-6.123841E-3
2.120000E-3	-2.265561E-2
2.125000E-3	-3.895158E-2
2.130000E-3	-2.989399E-2
2.135000E-3	-1.974791E-2
2.140000E-3	-2.107906E-2
2.145000E-3	-1.550084E-2
2.150000E-3	-1.515812E-2
2.155000E-3	-2.572507E-2
2.160000E-3	-2.347130E-2
2.165000E-3	-1.829338E-2
2.170000E-3	-2.466124E-2
2.175000E-3	-1.604235E-2
2.180000E-3	-2.995431E-3
2.185000E-3	-9.666264E-3
2.190000E-3	-4.718661E-3
2.195000E-3	1.123184E-2
2.200000E-3	1.781356E-2
2.205000E-3	3.019148E-2
2.210000E-3	3.754777E-2
2.215000E-3	2.106947E-2
2.220000E-3	5.428791E-4
2.225000E-3	-5.833209E-3
2.230000E-3	-7.545471E-3
2.235000E-3	-4.556894E-3
2.240000E-3	1.042712E-2
2.245000E-3	1.827556E-2
2.250000E-3	1.520336E-2
2.255000E-3	1.799041E-2
2.260000E-3	1.786566E-2
2.265000E-3	1.130313E-2
2.270000E-3	8.978069E-3
2.275000E-3	5.820870E-3
2.280000E-3	-9.253621E-4
2.285000E-3	-5.652249E-3
2.290000E-3	-1.312232E-2
2.295000E-3	-2.439117E-2
2.300000E-3	-2.223200E-2
2.305000E-3	-1.509231E-2
2.310000E-3	-1.963824E-2
2.315000E-3	-2.047175E-2
2.320000E-3	-1.656330E-2
2.325000E-3	-1.498127E-2
2.330000E-3	-8.374870E-3
2.335000E-3	-3.801525E-3
2.340000E-3	-7.003963E-3
2.345000E-3	-7.845700E-3
2.350000E-3	-4.640520E-3
2.355000E-3	-3.837168E-3
2.360000E-3	-2.784312E-3
2.365000E-3	-5.116224E-3
2.370000E-3	-1.039559E-2
2.375000E-3	-3.952324E-3
2.380000E-3	7.696271E-3
2.385000E-3	1.190770E-2
2.390000E-3	1.484829E-2
2.395000E-3	1.388180E-2
2.400000E-3	7.737398E-3
2.405000E-3	1.216269E-2
2.410000E-3	1.979178E-2
2.415000E-3	1.522118E-2
2.420000E-3	1.114136E-2
2.425000E-3	1.201737E-2
2.430000E-3	6.729782E-3
2.435000E-3	6.092310E-3
2.440000E-3	1.389688E-2
2.445000E-3	1.389962E-2
2.450000E-3	1.735568E-2
2.455000E-3	2.501768E-2
2.460000E-3	-3.284007E-2
2.465000E-3	-6.409812E-2
2.470000E-3	-3.857046E-2
2.475000E-3	-8.327025E-2
2.480000E-3	-6.511945E-2
2.485000E-3	-1.316071E-4
2.490000E-3	-2.652705E-3
2.495000E-3	2.296817E-2
2.500000E-3	1.096328E-1
2.505000E-3	5.388623E-2
2.510000E-3	9.281039E-3
2.515000E-3	1.185313E-1
2.520000E-3	1.978767E-2
2.525000E-3	-7.316118E-2
2.530000E-3	1.014498E-1
2.535000E-3	3.736407E-2
2.540000E-3	-6.715798E-2
2.545000E-3	9.374261E-2
2.550000E-3	2.702743E-2
2.555000E-3	-1.146805E-1
2.560000E-3	1.718569E-2
2.565000E-3	-8.214474E-3
2.570000E-3	-1.619534E-1
2.575000E-3	-2.744555E-2
2.580000E-3	1.979727E-2
2.585000E-3	-9.070879E-2
2.590000E-3	1.497579E-2
2.595000E-3	6.572127E-2
2.600000E-3	-3.655523E-2
2.605000E-3	2.355218E-2
2.610000E-3	5.221647E-2
2.615000E-3	-4.315889E-2
2.620000E-3	-2.284753E-2
2.625000E-3	3.136086E-2
2.630000E-3	-2.899057E-2
2.635000E-3	-1.867449E-2
2.640000E-3	6.727451E-2
2.645000E-3	-1.348972E-3
2.650000E-3	-3.099346E-2
2.655000E-3	3.861845E-2
2.660000E-3	-8.954763E-3
2.665000E-3	-4.709476E-2
2.670000E-3	2.635020E-2
2.675000E-3	2.268851E-2
2.680000E-3	-1.223260E-2
2.685000E-3	5.337900E-2
2.690000E-3	4.125744E-2
2.695000E-3	-1.466596E-2
2.700000E-3	4.500961E-2
2.705000E-3	3.646475E-2
2.710000E-3	-2.473938E-2
2.715000E-3	1.232034E-2
2.720000E-3	1.129901E-2
2.725000E-3	-4.918402E-2
2.730000E-3	-2.114075E-2
2.735000E-3	5.661845E-3
2.740000E-3	-4.111212E-2
2.745000E-3	-3.326505E-2
2.750000E-3	-4.269004E-3
2.755000E-3	-3.687191E-2
2.760000E-3	-3.000230E-2
2.765000E-3	5.779743E-3
2.770000E-3	-7.871747E-3
2.775000E-3	-8.156896E-4
2.780000E-3	3.248364E-2
2.785000E-3	1.186520E-2
2.790000E-3	-7.605791E-3
2.795000E-3	2.679849E-2
2.800000E-3	3.017092E-2
2.805000E-3	8.250117E-3
2.810000E-3	3.314990E-2
2.815000E-3	3.014213E-2
2.820000E-3	-1.271105E-2
2.825000E-3	-1.040655E-2
2.830000E-3	-9.533286E-3
2.835000E-3	-3.116894E-2
2.840000E-3	-1.132232E-2
2.845000E-3	1.039147E-3
2.850000E-3	-1.873618E-2
2.855000E-3	-2.085149E-3
2.860000E-3	1.259452E-2
2.865000E-3	-1.379955E-2
2.870000E-3	-1.058888E-2
2.875000E-3	2.859712E-3
2.880000E-3	-1.083291E-2
2.885000E-3	-5.175173E-3
2.890000E-3	9.522319E-3
2.895000E-3	4.639149E-3
2.900000E-3	1.150602E-2
2.905000E-3	2.158493E-2
2.910000E-3	7.785380E-3
2.915000E-3	5.319118E-4
2.920000E-3	5.646765E-3
2.925000E-3	-5.826354E-3
2.930000E-3	-6.920338E-3
2.935000E-3	8.132219E-3
2.940000E-3	-4.980505E-3
2.945000E-3	-5.408227E-3
2.950000E-3	2.686977E-4
2.955000E-3	-1.125515E-2
2.960000E-3	2.660930E-3
2.965000E-3	1.531029E-2
2.970000E-3	3.118813E-3
2.975000E-3	8.548975E-3
2.980000E-3	1.926810E-2
2.985000E-3	6.355524E-3
2.990000E-3	-4.400611E-4
2.995000E-3	4.471898E-3
3.000000E-3	-6.232142E-3
3.005000E-3	-1.671821E-2
3.010000E-3	-1.658112E-2
3.015000E-3	-2.623641E-2
3.020000E-3	-3.212720E-2
3.025000E-3	-2.006459E-2
3.030000E-3	-1.167464E-2
3.035000E-3	-5.735874E-3
3.040000E-3	4.245698E-3
3.045000E-3	1.109338E-2
3.050000E-3	1.181173E-2
3.055000E-3	2.276802E-2
3.060000E-3	2.993101E-2
3.065000E-3	2.640915E-2
3.070000E-3	2.736467E-2
3.075000E-3	2.007693E-2
3.080000E-3	-1.137853E-4
3.085000E-3	-9.806097E-3
3.090000E-3	-1.462895E-2
3.095000E-3	-2.049232E-2
3.100000E-3	-1.700062E-2
3.105000E-3	-6.964207E-3
3.110000E-3	-5.894899E-3
3.115000E-3	-3.586292E-3
3.120000E-3	1.253009E-3
3.125000E-3	-4.541814E-3
3.130000E-3	-6.467938E-3
3.135000E-3	3.188729E-3
3.140000E-3	7.010818E-3
3.145000E-3	7.941663E-3
3.150000E-3	1.177883E-2
3.155000E-3	1.075476E-2
3.160000E-3	5.151868E-3
3.165000E-3	-2.015233E-4
3.170000E-3	-5.512416E-3
3.175000E-3	-7.925212E-3
3.180000E-3	-6.359637E-3
3.185000E-3	-6.444633E-3
3.190000E-3	-8.055449E-3
3.195000E-3	-1.008987E-2
3.200000E-3	-1.014471E-2
3.205000E-3	-8.144557E-3
3.210000E-3	-9.359181E-3
3.215000E-3	-2.544403E-3
3.220000E-3	1.234913E-2
3.225000E-3	1.637685E-2
3.230000E-3	1.785880E-2
3.235000E-3	2.276939E-2
3.240000E-3	1.642072E-2
3.245000E-3	7.508457E-3
3.250000E-3	5.090177E-3
3.255000E-3	5.469918E-4
3.260000E-3	1.124144E-4
3.265000E-3	1.024616E-2
3.270000E-3	1.408744E-2
3.275000E-3	7.918358E-3
3.280000E-3	4.347146E-3
3.285000E-3	-2.155066E-3
3.290000E-3	-1.114821E-2
3.295000E-3	-1.482636E-2
3.300000E-3	-1.741052E-2
3.305000E-3	-1.869094E-2
3.310000E-3	-1.726246E-2
3.315000E-3	-1.677167E-2
3.320000E-3	-1.730359E-2
3.325000E-3	-1.218462E-2
3.330000E-3	-3.410816E-3
3.335000E-3	1.963139E-3
3.340000E-3	9.368777E-3
3.345000E-3	1.428348E-2
3.350000E-3	1.284266E-2
3.355000E-3	1.172811E-2
3.360000E-3	1.049566E-2
3.365000E-3	1.157868E-2
3.370000E-3	1.396132E-2
3.375000E-3	1.412445E-2
3.380000E-3	1.359117E-2
3.385000E-3	9.486675E-3
3.390000E-3	3.185987E-3
3.395000E-3	1.122773E-3
3.400000E-3	1.236558E-3
3.405000E-3	-2.234578E-3
3.410000E-3	-5.807161E-3
3.415000E-3	-6.138921E-3
3.420000E-3	-1.083016E-2
3.425000E-3	-1.886916E-2
3.430000E-3	-2.324373E-2
3.435000E-3	-2.675462E-2
3.440000E-3	-2.880961E-2
3.445000E-3	-2.345484E-2
3.450000E-3	-1.558173E-2
3.455000E-3	-6.932676E-3
3.460000E-3	5.818129E-3
3.465000E-3	1.395994E-2
3.470000E-3	1.422727E-2
3.475000E-3	1.765317E-2
3.480000E-3	1.764357E-2
3.485000E-3	1.377898E-2
3.490000E-3	1.795340E-2
3.495000E-3	2.173847E-2
3.500000E-3	1.816314E-2
3.505000E-3	1.521569E-2
3.510000E-3	9.681344E-3
3.515000E-3	-5.332828E-4
3.520000E-3	-4.252553E-3
3.525000E-3	-2.926886E-3
3.530000E-3	-2.929628E-3
3.535000E-3	3.550649E-3
3.540000E-3	9.759486E-3
3.545000E-3	4.356742E-3
3.550000E-3	-1.773953E-3
3.555000E-3	-6.158113E-3
3.560000E-3	-1.472765E-2
3.565000E-3	-1.668668E-2
3.570000E-3	-1.197898E-2
3.575000E-3	-1.064372E-2
3.580000E-3	-4.071593E-3
3.585000E-3	4.079819E-3
3.590000E-3	1.129627E-3
3.595000E-3	-1.895964E-3
3.600000E-3	-7.937551E-4
3.605000E-3	-7.119119E-3
3.610000E-3	-1.132232E-2
3.615000E-3	-6.890178E-3
3.620000E-3	-4.241586E-3
3.625000E-3	-3.249049E-4
3.630000E-3	5.730391E-3
3.635000E-3	2.418280E-3
3.640000E-3	-2.362072E-3
3.645000E-3	5.195737E-4
3.650000E-3	2.973497E-3
3.655000E-3	8.054078E-3
3.660000E-3	1.912689E-2
3.665000E-3	2.240747E-2
3.670000E-3	1.840168E-2
3.675000E-3	1.714182E-2
3.680000E-3	1.224631E-2
3.685000E-3	4.776239E-3
3.690000E-3	4.927039E-3
3.695000E-3	5.183399E-3
3.700000E-3	2.137244E-3
3.705000E-3	3.309369E-3
3.710000E-3	2.118051E-3
3.715000E-3	-4.632294E-3
3.720000E-3	-9.287894E-3
3.725000E-3	-1.283854E-2
3.730000E-3	-1.810557E-2
3.735000E-3	-2.033603E-2
3.740000E-3	-2.024966E-2
3.745000E-3	-2.042103E-2
3.750000E-3	-1.747495E-2
3.755000E-3	-1.338691E-2
3.760000E-3	-9.275556E-3
3.765000E-3	-2.441585E-3
3.770000E-3	3.375173E-3
3.775000E-3	6.333590E-3
3.780000E-3	8.366644E-3
3.785000E-3	1.014060E-2
3.790000E-3	9.738922E-3
3.795000E-3	8.725822E-3
3.800000E-3	1.019818E-2
3.805000E-3	9.578526E-3
3.810000E-3	7.471442E-3
3.815000E-3	7.088959E-3
3.820000E-3	5.796194E-3
3.825000E-3	4.552782E-3
3.830000E-3	6.354153E-3
3.835000E-3	6.779134E-3
3.840000E-3	5.401373E-3
3.845000E-3	6.089568E-3
3.850000E-3	6.041586E-3
3.855000E-3	3.961921E-3
3.860000E-3	4.029095E-3
3.865000E-3	2.164662E-3
3.870000E-3	-1.468241E-3
3.875000E-3	-1.221478E-3
3.880000E-3	-6.594062E-4
3.885000E-3	-1.638234E-3
3.890000E-3	-1.460016E-3
3.895000E-3	-1.664281E-3
3.900000E-3	-5.192995E-3
3.905000E-3	-7.620871E-3
3.910000E-3	-8.033514E-3
3.915000E-3	-9.241283E-3
3.920000E-3	-7.762074E-3
3.925000E-3	-3.440976E-3
3.930000E-3	-1.608074E-3
3.935000E-3	2.933741E-4
3.940000E-3	3.627419E-3
3.945000E-3	4.338920E-3
3.950000E-3	3.343642E-3
3.955000E-3	4.075706E-3
3.960000E-3	4.698098E-3
3.965000E-3	3.859103E-3
3.970000E-3	3.517747E-3
3.975000E-3	2.895355E-3
3.980000E-3	5.798936E-4
3.985000E-3	4.523993E-5
3.990000E-3	6.717443E-5
3.995000E-3	-5.483627E-6
4.000000E-3	1.909673E-3
4.005000E-3	3.096879E-3
4.010000E-3	1.950800E-3
4.015000E-3	7.430315E-4
4.020000E-3	3.715158E-4
4.025000E-3	1.110435E-4
4.030000E-3	1.314700E-3
4.035000E-3	4.041433E-3
4.040000E-3	5.713940E-3
4.045000E-3	5.538464E-3
4.050000E-3	5.923688E-3
4.055000E-3	4.818738E-3
4.060000E-3	2.127647E-3
4.065000E-3	4.592538E-4
4.070000E-3	-1.000762E-4
4.075000E-3	-1.433969E-3
4.080000E-3	-2.532065E-3
4.085000E-3	-3.266871E-3
4.090000E-3	-4.855752E-3
4.095000E-3	-6.052554E-3
4.100000E-3	-4.576087E-3
4.105000E-3	-3.591776E-3
4.110000E-3	-5.007923E-3
4.115000E-3	-7.442653E-3
4.120000E-3	-1.020503E-2
4.125000E-3	-1.380914E-2
4.130000E-3	-1.534045E-2
4.135000E-3	-1.307023E-2
4.140000E-3	-9.330392E-3
4.145000E-3	-4.160702E-3
4.150000E-3	1.996040E-3
4.155000E-3	6.184161E-3
4.160000E-3	8.259714E-3
4.165000E-3	8.447528E-3
4.170000E-3	7.592082E-3
4.175000E-3	6.817520E-3
4.180000E-3	6.129324E-3
4.185000E-3	5.064130E-3
4.190000E-3	4.181266E-3
4.195000E-3	4.189491E-3
4.200000E-3	4.031837E-3
4.205000E-3	3.434122E-3
4.210000E-3	3.198326E-3
4.215000E-3	3.317595E-3
4.220000E-3	3.660321E-3
4.225000E-3	4.492462E-3
4.230000E-3	5.520642E-3
4.235000E-3	6.439149E-3
4.240000E-3	5.665958E-3
4.245000E-3	3.912568E-3
4.250000E-3	3.022850E-3
4.255000E-3	1.566947E-3
4.260000E-3	-1.135111E-3
4.265000E-3	-3.312111E-3
4.270000E-3	-5.563140E-3
4.275000E-3	-9.223461E-3
4.280000E-3	-1.216817E-2
4.285000E-3	-1.226002E-2
4.290000E-3	-1.110709E-2
4.295000E-3	-8.564055E-3
4.300000E-3	-4.078448E-3
4.305000E-3	4.715919E-4
4.310000E-3	2.755523E-3
4.315000E-3	3.600001E-3
4.320000E-3	3.103733E-3
4.325000E-3	1.218736E-3
4.330000E-3	-4.935265E-5
4.335000E-3	-1.979589E-3
4.340000E-3	-3.883779E-3
4.345000E-3	-3.812492E-3
4.350000E-3	-2.518356E-3
4.355000E-3	-1.096725E-3
4.360000E-3	1.139224E-3
4.365000E-3	2.444327E-3
4.370000E-3	2.384007E-3
4.375000E-3	2.573192E-3
4.380000E-3	3.014624E-3
4.385000E-3	2.852857E-3
4.390000E-3	3.209293E-3
4.395000E-3	3.752172E-3
4.400000E-3	3.797412E-3
4.405000E-3	4.188120E-3
4.410000E-3	4.835188E-3
4.415000E-3	4.840672E-3
4.420000E-3	3.176391E-3
4.425000E-3	1.835644E-3
4.430000E-3	1.693070E-3
4.435000E-3	2.920032E-3
4.440000E-3	5.478144E-3
4.445000E-3	7.465959E-3
4.450000E-3	6.452858E-3
4.455000E-3	2.529323E-3
4.460000E-3	-2.822697E-3
4.465000E-3	-7.556438E-3
4.470000E-3	-9.497643E-3
4.475000E-3	-8.690178E-3
4.480000E-3	-6.510437E-3
4.485000E-3	-4.048288E-3
4.490000E-3	-1.592994E-3
4.495000E-3	1.173496E-3
4.500000E-3	3.292918E-3
4.505000E-3	4.899621E-3
4.510000E-3	5.320489E-3
4.515000E-3	5.704343E-3
4.520000E-3	5.379438E-3
4.525000E-3	4.242957E-3
4.530000E-3	2.776086E-3
4.535000E-3	2.673268E-4
4.540000E-3	-3.759027E-3
4.545000E-3	-7.538617E-3
4.550000E-3	-1.018173E-2
4.555000E-3	-1.145804E-2
4.560000E-3	-1.007068E-2
4.565000E-3	-6.798327E-3
4.570000E-3	-2.895355E-3
4.575000E-3	2.526581E-3
4.580000E-3	8.104801E-3
4.585000E-3	1.148272E-2
4.590000E-3	1.219010E-2
4.595000E-3	1.089597E-2
4.600000E-3	8.361161E-3
4.605000E-3	5.739987E-3
4.610000E-3	2.647221E-3
4.615000E-3	-4.071593E-4
4.620000E-3	-1.954913E-3
4.625000E-3	-2.379894E-3
4.630000E-3	-2.288043E-3
4.635000E-3	-1.857579E-3
4.640000E-3	-5.442500E-4
4.645000E-3	6.717443E-4
4.650000E-3	1.653314E-3
4.655000E-3	2.932370E-3
4.660000E-3	3.737092E-3
4.665000E-3	5.147755E-3
4.670000E-3	7.731915E-3
4.675000E-3	9.980202E-3
4.680000E-3	1.129353E-2
4.685000E-3	1.119208E-2
4.690000E-3	8.403659E-3
4.695000E-3	3.169537E-3
4.700000E-3	-2.022088E-3
4.705000E-3	-6.255448E-3
4.710000E-3	-9.042501E-3
4.715000E-3	-9.770453E-3
4.720000E-3	-8.518815E-3
4.725000E-3	-7.227421E-3
4.730000E-3	-5.953848E-3
4.735000E-3	-4.714549E-3
4.740000E-3	-4.555523E-3
4.745000E-3	-4.885912E-3
4.750000E-3	-4.491091E-3
4.755000E-3	-4.066110E-3
4.760000E-3	-4.074335E-3
4.765000E-3	-2.780199E-3
4.770000E-3	-1.525819E-3
4.775000E-3	-9.843111E-4
4.780000E-3	-4.112720E-4
4.785000E-3	2.042651E-4
4.790000E-3	5.209446E-4
4.795000E-3	1.196802E-3
4.800000E-3	8.156896E-4
4.805000E-3	-1.701295E-3
4.810000E-3	-5.644023E-3
4.815000E-3	-9.424984E-3
4.820000E-3	-1.170343E-2
4.825000E-3	-1.003778E-2
4.830000E-3	-5.013406E-3
4.835000E-3	4.866719E-4
4.840000E-3	5.251944E-3
4.845000E-3	8.720338E-3
4.850000E-3	1.106733E-2
4.855000E-3	1.298523E-2
4.860000E-3	1.490176E-2
4.865000E-3	1.614654E-2
4.870000E-3	1.667571E-2
4.875000E-3	1.534045E-2
4.880000E-3	1.147312E-2
4.885000E-3	5.653620E-3
4.890000E-3	1.494288E-4
4.895000E-3	-4.136026E-3
4.900000E-3	-6.700993E-3
4.905000E-3	-7.271290E-3
4.910000E-3	-6.980658E-3
4.915000E-3	-6.949127E-3
4.920000E-3	-7.242501E-3
4.925000E-3	-8.163750E-3
4.930000E-3	-9.370148E-3
4.935000E-3	-1.002681E-2
4.940000E-3	-9.714246E-3
4.945000E-3	-8.457124E-3
4.950000E-3	-5.792081E-3
4.955000E-3	-1.853466E-3
4.960000E-3	2.426505E-3
4.965000E-3	6.222546E-3
4.970000E-3	9.209752E-3
4.975000E-3	1.048881E-2
4.980000E-3	1.038325E-2
4.985000E-3	9.150803E-3
4.990000E-3	6.063521E-3
4.995000E-3	1.753390E-3
5.000000E-3	-2.326429E-3
5.005000E-3	-5.955219E-3
5.010000E-3	-7.534504E-3
5.015000E-3	-5.853772E-3
5.020000E-3	-3.125668E-3
5.025000E-3	3.797412E-4
5.030000E-3	3.822088E-3
5.035000E-3	6.180048E-3
5.040000E-3	7.535875E-3
5.045000E-3	8.904040E-3
5.050000E-3	9.701908E-3
5.055000E-3	9.754002E-3
5.060000E-3	8.871138E-3
5.065000E-3	7.056057E-3
5.070000E-3	4.273117E-3
5.075000E-3	1.272202E-3
5.080000E-3	-1.096725E-3
5.085000E-3	-2.366185E-3
5.090000E-3	-3.351867E-3
5.095000E-3	-4.544556E-3
5.100000E-3	-6.400764E-3
5.105000E-3	-8.063674E-3
5.110000E-3	-8.484542E-3
5.115000E-3	-7.300079E-3
5.120000E-3	-5.143642E-3
5.125000E-3	-2.596498E-3
5.130000E-3	-2.933741E-4
5.135000E-3	1.464128E-3
5.140000E-3	2.717137E-3
5.145000E-3	3.185987E-3
5.150000E-3	2.207160E-3
5.155000E-3	-2.152324E-4
5.160000E-3	-3.017366E-3
5.165000E-3	-5.094290E-3
5.170000E-3	-5.700231E-3
5.175000E-3	-4.866719E-3
5.180000E-3	-3.316224E-3
5.185000E-3	-1.444936E-3
5.190000E-3	2.741814E-4
5.195000E-3	1.095355E-3
5.200000E-3	1.321554E-3
5.205000E-3	2.233207E-3
5.210000E-3	4.670680E-3
5.215000E-3	8.065045E-3
5.220000E-3	1.087266E-2
5.225000E-3	1.192552E-2
5.230000E-3	1.029962E-2
5.235000E-3	6.244481E-3
5.240000E-3	1.571059E-3
5.245000E-3	-3.431380E-3
5.250000E-3	-7.227421E-3
5.255000E-3	-8.836865E-3
5.260000E-3	-7.907391E-3
5.265000E-3	-5.169690E-3
5.270000E-3	-1.512110E-3
5.275000E-3	1.808226E-3
5.280000E-3	4.356742E-3
5.285000E-3	6.132066E-3
5.290000E-3	6.581724E-3
5.295000E-3	5.035341E-3
5.300000E-3	2.041280E-3
5.305000E-3	-8.924603E-4
5.310000E-3	-3.009140E-3
5.315000E-3	-3.450572E-3
5.320000E-3	-2.120793E-3
5.325000E-3	-7.128716E-5
5.330000E-3	1.454532E-3
5.335000E-3	2.486825E-3
5.340000E-3	1.971364E-3
5.345000E-3	4.578829E-4
5.350000E-3	-1.354456E-3
5.355000E-3	-2.884388E-3
5.360000E-3	-3.754914E-3
5.365000E-3	-3.105104E-3
5.370000E-3	-1.642346E-3
5.375000E-3	1.357198E-4
5.380000E-3	1.605332E-3
5.385000E-3	2.022088E-3
5.390000E-3	1.890481E-3
5.395000E-3	2.222240E-3
5.400000E-3	3.317595E-3
5.405000E-3	4.732370E-3
5.410000E-3	6.303430E-3
5.415000E-3	7.694900E-3
5.420000E-3	7.844329E-3
5.425000E-3	7.249355E-3
5.430000E-3	6.295204E-3
5.435000E-3	5.110741E-3
5.440000E-3	3.882408E-3
5.445000E-3	2.741814E-3
5.450000E-3	1.025438E-3
5.455000E-3	-1.569688E-3
5.460000E-3	-4.659712E-3
5.465000E-3	-7.766187E-3
5.470000E-3	-9.719729E-3
5.475000E-3	-9.156287E-3
5.480000E-3	-6.533742E-3
5.485000E-3	-2.736330E-3
5.490000E-3	1.084387E-3
5.495000E-3	3.111959E-3
5.500000E-3	2.693832E-3
5.505000E-3	4.990101E-4
5.510000E-3	-2.057731E-3
5.515000E-3	-3.700078E-3
5.520000E-3	-3.266871E-3
5.525000E-3	-1.154304E-3
5.530000E-3	1.424372E-3
5.535000E-3	3.776848E-3
5.540000E-3	4.853010E-3
5.545000E-3	5.095661E-3
5.550000E-3	4.777610E-3
5.555000E-3	4.544556E-3
5.560000E-3	4.245698E-3
5.565000E-3	3.742576E-3
5.570000E-3	3.423154E-3
5.575000E-3	2.272964E-3
5.580000E-3	5.552173E-4
5.585000E-3	-1.701295E-3
5.590000E-3	-4.515767E-3
5.595000E-3	-7.272661E-3
5.600000E-3	-9.301603E-3
5.605000E-3	-1.036543E-2
5.610000E-3	-1.009673E-2
5.615000E-3	-8.225441E-3
5.620000E-3	-5.253315E-3
5.625000E-3	-1.750648E-3
5.630000E-3	1.838386E-3
5.635000E-3	4.869461E-3
5.640000E-3	6.903887E-3
5.645000E-3	8.392692E-3
5.650000E-3	9.109676E-3
5.655000E-3	8.668244E-3
5.660000E-3	7.237017E-3
5.665000E-3	4.263520E-3
5.670000E-3	5.332828E-4
5.675000E-3	-2.629399E-3
5.680000E-3	-4.711807E-3
5.685000E-3	-5.420566E-3
5.690000E-3	-4.382789E-3
5.695000E-3	-2.016604E-3
5.700000E-3	-1.795888E-4
5.705000E-3	9.308457E-4
5.710000E-3	1.338005E-3
5.715000E-3	8.979440E-4
5.720000E-3	1.357198E-4
5.725000E-3	-5.853772E-4
5.730000E-3	-1.114547E-3
5.735000E-3	-1.443565E-3
5.740000E-3	-1.273572E-3
5.745000E-3	-9.500384E-4
5.750000E-3	-2.714396E-4
5.755000E-3	3.139377E-4
5.760000E-3	2.467632E-4
5.765000E-3	-5.620718E-4
5.770000E-3	-1.564205E-3
5.775000E-3	-2.599239E-3
5.780000E-3	-3.206551E-3
5.785000E-3	-2.654076E-3
5.790000E-3	-1.405180E-3
5.795000E-3	-3.975630E-5
5.800000E-3	7.032752E-4
5.805000E-3	7.567406E-4
5.810000E-3	4.003048E-4
5.815000E-3	-4.523993E-5
5.820000E-3	3.523231E-4
5.825000E-3	1.355827E-3
5.830000E-3	2.667785E-3
5.835000E-3	3.698707E-3
5.840000E-3	3.667176E-3
5.845000E-3	3.266871E-3
5.850000E-3	3.150344E-3
5.855000E-3	2.998173E-3
5.860000E-3	2.734959E-3
5.865000E-3	2.238691E-3
5.870000E-3	7.169843E-4
5.875000E-3	-1.756132E-3
5.880000E-3	-4.726887E-3
5.885000E-3	-7.104039E-3
5.890000E-3	-8.602440E-3
5.895000E-3	-8.518815E-3
5.900000E-3	-7.423460E-3
5.905000E-3	-5.686522E-3
5.910000E-3	-3.678143E-3
5.915000E-3	-1.080275E-3
5.920000E-3	1.484692E-3
5.925000E-3	4.100382E-3
5.930000E-3	6.348670E-3
5.935000E-3	7.786751E-3
5.940000E-3	8.097947E-3
5.945000E-3	7.786751E-3
5.950000E-3	6.788731E-3
5.955000E-3	5.515158E-3
5.960000E-3	3.931761E-3
5.965000E-3	2.017975E-3
5.970000E-3	1.891851E-4
5.975000E-3	-1.620412E-3
5.980000E-3	-3.650725E-3
5.985000E-3	-5.216300E-3
5.990000E-3	-5.786598E-3
5.995000E-3	-5.456209E-3
6.000000E-3	-4.484236E-3
6.005000E-3	-2.984464E-3
6.010000E-3	-1.192689E-3
6.015000E-3	7.320642E-4
6.020000E-3	3.401220E-3
6.025000E-3	6.177306E-3
6.030000E-3	8.956134E-3
6.035000E-3	1.087403E-2
6.040000E-3	1.129627E-2
6.045000E-3	1.020092E-2
6.050000E-3	8.069158E-3
6.055000E-3	5.286217E-3
6.060000E-3	2.017975E-3
6.065000E-3	-8.198023E-4
6.070000E-3	-2.819955E-3
6.075000E-3	-3.863215E-3
6.080000E-3	-4.201829E-3
6.085000E-3	-4.078448E-3
6.090000E-3	-3.201067E-3
6.095000E-3	-2.278447E-3
6.100000E-3	-1.431227E-3
6.105000E-3	-9.143949E-4
6.110000E-3	-8.156896E-4
6.115000E-3	-7.923841E-4
6.120000E-3	-5.579591E-4
6.125000E-3	-3.975630E-5
6.130000E-3	3.372431E-4
6.135000E-3	2.440214E-4
6.140000E-3	-6.607771E-4
6.145000E-3	-2.238691E-3
6.150000E-3	-3.473878E-3
6.155000E-3	-3.879666E-3
6.160000E-3	-2.992690E-3
6.165000E-3	-1.322925E-3
6.170000E-3	1.891851E-4
6.175000E-3	1.597106E-3
6.180000E-3	2.507389E-3
6.185000E-3	3.265500E-3
6.190000E-3	3.380656E-3
6.195000E-3	2.936482E-3
6.200000E-3	2.097487E-3
6.205000E-3	1.069307E-3
6.210000E-3	-3.783703E-4
6.215000E-3	-1.277685E-3
6.220000E-3	-1.890481E-3
6.225000E-3	-2.137244E-3
6.230000E-3	-1.890481E-3
6.235000E-3	-1.684844E-3
6.240000E-3	-1.265347E-3
6.245000E-3	-7.430315E-4
6.250000E-3	-6.443262E-5
6.255000E-3	9.130239E-4
6.260000E-3	1.952171E-3
6.265000E-3	2.762377E-3
6.270000E-3	3.528714E-3
6.275000E-3	4.085302E-3
6.280000E-3	4.075706E-3
6.285000E-3	3.313482E-3
6.290000E-3	1.827419E-3
6.295000E-3	-1.946688E-4
6.300000E-3	-1.972735E-3
6.305000E-3	-3.480732E-3
6.310000E-3	-4.445851E-3
6.315000E-3	-4.942119E-3
6.320000E-3	-4.677534E-3
6.325000E-3	-4.045546E-3
6.330000E-3	-3.266871E-3
6.335000E-3	-2.458036E-3
6.340000E-3	-1.952171E-3
6.345000E-3	-1.752019E-3
6.350000E-3	-1.475096E-3
6.355000E-3	-1.237929E-3
6.360000E-3	-7.361770E-4
6.365000E-3	-1.782179E-5
6.370000E-3	8.252859E-4
6.375000E-3	1.997411E-3
6.380000E-3	2.824068E-3
6.385000E-3	3.223002E-3
6.390000E-3	3.338158E-3
6.395000E-3	3.691852E-3
6.400000E-3	4.336178E-3
6.405000E-3	5.235493E-3
6.410000E-3	5.856514E-3
6.415000E-3	5.959332E-3
6.420000E-3	5.523384E-3
6.425000E-3	4.674792E-3
6.430000E-3	3.309369E-3
6.435000E-3	1.407921E-3
6.440000E-3	-1.383245E-3
6.445000E-3	-4.465044E-3
6.450000E-3	-7.294595E-3
6.455000E-3	-9.246767E-3
6.460000E-3	-1.017761E-2
6.465000E-3	-9.629250E-3
6.470000E-3	-8.097947E-3
6.475000E-3	-5.829096E-3
6.480000E-3	-3.428638E-3
6.485000E-3	-7.649660E-4
6.490000E-3	1.067936E-3
6.495000E-3	2.323687E-3
6.500000E-3	3.188729E-3
6.505000E-3	3.801525E-3
6.510000E-3	4.617214E-3
6.515000E-3	5.457580E-3
6.520000E-3	5.644023E-3
6.525000E-3	4.887283E-3
6.530000E-3	3.428638E-3
6.535000E-3	1.911044E-3
6.540000E-3	1.261234E-3
6.545000E-3	1.534045E-3
6.550000E-3	2.937853E-3
6.555000E-3	4.769385E-3
6.560000E-3	6.578982E-3
6.565000E-3	7.507086E-3
6.570000E-3	7.105410E-3
6.575000E-3	5.576849E-3
6.580000E-3	3.800154E-3
6.585000E-3	2.139986E-3
6.590000E-3	8.691549E-4
6.595000E-3	-3.194213E-4
6.600000E-3	-1.195431E-3
6.605000E-3	-2.560854E-3
6.610000E-3	-3.739834E-3
6.615000E-3	-5.023003E-3
6.620000E-3	-6.019652E-3
6.625000E-3	-6.378829E-3
6.630000E-3	-6.192386E-3
6.635000E-3	-5.567253E-3
6.640000E-3	-4.396498E-3
6.645000E-3	-3.048897E-3
6.650000E-3	-1.820564E-3
6.655000E-3	-1.103580E-3
6.660000E-3	-8.006096E-4
6.665000E-3	-8.060932E-4
6.670000E-3	-1.132369E-3
6.675000E-3	-1.509368E-3
6.680000E-3	-1.719117E-3
6.685000E-3	-1.594365E-3
6.690000E-3	-1.093984E-3
6.695000E-3	-1.343489E-4
6.700000E-3	1.118660E-3
6.705000E-3	2.109826E-3
6.710000E-3	3.076315E-3
6.715000E-3	3.620565E-3
6.720000E-3	4.074335E-3
6.725000E-3	4.720032E-3
6.730000E-3	5.490482E-3
6.735000E-3	6.522775E-3
6.740000E-3	7.531762E-3
6.745000E-3	8.644938E-3
6.750000E-3	9.619653E-3
6.755000E-3	1.021600E-2
6.760000E-3	9.869158E-3
6.765000E-3	8.424222E-3
6.770000E-3	6.753087E-3
6.775000E-3	4.778981E-3
6.780000E-3	2.515614E-3
6.785000E-3	-2.577305E-4
6.790000E-3	-3.424525E-3
6.795000E-3	-6.966949E-3
6.800000E-3	-9.907544E-3
6.805000E-3	-1.203108E-2
6.810000E-3	-1.251364E-2
6.815000E-3	-1.200914E-2
6.820000E-3	-1.028591E-2
6.825000E-3	-7.703125E-3
6.830000E-3	-5.047679E-3
6.835000E-3	-2.649963E-3
6.840000E-3	-5.538464E-4
6.845000E-3	9.061694E-4
6.850000E-3	2.070069E-3
6.855000E-3	2.676010E-3
6.860000E-3	2.988577E-3
6.865000E-3	2.928257E-3
6.870000E-3	2.323687E-3
6.875000E-3	1.444936E-3
6.880000E-3	3.276467E-4
6.885000E-3	-7.773042E-4
6.890000E-3	-1.772583E-3
6.895000E-3	-1.857579E-3
6.900000E-3	-1.580656E-3
6.905000E-3	-6.347299E-4
6.910000E-3	5.894899E-4
6.915000E-3	1.820564E-3
6.920000E-3	2.852857E-3
6.925000E-3	3.368318E-3
6.930000E-3	3.207922E-3
6.935000E-3	2.867937E-3
6.940000E-3	2.674639E-3
6.945000E-3	2.237320E-3
6.950000E-3	1.935720E-3
6.955000E-3	1.539528E-3
6.960000E-3	9.774566E-4
6.965000E-3	1.480579E-4
6.970000E-3	-1.122773E-3
6.975000E-3	-1.996040E-3
6.980000E-3	-2.707541E-3
6.985000E-3	-2.745926E-3
6.990000E-3	-2.371669E-3
6.995000E-3	-1.621783E-3
7.000000E-3	-1.081645E-3
7.005000E-3	-9.020567E-4
7.010000E-3	-9.733438E-4
7.015000E-3	-1.157045E-3
7.020000E-3	-1.332521E-3
7.025000E-3	-1.280427E-3
7.030000E-3	-6.566644E-4
7.035000E-3	1.069307E-4
7.040000E-3	1.092613E-3
7.045000E-3	2.403200E-3
7.050000E-3	3.309369E-3
7.055000E-3	3.645241E-3
7.060000E-3	3.497183E-3
7.065000E-3	2.630770E-3
7.070000E-3	1.451790E-3
7.075000E-3	-5.483627E-5
7.080000E-3	-1.771212E-3
7.085000E-3	-3.216147E-3
7.090000E-3	-3.779590E-3
7.095000E-3	-3.549278E-3
7.100000E-3	-2.872050E-3
7.105000E-3	-1.706779E-3
7.110000E-3	-4.469156E-4
7.115000E-3	6.772280E-4
7.120000E-3	1.738310E-3
7.125000E-3	2.444327E-3
7.130000E-3	2.893984E-3
7.135000E-3	2.995431E-3
7.140000E-3	2.515614E-3
7.145000E-3	1.494288E-3
7.150000E-3	5.044937E-4
7.155000E-3	-2.248287E-4
7.160000E-3	4.249811E-5
7.165000E-3	1.162529E-3
7.170000E-3	2.564967E-3
7.175000E-3	3.834426E-3
7.180000E-3	4.658341E-3
7.185000E-3	4.948974E-3
7.190000E-3	5.097032E-3
7.195000E-3	5.103886E-3
7.200000E-3	5.173802E-3
7.205000E-3	5.495965E-3
7.210000E-3	5.394518E-3
7.215000E-3	5.013406E-3
7.220000E-3	4.205942E-3
7.225000E-3	3.354609E-3
7.230000E-3	2.673268E-3
7.235000E-3	2.294898E-3
7.240000E-3	2.134502E-3
7.245000E-3	1.721859E-3
7.250000E-3	1.024067E-3
7.255000E-3	-2.193451E-5
7.260000E-3	-1.643717E-3
7.265000E-3	-3.661692E-3
7.270000E-3	-5.458951E-3
7.275000E-3	-7.363141E-3
7.280000E-3	-8.558571E-3
7.285000E-3	-8.919120E-3
7.290000E-3	-8.976698E-3
7.295000E-3	-8.644938E-3
7.300000E-3	-7.338464E-3
7.305000E-3	-5.793452E-3
7.310000E-3	-4.019499E-3
7.315000E-3	-2.102971E-3
7.320000E-3	-2.220869E-4
7.325000E-3	2.071440E-3
7.330000E-3	4.089415E-3
7.335000E-3	5.760550E-3
7.340000E-3	6.917596E-3
7.345000E-3	7.263064E-3
7.350000E-3	6.653011E-3
7.355000E-3	5.578220E-3
7.360000E-3	4.449964E-3
7.365000E-3	3.534198E-3
7.370000E-3	2.700686E-3
7.375000E-3	2.016604E-3
7.380000E-3	1.863062E-3
7.385000E-3	1.779437E-3
7.390000E-3	1.642346E-3
7.395000E-3	1.447678E-3
7.400000E-3	9.568930E-4
7.405000E-3	6.169081E-5
7.410000E-3	-5.936027E-4
7.415000E-3	-1.098096E-3
7.420000E-3	-1.250267E-3
7.425000E-3	-1.342118E-3
7.430000E-3	-1.107693E-3
7.435000E-3	-1.035035E-3
7.440000E-3	-8.444786E-4
7.445000E-3	-7.361770E-4
7.450000E-3	-4.222393E-4
7.455000E-3	-9.596348E-6
7.460000E-3	4.071593E-4
7.465000E-3	8.554459E-4
7.470000E-3	1.335263E-3
7.475000E-3	1.178980E-3
7.480000E-3	4.770756E-4
7.485000E-3	-2.481341E-4
7.490000E-3	-8.444786E-4
7.495000E-3	-1.054227E-3
7.500000E-3	-7.704496E-4
7.505000E-3	2.741814E-5
7.510000E-3	4.853010E-4
7.515000E-3	7.019043E-4
7.520000E-3	2.330542E-4
7.525000E-3	-1.837015E-4
7.530000E-3	-7.485151E-4
7.535000E-3	-1.311958E-3
7.540000E-3	-1.494288E-3
7.545000E-3	-1.130998E-3
7.550000E-3	-1.096725E-3
7.555000E-3	-8.568168E-4
7.560000E-3	-4.853010E-4
7.565000E-3	-3.029704E-4
7.570000E-3	-5.620718E-5
7.575000E-3	-6.854534E-5
7.580000E-3	-1.425743E-4
7.585000E-3	-4.428029E-4
7.590000E-3	-5.771518E-4
7.595000E-3	-1.151562E-4
7.600000E-3	5.757809E-4
7.605000E-3	1.350343E-3
7.610000E-3	2.445698E-3
7.615000E-3	3.135264E-3
7.620000E-3	3.741205E-3
7.625000E-3	4.078448E-3
7.630000E-3	3.919423E-3
7.635000E-3	3.349125E-3
7.640000E-3	2.866566E-3
7.645000E-3	1.893222E-3
7.650000E-3	6.265044E-4
7.655000E-3	-9.733438E-4
7.660000E-3	-2.656817E-3
7.665000E-3	-4.242957E-3
7.670000E-3	-5.495965E-3
7.675000E-3	-6.337702E-3
7.680000E-3	-6.720185E-3
7.685000E-3	-6.787360E-3
7.690000E-3	-6.419957E-3
7.695000E-3	-6.045699E-3
7.700000E-3	-5.283475E-3
7.705000E-3	-4.008532E-3
7.710000E-3	-2.798021E-3
7.715000E-3	-1.110435E-3
7.720000E-3	9.418130E-4
7.725000E-3	2.833664E-3
7.730000E-3	4.491091E-3
7.735000E-3	5.646765E-3
7.740000E-3	6.422698E-3
7.745000E-3	6.764054E-3
7.750000E-3	6.798327E-3
7.755000E-3	6.617367E-3
7.760000E-3	5.767405E-3
7.765000E-3	4.761159E-3
7.770000E-3	3.403962E-3
7.775000E-3	1.817822E-3
7.780000E-3	2.892613E-4
7.785000E-3	-6.731153E-4
7.790000E-3	-1.299620E-3
7.795000E-3	-1.524448E-3
7.800000E-3	-1.483321E-3
7.805000E-3	-9.747148E-4
7.810000E-3	-1.000762E-4
7.815000E-3	8.527040E-4
7.820000E-3	1.450419E-3
7.825000E-3	1.616299E-3
7.830000E-3	1.357198E-3
7.835000E-3	6.539226E-4
7.840000E-3	-5.072355E-5
7.845000E-3	-6.909370E-4
7.850000E-3	-1.377761E-3
7.855000E-3	-1.623154E-3
7.860000E-3	-1.734197E-3
7.865000E-3	-1.923382E-3
7.870000E-3	-2.085149E-3
7.875000E-3	-1.804113E-3
7.880000E-3	-1.412034E-3
7.885000E-3	-8.828640E-4
7.890000E-3	-4.935265E-5
7.895000E-3	7.896423E-4
7.900000E-3	1.791775E-3
7.905000E-3	2.832294E-3
7.910000E-3	3.993452E-3
7.915000E-3	5.267024E-3
7.920000E-3	6.377459E-3
7.925000E-3	6.743491E-3
7.930000E-3	6.765425E-3
7.935000E-3	6.162226E-3
7.940000E-3	5.050421E-3
7.945000E-3	3.609598E-3
7.950000E-3	2.130389E-3
7.955000E-3	7.019043E-4
7.960000E-3	-4.510283E-4
7.965000E-3	-1.251638E-3
7.970000E-3	-1.971364E-3
7.975000E-3	-2.566338E-3
7.980000E-3	-3.244936E-3
7.985000E-3	-4.082561E-3
7.990000E-3	-4.652858E-3
7.995000E-3	-4.698098E-3
8.000000E-3	-4.311502E-3
8.005000E-3	-3.070831E-3
8.010000E-3	-1.738310E-3
8.015000E-3	-2.275705E-4
8.020000E-3	9.925365E-4
8.025000E-3	1.603961E-3
8.030000E-3	1.487434E-3
8.035000E-3	1.096725E-3
8.040000E-3	5.620718E-4
8.045000E-3	-1.302361E-4
8.050000E-3	-1.043260E-3
8.055000E-3	-2.305865E-3
8.060000E-3	-3.327191E-3
8.065000E-3	-3.720641E-3
8.070000E-3	-3.745317E-3
8.075000E-3	-3.645241E-3
8.080000E-3	-2.922773E-3
8.085000E-3	-1.964509E-3
8.090000E-3	-8.252859E-4
8.095000E-3	3.961921E-4
8.100000E-3	1.287282E-3
8.105000E-3	1.776695E-3
8.110000E-3	2.433360E-3
8.115000E-3	2.937853E-3
8.120000E-3	3.371060E-3
8.125000E-3	3.790557E-3
8.130000E-3	4.244328E-3
8.135000E-3	4.474640E-3
8.140000E-3	4.507542E-3
8.145000E-3	4.152477E-3
8.150000E-3	4.008532E-3
8.155000E-3	3.901601E-3
8.160000E-3	3.774107E-3
8.165000E-3	3.678143E-3
8.170000E-3	3.170907E-3
8.175000E-3	2.456665E-3
8.180000E-3	1.529932E-3
8.185000E-3	4.551411E-4
8.190000E-3	-5.881190E-4
8.195000E-3	-1.224220E-3
8.200000E-3	-1.772583E-3
8.205000E-3	-1.837015E-3
8.210000E-3	-1.420259E-3
8.215000E-3	-1.007617E-3
8.220000E-3	-6.045699E-4
8.225000E-3	-7.937551E-4
8.230000E-3	-1.155674E-3
8.235000E-3	-1.998782E-3
8.240000E-3	-3.003657E-3
8.245000E-3	-3.868699E-3
8.250000E-3	-4.333436E-3
8.255000E-3	-4.430771E-3
8.260000E-3	-4.185379E-3
8.265000E-3	-3.131151E-3
8.270000E-3	-1.436710E-3
8.275000E-3	6.265044E-4
8.280000E-3	2.452552E-3
8.285000E-3	4.456818E-3
8.290000E-3	5.778372E-3
8.295000E-3	6.480277E-3
8.300000E-3	6.551564E-3
8.305000E-3	6.238997E-3
8.310000E-3	5.537093E-3
8.315000E-3	4.570603E-3
8.320000E-3	3.430009E-3
8.325000E-3	2.208531E-3
8.330000E-3	1.035035E-3
8.335000E-3	-3.701448E-5
8.340000E-3	-9.719729E-4
8.345000E-3	-1.772583E-3
8.350000E-3	-2.559483E-3
8.355000E-3	-2.861083E-3
8.360000E-3	-3.465652E-3
8.365000E-3	-3.896117E-3
8.370000E-3	-4.133284E-3
8.375000E-3	-4.056513E-3
8.380000E-3	-4.063368E-3
8.385000E-3	-4.053771E-3
8.390000E-3	-4.034579E-3
8.395000E-3	-3.971517E-3
8.400000E-3	-3.532827E-3
8.405000E-3	-2.856970E-3
8.410000E-3	-2.016604E-3
8.415000E-3	-9.815693E-4
8.420000E-3	5.757809E-5
8.425000E-3	8.527040E-4
8.430000E-3	1.806855E-3
8.435000E-3	2.440214E-3
8.440000E-3	2.935112E-3
8.445000E-3	3.366947E-3
8.450000E-3	3.708303E-3
8.455000E-3	3.632903E-3
8.460000E-3	3.590405E-3
8.465000E-3	3.325820E-3
8.470000E-3	2.866566E-3
8.475000E-3	2.304494E-3
8.480000E-3	1.536787E-3
8.485000E-3	9.623766E-4
8.490000E-3	4.044175E-4
8.495000E-3	5.031228E-4
8.500000E-3	5.798936E-4
8.505000E-3	8.444786E-4
8.510000E-3	1.331151E-3
8.515000E-3	1.987815E-3
8.520000E-3	2.164662E-3
8.525000E-3	1.942575E-3
8.530000E-3	1.576543E-3
8.535000E-3	6.977916E-4
8.540000E-3	-5.469918E-4
8.545000E-3	-1.306474E-3
8.550000E-3	-1.941204E-3
8.555000E-3	-2.166033E-3
8.560000E-3	-1.786292E-3
8.565000E-3	-1.161158E-3
8.570000E-3	-9.390712E-4
8.575000E-3	-7.238388E-4
8.580000E-3	-5.415082E-4
8.585000E-3	-9.486675E-4
8.590000E-3	-1.503885E-3
8.595000E-3	-2.035797E-3
8.600000E-3	-1.684844E-3
8.605000E-3	-1.109064E-3
8.610000E-3	-2.604723E-5
8.615000E-3	1.074791E-3
8.620000E-3	1.680732E-3
8.625000E-3	1.998782E-3
8.630000E-3	1.939833E-3
8.635000E-3	1.765728E-3
8.640000E-3	1.560092E-3
8.645000E-3	1.469612E-3
8.650000E-3	1.490176E-3
8.655000E-3	1.586139E-3
8.660000E-3	1.923382E-3
8.665000E-3	1.982331E-3
8.670000E-3	2.005637E-3
8.675000E-3	1.832902E-3
8.680000E-3	1.551867E-3
8.685000E-3	1.491547E-3
8.690000E-3	1.279056E-3
8.695000E-3	1.554608E-3
8.700000E-3	1.650572E-3
8.705000E-3	1.657426E-3
8.710000E-3	1.694441E-3
8.715000E-3	1.757503E-3
8.720000E-3	1.906931E-3
8.725000E-3	1.428485E-3
8.730000E-3	9.651184E-4
8.735000E-3	4.181266E-4
8.740000E-3	-3.838539E-4
8.745000E-3	-9.253621E-4
8.750000E-3	-1.321554E-3
8.755000E-3	-1.199543E-3
8.760000E-3	-7.115006E-4
8.765000E-3	1.206398E-4
8.770000E-3	9.815693E-4
8.775000E-3	1.532674E-3
8.780000E-3	1.780808E-3
8.785000E-3	1.602590E-3
8.790000E-3	7.951260E-4
8.795000E-3	-3.180504E-4
8.800000E-3	-1.246154E-3
8.805000E-3	-1.810968E-3
8.810000E-3	-2.301753E-3
8.815000E-3	-2.283931E-3
8.820000E-3	-1.997411E-3
8.825000E-3	-1.827419E-3
8.830000E-3	-1.327038E-3
8.835000E-3	-7.402897E-4
8.840000E-3	1.096725E-4
8.845000E-3	1.047373E-3
8.850000E-3	2.038538E-3
8.855000E-3	2.928257E-3
8.860000E-3	3.626049E-3
8.865000E-3	3.875554E-3
8.870000E-3	3.573954E-3
8.875000E-3	2.632141E-3
8.880000E-3	1.547754E-3
8.885000E-3	3.660321E-4
8.890000E-3	-5.250573E-4
8.895000E-3	-1.158416E-3
8.900000E-3	-1.370907E-3
8.905000E-3	-1.213253E-3
8.910000E-3	-6.552935E-4
8.915000E-3	1.370907E-5
8.920000E-3	3.386140E-4
8.925000E-3	4.304647E-4
8.930000E-3	1.453161E-4
8.935000E-3	-1.658797E-4
8.940000E-3	-5.168319E-4
8.945000E-3	-8.006096E-4
8.950000E-3	-1.232445E-3
8.955000E-3	-1.383245E-3
8.960000E-3	-1.479208E-3
8.965000E-3	-1.691699E-3
8.970000E-3	-1.396954E-3
8.975000E-3	-9.829402E-4
8.980000E-3	-4.277229E-4
8.985000E-3	8.499622E-5
8.990000E-3	9.623766E-4
8.995000E-3	1.953542E-3
9.000000E-3	2.940595E-3
9.005000E-3	3.619194E-3
9.010000E-3	3.890634E-3
9.015000E-3	3.550649E-3
9.020000E-3	2.725363E-3
9.025000E-3	1.424372E-3
9.030000E-3	-5.346537E-5
9.035000E-3	-1.466870E-3
9.040000E-3	-2.873421E-3
9.045000E-3	-4.008532E-3
9.050000E-3	-4.855752E-3
9.055000E-3	-5.367100E-3
9.060000E-3	-5.398631E-3
9.065000E-3	-5.102515E-3
9.070000E-3	-4.713178E-3
9.075000E-3	-3.722012E-3
9.080000E-3	-2.566338E-3
9.085000E-3	-1.187205E-3
9.090000E-3	3.153086E-5
9.095000E-3	9.596348E-4
9.100000E-3	1.765728E-3
9.105000E-3	2.486825E-3
9.110000E-3	3.362834E-3
9.115000E-3	3.971517E-3
9.120000E-3	4.104495E-3
9.125000E-3	3.996193E-3
9.130000E-3	3.709674E-3
9.135000E-3	3.598630E-3
9.140000E-3	3.220260E-3
9.145000E-3	3.255904E-3
9.150000E-3	3.255904E-3
9.155000E-3	3.366947E-3
9.160000E-3	3.520489E-3
9.165000E-3	3.288805E-3
9.170000E-3	2.966642E-3
9.175000E-3	2.253771E-3
9.180000E-3	1.513481E-3
9.185000E-3	6.991625E-4
9.190000E-3	1.178980E-4
9.195000E-3	-6.676316E-4
9.200000E-3	-1.263976E-3
9.205000E-3	-1.795888E-3
9.210000E-3	-2.124906E-3
9.215000E-3	-2.681494E-3
9.220000E-3	-2.756894E-3
9.225000E-3	-3.033817E-3
9.230000E-3	-2.995431E-3
9.235000E-3	-2.961159E-3
9.240000E-3	-2.734959E-3
9.245000E-3	-1.983702E-3
9.250000E-3	-1.454532E-3
9.255000E-3	-8.650422E-4
9.260000E-3	-1.891851E-4
9.265000E-3	5.853772E-4
9.270000E-3	1.299620E-3
9.275000E-3	1.630008E-3
9.280000E-3	2.017975E-3
9.285000E-3	2.676010E-3
9.290000E-3	3.409445E-3
9.295000E-3	4.000306E-3
9.300000E-3	4.249811E-3
9.305000E-3	4.177153E-3
9.310000E-3	3.989339E-3
9.315000E-3	3.697336E-3
9.320000E-3	3.325820E-3
9.325000E-3	2.719879E-3
9.330000E-3	2.425134E-3
9.335000E-3	2.244174E-3
9.340000E-3	2.138615E-3
9.345000E-3	1.610816E-3
9.350000E-3	1.013100E-3
9.355000E-3	1.672506E-4
9.360000E-3	-8.129478E-4
9.365000E-3	-1.636863E-3
9.370000E-3	-2.545774E-3
9.375000E-3	-3.534198E-3
9.380000E-3	-4.199088E-3
9.385000E-3	-4.610360E-3
9.390000E-3	-4.848897E-3
9.395000E-3	-4.769385E-3
9.400000E-3	-4.726887E-3
9.405000E-3	-4.532218E-3
9.410000E-3	-3.970146E-3
9.415000E-3	-3.153086E-3
9.420000E-3	-2.388120E-3
9.425000E-3	-1.499772E-3
9.430000E-3	-4.153848E-4
9.435000E-3	5.319118E-4
9.440000E-3	1.481950E-3
9.445000E-3	2.205789E-3
9.450000E-3	2.951562E-3
9.455000E-3	3.095508E-3
9.460000E-3	3.212035E-3
9.465000E-3	2.987206E-3
9.470000E-3	2.401829E-3
9.475000E-3	1.450419E-3
9.480000E-3	2.700686E-4
9.485000E-3	-1.011729E-3
9.490000E-3	-2.070069E-3
9.495000E-3	-2.699316E-3
9.500000E-3	-3.065348E-3
9.505000E-3	-3.190100E-3
9.510000E-3	-2.773345E-3
9.515000E-3	-2.172887E-3
9.520000E-3	-1.274943E-3
9.525000E-3	-1.233816E-4
9.530000E-3	8.431077E-4
9.535000E-3	1.383245E-3
9.540000E-3	1.932979E-3
9.545000E-3	2.462149E-3
9.550000E-3	2.371669E-3
9.555000E-3	2.226353E-3
9.560000E-3	2.017975E-3
9.565000E-3	1.701295E-3
9.570000E-3	1.405180E-3
9.575000E-3	1.306474E-3
9.580000E-3	1.305103E-3
9.585000E-3	1.554608E-3
9.590000E-3	1.477838E-3
9.595000E-3	1.636863E-3
9.600000E-3	1.455903E-3
9.605000E-3	1.124144E-3
9.610000E-3	8.965731E-4
9.615000E-3	5.538464E-4
9.620000E-3	3.413558E-4
9.625000E-3	5.661845E-4
9.630000E-3	8.060932E-4
9.635000E-3	1.143336E-3
9.640000E-3	1.157045E-3
9.645000E-3	1.087129E-3
9.650000E-3	9.514093E-4
9.655000E-3	4.071593E-4
9.660000E-3	-3.838539E-4
9.665000E-3	-1.036406E-3
9.670000E-3	-1.439452E-3
9.675000E-3	-1.579285E-3
9.680000E-3	-1.516223E-3
9.685000E-3	-1.303732E-3
9.690000E-3	-6.319880E-4
9.695000E-3	1.590252E-4
9.700000E-3	1.106322E-3
9.705000E-3	2.152324E-3
9.710000E-3	3.074944E-3
9.715000E-3	3.944099E-3
9.720000E-3	4.894137E-3
9.725000E-3	5.223155E-3
9.730000E-3	5.452096E-3
9.735000E-3	5.371213E-3
9.740000E-3	5.027115E-3
9.745000E-3	3.990710E-3
9.750000E-3	2.854228E-3
9.755000E-3	1.673877E-3
9.760000E-3	4.619956E-4
9.765000E-3	-7.869005E-4
9.770000E-3	-1.886368E-3
9.775000E-3	-2.636254E-3
9.780000E-3	-3.242195E-3
9.785000E-3	-3.757656E-3
9.790000E-3	-3.867328E-3
9.795000E-3	-3.671288E-3
9.800000E-3	-3.270984E-3
9.805000E-3	-2.651334E-3
9.810000E-3	-2.149582E-3
9.815000E-3	-1.406550E-3
9.820000E-3	-8.924603E-4
9.825000E-3	-3.865957E-4
9.830000E-3	1.809597E-4
9.835000E-3	7.581115E-4
9.840000E-3	9.267330E-4
9.845000E-3	1.277685E-3
9.850000E-3	1.697183E-3
9.855000E-3	1.963139E-3
9.860000E-3	2.023458E-3
9.865000E-3	2.129018E-3
9.870000E-3	1.948059E-3
9.875000E-3	1.472354E-3
9.880000E-3	1.095355E-3
9.885000E-3	5.620718E-4
9.890000E-3	6.854534E-5
9.895000E-3	-3.029704E-4
9.900000E-3	-4.551411E-4
9.905000E-3	-4.839301E-4
9.910000E-3	-5.031228E-4
9.915000E-3	-3.578067E-4
9.920000E-3	-2.769232E-4
9.925000E-3	-2.878904E-4
9.930000E-3	-9.459257E-5
9.935000E-3	-1.261234E-4
9.940000E-3	-2.906322E-4
9.945000E-3	-5.511045E-4
9.950000E-3	-6.840825E-4
9.955000E-3	-9.692311E-4
9.960000E-3	-9.006858E-4
9.965000E-3	-7.265806E-4
9.970000E-3	-4.153848E-4
9.975000E-3	-3.290176E-4
9.980000E-3	-9.459257E-5
9.985000E-3	1.891851E-4
9.990000E-3	3.948212E-4
9.995000E-3	6.127954E-4
