0.000000E+0	-1.727343E-4
5.000000E-6	-2.056360E-5
1.000000E-5	-1.000762E-4
1.500000E-5	8.225441E-6
2.000000E-5	-1.631379E-4
2.500000E-5	-2.920032E-4
3.000000E-5	-2.001524E-4
3.500000E-5	-2.659559E-4
4.000000E-5	-2.673268E-4
4.500000E-5	-8.910894E-5
5.000000E-5	-3.975630E-5
5.500000E-5	-2.618432E-4
6.000000E-5	-3.523231E-4
6.500000E-5	-2.577305E-4
7.000000E-5	-2.042651E-4
7.500000E-5	-1.316071E-4
8.000000E-5	-1.274943E-4
8.500000E-5	-8.088350E-5
9.000000E-5	-2.261996E-4
9.500000E-5	-1.946688E-4
1.000000E-4	-2.070069E-4
1.050000E-4	-2.028942E-4
1.100000E-4	-1.165271E-4
1.150000E-4	-5.620718E-5
1.200000E-4	-3.619194E-4
1.250000E-4	-2.303123E-4
1.300000E-4	-1.590252E-4
1.350000E-4	-1.549125E-4
1.400000E-4	-5.894899E-5
1.450000E-4	-1.850724E-4
1.500000E-4	-3.194213E-4
1.550000E-4	-3.015995E-5
1.600000E-4	6.169081E-5
1.650000E-4	-4.112720E-5
1.700000E-4	-2.549887E-4
1.750000E-4	-1.521707E-4
1.800000E-4	5.620718E-5
1.850000E-4	1.041889E-4
1.900000E-4	-5.346537E-5
1.950000E-4	-2.234578E-4
2.000000E-4	1.768470E-4
2.050000E-4	6.443262E-5
2.100000E-4	-7.128716E-5
2.150000E-4	-6.306171E-5
2.200000E-4	-1.233816E-5
2.250000E-4	-1.028180E-4
2.300000E-4	-2.303123E-4
2.350000E-4	-1.069307E-4
2.400000E-4	2.878904E-5
2.450000E-4	-2.714396E-4
2.500000E-4	-2.673268E-4
2.550000E-4	-1.932979E-4
2.600000E-4	-8.499622E-5
2.650000E-4	-6.854534E-6
2.700000E-4	-1.083016E-4
2.750000E-4	-2.220869E-4
2.800000E-4	0.000000E+0
2.850000E-4	9.459257E-5
2.900000E-4	1.028180E-4
2.950000E-4	3.015995E-5
3.000000E-4	-1.782179E-5
3.050000E-4	-3.015995E-5
3.100000E-4	-1.233816E-4
3.150000E-4	-1.151562E-4
3.200000E-4	-8.636713E-5
3.250000E-4	-1.919270E-5
3.300000E-4	-5.620718E-5
3.350000E-4	-1.055598E-4
3.400000E-4	-1.631379E-4
3.450000E-4	-3.838539E-5
3.500000E-4	-1.014471E-4
3.550000E-4	-4.373193E-4
3.600000E-4	-3.098249E-4
3.650000E-4	-1.823306E-4
3.700000E-4	-8.499622E-5
3.750000E-4	-3.015995E-5
3.800000E-4	-2.207160E-4
3.850000E-4	-3.276467E-4
3.900000E-4	-3.715158E-4
3.950000E-4	-1.795888E-4
4.000000E-4	-1.357198E-4
4.050000E-4	-1.069307E-4
4.100000E-4	-1.932979E-4
4.150000E-4	-8.499622E-5
4.200000E-4	-1.247525E-4
4.250000E-4	-5.757809E-5
4.300000E-4	-5.346537E-5
4.350000E-4	-1.000762E-4
4.400000E-4	-1.261234E-4
4.450000E-4	-2.261996E-4
4.500000E-4	-9.322166E-5
4.550000E-4	-1.069307E-4
4.600000E-4	-2.385378E-4
4.650000E-4	-1.631379E-4
4.700000E-4	-1.425743E-4
4.750000E-4	-1.124144E-4
4.800000E-4	-1.837015E-4
4.850000E-4	-1.000762E-4
4.900000E-4	-1.206398E-4
4.950000E-4	-3.111959E-4
5.000000E-4	-3.934503E-4
5.050000E-4	-2.152324E-4
5.100000E-4	-9.733438E-5
5.150000E-4	-5.209446E-5
5.200000E-4	-5.894899E-5
5.250000E-4	-2.961159E-4
5.300000E-4	-1.727343E-4
5.350000E-4	-3.372431E-4
5.400000E-4	-2.673268E-4
5.450000E-4	-1.645088E-4
5.500000E-4	-1.165271E-4
5.550000E-4	-9.870529E-5
5.600000E-4	-1.645088E-4
5.650000E-4	-1.960397E-4
5.700000E-4	-1.233816E-5
5.750000E-4	-1.782179E-4
5.800000E-4	-2.741814E-4
5.850000E-4	-1.919270E-5
5.900000E-4	-7.814169E-5
5.950000E-4	-6.717443E-5
6.000000E-4	1.370907E-6
6.050000E-4	5.620718E-5
6.100000E-4	-2.248287E-4
6.150000E-4	-1.878142E-4
6.200000E-4	-2.001524E-4
6.250000E-4	-1.083016E-4
6.300000E-4	-6.580353E-5
6.350000E-4	1.206398E-4
6.400000E-4	-9.322166E-5
6.450000E-4	-2.042651E-4
6.500000E-4	-2.878904E-5
6.550000E-4	-7.402897E-5
6.600000E-4	2.741814E-6
6.650000E-4	3.564358E-5
6.700000E-4	-2.604723E-5
6.750000E-4	-9.733438E-5
6.800000E-4	-8.225441E-5
6.850000E-4	6.854534E-6
6.900000E-4	5.483627E-6
6.950000E-4	-9.459257E-5
7.000000E-4	1.233816E-5
7.050000E-4	2.878904E-5
7.100000E-4	-1.124144E-4
7.150000E-4	-5.072355E-5
7.200000E-4	-9.459257E-5
7.250000E-4	-2.070069E-4
7.300000E-4	-7.814169E-5
7.350000E-4	-1.507998E-4
7.400000E-4	-1.274943E-4
7.450000E-4	-1.466870E-4
7.500000E-4	4.523993E-5
7.550000E-4	-9.870529E-5
7.600000E-4	-1.151562E-4
7.650000E-4	-1.521707E-4
7.700000E-4	-1.603961E-4
7.750000E-4	-1.645088E-5
7.800000E-4	3.975630E-5
7.850000E-4	-7.265806E-5
7.900000E-4	5.620718E-5
7.950000E-4	-6.991625E-5
8.000000E-4	-1.590252E-4
8.050000E-4	-2.714396E-4
8.100000E-4	-1.357198E-4
8.150000E-4	-9.870529E-5
8.200000E-4	-1.603961E-4
8.250000E-4	-1.905560E-4
8.300000E-4	-1.425743E-4
8.350000E-4	3.564358E-5
8.400000E-4	1.412034E-4
8.450000E-4	1.549125E-4
8.500000E-4	5.209446E-5
8.550000E-4	1.919270E-5
8.600000E-4	-7.265806E-5
8.650000E-4	-7.677078E-5
8.700000E-4	-2.152324E-4
8.750000E-4	-4.935265E-5
8.800000E-4	-9.459257E-5
8.850000E-4	-1.946688E-4
8.900000E-4	-3.015995E-5
8.950000E-4	-1.370907E-6
9.000000E-4	-3.975630E-5
9.050000E-4	-2.056360E-5
9.100000E-4	-1.384616E-4
9.150000E-4	-2.824068E-4
9.200000E-4	-1.083016E-4
9.250000E-4	4.523993E-5
9.300000E-4	2.522469E-4
9.350000E-4	1.302361E-4
9.400000E-4	-8.773804E-5
9.450000E-4	-1.878142E-4
9.500000E-4	-2.467632E-5
9.550000E-4	-2.330542E-5
9.600000E-4	-1.000762E-4
9.650000E-4	-3.564358E-5
9.700000E-4	-8.499622E-5
9.750000E-4	6.031990E-5
9.800000E-4	-1.494288E-4
9.850000E-4	-1.864433E-4
9.900000E-4	-1.617670E-4
9.950000E-4	-3.975630E-5
1.000000E-3	-1.741052E-4
1.005000E-3	-3.879666E-4
1.010000E-3	-2.988577E-4
1.015000E-3	-1.343489E-4
1.020000E-3	1.055598E-4
1.025000E-3	5.072355E-5
1.030000E-3	-1.083016E-4
1.035000E-3	9.596348E-5
1.040000E-3	5.483627E-5
1.045000E-3	2.604723E-5
1.050000E-3	1.302361E-4
1.055000E-3	2.741814E-5
1.060000E-3	-2.138615E-4
1.065000E-3	-1.837015E-4
1.070000E-3	4.112720E-5
1.075000E-3	-1.960397E-4
1.080000E-3	-3.166795E-4
1.085000E-3	-2.124906E-4
1.090000E-3	-9.459257E-5
1.095000E-3	-1.412034E-4
1.100000E-3	-8.636713E-5
1.105000E-3	-8.362532E-5
1.110000E-3	-6.580353E-5
1.115000E-3	2.056360E-5
1.120000E-3	1.028180E-4
1.125000E-3	4.112720E-5
1.130000E-3	3.153086E-5
1.135000E-3	-2.056360E-5
1.140000E-3	-1.727343E-4
1.145000E-3	-1.124144E-4
1.150000E-3	-1.220107E-4
1.155000E-3	-1.809597E-4
1.160000E-3	-2.179742E-4
1.165000E-3	-2.028942E-4
1.170000E-3	-1.096725E-4
1.175000E-3	1.384616E-4
1.180000E-3	-1.261234E-4
1.185000E-3	-8.225441E-5
1.190000E-3	-1.562834E-4
1.195000E-3	-2.495050E-4
1.200000E-3	-1.096725E-4
1.205000E-3	-1.466870E-4
1.210000E-3	-4.661083E-5
1.215000E-3	-9.596348E-6
1.220000E-3	-3.290176E-5
1.225000E-3	6.031990E-5
1.230000E-3	4.661083E-5
1.235000E-3	-1.096725E-4
1.240000E-3	-9.596348E-5
1.245000E-3	-1.535416E-4
1.250000E-3	-5.757809E-5
1.255000E-3	1.124144E-4
1.260000E-3	1.028180E-4
1.265000E-3	5.483627E-6
1.270000E-3	-2.741814E-5
1.275000E-3	-1.453161E-4
1.280000E-3	-1.631379E-4
1.285000E-3	-1.220107E-4
1.290000E-3	-1.178980E-4
1.295000E-3	2.056360E-5
1.300000E-3	1.096725E-4
1.305000E-3	9.733438E-5
1.310000E-3	8.773804E-5
1.315000E-3	7.265806E-5
1.320000E-3	2.878904E-5
1.325000E-3	-1.302361E-4
1.330000E-3	-6.854534E-5
1.335000E-3	-9.596348E-5
1.340000E-3	-1.699924E-4
1.345000E-3	-3.632903E-4
1.350000E-3	4.249811E-5
1.355000E-3	-6.854534E-6
1.360000E-3	-9.733438E-5
1.365000E-3	-1.412034E-4
1.370000E-3	-6.031990E-5
1.375000E-3	-2.371669E-4
1.380000E-3	-1.055598E-4
1.385000E-3	1.096725E-5
1.390000E-3	-2.741814E-6
1.395000E-3	-8.499622E-5
1.400000E-3	-9.047985E-5
1.405000E-3	-7.814169E-5
1.410000E-3	8.636713E-5
1.415000E-3	2.330542E-5
1.420000E-3	-1.247525E-4
1.425000E-3	-2.632141E-4
1.430000E-3	-3.180504E-4
1.435000E-3	-1.960397E-4
1.440000E-3	-4.112720E-6
1.445000E-3	0.000000E+0
1.450000E-3	-2.015233E-4
1.455000E-3	-1.727343E-4
1.460000E-3	-2.097487E-4
1.465000E-3	-1.741052E-4
1.470000E-3	-7.265806E-5
1.475000E-3	-1.110435E-4
1.480000E-3	-1.987815E-4
1.485000E-3	-1.178980E-4
1.490000E-3	-1.151562E-4
1.495000E-3	-2.344251E-4
1.500000E-3	-2.440214E-4
1.505000E-3	-8.499622E-5
1.510000E-3	-1.439452E-4
1.515000E-3	-8.773804E-5
1.520000E-3	0.000000E+0
1.525000E-3	1.329780E-4
1.530000E-3	-2.741814E-6
1.535000E-3	-8.636713E-5
1.540000E-3	1.507998E-5
1.545000E-3	-1.645088E-4
1.550000E-3	-2.166033E-4
1.555000E-3	8.636713E-5
1.560000E-3	-2.604723E-5
1.565000E-3	-5.483627E-6
1.570000E-3	1.343489E-4
1.575000E-3	1.096725E-5
1.580000E-3	-5.072355E-5
1.585000E-3	-1.137853E-4
1.590000E-3	1.398325E-4
1.595000E-3	5.346537E-5
1.600000E-3	4.112720E-6
1.605000E-3	2.330542E-5
1.610000E-3	2.056360E-5
1.615000E-3	-3.043413E-4
1.620000E-3	-1.809597E-4
1.625000E-3	-7.128716E-5
1.630000E-3	1.083016E-4
1.635000E-3	1.782179E-5
1.640000E-3	-1.096725E-4
1.645000E-3	-1.137853E-4
1.650000E-3	-8.499622E-5
1.655000E-3	-1.617670E-4
1.660000E-3	-9.322166E-5
1.665000E-3	-8.088350E-5
1.670000E-3	-3.838539E-5
1.675000E-3	-9.596348E-6
1.680000E-3	-4.249811E-5
1.685000E-3	-1.494288E-4
1.690000E-3	-1.137853E-4
1.695000E-3	-5.072355E-5
1.700000E-3	-1.083016E-4
1.705000E-3	-3.153086E-5
1.710000E-3	8.499622E-5
1.715000E-3	1.412034E-4
1.720000E-3	4.112720E-6
1.725000E-3	1.206398E-4
1.730000E-3	-5.757809E-5
1.735000E-3	-6.854534E-6
1.740000E-3	-6.854534E-5
1.745000E-3	8.910894E-5
1.750000E-3	8.910894E-5
1.755000E-3	0.000000E+0
1.760000E-3	1.083016E-4
1.765000E-3	-7.265806E-5
1.770000E-3	-6.306171E-5
1.775000E-3	-2.604723E-5
1.780000E-3	-1.562834E-4
1.785000E-3	-1.713634E-4
1.790000E-3	-1.974106E-4
1.795000E-3	-2.673268E-4
1.800000E-3	-3.002286E-4
1.805000E-3	-1.151562E-4
1.810000E-3	9.733438E-5
1.815000E-3	1.261234E-4
1.820000E-3	2.604723E-5
1.825000E-3	-1.370907E-4
1.830000E-3	1.096725E-5
1.835000E-3	-1.370907E-5
1.840000E-3	-5.483627E-6
1.845000E-3	-5.483627E-6
1.850000E-3	-1.370907E-4
1.855000E-3	-1.055598E-4
1.860000E-3	-1.521707E-4
1.865000E-3	-1.041889E-4
1.870000E-3	-1.919270E-5
1.875000E-3	1.672506E-4
1.880000E-3	2.371669E-4
1.885000E-3	4.935265E-5
1.890000E-3	-1.425743E-4
1.895000E-3	-6.169081E-5
1.900000E-3	1.782179E-5
1.905000E-3	9.596348E-6
1.910000E-3	-1.412034E-4
1.915000E-3	-1.439452E-4
1.920000E-3	-1.370907E-5
1.925000E-3	-3.701448E-5
1.930000E-3	5.483627E-6
1.935000E-3	9.185076E-5
1.940000E-3	5.346537E-5
1.945000E-3	-7.402897E-5
1.950000E-3	-1.891851E-4
1.955000E-3	-1.453161E-4
1.960000E-3	-1.083016E-4
1.965000E-3	-1.782179E-5
1.970000E-3	-1.658797E-4
1.975000E-3	-1.974106E-4
1.980000E-3	-3.290176E-5
1.985000E-3	-1.096725E-5
1.990000E-3	-1.288652E-4
1.995000E-3	-1.274943E-4
2.000000E-3	-1.837015E-4
2.005000E-3	2.467632E-5
2.010000E-3	-3.427267E-5
2.015000E-3	-8.773804E-5
2.020000E-3	-3.290176E-5
2.025000E-3	-2.193451E-5
2.030000E-3	1.370907E-6
2.035000E-3	-2.193451E-5
2.040000E-3	6.031990E-5
2.045000E-3	6.991625E-5
2.050000E-3	8.362532E-5
2.055000E-3	-1.220107E-4
2.060000E-3	-1.124144E-4
2.065000E-3	-7.951260E-5
2.070000E-3	5.483627E-5
2.075000E-3	-1.028180E-4
2.080000E-3	-1.302361E-4
2.085000E-3	4.112720E-5
2.090000E-3	1.261234E-4
2.095000E-3	-3.427267E-5
2.100000E-3	-1.370907E-5
2.105000E-3	-1.096725E-5
2.110000E-3	1.233816E-4
2.115000E-3	9.733438E-5
2.120000E-3	8.362532E-5
2.125000E-3	4.386902E-5
2.130000E-3	2.193451E-5
2.135000E-3	-9.185076E-5
2.140000E-3	-1.453161E-4
2.145000E-3	-2.124906E-4
2.150000E-3	-1.603961E-4
2.155000E-3	9.596348E-6
2.160000E-3	1.178980E-4
2.165000E-3	-1.603961E-4
2.170000E-3	-2.070069E-4
2.175000E-3	9.459257E-5
2.180000E-3	-2.878904E-5
2.185000E-3	-1.233816E-5
2.190000E-3	1.096725E-5
2.195000E-3	-1.343489E-4
2.200000E-3	-4.661083E-5
2.205000E-3	1.507998E-5
2.210000E-3	-7.539988E-5
2.215000E-3	-1.507998E-4
2.220000E-3	-1.782179E-5
2.225000E-3	1.645088E-4
2.230000E-3	7.951260E-5
2.235000E-3	-3.564358E-5
2.240000E-3	-3.975630E-5
2.245000E-3	-1.507998E-5
2.250000E-3	-2.741814E-5
2.255000E-3	5.483627E-5
2.260000E-3	3.290176E-5
2.265000E-3	-1.754761E-4
2.270000E-3	4.798174E-5
2.275000E-3	1.096725E-5
2.280000E-3	-1.535416E-4
2.285000E-3	-3.838539E-5
2.290000E-3	1.782179E-5
2.295000E-3	1.096725E-5
2.300000E-3	6.854534E-5
2.305000E-3	2.028942E-4
2.310000E-3	-1.370907E-6
2.315000E-3	1.603961E-4
2.320000E-3	1.384616E-4
2.325000E-3	-3.427267E-5
2.330000E-3	-1.384616E-4
2.335000E-3	-5.483627E-5
2.340000E-3	-1.398325E-4
2.345000E-3	4.386902E-5
2.350000E-3	8.225441E-5
2.355000E-3	6.717443E-5
2.360000E-3	-6.169081E-5
2.365000E-3	2.111197E-4
2.370000E-3	-6.991625E-5
2.375000E-3	1.151562E-4
2.380000E-3	-1.699924E-4
2.385000E-3	3.797412E-4
2.390000E-3	-2.591014E-4
2.395000E-3	3.221631E-4
2.400000E-3	-3.920794E-4
2.405000E-3	3.358722E-4
2.410000E-3	-6.045699E-4
2.415000E-3	7.279515E-4
2.420000E-3	-9.335876E-4
2.425000E-3	9.335876E-4
2.430000E-3	-1.270831E-3
2.435000E-3	1.592994E-3
2.440000E-3	-1.878142E-3
2.445000E-3	2.231836E-3
2.450000E-3	-2.895355E-3
2.455000E-3	3.682256E-3
2.460000E-3	1.039147E-3
2.465000E-3	2.810222E-2
2.470000E-3	-1.799233E-1
2.475000E-3	-3.072613E-1
2.480000E-3	-2.440982E-1
2.485000E-3	-2.896452E-1
2.490000E-3	-2.654309E-1
2.495000E-3	-6.206095E-2
2.500000E-3	5.414822E-1
2.505000E-3	7.314405E-1
2.510000E-3	4.726064E-2
2.515000E-3	2.069713E-1
2.520000E-3	2.343003E-1
2.525000E-3	-2.433798E-1
2.530000E-3	-1.187809E-1
2.535000E-3	3.129629E-1
2.540000E-3	1.350590E-1
2.545000E-3	9.566188E-3
2.550000E-3	1.813189E-1
2.555000E-3	-5.475813E-2
2.560000E-3	-2.461545E-1
2.565000E-3	1.853329E-2
2.570000E-3	-1.532030E-1
2.575000E-3	-2.353011E-1
2.580000E-3	1.324159E-2
2.585000E-3	-1.149492E-1
2.590000E-3	-2.552999E-1
2.595000E-3	1.033965E-1
2.600000E-3	5.198753E-2
2.605000E-3	-1.610062E-1
2.610000E-3	1.510972E-1
2.615000E-3	1.858072E-1
2.620000E-3	-1.737761E-1
2.625000E-3	2.946764E-2
2.630000E-3	2.491034E-1
2.635000E-3	-1.193320E-1
2.640000E-3	-5.225760E-2
2.645000E-3	2.486002E-1
2.650000E-3	-8.005685E-2
2.655000E-3	-1.968170E-1
2.660000E-3	1.203437E-1
2.665000E-3	3.131837E-2
2.670000E-3	-1.858113E-1
2.675000E-3	-1.519239E-2
2.680000E-3	-1.676756E-2
2.685000E-3	-1.363915E-1
2.690000E-3	2.380580E-2
2.695000E-3	9.064299E-2
2.700000E-3	-3.274411E-2
2.705000E-3	9.873682E-2
2.710000E-3	1.799452E-1
2.715000E-3	6.064892E-3
2.720000E-3	-2.740443E-2
2.725000E-3	5.934519E-2
2.730000E-3	-9.582639E-3
2.735000E-3	1.361448E-2
2.740000E-3	6.935143E-2
2.745000E-3	-1.409703E-2
2.750000E-3	-6.359637E-3
2.755000E-3	3.051776E-2
2.760000E-3	-1.294068E-1
2.765000E-3	-1.415297E-1
2.770000E-3	3.077686E-3
2.775000E-3	-4.596239E-2
2.780000E-3	-3.413421E-2
2.785000E-3	8.940780E-2
2.790000E-3	-2.476132E-2
2.795000E-3	-1.075641E-1
2.800000E-3	2.336985E-2
2.805000E-3	2.057183E-2
2.810000E-3	-5.280870E-2
2.815000E-3	5.137336E-2
2.820000E-3	1.095834E-1
2.825000E-3	2.580732E-2
2.830000E-3	2.131075E-2
2.835000E-3	4.377991E-2
2.840000E-3	-2.387434E-2
2.845000E-3	-2.132720E-2
2.850000E-3	-7.286370E-3
2.855000E-3	-5.505151E-2
2.860000E-3	-1.397365E-2
2.865000E-3	2.784586E-2
2.870000E-3	-3.060412E-2
2.875000E-3	-2.500945E-2
2.880000E-3	3.565592E-2
2.885000E-3	8.938313E-3
2.890000E-3	-1.802605E-2
2.895000E-3	3.284693E-3
2.900000E-3	-3.447831E-3
2.905000E-3	1.311821E-2
2.910000E-3	4.664648E-2
2.915000E-3	2.710557E-2
2.920000E-3	2.384555E-2
2.925000E-3	3.056711E-2
2.930000E-3	-6.333590E-3
2.935000E-3	-5.140901E-3
2.940000E-3	2.930176E-2
2.945000E-3	-1.857579E-3
2.950000E-3	-3.711045E-2
2.955000E-3	-2.217305E-2
2.960000E-3	-3.753680E-2
2.965000E-3	-6.091350E-2
2.970000E-3	-3.585881E-2
2.975000E-3	-2.686429E-2
2.980000E-3	-2.519178E-2
2.985000E-3	-2.976239E-3
2.990000E-3	-3.998935E-3
2.995000E-3	3.346384E-3
3.000000E-3	3.548592E-2
3.005000E-3	3.738052E-2
3.010000E-3	1.284266E-2
3.015000E-3	1.875126E-2
3.020000E-3	1.518828E-2
3.025000E-3	-2.119696E-2
3.030000E-3	-6.927192E-3
3.035000E-3	3.321296E-2
3.040000E-3	1.046002E-2
3.045000E-3	5.875707E-3
3.050000E-3	2.057731E-2
3.055000E-3	-3.966033E-3
3.060000E-3	-3.287572E-2
3.065000E-3	-3.846627E-2
3.070000E-3	-3.599590E-2
3.075000E-3	-9.814322E-3
3.080000E-3	3.306764E-2
3.085000E-3	1.951349E-2
3.090000E-3	2.223611E-3
3.095000E-3	3.088790E-2
3.100000E-3	1.693755E-2
3.105000E-3	-1.584768E-3
3.110000E-3	8.078754E-3
3.115000E-3	-5.853772E-4
3.120000E-3	-5.602896E-3
3.125000E-3	1.951075E-2
3.130000E-3	1.025027E-2
3.135000E-3	-9.658039E-3
3.140000E-3	1.257122E-2
3.145000E-3	-2.312720E-3
3.150000E-3	-4.578418E-2
3.155000E-3	-2.064312E-2
3.160000E-3	-1.429170E-2
3.165000E-3	-3.321570E-2
3.170000E-3	6.417215E-3
3.175000E-3	1.781905E-2
3.180000E-3	-2.017701E-2
3.185000E-3	-1.074791E-3
3.190000E-3	3.086048E-2
3.195000E-3	-6.580353E-4
3.200000E-3	1.027769E-2
3.205000E-3	6.100810E-2
3.210000E-3	2.528775E-2
3.215000E-3	-7.641435E-3
3.220000E-3	1.255888E-2
3.225000E-3	-1.423138E-2
3.230000E-3	-4.753071E-2
3.235000E-3	-2.713436E-2
3.240000E-3	-2.225530E-2
3.245000E-3	-2.254319E-2
3.250000E-3	9.578526E-3
3.255000E-3	7.731915E-4
3.260000E-3	-2.879453E-2
3.265000E-3	2.592385E-3
3.270000E-3	1.303732E-2
3.275000E-3	-8.860171E-3
3.280000E-3	1.402438E-2
3.285000E-3	2.104342E-2
3.290000E-3	2.115309E-3
3.295000E-3	1.136619E-2
3.300000E-3	1.764768E-2
3.305000E-3	4.437625E-3
3.310000E-3	2.041006E-2
3.315000E-3	3.176391E-2
3.320000E-3	1.065195E-3
3.325000E-3	-1.706779E-3
3.330000E-3	1.383245E-2
3.335000E-3	-8.182943E-3
3.340000E-3	-1.673740E-2
3.345000E-3	-8.803964E-3
3.350000E-3	-1.868546E-2
3.355000E-3	-1.712948E-2
3.360000E-3	2.713025E-3
3.365000E-3	1.821935E-3
3.370000E-3	-5.283475E-3
3.375000E-3	1.214623E-2
3.380000E-3	6.958723E-3
3.385000E-3	-1.414365E-2
3.390000E-3	-4.962683E-4
3.395000E-3	8.602440E-3
3.400000E-3	-2.399087E-3
3.405000E-3	7.742882E-3
3.410000E-3	2.833116E-2
3.415000E-3	3.226018E-2
3.420000E-3	3.220123E-2
3.425000E-3	3.060549E-2
3.430000E-3	6.744862E-4
3.435000E-3	-2.247465E-2
3.440000E-3	-2.372766E-2
3.445000E-3	-4.321921E-2
3.450000E-3	-5.336940E-2
3.455000E-3	-4.088593E-2
3.460000E-3	-3.600276E-2
3.465000E-3	-2.809811E-2
3.470000E-3	-3.290176E-5
3.475000E-3	1.878279E-2
3.480000E-3	1.268363E-2
3.485000E-3	2.144784E-2
3.490000E-3	2.936071E-2
3.495000E-3	1.193237E-2
3.500000E-3	1.004463E-2
3.505000E-3	1.016527E-2
3.510000E-3	4.112720E-4
3.515000E-3	4.953086E-3
3.520000E-3	5.569994E-3
3.525000E-3	2.966642E-3
3.530000E-3	1.270282E-2
3.535000E-3	1.263839E-2
3.540000E-3	-1.028866E-2
3.545000E-3	-2.214426E-2
3.550000E-3	-1.381189E-2
3.555000E-3	-2.020854E-2
3.560000E-3	-1.992202E-2
3.565000E-3	4.022241E-3
3.570000E-3	1.187891E-2
3.575000E-3	9.313941E-3
3.580000E-3	1.089185E-2
3.585000E-3	1.704037E-3
3.590000E-3	-6.690025E-3
3.595000E-3	3.261387E-3
3.600000E-3	1.276040E-2
3.605000E-3	1.344174E-2
3.610000E-3	2.411014E-2
3.615000E-3	1.822346E-2
3.620000E-3	-7.501602E-3
3.625000E-3	-1.409018E-2
3.630000E-3	-1.501417E-2
3.635000E-3	-2.106398E-2
3.640000E-3	-1.394486E-2
3.645000E-3	-1.239300E-3
3.650000E-3	-8.581877E-4
3.655000E-3	-1.155674E-3
3.660000E-3	1.853466E-3
3.665000E-3	-2.588272E-3
3.670000E-3	-2.105713E-3
3.675000E-3	1.156908E-2
3.680000E-3	1.714730E-2
3.685000E-3	1.750511E-2
3.690000E-3	1.622331E-2
3.695000E-3	7.589340E-3
3.700000E-3	-1.439452E-4
3.705000E-3	-2.198935E-3
3.710000E-3	-3.024220E-3
3.715000E-3	-1.524448E-3
3.720000E-3	7.412493E-3
3.725000E-3	2.381265E-3
3.730000E-3	-1.963276E-2
3.735000E-3	-2.421570E-2
3.740000E-3	-2.027708E-2
3.745000E-3	-1.951897E-2
3.750000E-3	-1.132232E-2
3.755000E-3	-1.646459E-3
3.760000E-3	3.043413E-4
3.765000E-3	1.782179E-5
3.770000E-3	5.025744E-3
3.775000E-3	8.529782E-3
3.780000E-3	9.812951E-3
3.785000E-3	1.417518E-2
3.790000E-3	9.860933E-3
3.795000E-3	5.874336E-3
3.800000E-3	4.031837E-3
3.805000E-3	-4.381418E-3
3.810000E-3	-2.684236E-3
3.815000E-3	7.663369E-3
3.820000E-3	8.828640E-3
3.825000E-3	9.363294E-4
3.830000E-3	-2.497792E-3
3.835000E-3	-3.258646E-3
3.840000E-3	-1.029825E-2
3.845000E-3	-5.527496E-3
3.850000E-3	2.806246E-3
3.855000E-3	3.272355E-3
3.860000E-3	6.884694E-3
3.865000E-3	6.310284E-3
3.870000E-3	-8.184314E-4
3.875000E-3	-1.037776E-3
3.880000E-3	4.133284E-3
3.885000E-3	3.192842E-3
3.890000E-3	7.019043E-4
3.895000E-3	-1.507998E-3
3.900000E-3	-1.598340E-2
3.905000E-3	-2.127373E-2
3.910000E-3	-8.307695E-3
3.915000E-3	-1.066977E-2
3.920000E-3	-1.605606E-2
3.925000E-3	-5.217671E-3
3.930000E-3	-5.605638E-3
3.935000E-3	-1.528013E-2
3.940000E-3	-6.843567E-3
3.945000E-3	6.001830E-3
3.950000E-3	5.931914E-3
3.955000E-3	1.359528E-2
3.960000E-3	2.137381E-2
3.965000E-3	7.080734E-3
3.970000E-3	5.894899E-5
3.975000E-3	4.866719E-3
3.980000E-3	2.330542E-5
3.985000E-3	-1.368165E-3
3.990000E-3	3.715158E-3
3.995000E-3	-5.127192E-4
4.000000E-3	-2.655447E-3
4.005000E-3	4.900992E-3
4.010000E-3	2.119422E-3
4.015000E-3	-3.839910E-3
4.020000E-3	1.993299E-3
4.025000E-3	3.098249E-4
4.030000E-3	-7.722318E-3
4.035000E-3	-4.522622E-3
4.040000E-3	-1.052856E-3
4.045000E-3	-3.324449E-3
4.050000E-3	-2.928257E-3
4.055000E-3	-4.743338E-4
4.060000E-3	2.899468E-3
4.065000E-3	8.281648E-3
4.070000E-3	1.318127E-2
4.075000E-3	1.666886E-2
4.080000E-3	1.791638E-2
4.085000E-3	1.059026E-2
4.090000E-3	-1.720488E-3
4.095000E-3	-8.344710E-3
4.100000E-3	-1.349795E-2
4.105000E-3	-1.607114E-2
4.110000E-3	-7.881343E-3
4.115000E-3	8.705258E-4
4.120000E-3	1.923382E-3
4.125000E-3	1.210511E-3
4.130000E-3	1.549125E-3
4.135000E-3	-7.087588E-4
4.140000E-3	5.607009E-4
4.145000E-3	6.284237E-3
4.150000E-3	8.898556E-3
4.155000E-3	1.239026E-2
4.160000E-3	1.419300E-2
4.165000E-3	7.988274E-3
4.170000E-3	4.770756E-4
4.175000E-3	-3.642499E-3
4.180000E-3	-7.206857E-3
4.185000E-3	-8.447528E-3
4.190000E-3	-4.177153E-3
4.195000E-3	-4.894137E-4
4.200000E-3	-1.147449E-3
4.205000E-3	8.184314E-4
4.210000E-3	-8.458495E-4
4.215000E-3	-8.178830E-3
4.220000E-3	-1.244646E-2
4.225000E-3	-1.321965E-2
4.230000E-3	-1.132232E-2
4.235000E-3	-6.084085E-3
4.240000E-3	-8.225441E-5
4.245000E-3	3.043413E-3
4.250000E-3	3.587663E-3
4.255000E-3	3.894746E-3
4.260000E-3	1.943946E-3
4.265000E-3	8.321404E-4
4.270000E-3	3.852248E-3
4.275000E-3	5.654991E-3
4.280000E-3	6.037474E-3
4.285000E-3	2.382636E-3
4.290000E-3	-3.809750E-3
4.295000E-3	-6.069005E-3
4.300000E-3	-4.766643E-3
4.305000E-3	-5.149126E-3
4.310000E-3	-4.061997E-3
4.315000E-3	2.552629E-3
4.320000E-3	7.620871E-3
4.325000E-3	7.975936E-3
4.330000E-3	9.530544E-3
4.335000E-3	7.624984E-3
4.340000E-3	1.431227E-3
4.345000E-3	-1.891851E-4
4.350000E-3	3.116071E-3
4.355000E-3	6.411731E-3
4.360000E-3	9.037018E-3
4.365000E-3	1.054502E-2
4.370000E-3	8.114398E-3
4.375000E-3	3.458798E-3
4.380000E-3	-1.340747E-3
4.385000E-3	-9.552479E-3
4.390000E-3	-1.622742E-2
4.395000E-3	-1.547891E-2
4.400000E-3	-1.246154E-2
4.405000E-3	-9.324908E-3
4.410000E-3	-7.548213E-3
4.415000E-3	-5.934656E-3
4.420000E-3	-4.924297E-3
4.425000E-3	-3.885150E-3
4.430000E-3	-1.904190E-3
4.435000E-3	1.321554E-3
4.440000E-3	5.077839E-3
4.445000E-3	4.752934E-3
4.450000E-3	2.445698E-3
4.455000E-3	4.947603E-3
4.460000E-3	7.768929E-3
4.465000E-3	7.623613E-3
4.470000E-3	5.607009E-3
4.475000E-3	2.623916E-3
4.480000E-3	-2.152324E-4
4.485000E-3	-1.942575E-3
4.490000E-3	-2.421021E-3
4.495000E-3	-5.250573E-3
4.500000E-3	-9.541512E-3
4.505000E-3	-1.183915E-2
4.510000E-3	-1.225454E-2
4.515000E-3	-1.206124E-2
4.520000E-3	-1.255065E-2
4.525000E-3	-9.703279E-3
4.530000E-3	-2.996802E-3
4.535000E-3	1.542270E-3
4.540000E-3	4.319727E-3
4.545000E-3	6.661236E-3
4.550000E-3	8.433819E-3
4.555000E-3	8.820415E-3
4.560000E-3	8.141816E-3
4.565000E-3	8.015692E-3
4.570000E-3	6.244481E-3
4.575000E-3	5.143642E-3
4.580000E-3	4.223764E-3
4.585000E-3	1.165271E-4
4.590000E-3	-3.464282E-3
4.595000E-3	-4.510283E-3
4.600000E-3	-6.618738E-3
4.605000E-3	-9.308457E-3
4.610000E-3	-1.043260E-2
4.615000E-3	-8.066416E-3
4.620000E-3	-4.223764E-3
4.625000E-3	4.740596E-3
4.630000E-3	4.802287E-3
4.635000E-3	3.683627E-3
4.640000E-3	4.650116E-3
4.645000E-3	-1.646733E-2
4.650000E-3	-1.205301E-2
4.655000E-3	-1.003367E-2
4.660000E-3	-2.056497E-2
4.665000E-3	-6.563902E-3
4.670000E-3	4.722774E-3
4.675000E-3	2.525210E-3
4.680000E-3	8.780658E-3
4.685000E-3	2.582926E-2
4.690000E-3	2.374274E-2
4.695000E-3	2.812552E-2
4.700000E-3	4.107648E-2
4.705000E-3	2.343428E-2
4.710000E-3	1.335537E-2
4.715000E-3	1.568317E-2
4.720000E-3	-1.213253E-3
4.725000E-3	-4.319727E-3
4.730000E-3	1.737350E-2
4.735000E-3	6.361008E-3
4.740000E-3	-4.255295E-3
4.745000E-3	1.059848E-2
4.750000E-3	-5.993605E-3
4.755000E-3	-2.651882E-2
4.760000E-3	-1.504570E-2
4.765000E-3	-8.385837E-3
4.770000E-3	-2.884662E-2
4.775000E-3	-1.683062E-2
4.780000E-3	-5.567253E-3
4.785000E-3	-2.394426E-2
4.790000E-3	-1.450968E-2
4.795000E-3	-6.292462E-4
4.800000E-3	-1.355964E-2
4.805000E-3	-7.367253E-3
4.810000E-3	9.951413E-3
4.815000E-3	3.442347E-3
4.820000E-3	3.797412E-3
4.825000E-3	1.688409E-2
4.830000E-3	6.720185E-3
4.835000E-3	1.728714E-3
4.840000E-3	1.490313E-2
4.845000E-3	3.961921E-3
4.850000E-3	-2.721250E-3
4.855000E-3	1.341158E-2
4.860000E-3	8.003354E-3
4.865000E-3	-5.786598E-3
4.870000E-3	4.511654E-3
4.875000E-3	2.237320E-3
4.880000E-3	-1.264799E-2
4.885000E-3	-6.307542E-3
4.890000E-3	-3.239453E-3
4.895000E-3	-1.382697E-2
4.900000E-3	-2.862453E-3
4.905000E-3	8.714855E-3
4.910000E-3	-1.477838E-3
4.915000E-3	3.069460E-3
4.920000E-3	1.318401E-2
4.925000E-3	3.605485E-4
4.930000E-3	-5.312264E-3
4.935000E-3	9.815693E-4
4.940000E-3	-1.007479E-2
4.945000E-3	-1.692384E-2
4.950000E-3	-1.140732E-2
4.955000E-3	-1.698691E-2
4.960000E-3	-1.693481E-2
4.965000E-3	-3.365576E-3
4.970000E-3	-6.169081E-4
4.975000E-3	-1.357198E-3
4.980000E-3	5.409598E-3
4.985000E-3	1.795888E-3
4.990000E-3	-4.625440E-3
4.995000E-3	-3.166795E-4
5.000000E-3	-1.701295E-3
5.005000E-3	-5.338311E-3
5.010000E-3	4.053771E-3
5.015000E-3	1.104265E-2
5.020000E-3	9.286523E-3
5.025000E-3	1.480305E-2
5.030000E-3	1.996726E-2
5.035000E-3	1.496893E-2
5.040000E-3	1.130724E-2
5.045000E-3	1.008302E-2
5.050000E-3	5.220413E-3
5.055000E-3	3.014624E-3
5.060000E-3	1.704037E-3
5.065000E-3	-4.940748E-3
5.070000E-3	-8.215845E-3
5.075000E-3	-6.306171E-3
5.080000E-3	-1.006657E-2
5.085000E-3	-1.186794E-2
5.090000E-3	-7.346690E-3
5.095000E-3	-4.839301E-3
5.100000E-3	-4.263520E-3
5.105000E-3	-5.469918E-4
5.110000E-3	2.248287E-4
5.115000E-3	-3.031075E-3
5.120000E-3	-1.991928E-3
5.125000E-3	3.701448E-5
5.130000E-3	5.428791E-4
5.135000E-3	1.978219E-3
5.140000E-3	1.388729E-3
5.145000E-3	-1.843870E-3
5.150000E-3	-3.281951E-3
5.155000E-3	-3.542423E-3
5.160000E-3	-4.998326E-3
5.165000E-3	-2.086520E-3
5.170000E-3	2.669156E-3
5.175000E-3	1.752019E-3
5.180000E-3	1.669765E-3
5.185000E-3	2.655447E-3
5.190000E-3	-2.591014E-4
5.195000E-3	-7.087588E-4
5.200000E-3	1.858950E-3
5.205000E-3	2.022088E-3
5.210000E-3	3.202438E-3
5.215000E-3	2.559483E-3
5.220000E-3	-1.920640E-3
5.225000E-3	-6.166339E-3
5.230000E-3	-2.723992E-3
5.235000E-3	-6.540596E-3
5.240000E-3	-7.261693E-3
5.245000E-3	-4.932523E-3
5.250000E-3	3.513634E-3
5.255000E-3	8.047223E-3
5.260000E-3	-1.117975E-2
5.265000E-3	6.446004E-3
5.270000E-3	3.593147E-3
5.275000E-3	-4.269004E-3
5.280000E-3	3.623307E-3
5.285000E-3	1.059574E-2
5.290000E-3	3.575325E-3
5.295000E-3	-1.747906E-3
5.300000E-3	9.941816E-3
5.305000E-3	-3.512263E-3
5.310000E-3	-6.836712E-3
5.315000E-3	6.096423E-3
5.320000E-3	2.396345E-3
5.325000E-3	-4.545927E-3
5.330000E-3	9.202898E-3
5.335000E-3	4.936635E-3
5.340000E-3	-4.159331E-3
5.345000E-3	7.553697E-3
5.350000E-3	5.602896E-3
5.355000E-3	-3.694594E-3
5.360000E-3	4.334807E-3
5.365000E-3	5.709827E-3
5.370000E-3	-1.013649E-2
5.375000E-3	-2.348363E-3
5.380000E-3	6.695509E-3
5.385000E-3	-1.577365E-2
5.390000E-3	-5.265653E-3
5.395000E-3	6.792843E-3
5.400000E-3	-1.003915E-2
5.405000E-3	-5.838692E-3
5.410000E-3	1.151425E-2
5.415000E-3	-1.233816E-3
5.420000E-3	-9.367406E-3
5.425000E-3	7.160246E-3
5.430000E-3	9.061694E-4
5.435000E-3	-8.447528E-3
5.440000E-3	7.524908E-3
5.445000E-3	-9.664893E-4
5.450000E-3	-1.366657E-2
5.455000E-3	-6.868243E-4
5.460000E-3	-1.024067E-3
5.465000E-3	-1.040518E-2
5.470000E-3	6.456971E-4
5.475000E-3	7.722318E-3
5.480000E-3	-2.654076E-3
5.485000E-3	3.100991E-3
5.490000E-3	5.235493E-3
5.495000E-3	-3.461540E-3
5.500000E-3	2.924144E-3
5.505000E-3	8.547604E-3
5.510000E-3	1.891851E-4
5.515000E-3	5.808532E-3
5.520000E-3	1.271927E-2
5.525000E-3	3.920794E-3
5.530000E-3	4.020870E-3
5.535000E-3	7.231534E-3
5.540000E-3	-2.629399E-3
5.545000E-3	-5.379438E-3
5.550000E-3	-8.088350E-4
5.555000E-3	-3.199697E-3
5.560000E-3	-4.898250E-3
5.565000E-3	3.791928E-3
5.570000E-3	4.925668E-3
5.575000E-3	1.192689E-3
5.580000E-3	3.251791E-3
5.585000E-3	1.884997E-3
5.590000E-3	-3.301144E-3
5.595000E-3	-3.905714E-3
5.600000E-3	-2.782941E-3
5.605000E-3	-4.045546E-3
5.610000E-3	-2.899468E-3
5.615000E-3	-4.064739E-3
5.620000E-3	-5.028486E-3
5.625000E-3	-3.436863E-3
5.630000E-3	-2.899468E-3
5.635000E-3	-3.453314E-3
5.640000E-3	-4.499316E-3
5.645000E-3	-5.870223E-3
5.650000E-3	-5.785227E-3
5.655000E-3	-6.200612E-3
5.660000E-3	-7.254839E-3
5.665000E-3	-5.727649E-3
5.670000E-3	-2.008379E-3
5.675000E-3	4.455447E-4
5.680000E-3	4.168928E-3
5.685000E-3	8.012950E-3
5.690000E-3	8.798480E-3
5.695000E-3	7.764816E-3
5.700000E-3	6.152630E-3
5.705000E-3	4.033208E-3
5.710000E-3	3.578067E-3
5.715000E-3	4.035950E-3
5.720000E-3	4.200459E-3
5.725000E-3	5.155981E-3
5.730000E-3	3.610969E-3
5.735000E-3	-9.253621E-4
5.740000E-3	-5.036712E-3
5.745000E-3	-7.986903E-3
5.750000E-3	-1.124281E-2
5.755000E-3	-1.141828E-2
5.760000E-3	-9.131610E-3
5.765000E-3	-7.343948E-3
5.770000E-3	-3.486216E-3
5.775000E-3	3.043413E-4
5.780000E-3	3.243566E-3
5.785000E-3	5.777001E-3
5.790000E-3	6.123841E-3
5.795000E-3	5.050421E-3
5.800000E-3	3.564358E-3
5.805000E-3	3.054380E-3
5.810000E-3	2.071440E-3
5.815000E-3	1.787663E-3
5.820000E-3	2.839148E-3
5.825000E-3	1.246154E-3
5.830000E-3	6.402135E-4
5.835000E-3	-9.925365E-4
5.840000E-3	-2.933741E-3
5.845000E-3	-3.816605E-3
5.850000E-3	-4.624069E-3
5.855000E-3	-4.476011E-3
5.860000E-3	-4.417062E-3
5.865000E-3	-2.917290E-3
5.870000E-3	2.056360E-5
5.875000E-3	2.503276E-3
5.880000E-3	4.691243E-3
5.885000E-3	6.064892E-3
5.890000E-3	6.160855E-3
5.895000E-3	2.867937E-3
5.900000E-3	-4.318357E-4
5.905000E-3	-5.428791E-4
5.910000E-3	-1.117289E-3
5.915000E-3	-2.522469E-4
5.920000E-3	1.998782E-3
5.925000E-3	1.091242E-3
5.930000E-3	-9.089112E-4
5.935000E-3	-2.804875E-3
5.940000E-3	-5.247831E-3
5.945000E-3	-7.446766E-3
5.950000E-3	-6.040215E-3
5.955000E-3	-3.831685E-3
5.960000E-3	-3.334045E-3
5.965000E-3	-2.316833E-4
5.970000E-3	1.753390E-3
5.975000E-3	9.047985E-5
5.980000E-3	-1.178980E-4
5.985000E-3	-3.153086E-4
5.990000E-3	-8.074641E-4
5.995000E-3	1.351714E-3
6.000000E-3	4.258037E-3
6.005000E-3	5.205333E-3
6.010000E-3	6.962836E-3
6.015000E-3	8.714855E-3
6.020000E-3	6.417215E-3
6.025000E-3	4.126430E-3
6.030000E-3	4.234731E-3
6.035000E-3	1.375020E-3
6.040000E-3	-3.153086E-5
6.045000E-3	8.444786E-4
6.050000E-3	-2.028942E-4
6.055000E-3	-1.196802E-3
6.060000E-3	-1.129627E-3
6.065000E-3	-2.469003E-3
6.070000E-3	-4.052401E-3
6.075000E-3	-2.436101E-3
6.080000E-3	-1.396954E-3
6.085000E-3	-2.488196E-3
6.090000E-3	-1.657426E-3
6.095000E-3	-2.145469E-3
6.100000E-3	-3.165424E-3
6.105000E-3	-2.303123E-3
6.110000E-3	-1.379132E-3
6.115000E-3	-1.645088E-3
6.120000E-3	-1.884997E-3
6.125000E-3	-2.104342E-3
6.130000E-3	-4.647374E-3
6.135000E-3	-5.290329E-3
6.140000E-3	-2.640367E-3
6.145000E-3	-3.303885E-4
6.150000E-3	1.975477E-3
6.155000E-3	3.693223E-3
6.160000E-3	3.022850E-3
6.165000E-3	1.630008E-3
6.170000E-3	2.056360E-4
6.175000E-3	-1.721859E-3
6.180000E-3	-3.860474E-3
6.185000E-3	-4.273117E-3
6.190000E-3	-4.042804E-3
6.195000E-3	-3.997564E-3
6.200000E-3	-1.913786E-3
6.205000E-3	9.006858E-4
6.210000E-3	2.666414E-3
6.215000E-3	4.655600E-3
6.220000E-3	5.657732E-3
6.225000E-3	4.947603E-3
6.230000E-3	3.264129E-3
6.235000E-3	1.756132E-3
6.240000E-3	3.578067E-4
6.245000E-3	-1.562834E-4
6.250000E-3	7.169843E-4
6.255000E-3	1.089871E-3
6.260000E-3	1.431227E-3
6.265000E-3	2.194822E-3
6.270000E-3	1.551867E-3
6.275000E-3	2.261996E-4
6.280000E-3	-3.057122E-4
6.285000E-3	-8.184314E-4
6.290000E-3	-1.377761E-3
6.295000E-3	-1.098096E-3
6.300000E-3	-5.428791E-4
6.305000E-3	2.741814E-5
6.310000E-3	2.415538E-3
6.315000E-3	5.162835E-3
6.320000E-3	6.206095E-3
6.325000E-3	6.292462E-3
6.330000E-3	4.621327E-3
6.335000E-3	6.347299E-4
6.340000E-3	-2.848744E-3
6.345000E-3	-5.745471E-3
6.350000E-3	-7.890940E-3
6.355000E-3	-7.513940E-3
6.360000E-3	-5.325973E-3
6.365000E-3	-3.769994E-3
6.370000E-3	-2.093375E-3
6.375000E-3	3.674030E-4
6.380000E-3	1.488805E-3
6.385000E-3	2.774715E-3
6.390000E-3	4.460931E-3
6.395000E-3	4.384160E-3
6.400000E-3	2.728105E-3
6.405000E-3	1.217365E-3
6.410000E-3	-9.239912E-4
6.415000E-3	-2.449811E-3
6.420000E-3	-2.034426E-3
6.425000E-3	-6.306171E-4
6.430000E-3	5.634427E-4
6.435000E-3	2.527952E-3
6.440000E-3	3.379285E-3
6.445000E-3	2.707541E-3
6.450000E-3	1.019955E-3
6.455000E-3	-7.827878E-4
6.460000E-3	-2.109826E-3
6.465000E-3	-1.687586E-3
6.470000E-3	-2.042651E-4
6.475000E-3	1.180351E-3
6.480000E-3	2.810359E-3
6.485000E-3	4.401982E-3
6.490000E-3	4.658341E-3
6.495000E-3	3.709674E-3
6.500000E-3	3.096879E-3
6.505000E-3	2.564967E-3
6.510000E-3	1.969993E-3
6.515000E-3	5.908608E-4
6.520000E-3	-1.708150E-3
6.525000E-3	-4.068851E-3
6.530000E-3	-6.583095E-3
6.535000E-3	-8.473575E-3
6.540000E-3	-8.627117E-3
6.545000E-3	-7.149279E-3
6.550000E-3	-4.866719E-3
6.555000E-3	-2.778828E-3
6.560000E-3	-7.402897E-4
6.565000E-3	2.056360E-4
6.570000E-3	-9.733438E-5
6.575000E-3	-3.139377E-4
6.580000E-3	-6.361008E-4
6.585000E-3	-1.010358E-3
6.590000E-3	-1.531303E-3
6.595000E-3	-1.199543E-3
6.600000E-3	-2.824068E-4
6.605000E-3	8.431077E-4
6.610000E-3	2.558112E-3
6.615000E-3	3.373802E-3
6.620000E-3	3.169537E-3
6.625000E-3	2.171516E-3
6.630000E-3	6.690025E-4
6.635000E-3	-1.037776E-3
6.640000E-3	-2.756894E-3
6.645000E-3	-3.573954E-3
6.650000E-3	-3.120184E-3
6.655000E-3	-1.997411E-3
6.660000E-3	-5.332828E-4
6.665000E-3	2.248287E-4
6.670000E-3	4.990101E-4
6.675000E-3	1.169384E-3
6.680000E-3	1.124144E-3
6.685000E-3	4.208684E-4
6.690000E-3	-2.453923E-4
6.695000E-3	-7.457733E-4
6.700000E-3	-8.335114E-4
6.705000E-3	-2.892613E-4
6.710000E-3	-1.137853E-4
6.715000E-3	-2.097487E-4
6.720000E-3	-5.031228E-4
6.725000E-3	-1.488805E-3
6.730000E-3	-2.697945E-3
6.735000E-3	-2.904952E-3
6.740000E-3	-2.389491E-3
6.745000E-3	-1.162529E-3
6.750000E-3	3.098249E-4
6.755000E-3	1.771212E-3
6.760000E-3	2.597868E-3
6.765000E-3	3.232598E-3
6.770000E-3	3.547907E-3
6.775000E-3	3.424525E-3
6.780000E-3	3.073573E-3
6.785000E-3	2.821326E-3
6.790000E-3	2.799392E-3
6.795000E-3	2.854228E-3
6.800000E-3	2.969384E-3
6.805000E-3	2.936482E-3
6.810000E-3	2.593756E-3
6.815000E-3	1.749277E-3
6.820000E-3	3.715158E-4
6.825000E-3	-1.096725E-3
6.830000E-3	-2.573192E-3
6.835000E-3	-4.051030E-3
6.840000E-3	-5.013406E-3
6.845000E-3	-5.737245E-3
6.850000E-3	-5.456209E-3
6.855000E-3	-4.273117E-3
6.860000E-3	-2.891243E-3
6.865000E-3	-1.826048E-3
6.870000E-3	-7.128716E-4
6.875000E-3	-3.578067E-4
6.880000E-3	-3.303885E-4
6.885000E-3	1.878142E-4
6.890000E-3	7.635951E-4
6.895000E-3	1.624525E-3
6.900000E-3	2.577305E-3
6.905000E-3	3.532827E-3
6.910000E-3	3.562987E-3
6.915000E-3	3.172278E-3
6.920000E-3	2.149582E-3
6.925000E-3	4.578829E-4
6.930000E-3	-1.603961E-3
6.935000E-3	-3.375173E-3
6.940000E-3	-5.055904E-3
6.945000E-3	-5.859256E-3
6.950000E-3	-5.194366E-3
6.955000E-3	-3.934503E-3
6.960000E-3	-2.082407E-3
6.965000E-3	-1.370907E-5
6.970000E-3	1.435339E-3
6.975000E-3	2.013862E-3
6.980000E-3	2.277076E-3
6.985000E-3	2.071440E-3
6.990000E-3	1.698554E-3
6.995000E-3	1.265347E-3
7.000000E-3	8.938313E-4
7.005000E-3	2.234578E-4
7.010000E-3	-4.962683E-4
7.015000E-3	-1.365423E-3
7.020000E-3	-2.544403E-3
7.025000E-3	-3.612339E-3
7.030000E-3	-3.865957E-3
7.035000E-3	-2.961159E-3
7.040000E-3	-1.357198E-3
7.045000E-3	1.056969E-3
7.050000E-3	3.175020E-3
7.055000E-3	4.210055E-3
7.060000E-3	4.732370E-3
7.065000E-3	4.201829E-3
7.070000E-3	2.822697E-3
7.075000E-3	1.004875E-3
7.080000E-3	-1.699924E-4
7.085000E-3	-2.220869E-4
7.090000E-3	-7.951260E-5
7.095000E-3	3.605485E-4
7.100000E-3	8.293986E-4
7.105000E-3	3.852248E-4
7.110000E-3	-7.622242E-4
7.115000E-3	-2.198935E-3
7.120000E-3	-3.362834E-3
7.125000E-3	-4.093528E-3
7.130000E-3	-4.222393E-3
7.135000E-3	-3.860474E-3
7.140000E-3	-3.010511E-3
7.145000E-3	-1.821935E-3
7.150000E-3	-7.430315E-4
7.155000E-3	3.029704E-4
7.160000E-3	1.213253E-3
7.165000E-3	1.835644E-3
7.170000E-3	2.060473E-3
7.175000E-3	1.906931E-3
7.180000E-3	2.281189E-3
7.185000E-3	3.194213E-3
7.190000E-3	3.724754E-3
7.195000E-3	3.798783E-3
7.200000E-3	3.483474E-3
7.205000E-3	2.104342E-3
7.210000E-3	-8.636713E-5
7.215000E-3	-1.831532E-3
7.220000E-3	-3.179133E-3
7.225000E-3	-2.877533E-3
7.230000E-3	-9.568930E-4
7.235000E-3	1.520336E-3
7.240000E-3	3.722012E-3
7.245000E-3	5.129933E-3
7.250000E-3	5.426049E-3
7.255000E-3	4.528105E-3
7.260000E-3	3.329933E-3
7.265000E-3	1.710892E-3
7.270000E-3	4.386902E-4
7.275000E-3	-4.304647E-4
7.280000E-3	-8.856058E-4
7.285000E-3	-1.187205E-3
7.290000E-3	-1.298249E-3
7.295000E-3	-1.845241E-3
7.300000E-3	-2.447069E-3
7.305000E-3	-3.240824E-3
7.310000E-3	-3.583550E-3
7.315000E-3	-3.265500E-3
7.320000E-3	-2.817214E-3
7.325000E-3	-2.187967E-3
7.330000E-3	-1.747906E-3
7.335000E-3	-1.664281E-3
7.340000E-3	-2.053618E-3
7.345000E-3	-2.648592E-3
7.350000E-3	-2.973497E-3
7.355000E-3	-2.681494E-3
7.360000E-3	-1.805484E-3
7.365000E-3	-2.755523E-4
7.370000E-3	9.116530E-4
7.375000E-3	1.613557E-3
7.380000E-3	1.860321E-3
7.385000E-3	1.801372E-3
7.390000E-3	1.719117E-3
7.395000E-3	1.664281E-3
7.400000E-3	1.895964E-3
7.405000E-3	1.856208E-3
7.410000E-3	1.669765E-3
7.415000E-3	1.409292E-3
7.420000E-3	3.372431E-4
7.425000E-3	-8.910894E-4
7.430000E-3	-1.746535E-3
7.435000E-3	-2.272964E-3
7.440000E-3	-2.669156E-3
7.445000E-3	-2.537549E-3
7.450000E-3	-2.046764E-3
7.455000E-3	-1.665652E-3
7.460000E-3	-1.561463E-3
7.465000E-3	-9.747148E-4
7.470000E-3	-5.689263E-4
7.475000E-3	-4.661083E-5
7.480000E-3	6.456971E-4
7.485000E-3	1.797259E-3
7.490000E-3	2.244174E-3
7.495000E-3	1.884997E-3
7.500000E-3	7.334352E-4
7.505000E-3	-1.220107E-3
7.510000E-3	-3.158569E-3
7.515000E-3	-4.615843E-3
7.520000E-3	-4.981875E-3
7.525000E-3	-3.949583E-3
7.530000E-3	-1.959026E-3
7.535000E-3	-1.329780E-4
7.540000E-3	1.098096E-3
7.545000E-3	1.550496E-3
7.550000E-3	1.642346E-3
7.555000E-3	1.547754E-3
7.560000E-3	2.086520E-3
7.565000E-3	3.007770E-3
7.570000E-3	4.044175E-3
7.575000E-3	4.491091E-3
7.580000E-3	4.296422E-3
7.585000E-3	3.121555E-3
7.590000E-3	1.258492E-3
7.595000E-3	-1.098096E-3
7.600000E-3	-3.194213E-3
7.605000E-3	-4.754305E-3
7.610000E-3	-5.528867E-3
7.615000E-3	-5.439758E-3
7.620000E-3	-4.611731E-3
7.625000E-3	-3.339529E-3
7.630000E-3	-2.086520E-3
7.635000E-3	-1.451790E-3
7.640000E-3	-9.075403E-4
7.645000E-3	-3.043413E-4
7.650000E-3	4.071593E-4
7.655000E-3	1.333892E-3
7.660000E-3	2.625287E-3
7.665000E-3	3.956437E-3
7.670000E-3	4.338920E-3
7.675000E-3	3.782332E-3
7.680000E-3	2.510130E-3
7.685000E-3	1.062453E-3
7.690000E-3	-7.128716E-4
7.695000E-3	-2.700686E-3
7.700000E-3	-4.051030E-3
7.705000E-3	-4.369080E-3
7.710000E-3	-3.813863E-3
7.715000E-3	-2.902210E-3
7.720000E-3	-1.232445E-3
7.725000E-3	7.142425E-4
7.730000E-3	2.394974E-3
7.735000E-3	3.697336E-3
7.740000E-3	4.363596E-3
7.745000E-3	4.663825E-3
7.750000E-3	4.674792E-3
7.755000E-3	4.322469E-3
7.760000E-3	4.033208E-3
7.765000E-3	3.739834E-3
7.770000E-3	2.854228E-3
7.775000E-3	1.525819E-3
7.780000E-3	4.661083E-5
7.785000E-3	-1.588881E-3
7.790000E-3	-3.162682E-3
7.795000E-3	-4.486978E-3
7.800000E-3	-5.090177E-3
7.805000E-3	-5.472660E-3
7.810000E-3	-5.049050E-3
7.815000E-3	-3.957808E-3
7.820000E-3	-2.615690E-3
7.825000E-3	-1.314700E-3
7.830000E-3	-1.699924E-4
7.835000E-3	3.125668E-4
7.840000E-3	3.907084E-4
7.845000E-3	1.617670E-4
7.850000E-3	-3.865957E-4
7.855000E-3	-5.223155E-4
7.860000E-3	-5.154610E-4
7.865000E-3	-3.907084E-4
7.870000E-3	-8.225441E-6
7.875000E-3	3.262758E-4
7.880000E-3	3.057122E-4
7.885000E-3	-1.549125E-4
7.890000E-3	-5.428791E-4
7.895000E-3	-8.595586E-4
7.900000E-3	-9.445548E-4
7.905000E-3	-2.248287E-4
7.910000E-3	9.349585E-4
7.915000E-3	2.541661E-3
7.920000E-3	3.734350E-3
7.925000E-3	4.517138E-3
7.930000E-3	4.765272E-3
7.935000E-3	4.571974E-3
7.940000E-3	4.014015E-3
7.945000E-3	3.412187E-3
7.950000E-3	2.253771E-3
7.955000E-3	1.656055E-3
7.960000E-3	1.174867E-3
7.965000E-3	1.146078E-3
7.970000E-3	1.395583E-3
7.975000E-3	1.908302E-3
7.980000E-3	1.778066E-3
7.985000E-3	1.613557E-3
7.990000E-3	1.580656E-3
7.995000E-3	1.181722E-3
8.000000E-3	6.402135E-4
8.005000E-3	-2.549887E-4
8.010000E-3	-1.185834E-3
8.015000E-3	-2.322316E-3
8.020000E-3	-3.223002E-3
8.025000E-3	-3.571212E-3
8.030000E-3	-3.000915E-3
8.035000E-3	-2.041280E-3
8.040000E-3	-1.010358E-3
8.045000E-3	-4.633665E-4
8.050000E-3	6.717443E-5
8.055000E-3	1.453161E-4
8.060000E-3	-2.138615E-4
8.065000E-3	-4.290938E-4
8.070000E-3	-8.842349E-4
8.075000E-3	-1.376390E-3
8.080000E-3	-1.684844E-3
8.085000E-3	-1.614928E-3
8.090000E-3	-1.458645E-3
8.095000E-3	-1.255751E-3
8.100000E-3	-5.936027E-4
8.105000E-3	1.096725E-5
8.110000E-3	5.867481E-4
8.115000E-3	8.760095E-4
8.120000E-3	1.672506E-3
8.125000E-3	1.895964E-3
8.130000E-3	1.939833E-3
8.135000E-3	1.667023E-3
8.140000E-3	1.067936E-3
8.145000E-3	-1.370907E-5
8.150000E-3	-8.623004E-4
8.155000E-3	-1.547754E-3
8.160000E-3	-1.614928E-3
8.165000E-3	-1.616299E-3
8.170000E-3	-1.305103E-3
8.175000E-3	-1.028180E-3
8.180000E-3	-1.084387E-3
8.185000E-3	-9.171367E-4
8.190000E-3	-9.157658E-4
8.195000E-3	-8.143187E-4
8.200000E-3	-6.648898E-4
8.205000E-3	-2.714396E-4
8.210000E-3	-3.564358E-4
8.215000E-3	-1.494288E-4
8.220000E-3	6.443262E-5
8.225000E-3	2.042651E-4
8.230000E-3	-8.499622E-5
8.235000E-3	-4.441738E-4
8.240000E-3	-9.226203E-4
8.245000E-3	-1.697183E-3
8.250000E-3	-2.726734E-3
8.255000E-3	-3.501296E-3
8.260000E-3	-3.857732E-3
8.265000E-3	-3.848135E-3
8.270000E-3	-3.083169E-3
8.275000E-3	-1.675248E-3
8.280000E-3	2.220869E-4
8.285000E-3	2.041280E-3
8.290000E-3	3.734350E-3
8.295000E-3	4.566491E-3
8.300000E-3	4.300535E-3
8.305000E-3	3.364205E-3
8.310000E-3	2.168775E-3
8.315000E-3	6.525517E-4
8.320000E-3	-4.304647E-4
8.325000E-3	-1.125515E-3
8.330000E-3	-1.540899E-3
8.335000E-3	-1.646459E-3
8.340000E-3	-1.990557E-3
8.345000E-3	-2.390862E-3
8.350000E-3	-2.998173E-3
8.355000E-3	-3.510892E-3
8.360000E-3	-3.602743E-3
8.365000E-3	-3.517747E-3
8.370000E-3	-2.922773E-3
8.375000E-3	-2.008379E-3
8.380000E-3	-8.307695E-4
8.385000E-3	3.345013E-4
8.390000E-3	1.446307E-3
8.395000E-3	1.843870E-3
8.400000E-3	2.120793E-3
8.405000E-3	1.858950E-3
8.410000E-3	1.093984E-3
8.415000E-3	-8.499622E-5
8.420000E-3	-9.308457E-4
8.425000E-3	-1.790404E-3
8.430000E-3	-2.137244E-3
8.435000E-3	-2.017975E-3
8.440000E-3	-1.209140E-3
8.445000E-3	-3.742576E-4
8.450000E-3	5.675554E-4
8.455000E-3	2.016604E-3
8.460000E-3	2.795279E-3
8.465000E-3	4.035950E-3
8.470000E-3	4.850268E-3
8.475000E-3	5.224526E-3
8.480000E-3	5.375326E-3
8.485000E-3	5.512416E-3
8.490000E-3	5.235493E-3
8.495000E-3	4.752934E-3
8.500000E-3	3.704190E-3
8.505000E-3	2.382636E-3
8.510000E-3	6.155372E-4
8.515000E-3	-1.124144E-3
8.520000E-3	-2.778828E-3
8.525000E-3	-3.739834E-3
8.530000E-3	-4.263520E-3
8.535000E-3	-4.218280E-3
8.540000E-3	-3.731608E-3
8.545000E-3	-3.317595E-3
8.550000E-3	-2.943337E-3
8.555000E-3	-2.603352E-3
8.560000E-3	-2.357960E-3
8.565000E-3	-2.171516E-3
8.570000E-3	-1.547754E-3
8.575000E-3	-9.637475E-4
8.580000E-3	-6.059408E-4
8.585000E-3	-4.359484E-4
8.590000E-3	-7.622242E-4
8.595000E-3	-1.385987E-3
8.600000E-3	-2.070069E-3
8.605000E-3	-2.789795E-3
8.610000E-3	-3.297031E-3
8.615000E-3	-3.538311E-3
8.620000E-3	-3.431380E-3
8.625000E-3	-3.190100E-3
8.630000E-3	-2.787054E-3
8.635000E-3	-2.053618E-3
8.640000E-3	-1.013100E-3
8.645000E-3	2.097487E-4
8.650000E-3	1.350343E-3
8.655000E-3	2.484083E-3
8.660000E-3	3.436863E-3
8.665000E-3	3.996193E-3
8.670000E-3	4.640520E-3
8.675000E-3	5.121708E-3
8.680000E-3	5.394518E-3
8.685000E-3	5.327344E-3
8.690000E-3	5.219042E-3
8.695000E-3	4.297793E-3
8.700000E-3	2.765119E-3
8.705000E-3	9.143949E-4
8.710000E-3	-7.279515E-4
8.715000E-3	-2.209902E-3
8.720000E-3	-3.176391E-3
8.725000E-3	-3.608227E-3
8.730000E-3	-3.390253E-3
8.735000E-3	-2.412796E-3
8.740000E-3	-1.253009E-3
8.745000E-3	2.056360E-5
8.750000E-3	1.122773E-3
8.755000E-3	1.979589E-3
8.760000E-3	2.366185E-3
8.765000E-3	2.519727E-3
8.770000E-3	2.670527E-3
8.775000E-3	2.903581E-3
8.780000E-3	3.161311E-3
8.785000E-3	3.340900E-3
8.790000E-3	3.199697E-3
8.795000E-3	2.861083E-3
8.800000E-3	1.764357E-3
8.805000E-3	6.319880E-4
8.810000E-3	-7.073879E-4
8.815000E-3	-1.739681E-3
8.820000E-3	-2.615690E-3
8.825000E-3	-2.972126E-3
8.830000E-3	-3.009140E-3
8.835000E-3	-2.614319E-3
8.840000E-3	-2.082407E-3
8.845000E-3	-1.612186E-3
8.850000E-3	-1.161158E-3
8.855000E-3	-8.115768E-4
8.860000E-3	-2.947450E-4
8.865000E-3	1.713634E-4
8.870000E-3	5.332828E-4
8.875000E-3	8.417368E-4
8.880000E-3	9.678602E-4
8.885000E-3	8.856058E-4
8.890000E-3	4.866719E-4
8.895000E-3	-1.672506E-4
8.900000E-3	-7.457733E-4
8.905000E-3	-1.518965E-3
8.910000E-3	-1.912415E-3
8.915000E-3	-2.549887E-3
8.920000E-3	-3.009140E-3
8.925000E-3	-3.387511E-3
8.930000E-3	-3.542423E-3
8.935000E-3	-3.515005E-3
8.940000E-3	-3.103733E-3
8.945000E-3	-2.947450E-3
8.950000E-3	-2.628028E-3
8.955000E-3	-2.393603E-3
8.960000E-3	-1.957655E-3
8.965000E-3	-1.453161E-3
8.970000E-3	-4.236102E-4
8.975000E-3	9.212494E-4
8.980000E-3	1.915157E-3
8.985000E-3	2.660930E-3
8.990000E-3	2.833664E-3
8.995000E-3	2.678752E-3
9.000000E-3	2.108455E-3
9.005000E-3	1.254380E-3
9.010000E-3	5.894899E-5
9.015000E-3	-1.003504E-3
9.020000E-3	-2.178371E-3
9.025000E-3	-2.932370E-3
9.030000E-3	-3.033817E-3
9.035000E-3	-2.532065E-3
9.040000E-3	-1.969993E-3
9.045000E-3	-1.095355E-3
9.050000E-3	-3.358722E-4
9.055000E-3	3.372431E-4
9.060000E-3	9.966493E-4
9.065000E-3	1.250267E-3
9.070000E-3	1.638234E-3
9.075000E-3	1.849353E-3
9.080000E-3	1.793146E-3
9.085000E-3	1.727343E-3
9.090000E-3	1.310587E-3
9.095000E-3	8.568168E-4
9.100000E-3	3.509521E-4
9.105000E-3	-2.824068E-4
9.110000E-3	-9.815693E-4
9.115000E-3	-1.834273E-3
9.120000E-3	-2.803504E-3
9.125000E-3	-3.598630E-3
9.130000E-3	-4.204571E-3
9.135000E-3	-4.358113E-3
9.140000E-3	-4.088044E-3
9.145000E-3	-3.361464E-3
9.150000E-3	-2.288043E-3
9.155000E-3	-1.233816E-3
9.160000E-3	-9.459257E-5
9.165000E-3	1.033664E-3
9.170000E-3	2.035797E-3
9.175000E-3	3.068089E-3
9.180000E-3	4.003048E-3
9.185000E-3	4.286826E-3
9.190000E-3	4.174411E-3
9.195000E-3	4.104495E-3
9.200000E-3	3.536940E-3
9.205000E-3	2.981722E-3
9.210000E-3	2.644479E-3
9.215000E-3	2.251029E-3
9.220000E-3	1.950800E-3
9.225000E-3	1.841128E-3
9.230000E-3	1.974106E-3
9.235000E-3	1.823306E-3
9.240000E-3	1.775324E-3
9.245000E-3	1.778066E-3
9.250000E-3	1.520336E-3
9.255000E-3	1.359940E-3
9.260000E-3	9.897947E-4
9.265000E-3	7.800460E-4
9.270000E-3	7.581115E-4
9.275000E-3	6.470680E-4
9.280000E-3	5.428791E-4
9.285000E-3	-9.596348E-6
9.290000E-3	-6.456971E-4
9.295000E-3	-1.442194E-3
9.300000E-3	-2.216756E-3
9.305000E-3	-2.637625E-3
9.310000E-3	-2.844632E-3
9.315000E-3	-2.771974E-3
9.320000E-3	-2.556741E-3
9.325000E-3	-2.064586E-3
9.330000E-3	-1.879513E-3
9.335000E-3	-1.409292E-3
9.340000E-3	-1.366794E-3
9.345000E-3	-1.477838E-3
9.350000E-3	-1.468241E-3
9.355000E-3	-1.455903E-3
9.360000E-3	-1.302361E-3
9.365000E-3	-8.760095E-4
9.370000E-3	-5.236864E-4
9.375000E-3	-7.814169E-5
9.380000E-3	5.113482E-4
9.385000E-3	1.299620E-3
9.390000E-3	1.794517E-3
9.395000E-3	2.086520E-3
9.400000E-3	2.412796E-3
9.405000E-3	2.270222E-3
9.410000E-3	1.594365E-3
9.415000E-3	1.466870E-3
9.420000E-3	1.181722E-3
9.425000E-3	7.142425E-4
9.430000E-3	4.853010E-4
9.435000E-3	5.620718E-5
9.440000E-3	-6.443262E-5
9.445000E-3	-4.482865E-4
9.450000E-3	-6.347299E-4
9.455000E-3	-9.020567E-4
9.460000E-3	-1.121402E-3
9.465000E-3	-1.017213E-3
9.470000E-3	-7.019043E-4
9.475000E-3	-5.963445E-4
9.480000E-3	-3.084540E-4
9.485000E-3	1.960397E-4
9.490000E-3	7.115006E-4
9.495000E-3	9.377003E-4
9.500000E-3	1.002133E-3
9.505000E-3	9.664893E-4
9.510000E-3	8.431077E-4
9.515000E-3	4.044175E-4
9.520000E-3	6.031990E-5
9.525000E-3	-5.223155E-4
9.530000E-3	-8.184314E-4
9.535000E-3	-9.966493E-4
9.540000E-3	-1.054227E-3
9.545000E-3	-1.048744E-3
9.550000E-3	-1.063824E-3
9.555000E-3	-7.992387E-4
9.560000E-3	-4.414320E-4
9.565000E-3	-1.535416E-4
9.570000E-3	8.088350E-5
9.575000E-3	5.908608E-4
9.580000E-3	8.074641E-4
9.585000E-3	6.813407E-4
9.590000E-3	6.265044E-4
9.595000E-3	5.017519E-4
9.600000E-3	6.854534E-6
9.605000E-3	-7.704496E-4
9.610000E-3	-1.661539E-3
9.615000E-3	-2.601981E-3
9.620000E-3	-3.120184E-3
9.625000E-3	-3.572583E-3
9.630000E-3	-4.105866E-3
9.635000E-3	-4.019499E-3
9.640000E-3	-3.813863E-3
9.645000E-3	-3.131151E-3
9.650000E-3	-2.474487E-3
9.655000E-3	-1.425743E-3
9.660000E-3	-4.770756E-4
9.665000E-3	2.138615E-4
9.670000E-3	7.019043E-4
9.675000E-3	5.634427E-4
9.680000E-3	3.303885E-4
9.685000E-3	1.603961E-4
9.690000E-3	7.402897E-5
9.695000E-3	-2.851486E-4
9.700000E-3	-2.933741E-4
9.705000E-3	1.507998E-5
9.710000E-3	5.963445E-4
9.715000E-3	1.176238E-3
9.720000E-3	1.723230E-3
9.725000E-3	2.292156E-3
9.730000E-3	2.915919E-3
9.735000E-3	3.073573E-3
9.740000E-3	3.122926E-3
9.745000E-3	2.995431E-3
9.750000E-3	2.719879E-3
9.755000E-3	2.445698E-3
9.760000E-3	2.179742E-3
9.765000E-3	1.712263E-3
9.770000E-3	1.189947E-3
9.775000E-3	5.620718E-4
9.780000E-3	3.523231E-4
9.785000E-3	-3.427267E-5
9.790000E-3	-1.576543E-4
9.795000E-3	-1.727343E-4
9.800000E-3	1.370907E-5
9.805000E-3	-1.507998E-5
9.810000E-3	-2.070069E-4
9.815000E-3	-4.386902E-4
9.820000E-3	-9.212494E-4
9.825000E-3	-1.599848E-3
9.830000E-3	-2.275705E-3
9.835000E-3	-2.825439E-3
9.840000E-3	-3.020108E-3
9.845000E-3	-2.899468E-3
9.850000E-3	-2.547145E-3
9.855000E-3	-2.030313E-3
9.860000E-3	-1.444936E-3
9.865000E-3	-1.004875E-3
9.870000E-3	-7.101297E-4
9.875000E-3	-4.784465E-4
9.880000E-3	-5.415082E-4
9.885000E-3	-4.153848E-4
9.890000E-3	-8.773804E-5
9.895000E-3	2.892613E-4
9.900000E-3	6.977916E-4
9.905000E-3	1.207769E-3
9.910000E-3	1.603961E-3
9.915000E-3	1.571059E-3
9.920000E-3	1.373649E-3
9.925000E-3	7.622242E-4
9.930000E-3	3.797412E-4
9.935000E-3	3.015995E-5
9.940000E-3	-2.851486E-4
9.945000E-3	6.854534E-6
9.950000E-3	4.770756E-4
9.955000E-3	9.980202E-4
9.960000E-3	1.680732E-3
9.965000E-3	2.244174E-3
9.970000E-3	2.574563E-3
9.975000E-3	2.733588E-3
9.980000E-3	2.670527E-3
9.985000E-3	2.436101E-3
9.990000E-3	1.710892E-3
9.995000E-3	7.841587E-4
