0.000000E+0	-2.556741E-3
5.000000E-6	-2.737701E-3
1.000000E-5	-2.515614E-3
1.500000E-5	-2.488196E-3
2.000000E-5	-2.676010E-3
2.500000E-5	-2.386749E-3
3.000000E-5	-2.316833E-3
3.500000E-5	-2.316833E-3
4.000000E-5	-2.326429E-3
4.500000E-5	-2.393603E-3
5.000000E-5	-2.299011E-3
5.500000E-5	-2.407312E-3
6.000000E-5	-2.453923E-3
6.500000E-5	-2.305865E-3
7.000000E-5	-2.351105E-3
7.500000E-5	-2.392232E-3
8.000000E-5	-2.532065E-3
8.500000E-5	-2.497792E-3
9.000000E-5	-2.469003E-3
9.500000E-5	-2.438843E-3
1.000000E-4	-2.278447E-3
1.050000E-4	-2.219498E-3
1.100000E-4	-2.503276E-3
1.150000E-4	-2.381265E-3
1.200000E-4	-2.394974E-3
1.250000E-4	-2.337396E-3
1.300000E-4	-2.377152E-3
1.350000E-4	-2.375782E-3
1.400000E-4	-2.283931E-3
1.450000E-4	-2.277076E-3
1.500000E-4	-2.425134E-3
1.550000E-4	-2.377152E-3
1.600000E-4	-2.408683E-3
1.650000E-4	-2.486825E-3
1.700000E-4	-2.501905E-3
1.750000E-4	-2.431989E-3
1.800000E-4	-2.371669E-3
1.850000E-4	-2.305865E-3
1.900000E-4	-2.293527E-3
1.950000E-4	-2.611578E-3
2.000000E-4	-2.604723E-3
2.050000E-4	-2.578676E-3
2.100000E-4	-2.429247E-3
2.150000E-4	-2.552629E-3
2.200000E-4	-2.453923E-3
2.250000E-4	-2.426505E-3
2.300000E-4	-2.423763E-3
2.350000E-4	-2.407312E-3
2.400000E-4	-2.497792E-3
2.450000E-4	-2.506018E-3
2.500000E-4	-2.326429E-3
2.550000E-4	-2.473116E-3
2.600000E-4	-2.421021E-3
2.650000E-4	-2.514243E-3
2.700000E-4	-2.511501E-3
2.750000E-4	-2.577305E-3
2.800000E-4	-2.591014E-3
2.850000E-4	-2.611578E-3
2.900000E-4	-2.545774E-3
2.950000E-4	-2.538919E-3
3.000000E-4	-2.503276E-3
3.050000E-4	-2.459407E-3
3.100000E-4	-2.456665E-3
3.150000E-4	-2.451181E-3
3.200000E-4	-2.334654E-3
3.250000E-4	-2.471745E-3
3.300000E-4	-2.596498E-3
3.350000E-4	-2.662301E-3
3.400000E-4	-2.663672E-3
3.450000E-4	-2.632141E-3
3.500000E-4	-2.473116E-3
3.550000E-4	-2.334654E-3
3.600000E-4	-2.316833E-3
3.650000E-4	-2.390862E-3
3.700000E-4	-2.644479E-3
3.750000E-4	-2.578676E-3
3.800000E-4	-2.617061E-3
3.850000E-4	-2.499163E-3
3.900000E-4	-2.459407E-3
3.950000E-4	-2.381265E-3
4.000000E-4	-2.486825E-3
4.050000E-4	-2.463520E-3
4.100000E-4	-2.522469E-3
4.150000E-4	-2.490938E-3
4.200000E-4	-2.693832E-3
4.250000E-4	-2.575934E-3
4.300000E-4	-2.475858E-3
4.350000E-4	-2.460778E-3
4.400000E-4	-2.338767E-3
4.450000E-4	-2.422392E-3
4.500000E-4	-2.581418E-3
4.550000E-4	-2.405941E-3
4.600000E-4	-2.418280E-3
4.650000E-4	-2.474487E-3
4.700000E-4	-2.499163E-3
4.750000E-4	-2.603352E-3
4.800000E-4	-2.552629E-3
4.850000E-4	-2.412796E-3
4.900000E-4	-2.396345E-3
4.950000E-4	-2.364814E-3
5.000000E-4	-2.237320E-3
5.050000E-4	-2.445698E-3
5.100000E-4	-2.336025E-3
5.150000E-4	-2.495050E-3
5.200000E-4	-2.385378E-3
5.250000E-4	-2.384007E-3
5.300000E-4	-2.261996E-3
5.350000E-4	-2.404571E-3
5.400000E-4	-2.608836E-3
5.450000E-4	-2.617061E-3
5.500000E-4	-2.345622E-3
5.550000E-4	-2.378523E-3
5.600000E-4	-2.623916E-3
5.650000E-4	-2.617061E-3
5.700000E-4	-2.588272E-3
5.750000E-4	-2.501905E-3
5.800000E-4	-2.660930E-3
5.850000E-4	-2.501905E-3
5.900000E-4	-2.368927E-3
5.950000E-4	-2.623916E-3
6.000000E-4	-2.581418E-3
6.050000E-4	-2.515614E-3
6.100000E-4	-2.699316E-3
6.150000E-4	-2.658188E-3
6.200000E-4	-2.669156E-3
6.250000E-4	-2.463520E-3
6.300000E-4	-2.547145E-3
6.350000E-4	-2.582788E-3
6.400000E-4	-2.584159E-3
6.450000E-4	-2.559483E-3
6.500000E-4	-2.543032E-3
6.550000E-4	-2.451181E-3
6.600000E-4	-2.474487E-3
6.650000E-4	-2.397716E-3
6.700000E-4	-2.416909E-3
6.750000E-4	-2.475858E-3
6.800000E-4	-2.490938E-3
6.850000E-4	-2.449811E-3
6.900000E-4	-2.401829E-3
6.950000E-4	-2.322316E-3
7.000000E-4	-2.261996E-3
7.050000E-4	-2.485454E-3
7.100000E-4	-2.501905E-3
7.150000E-4	-2.540290E-3
7.200000E-4	-2.448440E-3
7.250000E-4	-2.570450E-3
7.300000E-4	-2.442956E-3
7.350000E-4	-2.445698E-3
7.400000E-4	-2.433360E-3
7.450000E-4	-2.425134E-3
7.500000E-4	-2.277076E-3
7.550000E-4	-2.357960E-3
7.600000E-4	-2.411425E-3
7.650000E-4	-2.488196E-3
7.700000E-4	-2.430618E-3
7.750000E-4	-2.595127E-3
7.800000E-4	-2.459407E-3
7.850000E-4	-2.521098E-3
7.900000E-4	-2.574563E-3
7.950000E-4	-2.526581E-3
8.000000E-4	-2.460778E-3
8.050000E-4	-2.405941E-3
8.100000E-4	-2.386749E-3
8.150000E-4	-2.548516E-3
8.200000E-4	-2.507389E-3
8.250000E-4	-2.558112E-3
8.300000E-4	-2.617061E-3
8.350000E-4	-2.612948E-3
8.400000E-4	-2.421021E-3
8.450000E-4	-2.352476E-3
8.500000E-4	-2.433360E-3
8.550000E-4	-2.426505E-3
8.600000E-4	-2.329171E-3
8.650000E-4	-2.282560E-3
8.700000E-4	-2.274334E-3
8.750000E-4	-2.345622E-3
8.800000E-4	-2.360702E-3
8.850000E-4	-2.431989E-3
8.900000E-4	-2.532065E-3
8.950000E-4	-2.460778E-3
9.000000E-4	-2.510130E-3
9.050000E-4	-2.442956E-3
9.100000E-4	-2.549887E-3
9.150000E-4	-2.588272E-3
9.200000E-4	-2.445698E-3
9.250000E-4	-2.351105E-3
9.300000E-4	-2.440214E-3
9.350000E-4	-2.551258E-3
9.400000E-4	-2.634883E-3
9.450000E-4	-2.489567E-3
9.500000E-4	-2.529323E-3
9.550000E-4	-2.630770E-3
9.600000E-4	-2.640367E-3
9.650000E-4	-2.566338E-3
9.700000E-4	-2.407312E-3
9.750000E-4	-2.426505E-3
9.800000E-4	-2.570450E-3
9.850000E-4	-2.488196E-3
9.900000E-4	-2.401829E-3
9.950000E-4	-2.503276E-3
1.000000E-3	-2.412796E-3
1.005000E-3	-2.499163E-3
1.010000E-3	-2.497792E-3
1.015000E-3	-2.501905E-3
1.020000E-3	-2.374411E-3
1.025000E-3	-2.593756E-3
1.030000E-3	-2.670527E-3
1.035000E-3	-2.495050E-3
1.040000E-3	-2.473116E-3
1.045000E-3	-2.532065E-3
1.050000E-3	-2.553999E-3
1.055000E-3	-2.560854E-3
1.060000E-3	-2.351105E-3
1.065000E-3	-2.322316E-3
1.070000E-3	-2.362072E-3
1.075000E-3	-2.426505E-3
1.080000E-3	-2.388120E-3
1.085000E-3	-2.257884E-3
1.090000E-3	-2.319574E-3
1.095000E-3	-2.536178E-3
1.100000E-3	-2.441585E-3
1.105000E-3	-2.346992E-3
1.110000E-3	-2.455294E-3
1.115000E-3	-2.304494E-3
1.120000E-3	-2.426505E-3
1.125000E-3	-2.384007E-3
1.130000E-3	-2.442956E-3
1.135000E-3	-2.423763E-3
1.140000E-3	-2.301753E-3
1.145000E-3	-2.299011E-3
1.150000E-3	-2.399087E-3
1.155000E-3	-2.323687E-3
1.160000E-3	-2.540290E-3
1.165000E-3	-2.648592E-3
1.170000E-3	-2.497792E-3
1.175000E-3	-2.222240E-3
1.180000E-3	-2.286673E-3
1.185000E-3	-2.493680E-3
1.190000E-3	-2.625287E-3
1.195000E-3	-2.279818E-3
1.200000E-3	-2.374411E-3
1.205000E-3	-2.496421E-3
1.210000E-3	-2.626657E-3
1.215000E-3	-2.519727E-3
1.220000E-3	-2.381265E-3
1.225000E-3	-2.436101E-3
1.230000E-3	-2.307236E-3
1.235000E-3	-2.330542E-3
1.240000E-3	-2.294898E-3
1.245000E-3	-2.588272E-3
1.250000E-3	-2.588272E-3
1.255000E-3	-2.422392E-3
1.260000E-3	-2.389491E-3
1.265000E-3	-2.495050E-3
1.270000E-3	-2.574563E-3
1.275000E-3	-2.452552E-3
1.280000E-3	-2.316833E-3
1.285000E-3	-2.326429E-3
1.290000E-3	-2.447069E-3
1.295000E-3	-2.384007E-3
1.300000E-3	-2.288043E-3
1.305000E-3	-2.508759E-3
1.310000E-3	-2.599239E-3
1.315000E-3	-2.748668E-3
1.320000E-3	-2.559483E-3
1.325000E-3	-2.362072E-3
1.330000E-3	-2.425134E-3
1.335000E-3	-2.326429E-3
1.340000E-3	-2.316833E-3
1.345000E-3	-2.333283E-3
1.350000E-3	-2.632141E-3
1.355000E-3	-2.473116E-3
1.360000E-3	-2.303123E-3
1.365000E-3	-2.399087E-3
1.370000E-3	-2.459407E-3
1.375000E-3	-2.447069E-3
1.380000E-3	-2.393603E-3
1.385000E-3	-2.611578E-3
1.390000E-3	-2.599239E-3
1.395000E-3	-2.551258E-3
1.400000E-3	-2.525210E-3
1.405000E-3	-2.451181E-3
1.410000E-3	-2.448440E-3
1.415000E-3	-2.261996E-3
1.420000E-3	-2.401829E-3
1.425000E-3	-2.415538E-3
1.430000E-3	-2.419651E-3
1.435000E-3	-2.526581E-3
1.440000E-3	-2.544403E-3
1.445000E-3	-2.588272E-3
1.450000E-3	-2.523839E-3
1.455000E-3	-2.541661E-3
1.460000E-3	-2.415538E-3
1.465000E-3	-2.386749E-3
1.470000E-3	-2.533436E-3
1.475000E-3	-2.474487E-3
1.480000E-3	-2.399087E-3
1.485000E-3	-2.281189E-3
1.490000E-3	-2.414167E-3
1.495000E-3	-2.463520E-3
1.500000E-3	-2.506018E-3
1.505000E-3	-2.618432E-3
1.510000E-3	-2.534807E-3
1.515000E-3	-2.464890E-3
1.520000E-3	-2.277076E-3
1.525000E-3	-2.316833E-3
1.530000E-3	-2.348363E-3
1.535000E-3	-2.460778E-3
1.540000E-3	-2.442956E-3
1.545000E-3	-2.285302E-3
1.550000E-3	-2.270222E-3
1.555000E-3	-2.319574E-3
1.560000E-3	-2.451181E-3
1.565000E-3	-2.479970E-3
1.570000E-3	-2.538919E-3
1.575000E-3	-2.438843E-3
1.580000E-3	-2.543032E-3
1.585000E-3	-2.537549E-3
1.590000E-3	-2.743185E-3
1.595000E-3	-2.478600E-3
1.600000E-3	-2.525210E-3
1.605000E-3	-2.544403E-3
1.610000E-3	-2.392232E-3
1.615000E-3	-2.475858E-3
1.620000E-3	-2.405941E-3
1.625000E-3	-2.359331E-3
1.630000E-3	-2.623916E-3
1.635000E-3	-2.595127E-3
1.640000E-3	-2.507389E-3
1.645000E-3	-2.619803E-3
1.650000E-3	-2.640367E-3
1.655000E-3	-2.441585E-3
1.660000E-3	-2.456665E-3
1.665000E-3	-2.588272E-3
1.670000E-3	-2.654076E-3
1.675000E-3	-2.570450E-3
1.680000E-3	-2.621174E-3
1.685000E-3	-2.671897E-3
1.690000E-3	-2.782941E-3
1.695000E-3	-2.585530E-3
1.700000E-3	-2.449811E-3
1.705000E-3	-2.578676E-3
1.710000E-3	-2.548516E-3
1.715000E-3	-2.533436E-3
1.720000E-3	-2.571821E-3
1.725000E-3	-2.484083E-3
1.730000E-3	-2.437472E-3
1.735000E-3	-2.649963E-3
1.740000E-3	-2.640367E-3
1.745000E-3	-2.436101E-3
1.750000E-3	-2.410054E-3
1.755000E-3	-2.525210E-3
1.760000E-3	-2.433360E-3
1.765000E-3	-2.353847E-3
1.770000E-3	-2.293527E-3
1.775000E-3	-2.322316E-3
1.780000E-3	-2.248287E-3
1.785000E-3	-2.368927E-3
1.790000E-3	-2.514243E-3
1.795000E-3	-2.470374E-3
1.800000E-3	-2.416909E-3
1.805000E-3	-2.371669E-3
1.810000E-3	-2.329171E-3
1.815000E-3	-2.458036E-3
1.820000E-3	-2.503276E-3
1.825000E-3	-2.525210E-3
1.830000E-3	-2.445698E-3
1.835000E-3	-2.497792E-3
1.840000E-3	-2.415538E-3
1.845000E-3	-2.405941E-3
1.850000E-3	-2.588272E-3
1.855000E-3	-2.595127E-3
1.860000E-3	-2.490938E-3
1.865000E-3	-2.492309E-3
1.870000E-3	-2.466261E-3
1.875000E-3	-2.802134E-3
1.880000E-3	-2.699316E-3
1.885000E-3	-2.479970E-3
1.890000E-3	-2.462149E-3
1.895000E-3	-2.512872E-3
1.900000E-3	-2.496421E-3
1.905000E-3	-2.288043E-3
1.910000E-3	-2.411425E-3
1.915000E-3	-2.434731E-3
1.920000E-3	-2.441585E-3
1.925000E-3	-2.285302E-3
1.930000E-3	-2.255142E-3
1.935000E-3	-2.359331E-3
1.940000E-3	-2.466261E-3
1.945000E-3	-2.474487E-3
1.950000E-3	-2.545774E-3
1.955000E-3	-2.599239E-3
1.960000E-3	-2.591014E-3
1.965000E-3	-2.549887E-3
1.970000E-3	-2.492309E-3
1.975000E-3	-2.319574E-3
1.980000E-3	-2.390862E-3
1.985000E-3	-2.352476E-3
1.990000E-3	-2.429247E-3
1.995000E-3	-2.440214E-3
2.000000E-3	-2.323687E-3
2.005000E-3	-2.355218E-3
2.010000E-3	-2.374411E-3
2.015000E-3	-2.388120E-3
2.020000E-3	-2.283931E-3
2.025000E-3	-2.293527E-3
2.030000E-3	-2.270222E-3
2.035000E-3	-2.556741E-3
2.040000E-3	-2.600610E-3
2.045000E-3	-2.399087E-3
2.050000E-3	-2.255142E-3
2.055000E-3	-2.558112E-3
2.060000E-3	-2.569079E-3
2.065000E-3	-2.527952E-3
2.070000E-3	-2.527952E-3
2.075000E-3	-2.606094E-3
2.080000E-3	-2.518356E-3
2.085000E-3	-2.600610E-3
2.090000E-3	-2.407312E-3
2.095000E-3	-2.503276E-3
2.100000E-3	-2.418280E-3
2.105000E-3	-2.593756E-3
2.110000E-3	-2.523839E-3
2.115000E-3	-2.278447E-3
2.120000E-3	-2.449811E-3
2.125000E-3	-2.357960E-3
2.130000E-3	-2.440214E-3
2.135000E-3	-2.436101E-3
2.140000E-3	-2.534807E-3
2.145000E-3	-2.493680E-3
2.150000E-3	-2.559483E-3
2.155000E-3	-2.511501E-3
2.160000E-3	-2.362072E-3
2.165000E-3	-2.442956E-3
2.170000E-3	-2.571821E-3
2.175000E-3	-2.580047E-3
2.180000E-3	-2.543032E-3
2.185000E-3	-2.625287E-3
2.190000E-3	-2.610207E-3
2.195000E-3	-2.582788E-3
2.200000E-3	-2.608836E-3
2.205000E-3	-2.453923E-3
2.210000E-3	-2.559483E-3
2.215000E-3	-2.433360E-3
2.220000E-3	-2.488196E-3
2.225000E-3	-2.525210E-3
2.230000E-3	-2.392232E-3
2.235000E-3	-2.455294E-3
2.240000E-3	-2.338767E-3
2.245000E-3	-2.367556E-3
2.250000E-3	-2.493680E-3
2.255000E-3	-2.297640E-3
2.260000E-3	-2.282560E-3
2.265000E-3	-2.495050E-3
2.270000E-3	-2.558112E-3
2.275000E-3	-2.575934E-3
2.280000E-3	-2.492309E-3
2.285000E-3	-2.422392E-3
2.290000E-3	-2.405941E-3
2.295000E-3	-2.488196E-3
2.300000E-3	-2.271593E-3
2.305000E-3	-2.421021E-3
2.310000E-3	-2.508759E-3
2.315000E-3	-2.540290E-3
2.320000E-3	-2.473116E-3
2.325000E-3	-2.534807E-3
2.330000E-3	-2.515614E-3
2.335000E-3	-2.628028E-3
2.340000E-3	-2.481341E-3
2.345000E-3	-2.599239E-3
2.350000E-3	-2.444327E-3
2.355000E-3	-2.474487E-3
2.360000E-3	-2.441585E-3
2.365000E-3	-2.555370E-3
2.370000E-3	-2.244174E-3
2.375000E-3	-2.447069E-3
2.380000E-3	-2.081037E-3
2.385000E-3	-2.588272E-3
2.390000E-3	-1.948059E-3
2.395000E-3	-3.007770E-3
2.400000E-3	-1.916528E-3
2.405000E-3	-3.412187E-3
2.410000E-3	-1.651943E-3
2.415000E-3	-3.874183E-3
2.420000E-3	-9.911656E-4
2.425000E-3	-4.293680E-3
2.430000E-3	-5.031228E-4
2.435000E-3	-5.412340E-3
2.440000E-3	6.731153E-4
2.445000E-3	-6.332219E-3
2.450000E-3	2.403200E-3
2.455000E-3	-8.337855E-3
2.460000E-3	4.264891E-3
2.465000E-3	-1.065195E-2
2.470000E-3	7.348061E-3
2.475000E-3	-1.436710E-2
2.480000E-3	1.172537E-2
2.485000E-3	-1.951760E-2
2.490000E-3	1.780397E-2
2.495000E-3	4.246384E-2
2.500000E-3	2.139273E-1
2.505000E-3	-1.181371E+0
2.510000E-3	-1.236365E+0
2.515000E-3	2.846537E-1
2.520000E-3	-7.054549E-2
2.525000E-3	5.851058E-1
2.530000E-3	2.453591E+0
2.535000E-3	-2.036167E-1
2.540000E-3	-1.242276E+0
2.545000E-3	1.550818E+0
2.550000E-3	-5.360273E-1
2.555000E-3	-1.635179E+0
2.560000E-3	1.462459E+0
2.565000E-3	7.781953E-2
2.570000E-3	-7.073249E-1
2.575000E-3	1.588830E+0
2.580000E-3	-5.711129E-1
2.585000E-3	-1.716966E+0
2.590000E-3	9.272910E-1
2.595000E-3	-2.449262E-2
2.600000E-3	-1.651009E+0
2.605000E-3	9.216195E-1
2.610000E-3	6.043396E-1
2.615000E-3	-1.686923E+0
2.620000E-3	3.765388E-1
2.625000E-3	1.008774E+0
2.630000E-3	-1.242985E+0
2.635000E-3	4.925188E-1
2.640000E-3	1.317441E+0
2.645000E-3	-1.209908E+0
2.650000E-3	1.312630E-1
2.655000E-3	1.246079E+0
2.660000E-3	-1.211683E+0
2.665000E-3	-1.905177E-1
2.670000E-3	1.310125E+0
2.675000E-3	-1.064634E+0
2.680000E-3	-3.456728E-1
2.685000E-3	1.330661E+0
2.690000E-3	-1.043566E+0
2.695000E-3	-8.725904E-1
2.700000E-3	1.256096E+0
2.705000E-3	-5.730007E-1
2.710000E-3	-8.194596E-1
2.715000E-3	1.260220E+0
2.720000E-3	-3.455357E-1
2.725000E-3	-9.023583E-1
2.730000E-3	9.427205E-1
2.735000E-3	1.955324E-2
2.740000E-3	-7.030586E-1
2.745000E-3	8.883421E-1
2.750000E-3	1.812956E-1
2.755000E-3	-7.300065E-1
2.760000E-3	5.788366E-1
2.765000E-3	1.638755E-1
2.770000E-3	-8.674619E-1
2.775000E-3	3.778370E-1
2.780000E-3	3.307943E-1
2.785000E-3	-7.797197E-1
2.790000E-3	1.536430E-1
2.795000E-3	3.180943E-1
2.800000E-3	-5.598112E-1
2.805000E-3	1.949251E-1
2.810000E-3	5.199726E-1
2.815000E-3	-5.750762E-1
2.820000E-3	-4.216087E-2
2.825000E-3	5.337639E-1
2.830000E-3	-4.255295E-1
2.835000E-3	-6.972432E-2
2.840000E-3	6.230854E-1
2.845000E-3	-3.114426E-1
2.850000E-3	-1.466486E-1
2.855000E-3	6.473038E-1
2.860000E-3	-2.452484E-1
2.865000E-3	-3.813493E-1
2.870000E-3	2.960638E-1
2.875000E-3	-2.578607E-1
2.880000E-3	-3.156458E-1
2.885000E-3	3.734323E-1
2.890000E-3	-1.236681E-1
2.895000E-3	-3.431558E-1
2.900000E-3	2.905253E-1
2.905000E-3	5.388761E-2
2.910000E-3	-2.642300E-1
2.915000E-3	1.608458E-1
2.920000E-3	4.746354E-2
2.925000E-3	-1.890412E-1
2.930000E-3	1.710055E-1
2.935000E-3	1.809789E-1
2.940000E-3	-7.486385E-2
2.945000E-3	1.327161E-1
2.950000E-3	9.809250E-2
2.955000E-3	-1.747810E-1
2.960000E-3	3.225195E-2
2.965000E-3	2.692461E-3
2.970000E-3	-2.461655E-1
2.975000E-3	6.779820E-2
2.980000E-3	1.111518E-1
2.985000E-3	-1.673603E-1
2.990000E-3	3.347892E-2
2.995000E-3	-1.160747E-2
3.000000E-3	-1.935679E-1
3.005000E-3	1.488613E-1
3.010000E-3	1.776832E-1
3.015000E-3	-2.008420E-1
3.020000E-3	3.499925E-3
3.025000E-3	1.830640E-1
3.030000E-3	-1.083387E-1
3.035000E-3	1.834685E-2
3.040000E-3	1.857908E-1
3.045000E-3	-9.704101E-2
3.050000E-3	7.951260E-4
3.055000E-3	1.629199E-1
3.060000E-3	-1.579065E-1
3.065000E-3	-5.885029E-2
3.070000E-3	1.244098E-1
3.075000E-3	-1.918187E-1
3.080000E-3	-1.526834E-1
3.085000E-3	8.400095E-2
3.090000E-3	-1.030058E-1
3.095000E-3	-5.434412E-2
3.100000E-3	1.709672E-1
3.105000E-3	6.132066E-3
3.110000E-3	-5.452782E-2
3.115000E-3	7.960445E-2
3.120000E-3	-3.451669E-2
3.125000E-3	-3.151029E-2
3.130000E-3	1.008247E-1
3.135000E-3	-4.022789E-2
3.140000E-3	-2.466124E-2
3.145000E-3	1.271036E-1
3.150000E-3	1.223123E-2
3.155000E-3	-3.269613E-2
3.160000E-3	3.808379E-2
3.165000E-3	-9.191793E-2
3.170000E-3	-7.251960E-2
3.175000E-3	7.108426E-2
3.180000E-3	-2.350968E-2
3.185000E-3	-4.183185E-2
3.190000E-3	7.501876E-2
3.195000E-3	-6.124938E-2
3.200000E-3	-1.172825E-1
3.205000E-3	4.633802E-2
3.210000E-3	-2.553451E-2
3.215000E-3	-4.392385E-2
3.220000E-3	1.165504E-1
3.225000E-3	1.884311E-2
3.230000E-3	-6.270528E-2
3.235000E-3	8.151686E-2
3.240000E-3	4.462165E-2
3.245000E-3	-3.532690E-2
3.250000E-3	5.698174E-2
3.255000E-3	1.993710E-2
3.260000E-3	-8.258617E-2
3.265000E-3	-1.574075E-2
3.270000E-3	1.231349E-2
3.275000E-3	-3.709674E-2
3.280000E-3	2.472156E-2
3.285000E-3	2.754152E-2
3.290000E-3	-3.451669E-2
3.295000E-3	-2.131897E-2
3.300000E-3	-2.354258E-2
3.305000E-3	-2.867115E-2
3.310000E-3	5.834442E-2
3.315000E-3	3.752172E-2
3.320000E-3	-3.148973E-2
3.325000E-3	3.727221E-2
3.330000E-3	3.656483E-2
3.335000E-3	-7.378083E-2
3.340000E-3	-4.541266E-2
3.345000E-3	1.049429E-2
3.350000E-3	-5.718464E-2
3.355000E-3	-1.766688E-2
3.360000E-3	3.913665E-2
3.365000E-3	-5.590558E-2
3.370000E-3	-5.581236E-2
3.375000E-3	7.426476E-2
3.380000E-3	2.915508E-2
3.385000E-3	-1.510054E-2
3.390000E-3	6.442028E-2
3.395000E-3	-6.875098E-3
3.400000E-3	-7.880110E-2
3.405000E-3	3.547633E-2
3.410000E-3	3.035188E-3
3.415000E-3	-7.164496E-2
3.420000E-3	2.060336E-2
3.425000E-3	1.625073E-2
3.430000E-3	-2.942789E-2
3.435000E-3	3.780550E-2
3.440000E-3	3.201479E-2
3.445000E-3	-4.009628E-2
3.450000E-3	-2.695614E-2
3.455000E-3	-1.723915E-2
3.460000E-3	-2.361661E-2
3.465000E-3	3.426307E-2
3.470000E-3	3.442484E-2
3.475000E-3	8.370757E-3
3.480000E-3	5.138022E-2
3.485000E-3	1.185971E-2
3.490000E-3	-3.795493E-2
3.495000E-3	1.626170E-2
3.500000E-3	2.203596E-2
3.505000E-3	-2.484357E-2
3.510000E-3	-1.132506E-2
3.515000E-3	-2.626383E-2
3.520000E-3	-7.508731E-2
3.525000E-3	-3.124022E-2
3.530000E-3	2.160686E-2
3.535000E-3	1.494288E-2
3.540000E-3	4.464358E-2
3.545000E-3	6.580216E-2
3.550000E-3	-7.929325E-3
3.555000E-3	-5.973864E-2
3.560000E-3	-3.967679E-2
3.565000E-3	-1.256299E-2
3.570000E-3	-3.801799E-2
3.575000E-3	-5.611807E-2
3.580000E-3	3.868699E-3
3.585000E-3	2.308470E-2
3.590000E-3	3.892004E-3
3.595000E-3	5.866796E-2
3.600000E-3	5.479789E-2
3.605000E-3	-1.597929E-2
3.610000E-3	3.013253E-3
3.615000E-3	1.041889E-4
3.620000E-3	-7.848442E-2
3.625000E-3	-4.846841E-2
3.630000E-3	9.719729E-3
3.635000E-3	-1.474684E-2
3.640000E-3	3.057808E-2
3.645000E-3	7.348609E-2
3.650000E-3	2.435005E-2
3.655000E-3	6.171823E-3
3.660000E-3	6.595433E-3
3.665000E-3	-4.560322E-2
3.670000E-3	-5.706537E-2
3.675000E-3	-1.284814E-2
3.680000E-3	-1.931608E-2
3.685000E-3	-4.065698E-2
3.690000E-3	-8.762836E-3
3.695000E-3	1.268363E-2
3.700000E-3	6.614625E-3
3.705000E-3	3.200793E-2
3.710000E-3	3.305668E-2
3.715000E-3	-8.760095E-3
3.720000E-3	-1.175553E-2
3.725000E-3	-1.121676E-2
3.730000E-3	-4.520428E-2
3.735000E-3	-1.685256E-2
3.740000E-3	4.357976E-2
3.745000E-3	2.401417E-2
3.750000E-3	1.171714E-2
3.755000E-3	2.170283E-2
3.760000E-3	-4.028547E-2
3.765000E-3	-4.839164E-2
3.770000E-3	8.583248E-3
3.775000E-3	-3.686368E-3
3.780000E-3	-3.900230E-3
3.785000E-3	3.700489E-2
3.790000E-3	5.575478E-3
3.795000E-3	-1.983702E-2
3.800000E-3	1.767510E-2
3.805000E-3	5.442500E-3
3.810000E-3	-2.560031E-2
3.815000E-3	1.001036E-2
3.820000E-3	2.044296E-2
3.825000E-3	-2.032232E-2
3.830000E-3	-4.833817E-3
3.835000E-3	1.114547E-2
3.840000E-3	-2.484357E-2
3.845000E-3	-2.332735E-2
3.850000E-3	2.130389E-3
3.855000E-3	-1.169384E-3
3.860000E-3	8.043110E-3
3.865000E-3	3.128684E-2
3.870000E-3	1.202697E-2
3.875000E-3	1.236558E-3
3.880000E-3	1.323473E-2
3.885000E-3	-1.562011E-2
3.890000E-3	-2.458721E-2
3.895000E-3	-5.177915E-3
3.900000E-3	-1.560640E-2
3.905000E-3	-6.796956E-3
3.910000E-3	5.977154E-3
3.915000E-3	-1.806992E-2
3.920000E-3	-2.251714E-2
3.925000E-3	-2.003855E-2
3.930000E-3	-4.406095E-2
3.935000E-3	-3.649217E-2
3.940000E-3	5.681038E-3
3.945000E-3	7.635951E-3
3.950000E-3	9.164512E-3
3.955000E-3	4.414046E-2
3.960000E-3	1.410115E-2
3.965000E-3	-2.202362E-2
3.970000E-3	2.695203E-3
3.975000E-3	-3.501296E-3
3.980000E-3	-1.156360E-2
3.985000E-3	4.189903E-2
3.990000E-3	3.254807E-2
3.995000E-3	-3.128135E-2
4.000000E-3	-8.387208E-3
4.005000E-3	1.929140E-2
4.010000E-3	-7.943034E-3
4.015000E-3	1.061630E-2
4.020000E-3	2.825713E-2
4.025000E-3	-1.677716E-2
4.030000E-3	-1.791775E-2
4.035000E-3	1.270008E-2
4.040000E-3	-1.574075E-2
4.045000E-3	-2.991456E-2
4.050000E-3	4.079819E-3
4.055000E-3	-1.180625E-2
4.060000E-3	-3.136635E-2
4.065000E-3	2.828181E-3
4.070000E-3	-4.167557E-4
4.075000E-3	-4.027724E-3
4.080000E-3	4.020321E-2
4.085000E-3	1.407921E-2
4.090000E-3	-3.496498E-2
4.095000E-3	-1.786429E-2
4.100000E-3	-2.766764E-2
4.105000E-3	-3.998524E-2
4.110000E-3	2.393055E-2
4.115000E-3	3.312796E-2
4.120000E-3	-1.556665E-2
4.125000E-3	7.541358E-3
4.130000E-3	1.342940E-2
4.135000E-3	-2.749902E-2
4.140000E-3	-7.407010E-3
4.145000E-3	2.686977E-3
4.150000E-3	-3.119224E-2
4.155000E-3	-2.504647E-3
4.160000E-3	2.764845E-2
4.165000E-3	8.348823E-4
4.170000E-3	6.813407E-4
4.175000E-3	1.535690E-2
4.180000E-3	1.919270E-5
4.185000E-3	4.492462E-3
4.190000E-3	3.239453E-3
4.195000E-3	-3.108257E-2
4.200000E-3	-3.188866E-2
4.205000E-3	-1.621509E-2
4.210000E-3	-1.889658E-2
4.215000E-3	3.627419E-3
4.220000E-3	2.376193E-2
4.225000E-3	7.932067E-3
4.230000E-3	1.111257E-2
4.235000E-3	1.673877E-2
4.240000E-3	-1.085758E-2
4.245000E-3	-9.227574E-3
4.250000E-3	1.248348E-2
4.255000E-3	-5.727649E-3
4.260000E-3	-1.056010E-2
4.265000E-3	3.153086E-4
4.270000E-3	-2.251303E-2
4.275000E-3	-1.602316E-2
4.280000E-3	2.202910E-2
4.285000E-3	1.341158E-2
4.290000E-3	2.910435E-3
4.295000E-3	1.538157E-2
4.300000E-3	-1.293862E-2
4.305000E-3	-2.601022E-2
4.310000E-3	8.000612E-3
4.315000E-3	1.898706E-3
4.320000E-3	-7.446766E-3
4.325000E-3	1.993710E-2
4.330000E-3	1.348013E-2
4.335000E-3	5.686522E-3
4.340000E-3	3.318143E-2
4.345000E-3	9.519577E-3
4.350000E-3	-3.372705E-2
4.355000E-3	-1.794106E-2
4.360000E-3	-1.315385E-2
4.365000E-3	-2.170968E-2
4.370000E-3	3.185987E-3
4.375000E-3	-6.295204E-3
4.380000E-3	-4.120535E-2
4.385000E-3	-1.820838E-2
4.390000E-3	9.512722E-3
4.395000E-3	-7.797718E-3
4.400000E-3	-4.918814E-3
4.405000E-3	6.408989E-3
4.410000E-3	-1.001996E-2
4.415000E-3	-5.265653E-3
4.420000E-3	1.032978E-2
4.425000E-3	-2.981722E-3
4.430000E-3	-1.971364E-3
4.435000E-3	2.013314E-2
4.440000E-3	1.234227E-2
4.445000E-3	-3.472507E-3
4.450000E-3	-3.139377E-3
4.455000E-3	-1.839757E-2
4.460000E-3	-2.765942E-2
4.465000E-3	-6.844938E-3
4.470000E-3	-2.739072E-3
4.475000E-3	-1.006794E-2
4.480000E-3	7.132828E-3
4.485000E-3	1.062727E-2
4.490000E-3	2.326429E-3
4.495000E-3	2.348089E-2
4.500000E-3	2.343702E-2
4.505000E-3	-9.902060E-3
4.510000E-3	-6.949127E-3
4.515000E-3	-8.321404E-4
4.520000E-3	-2.040595E-2
4.525000E-3	-8.518815E-3
4.530000E-3	9.010971E-3
4.535000E-3	1.243412E-3
4.540000E-3	1.483321E-2
4.545000E-3	1.965195E-2
4.550000E-3	-1.332796E-2
4.555000E-3	-1.200092E-2
4.560000E-3	6.315768E-3
4.565000E-3	-7.598937E-3
4.570000E-3	1.174867E-3
4.575000E-3	1.442605E-2
4.580000E-3	-2.119696E-2
4.585000E-3	-3.724480E-2
4.590000E-3	-1.778340E-2
4.595000E-3	-2.499849E-2
4.600000E-3	-2.624327E-2
4.605000E-3	6.201982E-3
4.610000E-3	1.478660E-2
4.615000E-3	5.371213E-3
4.620000E-3	1.875538E-2
4.625000E-3	1.540488E-2
4.630000E-3	-1.187068E-2
4.635000E-3	-1.169795E-2
4.640000E-3	4.340291E-3
4.645000E-3	1.742423E-3
4.650000E-3	-2.728105E-4
4.655000E-3	2.643108E-3
4.660000E-3	-1.112080E-2
4.665000E-3	-2.024007E-2
4.670000E-3	-2.640367E-3
4.675000E-3	1.173496E-3
4.680000E-3	-1.499498E-2
4.685000E-3	-1.272339E-2
4.690000E-3	-1.119345E-2
4.695000E-3	-1.964098E-2
4.700000E-3	-5.018890E-3
4.705000E-3	1.177198E-2
4.710000E-3	7.156134E-3
4.715000E-3	1.291120E-2
4.720000E-3	2.416497E-2
4.725000E-3	1.448774E-2
4.730000E-3	8.365273E-3
4.735000E-3	1.507449E-2
4.740000E-3	8.857429E-3
4.745000E-3	2.618432E-3
4.750000E-3	1.490176E-3
4.755000E-3	-1.632065E-2
4.760000E-3	-3.134853E-2
4.765000E-3	-2.696574E-2
4.770000E-3	-2.664357E-2
4.775000E-3	-2.934974E-2
4.780000E-3	-1.988089E-2
4.785000E-3	-1.262057E-2
4.790000E-3	-1.099467E-2
4.795000E-3	6.799698E-4
4.800000E-3	1.396406E-2
4.805000E-3	1.658249E-2
4.810000E-3	2.024007E-2
4.815000E-3	2.408272E-2
4.820000E-3	1.756132E-2
4.825000E-3	1.167601E-2
4.830000E-3	7.541358E-3
4.835000E-3	-6.467938E-3
4.840000E-3	-1.893634E-2
4.845000E-3	-1.724738E-2
4.850000E-3	-1.480031E-2
4.855000E-3	-1.525682E-2
4.860000E-3	-1.130450E-2
4.865000E-3	-3.445089E-3
4.870000E-3	6.381571E-3
4.875000E-3	1.287556E-2
4.880000E-3	1.057518E-2
4.885000E-3	2.856970E-3
4.890000E-3	-2.944708E-3
4.895000E-3	-5.420566E-3
4.900000E-3	-3.039300E-3
4.905000E-3	3.598630E-3
4.910000E-3	4.881799E-3
4.915000E-3	2.992690E-3
4.920000E-3	6.426811E-3
4.925000E-3	5.464435E-3
4.930000E-3	-3.054380E-3
4.935000E-3	-1.049292E-2
4.940000E-3	-1.882255E-2
4.945000E-3	-2.393329E-2
4.950000E-3	-1.782727E-2
4.955000E-3	-9.762228E-3
4.960000E-3	-1.252323E-2
4.965000E-3	-1.652902E-2
4.970000E-3	-1.519102E-2
4.975000E-3	-1.551729E-2
4.980000E-3	-1.125515E-2
4.985000E-3	2.869308E-3
4.990000E-3	1.127845E-2
4.995000E-3	1.410663E-2
5.000000E-3	2.168775E-2
5.005000E-3	2.347130E-2
5.010000E-3	1.316208E-2
5.015000E-3	1.501143E-3
5.020000E-3	-1.049703E-2
5.025000E-3	-2.256376E-2
5.030000E-3	-2.012902E-2
5.035000E-3	-6.411731E-3
5.040000E-3	1.392841E-3
5.045000E-3	-9.678602E-4
5.050000E-3	-9.445548E-3
5.055000E-3	-2.074730E-2
5.060000E-3	-2.675599E-2
5.065000E-3	-2.337945E-2
5.070000E-3	-1.440686E-2
5.075000E-3	1.878142E-4
5.080000E-3	1.293999E-2
5.085000E-3	1.313603E-2
5.090000E-3	9.260476E-3
5.095000E-3	6.093681E-3
5.100000E-3	1.924753E-3
5.105000E-3	5.831838E-3
5.110000E-3	1.252049E-2
5.115000E-3	9.682715E-3
5.120000E-3	3.772736E-3
5.125000E-3	3.172278E-3
5.130000E-3	8.595586E-4
5.135000E-3	-1.470983E-3
5.140000E-3	4.300535E-3
5.145000E-3	3.484845E-3
5.150000E-3	-8.097947E-3
5.155000E-3	-1.215994E-2
5.160000E-3	-1.161021E-2
5.165000E-3	-1.245743E-2
5.170000E-3	-6.491244E-3
5.175000E-3	2.740443E-3
5.180000E-3	9.378374E-3
5.185000E-3	1.732004E-2
5.190000E-3	2.078158E-2
5.195000E-3	1.457685E-2
5.200000E-3	9.664893E-3
5.205000E-3	5.738616E-3
5.210000E-3	-3.942728E-3
5.215000E-3	-9.847224E-3
5.220000E-3	-1.267815E-2
5.225000E-3	-1.701295E-2
5.230000E-3	-1.558995E-2
5.235000E-3	-1.157457E-2
5.240000E-3	-1.113313E-2
5.245000E-3	-1.064920E-2
5.250000E-3	-1.066703E-2
5.255000E-3	-9.453773E-3
5.260000E-3	-1.805484E-3
5.265000E-3	2.930999E-3
5.270000E-3	1.806855E-3
5.275000E-3	3.031075E-3
5.280000E-3	-6.785989E-4
5.285000E-3	-9.132981E-3
5.290000E-3	-5.665958E-3
5.295000E-3	-3.207922E-4
5.300000E-3	-1.856208E-3
5.305000E-3	-8.499622E-4
5.310000E-3	-2.563596E-3
5.315000E-3	-1.117152E-2
5.320000E-3	-1.056695E-2
5.325000E-3	-8.639455E-3
5.330000E-3	-1.290983E-2
5.335000E-3	-1.084387E-2
5.340000E-3	-1.184601E-2
5.345000E-3	-9.056759E-2
5.350000E-3	-9.656119E-2
5.355000E-3	5.437154E-2
5.360000E-3	-1.512247E-2
5.365000E-3	-1.153111E-1
5.370000E-3	3.900915E-2
5.375000E-3	3.320748E-2
5.380000E-3	-6.255448E-2
5.385000E-3	1.101345E-1
5.390000E-3	1.428389E-1
5.395000E-3	-1.772994E-2
5.400000E-3	7.777017E-2
5.405000E-3	1.020997E-1
5.410000E-3	-6.804496E-2
5.415000E-3	3.520626E-2
5.420000E-3	8.306873E-2
5.425000E-3	-8.951336E-2
5.430000E-3	2.811730E-2
5.435000E-3	8.834809E-2
5.440000E-3	-1.273943E-1
5.445000E-3	-6.132340E-2
5.450000E-3	4.075158E-2
5.455000E-3	-1.440192E-1
5.460000E-3	-8.298373E-2
5.465000E-3	7.652813E-2
5.470000E-3	-7.533133E-2
5.475000E-3	-5.317199E-2
5.480000E-3	1.062467E-1
5.485000E-3	-3.872949E-2
5.490000E-3	-2.687800E-2
5.495000E-3	1.264387E-1
5.500000E-3	-2.149582E-2
5.505000E-3	-4.659027E-2
5.510000E-3	1.240698E-1
5.515000E-3	-6.835341E-3
5.520000E-3	-8.155799E-2
5.525000E-3	9.889448E-2
5.530000E-3	-5.505562E-3
5.535000E-3	-1.173606E-1
5.540000E-3	6.090391E-2
5.545000E-3	2.600610E-3
5.550000E-3	-1.233556E-1
5.555000E-3	3.491288E-2
5.560000E-3	3.078234E-2
5.565000E-3	-7.799500E-2
5.570000E-3	4.646552E-2
5.575000E-3	5.836499E-2
5.580000E-3	-6.987101E-2
5.585000E-3	1.377761E-2
5.590000E-3	5.811000E-2
5.595000E-3	-6.127405E-2
5.600000E-3	8.017063E-3
5.605000E-3	6.482470E-2
5.610000E-3	-4.589933E-2
5.615000E-3	-9.076774E-3
5.620000E-3	4.601449E-2
5.625000E-3	-5.049872E-2
5.630000E-3	-3.048623E-2
5.635000E-3	3.549141E-2
5.640000E-3	-4.371136E-2
5.645000E-3	-4.389918E-2
5.650000E-3	3.704190E-2
5.655000E-3	-2.505058E-2
5.660000E-3	-3.552294E-2
5.665000E-3	5.139804E-2
5.670000E-3	-4.497945E-3
5.675000E-3	-3.661418E-2
5.680000E-3	4.513025E-2
5.685000E-3	1.709521E-2
5.690000E-3	-1.936406E-2
5.695000E-3	4.830664E-2
5.700000E-3	1.405591E-2
5.705000E-3	-4.367846E-2
5.710000E-3	2.160275E-2
5.715000E-3	9.034276E-3
5.720000E-3	-5.147207E-2
5.725000E-3	-2.401829E-3
5.730000E-3	7.032752E-3
5.735000E-3	-4.114503E-2
5.740000E-3	-9.219348E-3
5.745000E-3	8.210361E-3
5.750000E-3	-4.111075E-2
5.755000E-3	-2.142316E-2
5.760000E-3	1.730084E-2
5.765000E-3	-9.526432E-3
5.770000E-3	8.749127E-3
5.775000E-3	3.666216E-2
5.780000E-3	2.588272E-3
5.785000E-3	1.946688E-3
5.790000E-3	2.571684E-2
5.795000E-3	9.475708E-3
5.800000E-3	7.720947E-3
5.805000E-3	1.683474E-2
5.810000E-3	-3.893375E-3
5.815000E-3	-8.219957E-3
5.820000E-3	-1.269460E-2
5.825000E-3	-3.999072E-2
5.830000E-3	-2.758265E-2
5.835000E-3	-8.495510E-3
5.840000E-3	-2.082545E-2
5.845000E-3	-3.930390E-3
5.850000E-3	1.299071E-2
5.855000E-3	-7.142425E-3
5.860000E-3	-7.483780E-3
5.865000E-3	9.322166E-3
5.870000E-3	-4.678905E-3
5.875000E-3	-8.043110E-3
5.880000E-3	1.063138E-2
5.885000E-3	4.523993E-5
5.890000E-3	1.577914E-3
5.895000E-3	2.353710E-2
5.900000E-3	8.277535E-3
5.905000E-3	-1.461387E-3
5.910000E-3	1.186520E-2
5.915000E-3	-6.108761E-3
5.920000E-3	-2.327663E-2
5.925000E-3	-1.254106E-2
5.930000E-3	-1.964098E-2
5.935000E-3	-3.126216E-2
5.940000E-3	-1.668394E-2
5.945000E-3	-9.666264E-3
5.950000E-3	-9.074032E-3
5.955000E-3	1.106322E-2
5.960000E-3	1.680869E-2
5.965000E-3	7.426202E-3
5.970000E-3	9.860933E-3
5.975000E-3	6.980658E-3
5.980000E-3	6.226659E-3
5.985000E-3	1.020777E-2
5.990000E-3	4.846156E-3
5.995000E-3	3.028333E-3
6.000000E-3	4.576087E-3
6.005000E-3	6.648898E-4
6.010000E-3	-4.249811E-5
6.015000E-3	2.120793E-3
6.020000E-3	-6.873727E-3
6.025000E-3	-1.093161E-2
6.030000E-3	-5.539834E-3
6.035000E-3	-1.534456E-2
6.040000E-3	-1.711303E-2
6.045000E-3	-4.086673E-3
6.050000E-3	-9.165883E-3
6.055000E-3	-1.216543E-2
6.060000E-3	-1.381874E-3
6.065000E-3	-6.023765E-3
6.070000E-3	-9.312570E-3
6.075000E-3	5.220413E-3
6.080000E-3	1.002544E-2
6.085000E-3	5.892158E-3
6.090000E-3	1.724464E-2
6.095000E-3	2.131212E-2
6.100000E-3	1.107967E-2
6.105000E-3	1.023793E-2
6.110000E-3	4.004419E-3
6.115000E-3	-8.677840E-3
6.120000E-3	-1.190770E-2
6.125000E-3	-1.664692E-2
6.130000E-3	-2.146292E-2
6.135000E-3	-1.711166E-2
6.140000E-3	-1.389825E-2
6.145000E-3	-1.422727E-2
6.150000E-3	-5.764663E-3
6.155000E-3	-3.202438E-3
6.160000E-3	-8.243263E-3
6.165000E-3	1.690328E-3
6.170000E-3	3.911197E-3
6.175000E-3	-3.571212E-3
6.180000E-3	3.743947E-3
6.185000E-3	8.854687E-3
6.190000E-3	-8.814931E-4
6.195000E-3	-4.078448E-3
6.200000E-3	-1.316071E-4
6.205000E-3	-7.596195E-3
6.210000E-3	-1.020914E-2
6.215000E-3	-1.601219E-3
6.220000E-3	-9.774566E-3
6.225000E-3	-1.625621E-2
6.230000E-3	-8.324146E-3
6.235000E-3	-1.085347E-2
6.240000E-3	-1.135111E-2
6.245000E-3	1.584768E-3
6.250000E-3	3.506780E-3
6.255000E-3	-3.383398E-3
6.260000E-3	2.562225E-3
6.265000E-3	5.815387E-3
6.270000E-3	-1.150191E-3
6.275000E-3	2.991319E-3
6.280000E-3	5.823612E-3
6.285000E-3	1.598477E-3
6.290000E-3	7.700384E-3
6.295000E-3	7.742882E-3
6.300000E-3	-1.048744E-3
6.305000E-3	-3.631532E-3
6.310000E-3	-8.525670E-3
6.315000E-3	-1.471394E-2
6.320000E-3	-1.126611E-2
6.325000E-3	-5.738616E-3
6.330000E-3	-4.363596E-3
6.335000E-3	2.789795E-3
6.340000E-3	7.086217E-3
6.345000E-3	3.852248E-4
6.350000E-3	-2.344251E-4
6.355000E-3	1.324296E-3
6.360000E-3	-3.761768E-3
6.365000E-3	-6.813407E-4
6.370000E-3	6.461084E-3
6.375000E-3	3.462911E-3
6.380000E-3	-1.251638E-3
6.385000E-3	-7.992387E-4
6.390000E-3	-2.067327E-3
6.395000E-3	-5.829096E-3
6.400000E-3	-4.914701E-3
6.405000E-3	-3.805637E-3
6.410000E-3	-7.807314E-3
6.415000E-3	-9.936333E-3
6.420000E-3	-6.417215E-3
6.425000E-3	-5.081952E-3
6.430000E-3	-8.174717E-3
6.435000E-3	-4.496574E-3
6.440000E-3	1.647830E-3
6.445000E-3	1.996040E-3
6.450000E-3	5.757809E-3
6.455000E-3	9.541512E-3
6.460000E-3	6.095052E-3
6.465000E-3	2.858341E-3
6.470000E-3	-9.568930E-4
6.475000E-3	-9.116530E-3
6.480000E-3	-1.309627E-2
6.485000E-3	-9.363294E-3
6.490000E-3	-6.507695E-3
6.495000E-3	-4.255295E-3
6.500000E-3	-4.263520E-4
6.505000E-3	-1.524448E-3
6.510000E-3	-6.270528E-3
6.515000E-3	-9.652555E-3
6.520000E-3	-1.184189E-2
6.525000E-3	-1.292354E-2
6.530000E-3	-1.142240E-2
6.535000E-3	-7.858038E-3
6.540000E-3	-6.684542E-3
6.545000E-3	-4.415691E-3
6.550000E-3	8.499622E-5
6.555000E-3	1.370907E-3
6.560000E-3	3.446460E-3
6.565000E-3	6.663978E-3
6.570000E-3	6.709218E-3
6.575000E-3	8.361161E-3
6.580000E-3	1.257533E-2
6.585000E-3	1.271927E-2
6.590000E-3	9.379745E-3
6.595000E-3	7.907391E-3
6.600000E-3	2.656817E-3
6.605000E-3	-2.825439E-3
6.610000E-3	-1.643717E-3
6.615000E-3	-5.254686E-3
6.620000E-3	-1.089048E-2
6.625000E-3	-9.514093E-3
6.630000E-3	-1.094532E-2
6.635000E-3	-1.384890E-2
6.640000E-3	-8.255601E-3
6.645000E-3	-2.648592E-3
6.650000E-3	-1.469612E-3
6.655000E-3	3.358722E-3
6.660000E-3	7.343948E-3
6.665000E-3	3.491700E-3
6.670000E-3	2.548516E-3
6.675000E-3	3.584921E-3
6.680000E-3	-1.217365E-3
6.685000E-3	-3.986597E-3
6.690000E-3	-5.166948E-3
6.695000E-3	-1.045042E-2
6.700000E-3	-1.422864E-2
6.705000E-3	-1.360625E-2
6.710000E-3	-1.285774E-2
6.715000E-3	-1.169246E-2
6.720000E-3	-8.520186E-3
6.725000E-3	-7.327497E-3
6.730000E-3	-4.473269E-3
6.735000E-3	2.134502E-3
6.740000E-3	4.316986E-3
6.745000E-3	5.251944E-3
6.750000E-3	4.829705E-3
6.755000E-3	-1.099467E-3
6.760000E-3	-5.315006E-3
6.765000E-3	-6.350040E-3
6.770000E-3	-8.299470E-3
6.775000E-3	-7.697642E-3
6.780000E-3	-3.687739E-3
6.785000E-3	-3.911197E-3
6.790000E-3	-6.500840E-3
6.795000E-3	-4.344404E-3
6.800000E-3	-6.535113E-3
6.805000E-3	-1.021188E-2
6.810000E-3	-5.025744E-3
6.815000E-3	-1.056969E-3
6.820000E-3	-8.307695E-4
6.825000E-3	3.637016E-3
6.830000E-3	5.964816E-3
6.835000E-3	1.942575E-3
6.840000E-3	3.421783E-3
6.845000E-3	8.399546E-3
6.850000E-3	6.521404E-3
6.855000E-3	6.722927E-3
6.860000E-3	9.877384E-3
6.865000E-3	5.313635E-3
6.870000E-3	4.976392E-4
6.875000E-3	-8.211732E-4
6.880000E-3	-6.200612E-3
6.885000E-3	-1.112765E-2
6.890000E-3	-1.049840E-2
6.895000E-3	-1.167464E-2
6.900000E-3	-1.303458E-2
6.905000E-3	-8.359790E-3
6.910000E-3	-5.487740E-3
6.915000E-3	-4.462302E-3
6.920000E-3	4.976392E-4
6.925000E-3	8.773804E-4
6.930000E-3	-1.826048E-3
6.935000E-3	8.006096E-4
6.940000E-3	2.234578E-4
6.945000E-3	-4.059255E-3
6.950000E-3	-1.333892E-3
6.955000E-3	1.272202E-3
6.960000E-3	-1.492918E-3
6.965000E-3	4.523993E-4
6.970000E-3	1.043260E-3
6.975000E-3	-6.544709E-3
6.980000E-3	-8.505106E-3
6.985000E-3	-6.266415E-3
6.990000E-3	-8.617520E-3
6.995000E-3	-7.827878E-3
7.000000E-3	-6.687284E-3
7.005000E-3	-1.018584E-2
7.010000E-3	-9.293377E-3
7.015000E-3	-3.643870E-3
7.020000E-3	-1.424372E-3
7.025000E-3	6.881952E-4
7.030000E-3	2.477229E-3
7.035000E-3	-8.677840E-4
7.040000E-3	-2.423763E-3
7.045000E-3	-1.181722E-3
7.050000E-3	-4.717290E-3
7.055000E-3	-6.027877E-3
7.060000E-3	-4.071593E-3
7.065000E-3	-5.262911E-3
7.070000E-3	-4.533589E-3
7.075000E-3	-6.840825E-4
7.080000E-3	-9.006858E-4
7.085000E-3	-1.555979E-3
7.090000E-3	1.030922E-3
7.095000E-3	-2.042651E-4
7.100000E-3	-1.368165E-3
7.105000E-3	2.699316E-3
7.110000E-3	3.236711E-3
7.115000E-3	1.861691E-3
7.120000E-3	5.168319E-3
7.125000E-3	4.700840E-3
7.130000E-3	1.576543E-3
7.135000E-3	2.888501E-3
7.140000E-3	1.950800E-3
7.145000E-3	-1.502514E-3
7.150000E-3	-5.140901E-4
7.155000E-3	-5.840063E-4
7.160000E-3	-4.130542E-3
7.165000E-3	-3.715158E-3
7.170000E-3	-3.302515E-3
7.175000E-3	-6.879210E-3
7.180000E-3	-6.809294E-3
7.185000E-3	-6.796956E-3
7.190000E-3	-9.457886E-3
7.195000E-3	-6.477535E-3
7.200000E-3	-2.019346E-3
7.205000E-3	-1.224220E-3
7.210000E-3	1.295507E-3
7.215000E-3	4.404724E-3
7.220000E-3	3.013253E-3
7.225000E-3	2.193451E-3
7.230000E-3	3.539681E-3
7.235000E-3	1.358569E-3
7.240000E-3	-8.225441E-4
7.245000E-3	4.757047E-4
7.250000E-3	-1.266718E-3
7.255000E-3	-4.053771E-3
7.260000E-3	-5.129933E-3
7.265000E-3	-6.910741E-3
7.270000E-3	-8.821785E-3
7.275000E-3	-8.952022E-3
7.280000E-3	-1.002270E-2
7.285000E-3	-1.206809E-2
7.290000E-3	-1.115096E-2
7.295000E-3	-8.185685E-3
7.300000E-3	-4.207313E-3
7.305000E-3	2.632141E-3
7.310000E-3	7.571518E-3
7.315000E-3	8.647680E-3
7.320000E-3	8.340597E-3
7.325000E-3	5.641282E-3
7.330000E-3	7.539988E-4
7.335000E-3	-2.278447E-3
7.340000E-3	-2.168775E-3
7.345000E-3	-2.334654E-3
7.350000E-3	-1.601219E-3
7.355000E-3	-1.069307E-3
7.360000E-3	-3.406703E-3
7.365000E-3	-5.166948E-3
7.370000E-3	-5.598783E-3
7.375000E-3	-7.147908E-3
7.380000E-3	-7.213712E-3
7.385000E-3	-6.477535E-3
7.390000E-3	-7.084846E-3
7.395000E-3	-6.111503E-3
7.400000E-3	-4.396498E-3
7.405000E-3	-5.345166E-3
7.410000E-3	-5.819499E-3
7.415000E-3	-4.045546E-3
7.420000E-3	-3.453314E-3
7.425000E-3	-2.629399E-3
7.430000E-3	1.864433E-4
7.435000E-3	-3.564358E-5
7.440000E-3	-1.762986E-3
7.445000E-3	-1.412034E-3
7.450000E-3	-9.733438E-4
7.455000E-3	-1.815081E-3
7.460000E-3	-1.778066E-3
7.465000E-3	-2.245545E-3
7.470000E-3	-4.203200E-3
7.475000E-3	-4.850268E-3
7.480000E-3	-3.140748E-3
7.485000E-3	-1.623154E-3
7.490000E-3	-6.031990E-5
7.495000E-3	2.023458E-3
7.500000E-3	3.072202E-3
7.505000E-3	2.762377E-3
7.510000E-3	2.618432E-3
7.515000E-3	2.699316E-3
7.520000E-3	1.242042E-3
7.525000E-3	1.480579E-4
7.530000E-3	-6.319880E-4
7.535000E-3	-2.852857E-3
7.540000E-3	-4.961312E-3
7.545000E-3	-5.948365E-3
7.550000E-3	-7.247984E-3
7.555000E-3	-8.021176E-3
7.560000E-3	-7.949889E-3
7.565000E-3	-8.473575E-3
7.570000E-3	-9.707391E-3
7.575000E-3	-8.609295E-3
7.580000E-3	-6.520033E-3
7.585000E-3	-3.912568E-3
7.590000E-3	7.115006E-4
7.595000E-3	5.013406E-3
7.600000E-3	7.213712E-3
7.605000E-3	7.932067E-3
7.610000E-3	5.905867E-3
7.615000E-3	7.937551E-4
7.620000E-3	-4.674792E-3
7.625000E-3	-8.546233E-3
7.630000E-3	-1.106733E-2
7.635000E-3	-1.107967E-2
7.640000E-3	-9.194672E-3
7.645000E-3	-7.860780E-3
7.650000E-3	-6.378829E-3
7.655000E-3	-4.592538E-3
7.660000E-3	-4.358113E-3
7.665000E-3	-4.170299E-3
7.670000E-3	-2.580047E-3
7.675000E-3	-1.183093E-3
7.680000E-3	3.427267E-4
7.685000E-3	2.729475E-3
7.690000E-3	4.587054E-3
7.695000E-3	5.397260E-3
7.700000E-3	6.334960E-3
7.705000E-3	6.361008E-3
7.710000E-3	5.785227E-3
7.715000E-3	4.532218E-3
7.720000E-3	2.414167E-3
7.725000E-3	4.236102E-4
7.730000E-3	-4.359484E-4
7.735000E-3	-1.492918E-3
7.740000E-3	-2.552629E-3
7.745000E-3	-3.350496E-3
7.750000E-3	-4.211426E-3
7.755000E-3	-4.918814E-3
7.760000E-3	-3.997564E-3
7.765000E-3	-3.501296E-3
7.770000E-3	-4.534960E-3
7.775000E-3	-5.150497E-3
7.780000E-3	-5.718052E-3
7.785000E-3	-5.974412E-3
7.790000E-3	-4.455447E-3
7.795000E-3	-1.603961E-3
7.800000E-3	-1.809597E-4
7.805000E-3	9.733438E-4
7.810000E-3	2.336025E-3
7.815000E-3	1.558721E-3
7.820000E-3	-1.536787E-3
7.825000E-3	-3.667176E-3
7.830000E-3	-5.497336E-3
7.835000E-3	-7.121861E-3
7.840000E-3	-6.872356E-3
7.845000E-3	-6.404877E-3
7.850000E-3	-7.437170E-3
7.855000E-3	-8.437932E-3
7.860000E-3	-8.528411E-3
7.865000E-3	-7.930696E-3
7.870000E-3	-6.321251E-3
7.875000E-3	-3.920794E-3
7.880000E-3	-2.315462E-3
7.885000E-3	-1.205027E-3
7.890000E-3	-5.195737E-4
7.895000E-3	-7.978678E-4
7.900000E-3	-1.309216E-3
7.905000E-3	-1.693070E-3
7.910000E-3	-2.619803E-3
7.915000E-3	-3.541052E-3
7.920000E-3	-3.706932E-3
7.925000E-3	-4.142880E-3
7.930000E-3	-4.574716E-3
7.935000E-3	-4.244328E-3
7.940000E-3	-4.744709E-3
7.945000E-3	-5.918205E-3
7.950000E-3	-5.449355E-3
7.955000E-3	-4.935265E-3
7.960000E-3	-4.729629E-3
7.965000E-3	-2.925515E-3
7.970000E-3	-5.744100E-4
7.975000E-3	8.801222E-4
7.980000E-3	2.357960E-3
7.985000E-3	3.850877E-3
7.990000E-3	4.012644E-3
7.995000E-3	4.116833E-3
8.000000E-3	5.031228E-3
8.005000E-3	4.891396E-3
8.010000E-3	3.909826E-3
8.015000E-3	2.039909E-3
8.020000E-3	-9.568930E-4
8.025000E-3	-3.291547E-3
8.030000E-3	-3.831685E-3
8.035000E-3	-3.870070E-3
8.040000E-3	-2.684236E-3
8.045000E-3	-9.322166E-4
8.050000E-3	-2.906322E-4
8.055000E-3	-8.499622E-5
8.060000E-3	7.869005E-4
8.065000E-3	1.761615E-3
8.070000E-3	2.277076E-3
8.075000E-3	2.340138E-3
8.080000E-3	1.524448E-3
8.085000E-3	3.002286E-4
8.090000E-3	-1.549125E-3
8.095000E-3	-3.772736E-3
8.100000E-3	-5.246460E-3
8.105000E-3	-6.419957E-3
8.110000E-3	-7.730544E-3
8.115000E-3	-8.313179E-3
8.120000E-3	-8.247375E-3
8.125000E-3	-8.484542E-3
8.130000E-3	-8.601069E-3
8.135000E-3	-8.731306E-3
8.140000E-3	-9.302974E-3
8.145000E-3	-8.584619E-3
8.150000E-3	-5.978525E-3
8.155000E-3	-2.935112E-3
8.160000E-3	3.070831E-4
8.165000E-3	3.000915E-3
8.170000E-3	3.839910E-3
8.175000E-3	3.125668E-3
8.180000E-3	2.127647E-3
8.185000E-3	1.672506E-4
8.190000E-3	-1.989186E-3
8.195000E-3	-2.782941E-3
8.200000E-3	-2.385378E-3
8.205000E-3	-2.233207E-3
8.210000E-3	-1.901448E-3
8.215000E-3	-2.499163E-3
8.220000E-3	-5.120337E-3
8.225000E-3	-8.026659E-3
8.230000E-3	-1.028043E-2
8.235000E-3	-1.206946E-2
8.240000E-3	-1.236695E-2
8.245000E-3	-1.026398E-2
8.250000E-3	-7.069767E-3
8.255000E-3	-3.680885E-3
8.260000E-3	5.168319E-4
8.265000E-3	3.339529E-3
8.270000E-3	5.027115E-3
8.275000E-3	6.831229E-3
8.280000E-3	7.291853E-3
8.285000E-3	5.979896E-3
8.290000E-3	4.783094E-3
8.295000E-3	3.582180E-3
8.300000E-3	1.168013E-3
8.305000E-3	-1.773953E-3
8.310000E-3	-4.795432E-3
8.315000E-3	-7.932067E-3
8.320000E-3	-9.796500E-3
8.325000E-3	-9.848595E-3
8.330000E-3	-9.150803E-3
8.335000E-3	-8.240521E-3
8.340000E-3	-7.413864E-3
8.345000E-3	-7.363141E-3
8.350000E-3	-6.609142E-3
8.355000E-3	-4.388273E-3
8.360000E-3	-2.307236E-3
8.365000E-3	2.097487E-4
8.370000E-3	3.026962E-3
8.375000E-3	4.778981E-3
8.380000E-3	5.245090E-3
8.385000E-3	5.339682E-3
8.390000E-3	4.133284E-3
8.395000E-3	1.054227E-3
8.400000E-3	-1.717746E-3
8.405000E-3	-4.226506E-3
8.410000E-3	-6.805182E-3
8.415000E-3	-7.622242E-3
8.420000E-3	-7.180810E-3
8.425000E-3	-6.344557E-3
8.430000E-3	-4.854381E-3
8.435000E-3	-3.610969E-3
8.440000E-3	-3.600001E-3
8.445000E-3	-3.789186E-3
8.450000E-3	-3.388882E-3
8.455000E-3	-2.710283E-3
8.460000E-3	-1.721859E-3
8.465000E-3	-6.292462E-4
8.470000E-3	-8.074641E-4
8.475000E-3	-1.849353E-3
8.480000E-3	-2.567708E-3
8.485000E-3	-3.372431E-3
8.490000E-3	-4.105866E-3
8.495000E-3	-4.162073E-3
8.500000E-3	-3.805637E-3
8.505000E-3	-3.675401E-3
8.510000E-3	-3.151715E-3
8.515000E-3	-2.506018E-3
8.520000E-3	-1.828790E-3
8.525000E-3	-1.030922E-3
8.530000E-3	-1.631379E-4
8.535000E-3	5.223155E-4
8.540000E-3	1.686215E-3
8.545000E-3	2.774715E-3
8.550000E-3	3.202438E-3
8.555000E-3	2.507389E-3
8.560000E-3	1.052856E-3
8.565000E-3	-3.523231E-4
8.570000E-3	-1.447678E-3
8.575000E-3	-2.166033E-3
8.580000E-3	-2.966642E-3
8.585000E-3	-4.018128E-3
8.590000E-3	-4.964054E-3
8.595000E-3	-5.734503E-3
8.600000E-3	-6.277382E-3
8.605000E-3	-6.175935E-3
8.610000E-3	-5.568624E-3
8.615000E-3	-4.109979E-3
8.620000E-3	-2.197564E-3
8.625000E-3	-2.467632E-5
8.630000E-3	1.407921E-3
8.635000E-3	2.216756E-3
8.640000E-3	2.205789E-3
8.645000E-3	1.625896E-3
8.650000E-3	7.951260E-4
8.655000E-3	1.384616E-4
8.660000E-3	-5.552173E-4
8.665000E-3	-1.762986E-3
8.670000E-3	-2.810359E-3
8.675000E-3	-4.007161E-3
8.680000E-3	-5.186141E-3
8.685000E-3	-5.730391E-3
8.690000E-3	-6.151259E-3
8.695000E-3	-5.926430E-3
8.700000E-3	-5.298555E-3
8.705000E-3	-5.118966E-3
8.710000E-3	-5.781114E-3
8.715000E-3	-6.589949E-3
8.720000E-3	-7.195890E-3
8.725000E-3	-7.369995E-3
8.730000E-3	-6.289721E-3
8.735000E-3	-4.640520E-3
8.740000E-3	-2.909064E-3
8.745000E-3	-9.719729E-4
8.750000E-3	9.226203E-4
8.755000E-3	1.298249E-3
8.760000E-3	6.443262E-4
8.765000E-3	-1.096725E-3
8.770000E-3	-3.671288E-3
8.775000E-3	-5.946994E-3
8.780000E-3	-6.921709E-3
8.785000E-3	-7.254839E-3
8.790000E-3	-7.045090E-3
8.795000E-3	-6.204724E-3
8.800000E-3	-4.825592E-3
8.805000E-3	-2.667785E-3
8.810000E-3	-1.302361E-4
8.815000E-3	2.044022E-3
8.820000E-3	3.493071E-3
8.825000E-3	4.666567E-3
8.830000E-3	5.367100E-3
8.835000E-3	5.630314E-3
8.840000E-3	5.309522E-3
8.845000E-3	4.683018E-3
8.850000E-3	4.194975E-3
8.855000E-3	3.741205E-3
8.860000E-3	3.148973E-3
8.865000E-3	2.192080E-3
8.870000E-3	8.705258E-4
8.875000E-3	-4.811883E-4
8.880000E-3	-1.727343E-3
8.885000E-3	-3.138006E-3
8.890000E-3	-5.012035E-3
8.895000E-3	-6.785989E-3
8.900000E-3	-8.154154E-3
8.905000E-3	-8.832753E-3
8.910000E-3	-8.265197E-3
8.915000E-3	-6.313026E-3
8.920000E-3	-3.697336E-3
8.925000E-3	-5.936027E-4
8.930000E-3	2.124906E-3
8.935000E-3	3.513634E-3
8.940000E-3	3.598630E-3
8.945000E-3	3.148973E-3
8.950000E-3	1.985073E-3
8.955000E-3	2.604723E-5
8.960000E-3	-2.027571E-3
8.965000E-3	-3.957808E-3
8.970000E-3	-6.266415E-3
8.975000E-3	-8.568168E-3
8.980000E-3	-1.038599E-2
8.985000E-3	-1.127708E-2
8.990000E-3	-1.097685E-2
8.995000E-3	-9.782791E-3
9.000000E-3	-7.933438E-3
9.005000E-3	-5.552173E-3
9.010000E-3	-3.172278E-3
9.015000E-3	-8.444786E-4
9.020000E-3	1.157045E-3
9.025000E-3	2.634883E-3
9.030000E-3	2.660930E-3
9.035000E-3	1.930237E-3
9.040000E-3	9.075403E-4
9.045000E-3	-3.290176E-4
9.050000E-3	-1.159787E-3
9.055000E-3	-1.653314E-3
9.060000E-3	-2.214015E-3
9.065000E-3	-2.629399E-3
9.070000E-3	-2.981722E-3
9.075000E-3	-3.948212E-3
9.080000E-3	-4.944861E-3
9.085000E-3	-5.737245E-3
9.090000E-3	-6.127954E-3
9.095000E-3	-6.030619E-3
9.100000E-3	-4.896879E-3
9.105000E-3	-3.166795E-3
9.110000E-3	-1.273572E-3
9.115000E-3	8.088350E-4
9.120000E-3	2.360702E-3
9.125000E-3	3.236711E-3
9.130000E-3	3.150344E-3
9.135000E-3	2.275705E-3
9.140000E-3	4.578829E-4
9.145000E-3	-1.388729E-3
9.150000E-3	-2.998173E-3
9.155000E-3	-4.521251E-3
9.160000E-3	-6.045699E-3
9.165000E-3	-6.732523E-3
9.170000E-3	-7.060170E-3
9.175000E-3	-6.869614E-3
9.180000E-3	-5.986750E-3
9.185000E-3	-4.892766E-3
9.190000E-3	-3.739834E-3
9.195000E-3	-1.878142E-3
9.200000E-3	-3.015995E-5
9.205000E-3	1.284540E-3
9.210000E-3	2.248287E-3
9.215000E-3	2.647221E-3
9.220000E-3	2.256513E-3
9.225000E-3	1.597106E-3
9.230000E-3	8.060932E-4
9.235000E-3	-5.003810E-4
9.240000E-3	-1.776695E-3
9.245000E-3	-3.310740E-3
9.250000E-3	-5.040824E-3
9.255000E-3	-6.940901E-3
9.260000E-3	-8.368015E-3
9.265000E-3	-9.508610E-3
9.270000E-3	-9.686828E-3
9.275000E-3	-8.398175E-3
9.280000E-3	-6.325364E-3
9.285000E-3	-3.787816E-3
9.290000E-3	-9.966493E-4
9.295000E-3	1.409292E-3
9.300000E-3	2.814472E-3
9.305000E-3	3.505409E-3
9.310000E-3	3.458798E-3
9.315000E-3	2.872050E-3
9.320000E-3	2.248287E-3
9.325000E-3	1.608074E-3
9.330000E-3	3.235340E-4
9.335000E-3	-8.485913E-4
9.340000E-3	-2.160549E-3
9.345000E-3	-3.756285E-3
9.350000E-3	-5.231380E-3
9.355000E-3	-7.075250E-3
9.360000E-3	-8.912265E-3
9.365000E-3	-1.034898E-2
9.370000E-3	-1.048058E-2
9.375000E-3	-9.197414E-3
9.380000E-3	-6.986141E-3
9.385000E-3	-3.898859E-3
9.390000E-3	-9.075403E-4
9.395000E-3	1.461387E-3
9.400000E-3	2.813101E-3
9.405000E-3	3.353238E-3
9.410000E-3	3.165424E-3
9.415000E-3	3.043413E-3
9.420000E-3	2.830923E-3
9.425000E-3	2.410054E-3
9.430000E-3	1.916528E-3
9.435000E-3	1.279056E-3
9.440000E-3	2.042651E-4
9.445000E-3	-5.086064E-4
9.450000E-3	-1.181722E-3
9.455000E-3	-1.963139E-3
9.460000E-3	-2.696574E-3
9.465000E-3	-3.196955E-3
9.470000E-3	-4.022241E-3
9.475000E-3	-4.382789E-3
9.480000E-3	-3.978372E-3
9.485000E-3	-3.273726E-3
9.490000E-3	-2.381265E-3
9.495000E-3	-1.476467E-3
9.500000E-3	-7.293224E-4
9.505000E-3	-3.482103E-4
9.510000E-3	-1.919270E-4
9.515000E-3	-3.207922E-4
9.520000E-3	-2.412796E-4
9.525000E-3	-5.168319E-4
9.530000E-3	-1.089871E-3
9.535000E-3	-2.359331E-3
9.540000E-3	-3.805637E-3
9.545000E-3	-5.701602E-3
9.550000E-3	-7.445395E-3
9.555000E-3	-8.566797E-3
9.560000E-3	-8.823156E-3
9.565000E-3	-8.211732E-3
9.570000E-3	-7.053316E-3
9.575000E-3	-5.988121E-3
9.580000E-3	-4.887283E-3
9.585000E-3	-4.162073E-3
9.590000E-3	-3.508151E-3
9.595000E-3	-3.129780E-3
9.600000E-3	-2.628028E-3
9.605000E-3	-2.290785E-3
9.610000E-3	-2.318203E-3
9.615000E-3	-2.514243E-3
9.620000E-3	-2.543032E-3
9.625000E-3	-2.792537E-3
9.630000E-3	-3.005028E-3
9.635000E-3	-3.302515E-3
9.640000E-3	-3.738463E-3
9.645000E-3	-4.136026E-3
9.650000E-3	-4.533589E-3
9.655000E-3	-4.998326E-3
9.660000E-3	-4.794061E-3
9.665000E-3	-4.048288E-3
9.670000E-3	-3.143489E-3
9.675000E-3	-1.793146E-3
9.680000E-3	-1.837015E-4
9.685000E-3	1.555979E-3
9.690000E-3	2.660930E-3
9.695000E-3	3.063977E-3
9.700000E-3	3.148973E-3
9.705000E-3	2.888501E-3
9.710000E-3	2.283931E-3
9.715000E-3	1.679361E-3
9.720000E-3	6.580353E-4
9.725000E-3	-4.606247E-4
9.730000E-3	-1.579285E-3
9.735000E-3	-2.019346E-3
9.740000E-3	-2.131760E-3
9.745000E-3	-1.804113E-3
9.750000E-3	-1.314700E-3
9.755000E-3	-1.128256E-3
9.760000E-3	-1.040518E-3
9.765000E-3	-1.342118E-3
9.770000E-3	-1.305103E-3
9.775000E-3	-1.152933E-3
9.780000E-3	-6.182790E-4
9.785000E-3	-3.098249E-4
9.790000E-3	1.507998E-4
9.795000E-3	5.209446E-5
9.800000E-3	-5.977154E-4
9.805000E-3	-1.664281E-3
9.810000E-3	-2.677381E-3
9.815000E-3	-3.488958E-3
9.820000E-3	-4.259408E-3
9.825000E-3	-5.090177E-3
9.830000E-3	-6.214321E-3
9.835000E-3	-7.471442E-3
9.840000E-3	-8.432448E-3
9.845000E-3	-8.805335E-3
9.850000E-3	-8.145928E-3
9.855000E-3	-6.813407E-3
9.860000E-3	-5.630314E-3
9.865000E-3	-4.231989E-3
9.870000E-3	-2.844632E-3
9.875000E-3	-1.590252E-3
9.880000E-3	-7.032752E-4
9.885000E-3	-2.618432E-4
9.890000E-3	-1.316071E-4
9.895000E-3	-4.140139E-4
9.900000E-3	-1.226962E-3
9.905000E-3	-2.237320E-3
9.910000E-3	-3.571212E-3
9.915000E-3	-4.449964E-3
9.920000E-3	-5.164206E-3
9.925000E-3	-5.512416E-3
9.930000E-3	-5.438387E-3
9.935000E-3	-5.020261E-3
9.940000E-3	-4.437625E-3
9.945000E-3	-3.582180E-3
9.950000E-3	-2.807617E-3
9.955000E-3	-1.887739E-3
9.960000E-3	-1.069307E-3
9.965000E-3	-2.385378E-4
9.970000E-3	6.169081E-5
9.975000E-3	-1.069307E-4
9.980000E-3	-1.741052E-4
9.985000E-3	-1.329780E-4
9.990000E-3	-2.179742E-4
9.995000E-3	-6.073117E-4
