0.000000E+0	-4.194975E-4
5.000000E-6	-4.003048E-4
1.000000E-5	-1.165271E-4
1.500000E-5	-2.124906E-4
2.000000E-5	-1.645088E-4
2.500000E-5	-2.604723E-5
3.000000E-5	-1.535416E-4
3.500000E-5	-3.564358E-4
4.000000E-5	-3.564358E-4
4.500000E-5	-1.878142E-4
5.000000E-5	-3.440976E-4
5.500000E-5	-2.851486E-4
6.000000E-5	-1.302361E-4
6.500000E-5	-2.303123E-4
7.000000E-5	-2.399087E-4
7.500000E-5	-5.031228E-4
8.000000E-5	-4.565120E-4
8.500000E-5	-3.536940E-4
9.000000E-5	-1.192689E-4
9.500000E-5	-2.124906E-4
1.000000E-4	-1.494288E-4
1.050000E-4	-2.453923E-4
1.100000E-4	-2.632141E-4
1.150000E-4	-3.180504E-4
1.200000E-4	-3.303885E-4
1.250000E-4	-1.480579E-4
1.300000E-4	-2.467632E-5
1.350000E-4	2.001524E-4
1.400000E-4	1.192689E-4
1.450000E-4	-1.329780E-4
1.500000E-4	-1.151562E-4
1.550000E-4	-2.412796E-4
1.600000E-4	-2.549887E-4
1.650000E-4	-2.166033E-4
1.700000E-4	-2.412796E-4
1.750000E-4	-1.699924E-4
1.800000E-4	-1.905560E-4
1.850000E-4	-7.539988E-5
1.900000E-4	-1.261234E-4
1.950000E-4	-1.220107E-4
2.000000E-4	-1.521707E-4
2.050000E-4	5.483627E-5
2.100000E-4	-3.564358E-5
2.150000E-4	-1.631379E-4
2.200000E-4	-1.343489E-4
2.250000E-4	-2.357960E-4
2.300000E-4	-1.562834E-4
2.350000E-4	4.935265E-5
2.400000E-4	-1.960397E-4
2.450000E-4	-3.084540E-4
2.500000E-4	-2.851486E-4
2.550000E-4	-7.128716E-5
2.600000E-4	-4.798174E-5
2.650000E-4	-2.755523E-4
2.700000E-4	-2.824068E-4
2.750000E-4	-2.166033E-4
2.800000E-4	-2.741814E-4
2.850000E-4	-1.658797E-4
2.900000E-4	2.056360E-5
2.950000E-4	-1.014471E-4
3.000000E-4	-2.824068E-4
3.050000E-4	-1.878142E-4
3.100000E-4	-1.247525E-4
3.150000E-4	-1.658797E-4
3.200000E-4	-9.733438E-5
3.250000E-4	-2.289414E-4
3.300000E-4	-3.098249E-4
3.350000E-4	-2.481341E-4
3.400000E-4	-2.577305E-4
3.450000E-4	-3.468394E-4
3.500000E-4	-1.658797E-4
3.550000E-4	-1.302361E-4
3.600000E-4	-1.960397E-4
3.650000E-4	-2.330542E-4
3.700000E-4	-1.288652E-4
3.750000E-4	4.112720E-6
3.800000E-4	8.225441E-6
3.850000E-4	-1.741052E-4
3.900000E-4	-1.891851E-4
3.950000E-4	-1.837015E-4
4.000000E-4	-2.824068E-4
4.050000E-4	-3.084540E-4
4.100000E-4	-3.180504E-4
4.150000E-4	-9.185076E-5
4.200000E-4	-2.878904E-5
4.250000E-4	-2.426505E-4
4.300000E-4	-3.358722E-4
4.350000E-4	-3.358722E-4
4.400000E-4	-3.797412E-4
4.450000E-4	-2.220869E-4
4.500000E-4	-8.088350E-5
4.550000E-4	-3.290176E-5
4.600000E-4	1.096725E-5
4.650000E-4	-1.233816E-4
4.700000E-4	-1.974106E-4
4.750000E-4	-1.795888E-4
4.800000E-4	-1.233816E-4
4.850000E-4	-9.322166E-5
4.900000E-4	-1.603961E-4
4.950000E-4	-2.193451E-4
5.000000E-4	-2.728105E-4
5.050000E-4	-1.603961E-4
5.100000E-4	-1.151562E-4
5.150000E-4	-1.891851E-4
5.200000E-4	-1.096725E-4
5.250000E-4	-3.468394E-4
5.300000E-4	-2.179742E-4
5.350000E-4	-2.741814E-4
5.400000E-4	-3.098249E-4
5.450000E-4	-1.686215E-4
5.500000E-4	-8.225441E-5
5.550000E-4	-8.088350E-5
5.600000E-4	-2.289414E-4
5.650000E-4	-2.686977E-4
5.700000E-4	-1.658797E-4
5.750000E-4	-6.169081E-5
5.800000E-4	-1.466870E-4
5.850000E-4	-1.932979E-4
5.900000E-4	-2.645850E-4
5.950000E-4	-2.179742E-4
6.000000E-4	-2.042651E-4
6.050000E-4	-2.138615E-4
6.100000E-4	-2.728105E-4
6.150000E-4	-1.562834E-4
6.200000E-4	-8.499622E-5
6.250000E-4	-7.539988E-5
6.300000E-4	-1.713634E-4
6.350000E-4	-1.151562E-4
6.400000E-4	4.112720E-5
6.450000E-4	-1.384616E-4
6.500000E-4	-3.509521E-4
6.550000E-4	-1.974106E-4
6.600000E-4	-3.015995E-4
6.650000E-4	-2.892613E-4
6.700000E-4	-2.453923E-4
6.750000E-4	-4.386902E-5
6.800000E-4	-2.207160E-4
6.850000E-4	-2.481341E-4
6.900000E-4	-2.741814E-5
6.950000E-4	3.838539E-5
7.000000E-4	-2.124906E-4
7.050000E-4	-2.728105E-4
7.100000E-4	-2.275705E-4
7.150000E-4	-3.276467E-4
7.200000E-4	-1.754761E-4
7.250000E-4	-1.124144E-4
7.300000E-4	-6.580353E-5
7.350000E-4	-1.631379E-4
7.400000E-4	-3.399849E-4
7.450000E-4	-3.262758E-4
7.500000E-4	-3.386140E-4
7.550000E-4	-1.549125E-4
7.600000E-4	-8.499622E-5
7.650000E-4	-8.910894E-5
7.700000E-4	-8.225441E-6
7.750000E-4	-1.672506E-4
7.800000E-4	-1.672506E-4
7.850000E-4	-1.946688E-4
7.900000E-4	-3.098249E-4
7.950000E-4	-3.043413E-4
8.000000E-4	-1.919270E-4
8.050000E-4	-2.741814E-6
8.100000E-4	1.083016E-4
8.150000E-4	-9.596348E-5
8.200000E-4	-3.015995E-5
8.250000E-4	-8.910894E-5
8.300000E-4	2.467632E-5
8.350000E-4	-5.757809E-5
8.400000E-4	-2.330542E-4
8.450000E-4	-1.919270E-4
8.500000E-4	-1.507998E-4
8.550000E-4	-5.894899E-5
8.600000E-4	-2.316833E-4
8.650000E-4	-2.563596E-4
8.700000E-4	-2.755523E-4
8.750000E-4	-1.672506E-4
8.800000E-4	-2.124906E-4
8.850000E-4	-5.209446E-5
8.900000E-4	-1.878142E-4
8.950000E-4	-1.507998E-4
9.000000E-4	-1.631379E-4
9.050000E-4	-1.590252E-4
9.100000E-4	-3.345013E-4
9.150000E-4	-3.303885E-4
9.200000E-4	-2.974868E-4
9.250000E-4	-1.055598E-4
9.300000E-4	-1.686215E-4
9.350000E-4	-2.344251E-4
9.400000E-4	-2.179742E-4
9.450000E-4	-1.357198E-4
9.500000E-4	-1.316071E-4
9.550000E-4	-8.499622E-5
9.600000E-4	-1.603961E-4
9.650000E-4	-5.757809E-5
9.700000E-4	-2.618432E-4
9.750000E-4	-3.674030E-4
9.800000E-4	-3.413558E-4
9.850000E-4	-3.756285E-4
9.900000E-4	-2.700686E-4
9.950000E-4	-3.139377E-4
1.000000E-3	-3.070831E-4
1.005000E-3	-2.015233E-4
1.010000E-3	-2.714396E-4
1.015000E-3	-2.741814E-4
1.020000E-3	-2.275705E-4
1.025000E-3	-2.947450E-4
1.030000E-3	-2.714396E-4
1.035000E-3	-3.742576E-4
1.040000E-3	-1.069307E-4
1.045000E-3	-2.275705E-4
1.050000E-3	-1.384616E-4
1.055000E-3	-1.412034E-4
1.060000E-3	-1.151562E-4
1.065000E-3	-1.741052E-4
1.070000E-3	-5.209446E-5
1.075000E-3	-2.591014E-4
1.080000E-3	-2.371669E-4
1.085000E-3	-2.522469E-4
1.090000E-3	-2.316833E-4
1.095000E-3	-2.453923E-4
1.100000E-3	-2.070069E-4
1.105000E-3	-1.494288E-4
1.110000E-3	-3.564358E-4
1.115000E-3	-1.795888E-4
1.120000E-3	-1.466870E-4
1.125000E-3	5.483627E-6
1.130000E-3	-1.343489E-4
1.135000E-3	-3.523231E-4
1.140000E-3	-1.727343E-4
1.145000E-3	-1.398325E-4
1.150000E-3	-1.823306E-4
1.155000E-3	-1.741052E-4
1.160000E-3	-2.906322E-4
1.165000E-3	-3.098249E-4
1.170000E-3	-4.839301E-4
1.175000E-3	-3.948212E-4
1.180000E-3	-2.289414E-4
1.185000E-3	-6.580353E-5
1.190000E-3	-1.905560E-4
1.195000E-3	-1.590252E-4
1.200000E-3	-2.166033E-4
1.205000E-3	-1.946688E-4
1.210000E-3	-6.991625E-5
1.215000E-3	-4.798174E-5
1.220000E-3	-1.549125E-4
1.225000E-3	-3.386140E-4
1.230000E-3	-2.591014E-4
1.235000E-3	3.427267E-5
1.240000E-3	-8.773804E-5
1.245000E-3	-7.951260E-5
1.250000E-3	-6.580353E-5
1.255000E-3	-3.153086E-5
1.260000E-3	-1.370907E-5
1.265000E-3	-1.850724E-4
1.270000E-3	-1.919270E-4
1.275000E-3	-2.522469E-4
1.280000E-3	-2.810359E-4
1.285000E-3	-2.001524E-4
1.290000E-3	-2.878904E-5
1.295000E-3	-5.757809E-5
1.300000E-3	-1.453161E-4
1.305000E-3	-1.864433E-4
1.310000E-3	-1.617670E-4
1.315000E-3	-1.247525E-4
1.320000E-3	5.757809E-5
1.325000E-3	-8.910894E-5
1.330000E-3	-1.590252E-4
1.335000E-3	-1.645088E-4
1.340000E-3	-2.261996E-4
1.345000E-3	-4.469156E-4
1.350000E-3	-2.878904E-4
1.355000E-3	-2.412796E-4
1.360000E-3	-1.206398E-4
1.365000E-3	-1.823306E-4
1.370000E-3	-1.987815E-4
1.375000E-3	-7.128716E-5
1.380000E-3	-1.658797E-4
1.385000E-3	-1.357198E-4
1.390000E-3	-2.645850E-4
1.395000E-3	-2.056360E-4
1.400000E-3	-1.014471E-4
1.405000E-3	6.443262E-5
1.410000E-3	-2.179742E-4
1.415000E-3	-1.466870E-4
1.420000E-3	-2.330542E-4
1.425000E-3	-1.837015E-4
1.430000E-3	-1.261234E-4
1.435000E-3	-3.153086E-5
1.440000E-3	-2.275705E-4
1.445000E-3	-4.469156E-4
1.450000E-3	-3.386140E-4
1.455000E-3	-3.139377E-4
1.460000E-3	-2.591014E-4
1.465000E-3	-1.549125E-4
1.470000E-3	-1.192689E-4
1.475000E-3	-8.225441E-6
1.480000E-3	-6.031990E-5
1.485000E-3	-2.467632E-4
1.490000E-3	-2.810359E-4
1.495000E-3	-1.603961E-4
1.500000E-3	-1.713634E-4
1.505000E-3	-2.591014E-4
1.510000E-3	-4.935265E-5
1.515000E-3	-1.137853E-4
1.520000E-3	-8.088350E-5
1.525000E-3	-1.603961E-4
1.530000E-3	-2.111197E-4
1.535000E-3	-3.276467E-4
1.540000E-3	-2.248287E-4
1.545000E-3	-2.399087E-4
1.550000E-3	-2.028942E-4
1.555000E-3	-3.619194E-4
1.560000E-3	-2.892613E-4
1.565000E-3	-2.001524E-4
1.570000E-3	-7.814169E-5
1.575000E-3	-1.083016E-4
1.580000E-3	-5.894899E-5
1.585000E-3	-1.028180E-4
1.590000E-3	-3.564358E-5
1.595000E-3	-6.580353E-5
1.600000E-3	-3.578067E-4
1.605000E-3	-1.919270E-4
1.610000E-3	-6.854534E-5
1.615000E-3	-1.453161E-4
1.620000E-3	-3.139377E-4
1.625000E-3	-2.453923E-4
1.630000E-3	-1.124144E-4
1.635000E-3	-1.357198E-4
1.640000E-3	-1.302361E-4
1.645000E-3	-6.854534E-5
1.650000E-3	-1.905560E-4
1.655000E-3	-3.701448E-5
1.660000E-3	5.620718E-5
1.665000E-3	0.000000E+0
1.670000E-3	-7.402897E-5
1.675000E-3	-1.274943E-4
1.680000E-3	-2.261996E-4
1.685000E-3	-2.851486E-4
1.690000E-3	-1.466870E-4
1.695000E-3	1.494288E-4
1.700000E-3	-5.072355E-5
1.705000E-3	-1.412034E-4
1.710000E-3	-1.055598E-4
1.715000E-3	-1.316071E-4
1.720000E-3	1.096725E-5
1.725000E-3	5.209446E-5
1.730000E-3	-2.782941E-4
1.735000E-3	-3.303885E-4
1.740000E-3	-1.370907E-4
1.745000E-3	-1.535416E-4
1.750000E-3	8.225441E-6
1.755000E-3	3.015995E-5
1.760000E-3	1.041889E-4
1.765000E-3	-2.234578E-4
1.770000E-3	-2.549887E-4
1.775000E-3	-1.754761E-4
1.780000E-3	-2.453923E-4
1.785000E-3	-3.769994E-4
1.790000E-3	-1.453161E-4
1.795000E-3	-5.894899E-5
1.800000E-3	8.225441E-6
1.805000E-3	-6.031990E-5
1.810000E-3	-7.814169E-5
1.815000E-3	-1.302361E-4
1.820000E-3	-9.459257E-5
1.825000E-3	-1.768470E-4
1.830000E-3	-1.412034E-4
1.835000E-3	-1.466870E-4
1.840000E-3	-2.440214E-4
1.845000E-3	-1.206398E-4
1.850000E-3	-1.919270E-5
1.855000E-3	1.370907E-4
1.860000E-3	5.209446E-5
1.865000E-3	-1.192689E-4
1.870000E-3	-1.000762E-4
1.875000E-3	-1.645088E-4
1.880000E-3	-3.249049E-4
1.885000E-3	-3.262758E-4
1.890000E-3	-1.137853E-4
1.895000E-3	1.576543E-4
1.900000E-3	-9.322166E-5
1.905000E-3	-1.562834E-4
1.910000E-3	-1.823306E-4
1.915000E-3	-1.028180E-4
1.920000E-3	-2.289414E-4
1.925000E-3	-1.274943E-4
1.930000E-3	-1.878142E-4
1.935000E-3	3.153086E-5
1.940000E-3	-1.850724E-4
1.945000E-3	-2.042651E-4
1.950000E-3	-1.412034E-4
1.955000E-3	-3.824830E-4
1.960000E-3	-3.386140E-4
1.965000E-3	-1.329780E-4
1.970000E-3	-2.824068E-4
1.975000E-3	-1.754761E-4
1.980000E-3	-2.385378E-4
1.985000E-3	-1.549125E-4
1.990000E-3	-2.193451E-4
1.995000E-3	-2.357960E-4
2.000000E-3	3.564358E-5
2.005000E-3	-1.247525E-4
2.010000E-3	-2.851486E-4
2.015000E-3	-1.206398E-4
2.020000E-3	-1.398325E-4
2.025000E-3	-8.362532E-5
2.030000E-3	-1.864433E-4
2.035000E-3	-1.850724E-4
2.040000E-3	-5.072355E-5
2.045000E-3	-8.088350E-5
2.050000E-3	-5.757809E-5
2.055000E-3	-2.316833E-4
2.060000E-3	-2.166033E-4
2.065000E-3	-2.988577E-4
2.070000E-3	-1.412034E-4
2.075000E-3	-2.261996E-4
2.080000E-3	-2.440214E-4
2.085000E-3	-2.179742E-4
2.090000E-3	-2.138615E-4
2.095000E-3	-3.386140E-4
2.100000E-3	-2.166033E-4
2.105000E-3	-1.398325E-4
2.110000E-3	-2.878904E-5
2.115000E-3	-1.741052E-4
2.120000E-3	-1.507998E-4
2.125000E-3	-1.398325E-4
2.130000E-3	-1.192689E-4
2.135000E-3	-8.636713E-5
2.140000E-3	-5.209446E-5
2.145000E-3	5.620718E-5
2.150000E-3	-3.427267E-5
2.155000E-3	-2.741814E-6
2.160000E-3	-1.919270E-4
2.165000E-3	-2.618432E-4
2.170000E-3	-1.795888E-4
2.175000E-3	-1.507998E-4
2.180000E-3	-1.165271E-4
2.185000E-3	-1.768470E-4
2.190000E-3	-1.645088E-4
2.195000E-3	3.838539E-5
2.200000E-3	-1.096725E-5
2.205000E-3	3.427267E-5
2.210000E-3	-4.661083E-5
2.215000E-3	-5.894899E-5
2.220000E-3	-2.111197E-4
2.225000E-3	-1.603961E-4
2.230000E-3	-1.165271E-4
2.235000E-3	-3.290176E-5
2.240000E-3	-2.837777E-4
2.245000E-3	-1.672506E-4
2.250000E-3	-7.814169E-5
2.255000E-3	-1.645088E-4
2.260000E-3	-2.824068E-4
2.265000E-3	-1.000762E-4
2.270000E-3	3.838539E-5
2.275000E-3	-2.399087E-4
2.280000E-3	-1.316071E-4
2.285000E-3	2.330542E-5
2.290000E-3	-9.459257E-5
2.295000E-3	-7.539988E-5
2.300000E-3	-1.178980E-4
2.305000E-3	-1.686215E-4
2.310000E-3	-2.289414E-4
2.315000E-3	-4.167557E-4
2.320000E-3	-3.399849E-4
2.325000E-3	-2.878904E-5
2.330000E-3	-9.185076E-5
2.335000E-3	-2.070069E-4
2.340000E-3	-1.782179E-4
2.345000E-3	-2.152324E-4
2.350000E-3	-2.920032E-4
2.355000E-3	-3.440976E-4
2.360000E-3	-1.809597E-4
2.365000E-3	-1.055598E-4
2.370000E-3	-2.467632E-5
2.375000E-3	1.507998E-5
2.380000E-3	-4.112720E-5
2.385000E-3	-6.580353E-5
2.390000E-3	-8.499622E-5
2.395000E-3	-1.233816E-5
2.400000E-3	-6.306171E-5
2.405000E-3	-3.975630E-5
2.410000E-3	-1.096725E-5
2.415000E-3	4.661083E-5
2.420000E-3	-2.220869E-4
2.425000E-3	-2.097487E-4
2.430000E-3	-3.043413E-4
2.435000E-3	3.015995E-5
2.440000E-3	-4.085302E-4
2.445000E-3	2.686977E-4
2.450000E-3	3.536940E-4
2.455000E-3	8.666873E-3
2.460000E-3	-3.140610E-2
2.465000E-3	-1.495042E-1
2.470000E-3	-1.653410E-1
2.475000E-3	-2.238581E-1
2.480000E-3	-3.246102E-1
2.485000E-3	-2.075800E-1
2.490000E-3	-7.604420E-2
2.495000E-3	-6.480688E-2
2.500000E-3	3.849054E-1
2.505000E-3	7.852993E-1
2.510000E-3	4.037033E-1
2.515000E-3	2.010188E-1
2.520000E-3	1.755076E-1
2.525000E-3	-2.801119E-1
2.530000E-3	-2.484728E-1
2.535000E-3	4.110760E-1
2.540000E-3	1.771760E-1
2.545000E-3	-2.397360E-1
2.550000E-3	1.955448E-1
2.555000E-3	-5.051792E-3
2.560000E-3	-5.901425E-1
2.565000E-3	-1.755570E-1
2.570000E-3	1.179254E-2
2.575000E-3	-4.315231E-1
2.580000E-3	-7.723552E-2
2.585000E-3	1.993724E-1
2.590000E-3	-2.284644E-1
2.595000E-3	1.054474E-1
2.600000E-3	4.681935E-1
2.605000E-3	-9.557003E-2
2.610000E-3	-7.074153E-2
2.615000E-3	2.914082E-1
2.620000E-3	-1.422782E-1
2.625000E-3	-1.198776E-1
2.630000E-3	3.693525E-1
2.635000E-3	-6.303018E-2
2.640000E-3	-1.576653E-1
2.645000E-3	4.222366E-1
2.650000E-3	3.526658E-2
2.655000E-3	-4.417898E-1
2.660000E-3	5.553406E-2
2.665000E-3	-8.099318E-3
2.670000E-3	-3.713937E-1
2.675000E-3	9.512174E-2
2.680000E-3	7.219058E-2
2.685000E-3	-3.632629E-1
2.690000E-3	9.427315E-2
2.695000E-3	2.229958E-1
2.700000E-3	-2.390532E-1
2.705000E-3	1.227085E-1
2.710000E-3	3.154224E-1
2.715000E-3	-2.000948E-1
2.720000E-3	7.483780E-2
2.725000E-3	4.049028E-1
2.730000E-3	-7.025486E-2
2.735000E-3	-6.709903E-2
2.740000E-3	1.919105E-1
2.745000E-3	-1.332563E-1
2.750000E-3	-1.497812E-1
2.755000E-3	1.227483E-1
2.760000E-3	-9.936470E-2
2.765000E-3	-1.219668E-1
2.770000E-3	1.097713E-1
2.775000E-3	-1.023766E-1
2.780000E-3	-2.088124E-1
2.785000E-3	4.399651E-2
2.790000E-3	-8.354855E-2
2.795000E-3	-1.830503E-1
2.800000E-3	1.311752E-1
2.805000E-3	8.300704E-2
2.810000E-3	-4.767191E-2
2.815000E-3	2.297270E-1
2.820000E-3	1.785181E-1
2.825000E-3	-5.276895E-2
2.830000E-3	8.983415E-2
2.835000E-3	1.491684E-2
2.840000E-3	-2.145483E-1
2.845000E-3	-6.717443E-5
2.850000E-3	3.499103E-2
2.855000E-3	-1.872618E-1
2.860000E-3	3.745455E-2
2.865000E-3	1.729509E-1
2.870000E-3	-9.262258E-2
2.875000E-3	-9.982944E-3
2.880000E-3	1.314042E-1
2.885000E-3	-1.230773E-1
2.890000E-3	-1.183257E-1
2.895000E-3	7.490772E-2
2.900000E-3	-8.297414E-2
2.905000E-3	-7.501191E-2
2.910000E-3	1.331452E-1
2.915000E-3	1.636863E-2
2.920000E-3	-4.693300E-2
2.925000E-3	1.102223E-1
2.930000E-3	-5.428791E-4
2.935000E-3	-1.193662E-1
2.940000E-3	4.675889E-2
2.945000E-3	1.226825E-2
2.950000E-3	-7.665700E-2
2.955000E-3	1.139662E-1
2.960000E-3	1.003435E-1
2.965000E-3	-5.731899E-2
2.970000E-3	8.959424E-2
2.975000E-3	1.046153E-1
2.980000E-3	-8.106720E-2
2.985000E-3	8.784771E-3
2.990000E-3	2.985424E-2
2.995000E-3	-1.357719E-1
3.000000E-3	-1.181036E-2
3.005000E-3	6.638616E-2
3.010000E-3	-1.165147E-1
3.015000E-3	-3.312522E-2
3.020000E-3	7.290483E-2
3.025000E-3	-9.903568E-2
3.030000E-3	-2.157122E-2
3.035000E-3	1.178994E-1
3.040000E-3	-6.033772E-2
3.045000E-3	-5.810040E-2
3.050000E-3	9.616774E-2
3.055000E-3	-3.376681E-2
3.060000E-3	-3.930116E-2
3.065000E-3	1.502089E-1
3.070000E-3	4.486430E-2
3.075000E-3	-3.337884E-2
3.080000E-3	1.131780E-1
3.085000E-3	1.398599E-2
3.090000E-3	-1.158978E-1
3.095000E-3	5.648136E-3
3.100000E-3	-2.139986E-2
3.105000E-3	-1.318305E-1
3.110000E-3	-5.339682E-3
3.115000E-3	4.179758E-2
3.120000E-3	-6.738144E-2
3.125000E-3	9.209752E-3
3.130000E-3	6.204450E-2
3.135000E-3	-4.287237E-2
3.140000E-3	-1.990420E-2
3.145000E-3	2.262956E-2
3.150000E-3	-6.149065E-2
3.155000E-3	-2.322727E-2
3.160000E-3	4.763901E-2
3.165000E-3	-3.150481E-2
3.170000E-3	-4.242957E-3
3.175000E-3	9.869707E-2
3.180000E-3	6.617367E-3
3.185000E-3	-2.863961E-2
3.190000E-3	7.110071E-2
3.195000E-3	6.439149E-3
3.200000E-3	-6.681937E-2
3.205000E-3	1.531851E-2
3.210000E-3	-2.299833E-2
3.215000E-3	-7.476789E-2
3.220000E-3	2.225393E-2
3.225000E-3	1.592720E-2
3.230000E-3	-3.558600E-2
3.235000E-3	4.429948E-2
3.240000E-3	3.660184E-2
3.245000E-3	-3.581494E-2
3.250000E-3	2.214289E-2
3.255000E-3	5.373132E-2
3.260000E-3	1.400244E-2
3.265000E-3	5.448669E-2
3.270000E-3	5.536544E-2
3.275000E-3	-8.396804E-3
3.280000E-3	-3.107846E-3
3.285000E-3	-1.534456E-2
3.290000E-3	-6.204450E-2
3.295000E-3	-2.067465E-2
3.300000E-3	-5.914092E-3
3.305000E-3	-5.136651E-2
3.310000E-3	-1.789445E-2
3.315000E-3	-6.780505E-3
3.320000E-3	-6.418175E-2
3.325000E-3	-4.207724E-2
3.330000E-3	-1.783413E-2
3.335000E-3	-3.831547E-2
3.340000E-3	1.427251E-2
3.345000E-3	5.417550E-2
3.350000E-3	2.559757E-2
3.355000E-3	4.897290E-2
3.360000E-3	7.445669E-2
3.365000E-3	1.549262E-2
3.370000E-3	1.774091E-2
3.375000E-3	6.655341E-2
3.380000E-3	2.659422E-2
3.385000E-3	2.108455E-3
3.390000E-3	4.388821E-2
3.395000E-3	9.908915E-3
3.400000E-3	-5.295539E-2
3.405000E-3	-1.529384E-2
3.410000E-3	3.712416E-3
3.415000E-3	-4.007298E-2
3.420000E-3	-1.520336E-2
3.425000E-3	1.012415E-2
3.430000E-3	-4.410893E-2
3.435000E-3	-5.240428E-2
3.440000E-3	-1.908302E-2
3.445000E-3	-4.567724E-2
3.450000E-3	-4.487252E-2
3.455000E-3	-4.338920E-3
3.460000E-3	-1.538569E-2
3.465000E-3	-1.868546E-3
3.470000E-3	6.377321E-2
3.475000E-3	5.422348E-2
3.480000E-3	1.562011E-2
3.485000E-3	3.146505E-2
3.490000E-3	1.016939E-2
3.495000E-3	-4.307389E-2
3.500000E-3	-2.044708E-2
3.505000E-3	6.895661E-3
3.510000E-3	-1.296329E-2
3.515000E-3	6.374717E-4
3.520000E-3	1.344174E-2
3.525000E-3	-1.363641E-2
3.530000E-3	9.020567E-4
3.535000E-3	2.694380E-2
3.540000E-3	4.024982E-3
3.545000E-3	7.746994E-3
3.550000E-3	2.578676E-2
3.555000E-3	-1.384616E-2
3.560000E-3	-2.490115E-2
3.565000E-3	1.284951E-2
3.570000E-3	-1.194060E-3
3.575000E-3	-1.186657E-2
3.580000E-3	3.260154E-2
3.585000E-3	3.017914E-2
3.590000E-3	-1.203656E-2
3.595000E-3	-4.836559E-3
3.600000E-3	1.246291E-2
3.605000E-3	-9.925365E-3
3.610000E-3	-1.589018E-2
3.615000E-3	-3.765881E-3
3.620000E-3	-2.184129E-2
3.625000E-3	-2.989948E-2
3.630000E-3	-1.244783E-2
3.635000E-3	-1.121813E-2
3.640000E-3	-4.556894E-3
3.645000E-3	1.659620E-2
3.650000E-3	2.829552E-3
3.655000E-3	-1.006794E-2
3.660000E-3	5.504191E-3
3.665000E-3	-4.315615E-3
3.670000E-3	-1.320457E-2
3.675000E-3	5.145013E-3
3.680000E-3	-5.445242E-3
3.685000E-3	-1.346505E-2
3.690000E-3	1.305652E-2
3.695000E-3	-4.715919E-4
3.700000E-3	-1.300442E-2
3.705000E-3	2.253222E-2
3.710000E-3	1.118386E-2
3.715000E-3	-1.774502E-2
3.720000E-3	8.454382E-3
3.725000E-3	-2.974868E-4
3.730000E-3	-3.517199E-2
3.735000E-3	-2.224982E-3
3.740000E-3	2.406901E-2
3.745000E-3	5.863369E-3
3.750000E-3	2.500534E-2
3.755000E-3	3.904206E-2
3.760000E-3	4.884541E-3
3.765000E-3	1.576543E-4
3.770000E-3	1.324022E-2
3.775000E-3	-7.136941E-3
3.780000E-3	-1.045591E-2
3.785000E-3	7.378221E-3
3.790000E-3	-7.413864E-3
3.795000E-3	-1.492232E-2
3.800000E-3	8.250117E-3
3.805000E-3	1.677990E-3
3.810000E-3	-1.847023E-2
3.815000E-3	-8.252859E-3
3.820000E-3	-1.059437E-2
3.825000E-3	-2.219635E-2
3.830000E-3	1.793146E-3
3.835000E-3	1.702255E-2
3.840000E-3	2.745926E-3
3.845000E-3	8.658648E-3
3.850000E-3	1.538020E-2
3.855000E-3	-1.046962E-2
3.860000E-3	-2.183032E-2
3.865000E-3	-2.103931E-2
3.870000E-3	-4.491502E-2
3.875000E-3	-5.777138E-2
3.880000E-3	-1.769018E-2
3.885000E-3	2.779377E-2
3.890000E-3	2.414304E-2
3.895000E-3	2.542347E-2
3.900000E-3	2.212507E-2
3.905000E-3	-1.187342E-2
3.910000E-3	-2.047312E-2
3.915000E-3	8.322775E-3
3.920000E-3	1.542819E-2
3.925000E-3	1.450694E-2
3.930000E-3	4.122043E-2
3.935000E-3	4.318631E-2
3.940000E-3	1.670176E-2
3.945000E-3	1.609170E-2
3.950000E-3	1.903915E-2
3.955000E-3	-5.638540E-3
3.960000E-3	-1.201737E-2
3.965000E-3	5.620718E-4
3.970000E-3	-2.022499E-2
3.975000E-3	-2.751136E-2
3.980000E-3	-7.970452E-3
3.985000E-3	-3.198600E-2
3.990000E-3	-4.369491E-2
3.995000E-3	-1.098096E-2
4.000000E-3	-1.640427E-2
4.005000E-3	-2.097213E-2
4.010000E-3	2.270770E-2
4.015000E-3	3.096056E-2
4.020000E-3	1.985073E-2
4.025000E-3	4.160017E-2
4.030000E-3	2.746475E-2
4.035000E-3	-1.433557E-2
4.040000E-3	-3.974259E-3
4.045000E-3	1.438355E-2
4.050000E-3	5.087435E-3
4.055000E-3	1.618904E-2
4.060000E-3	2.651608E-2
4.065000E-3	8.483171E-3
4.070000E-3	1.120442E-2
4.075000E-3	1.821798E-2
4.080000E-3	-1.424646E-2
4.085000E-3	-2.351105E-2
4.090000E-3	-7.893682E-3
4.095000E-3	-2.892613E-2
4.100000E-3	-2.620488E-2
4.105000E-3	6.928563E-3
4.110000E-3	-1.377213E-2
4.115000E-3	-3.453040E-2
4.120000E-3	-9.117901E-3
4.125000E-3	-1.118797E-2
4.130000E-3	-2.441859E-2
4.135000E-3	8.895814E-3
4.140000E-3	2.551395E-2
4.145000E-3	1.276726E-2
4.150000E-3	2.496833E-2
4.155000E-3	3.001463E-2
4.160000E-3	1.288790E-2
4.165000E-3	2.097625E-2
4.170000E-3	2.461600E-2
4.175000E-3	2.327800E-3
4.180000E-3	5.324602E-3
4.185000E-3	1.493055E-2
4.190000E-3	-7.106781E-3
4.195000E-3	-2.112979E-2
4.200000E-3	-2.496421E-2
4.205000E-3	-4.397869E-2
4.210000E-3	-4.215264E-2
4.215000E-3	-1.458234E-2
4.220000E-3	-1.480579E-3
4.225000E-3	8.614779E-3
4.230000E-3	2.466673E-2
4.235000E-3	2.668744E-2
4.240000E-3	2.429795E-2
4.245000E-3	2.213603E-2
4.250000E-3	8.773804E-3
4.255000E-3	1.639605E-3
4.260000E-3	2.991319E-3
4.265000E-3	-2.939224E-3
4.270000E-3	3.194213E-4
4.275000E-3	5.118966E-3
4.280000E-3	-6.451488E-3
4.285000E-3	-1.566261E-2
4.290000E-3	-1.789033E-2
4.295000E-3	-2.958828E-2
4.300000E-3	-3.294837E-2
4.305000E-3	-2.012080E-2
4.310000E-3	-1.732004E-2
4.315000E-3	-2.037030E-2
4.320000E-3	-1.632887E-2
4.325000E-3	-1.781493E-2
4.330000E-3	-2.132994E-2
4.335000E-3	-1.264387E-2
4.340000E-3	3.106475E-3
4.345000E-3	1.599711E-2
4.350000E-3	2.703840E-2
4.355000E-3	3.561479E-2
4.360000E-3	3.891867E-2
4.365000E-3	3.628379E-2
4.370000E-3	2.653527E-2
4.375000E-3	1.466185E-2
4.380000E-3	2.615690E-3
4.385000E-3	-8.500993E-3
4.390000E-3	-1.441234E-2
4.395000E-3	-1.492643E-2
4.400000E-3	-1.762438E-2
4.405000E-3	-1.942027E-2
4.410000E-3	-1.211333E-2
4.415000E-3	-5.826354E-3
4.420000E-3	-6.476164E-3
4.425000E-3	-7.197261E-4
4.430000E-3	1.009262E-2
4.435000E-3	1.202971E-2
4.440000E-3	1.520884E-2
4.445000E-3	2.300382E-2
4.450000E-3	1.991379E-2
4.455000E-3	2.012354E-2
4.460000E-3	2.564007E-2
4.465000E-3	1.479483E-2
4.470000E-3	1.313329E-3
4.475000E-3	-9.719729E-4
4.480000E-3	-1.200777E-2
4.485000E-3	-2.557153E-2
4.490000E-3	-2.226353E-2
4.495000E-3	-2.044570E-2
4.500000E-3	-2.337396E-2
4.505000E-3	-1.651531E-2
4.510000E-3	-9.867787E-3
4.515000E-3	-8.492768E-3
4.520000E-3	-3.845394E-3
4.525000E-3	-3.549278E-3
4.530000E-3	-6.776392E-3
4.535000E-3	-3.258646E-3
4.540000E-3	2.460778E-3
4.545000E-3	6.640673E-3
4.550000E-3	1.457959E-2
4.555000E-3	2.056909E-2
4.560000E-3	1.640427E-2
4.565000E-3	1.092476E-2
4.570000E-3	7.895052E-3
4.575000E-3	-1.772583E-3
4.580000E-3	-7.688046E-3
4.585000E-3	-3.465652E-3
4.590000E-3	-5.840063E-4
4.595000E-3	3.191471E-3
4.600000E-3	9.806097E-3
4.605000E-3	-2.277076E-3
4.610000E-3	-2.187693E-2
4.615000E-3	-3.036422E-2
4.620000E-3	-3.813177E-2
4.625000E-3	-3.822225E-2
4.630000E-3	-2.237457E-2
4.635000E-3	-4.789948E-3
4.640000E-3	2.468729E-2
4.645000E-3	2.964312E-2
4.650000E-3	3.435081E-2
4.655000E-3	5.304313E-2
4.660000E-3	3.632903E-2
4.665000E-3	4.035813E-2
4.670000E-3	4.554152E-2
4.675000E-3	2.084601E-2
4.680000E-3	1.148272E-2
4.685000E-3	1.875401E-3
4.690000E-3	-1.165819E-2
4.695000E-3	-2.221006E-2
4.700000E-3	-2.685058E-2
4.705000E-3	-3.997016E-2
4.710000E-3	-4.801327E-2
4.715000E-3	-4.978311E-2
4.720000E-3	-4.399103E-2
4.725000E-3	-4.154396E-2
4.730000E-3	-2.042925E-2
4.735000E-3	5.352020E-3
4.740000E-3	5.140901E-4
4.745000E-3	7.141054E-3
4.750000E-3	3.537625E-2
4.755000E-3	2.425820E-2
4.760000E-3	2.665317E-2
4.765000E-3	4.294777E-2
4.770000E-3	1.838934E-2
4.775000E-3	1.479346E-2
4.780000E-3	2.900153E-2
4.785000E-3	8.173347E-3
4.790000E-3	-8.055449E-3
4.795000E-3	8.795738E-3
4.800000E-3	1.583397E-3
4.805000E-3	-2.537274E-2
4.810000E-3	-1.886916E-2
4.815000E-3	-1.587510E-2
4.820000E-3	-4.015112E-2
4.825000E-3	-1.901174E-2
4.830000E-3	1.911044E-3
4.835000E-3	-1.374608E-2
4.840000E-3	1.052994E-2
4.845000E-3	2.990085E-2
4.850000E-3	8.156896E-4
4.855000E-3	1.070267E-2
4.860000E-3	2.089125E-2
4.865000E-3	-1.494014E-2
4.870000E-3	-1.341295E-2
4.875000E-3	1.130313E-2
4.880000E-3	-4.436255E-3
4.885000E-3	3.887892E-3
4.890000E-3	2.904266E-2
4.895000E-3	1.257807E-2
4.900000E-3	3.516376E-3
4.905000E-3	1.245606E-2
4.910000E-3	-7.120490E-3
4.915000E-3	-2.187693E-2
4.920000E-3	-9.782791E-3
4.925000E-3	-2.005774E-2
4.930000E-3	-2.776772E-2
4.935000E-3	-8.148670E-3
4.940000E-3	-5.479515E-3
4.945000E-3	-1.577228E-2
4.950000E-3	3.269613E-3
4.955000E-3	9.560704E-3
4.960000E-3	-8.133590E-3
4.965000E-3	7.319272E-3
4.970000E-3	1.781493E-2
4.975000E-3	1.172125E-3
4.980000E-3	1.750237E-2
4.985000E-3	2.541524E-2
4.990000E-3	5.611122E-3
4.995000E-3	1.748866E-2
5.000000E-3	2.160138E-2
5.005000E-3	-1.800001E-3
5.010000E-3	-3.249049E-3
5.015000E-3	3.457427E-3
5.020000E-3	-1.170480E-2
5.025000E-3	-1.159924E-2
5.030000E-3	5.949736E-4
5.035000E-3	-8.773804E-3
5.040000E-3	-1.060945E-2
5.045000E-3	-1.046002E-3
5.050000E-3	-6.369233E-3
5.055000E-3	-9.393454E-3
5.060000E-3	-3.317595E-4
5.065000E-3	-1.906931E-3
5.070000E-3	-6.493986E-3
5.075000E-3	2.049506E-3
5.080000E-3	-1.756132E-3
5.085000E-3	-9.230316E-3
5.090000E-3	9.801984E-4
5.095000E-3	1.824677E-3
5.100000E-3	-6.184161E-3
5.105000E-3	-2.977610E-3
5.110000E-3	-4.988730E-3
5.115000E-3	-1.616848E-2
5.120000E-3	-7.779896E-3
5.125000E-3	4.116833E-3
5.130000E-3	1.961768E-3
5.135000E-3	1.461250E-2
5.140000E-3	2.683276E-2
5.145000E-3	1.749551E-2
5.150000E-3	2.122849E-2
5.155000E-3	3.422195E-2
5.160000E-3	1.660031E-2
5.165000E-3	8.359790E-3
5.170000E-3	8.698404E-3
5.175000E-3	-1.321280E-2
5.180000E-3	-2.018797E-2
5.185000E-3	-1.090693E-2
5.190000E-3	-1.528835E-2
5.195000E-3	-1.738584E-2
5.200000E-3	-4.593909E-3
5.205000E-3	-3.332675E-3
5.210000E-3	-1.041615E-2
5.215000E-3	7.238388E-4
5.220000E-3	2.700686E-3
5.225000E-3	-4.709065E-3
5.230000E-3	9.217978E-3
5.235000E-3	1.400107E-2
5.240000E-3	2.972126E-3
5.245000E-3	7.485151E-3
5.250000E-3	7.444024E-3
5.255000E-3	-7.311046E-3
5.260000E-3	-9.616911E-3
5.265000E-3	-8.306324E-3
5.270000E-3	-1.453847E-2
5.275000E-3	-1.236147E-2
5.280000E-3	-2.419651E-3
5.285000E-3	-3.110588E-3
5.290000E-3	-7.661998E-3
5.295000E-3	-2.595127E-3
5.300000E-3	-3.273726E-3
5.305000E-3	-8.915007E-3
5.310000E-3	-2.703428E-3
5.315000E-3	-1.535416E-4
5.320000E-3	-6.138921E-3
5.325000E-3	1.917899E-3
5.330000E-3	4.205942E-3
5.335000E-3	-5.771518E-3
5.340000E-3	5.428791E-4
5.345000E-3	3.185987E-3
5.350000E-3	-7.734656E-3
5.355000E-3	-5.044937E-3
5.360000E-3	-1.895964E-3
5.365000E-3	-9.906173E-3
5.370000E-3	-2.610207E-3
5.375000E-3	6.121099E-3
5.380000E-3	-1.132369E-3
5.385000E-3	2.822697E-3
5.390000E-3	1.085621E-2
5.395000E-3	6.107390E-3
5.400000E-3	8.498251E-3
5.405000E-3	1.439726E-2
5.410000E-3	8.339226E-3
5.415000E-3	4.618585E-3
5.420000E-3	8.377612E-3
5.425000E-3	2.867937E-3
5.430000E-3	1.494288E-4
5.435000E-3	6.748974E-3
5.440000E-3	5.168319E-3
5.445000E-3	2.638996E-3
5.450000E-3	5.889416E-3
5.455000E-3	-1.658797E-4
5.460000E-3	-5.249202E-3
5.465000E-3	-2.625287E-3
5.470000E-3	-5.291700E-3
5.475000E-3	-1.169384E-2
5.480000E-3	-9.729326E-3
5.485000E-3	-1.401341E-2
5.490000E-3	-2.069932E-2
5.495000E-3	-1.482362E-2
5.500000E-3	-9.318054E-3
5.505000E-3	-5.933285E-3
5.510000E-3	4.422545E-3
5.515000E-3	1.358020E-2
5.520000E-3	1.334578E-2
5.525000E-3	1.692796E-2
5.530000E-3	2.073497E-2
5.535000E-3	1.503062E-2
5.540000E-3	1.084113E-2
5.545000E-3	8.004725E-3
5.550000E-3	-2.604723E-3
5.555000E-3	-1.038051E-2
5.560000E-3	-8.960247E-3
5.565000E-3	-1.247251E-2
5.570000E-3	-1.464266E-2
5.575000E-3	-7.719576E-3
5.580000E-3	-8.018434E-3
5.585000E-3	-8.823156E-3
5.590000E-3	-1.461387E-3
5.595000E-3	1.758873E-3
5.600000E-3	1.846611E-3
5.605000E-3	7.476926E-3
5.610000E-3	1.095766E-2
5.615000E-3	9.429097E-3
5.620000E-3	1.260000E-2
5.625000E-3	1.475918E-2
5.630000E-3	7.955372E-3
5.635000E-3	6.544709E-3
5.640000E-3	5.953848E-3
5.645000E-3	-2.588272E-3
5.650000E-3	-6.359637E-3
5.655000E-3	-7.434428E-3
5.660000E-3	-1.438630E-2
5.665000E-3	-1.701295E-2
5.670000E-3	-1.391882E-2
5.675000E-3	-1.357198E-2
5.680000E-3	-1.049018E-2
5.685000E-3	-2.370298E-3
5.690000E-3	6.525517E-4
5.695000E-3	1.768470E-3
5.700000E-3	4.322469E-3
5.705000E-3	-4.551411E-4
5.710000E-3	-4.151106E-3
5.715000E-3	-1.210511E-3
5.720000E-3	-8.458495E-4
5.725000E-3	-1.178980E-4
5.730000E-3	6.112874E-3
5.735000E-3	7.788122E-3
5.740000E-3	3.297031E-3
5.745000E-3	1.687586E-3
5.750000E-3	-7.293224E-4
5.755000E-3	-6.333590E-3
5.760000E-3	-8.036256E-3
5.765000E-3	-7.837474E-3
5.770000E-3	-9.961009E-3
5.775000E-3	-9.870529E-3
5.780000E-3	-7.996500E-3
5.785000E-3	-7.572889E-3
5.790000E-3	-4.789948E-3
5.795000E-3	1.893222E-3
5.800000E-3	9.016454E-3
5.805000E-3	1.524037E-2
5.810000E-3	2.143824E-2
5.815000E-3	2.111608E-2
5.820000E-3	1.562148E-2
5.825000E-3	1.200640E-2
5.830000E-3	6.276011E-3
5.835000E-3	6.251335E-4
5.840000E-3	2.588272E-3
5.845000E-3	3.394365E-3
5.850000E-3	1.767099E-3
5.855000E-3	3.661692E-3
5.860000E-3	1.845241E-3
5.865000E-3	-4.820108E-3
5.870000E-3	-6.596804E-3
5.875000E-3	-6.642044E-3
5.880000E-3	-8.485913E-3
5.885000E-3	-4.184008E-3
5.890000E-3	1.014471E-3
5.895000E-3	2.401829E-3
5.900000E-3	5.471289E-3
5.905000E-3	6.429553E-3
5.910000E-3	2.407312E-3
5.915000E-3	-6.785989E-4
5.920000E-3	-3.098249E-3
5.925000E-3	-7.027268E-3
5.930000E-3	-6.587207E-3
5.935000E-3	-1.473725E-3
5.940000E-3	1.741052E-4
5.945000E-3	1.554608E-3
5.950000E-3	4.221022E-3
5.955000E-3	1.178980E-3
5.960000E-3	-4.115462E-3
5.965000E-3	-5.653620E-3
5.970000E-3	-6.735265E-3
5.975000E-3	-7.492006E-3
5.980000E-3	-2.985835E-3
5.985000E-3	2.777457E-3
5.990000E-3	4.900992E-3
5.995000E-3	7.242501E-3
6.000000E-3	7.954001E-3
6.005000E-3	4.751563E-3
6.010000E-3	1.675248E-3
6.015000E-3	3.221631E-4
6.020000E-3	-3.084540E-3
6.025000E-3	-5.232751E-3
6.030000E-3	-5.474031E-3
6.035000E-3	-9.013712E-3
6.040000E-3	-1.079726E-2
6.045000E-3	-8.975327E-3
6.050000E-3	-8.217216E-3
6.055000E-3	-5.731761E-3
6.060000E-3	6.923079E-4
6.065000E-3	4.112720E-3
6.070000E-3	6.027877E-3
6.075000E-3	1.029688E-2
6.080000E-3	1.050526E-2
6.085000E-3	6.729782E-3
6.090000E-3	5.508304E-3
6.095000E-3	3.752172E-3
6.100000E-3	5.990863E-4
6.105000E-3	5.840063E-4
6.110000E-3	1.157045E-3
6.115000E-3	-5.058646E-4
6.120000E-3	-8.773804E-5
6.125000E-3	5.277991E-4
6.130000E-3	-2.681494E-3
6.135000E-3	-5.578220E-3
6.140000E-3	-6.861389E-3
6.145000E-3	-8.454382E-3
6.150000E-3	-7.958114E-3
6.155000E-3	-4.977763E-3
6.160000E-3	-3.277838E-3
6.165000E-3	-8.787513E-4
6.170000E-3	3.602743E-3
6.175000E-3	5.250573E-3
6.180000E-3	6.256819E-3
6.185000E-3	7.331610E-3
6.190000E-3	3.546536E-3
6.195000E-3	-7.348061E-4
6.200000E-3	-2.205789E-3
6.205000E-3	-4.138768E-3
6.210000E-3	-4.332066E-3
6.215000E-3	-2.248287E-4
6.220000E-3	3.009140E-3
6.225000E-3	4.540443E-3
6.230000E-3	6.337702E-3
6.235000E-3	5.036712E-3
6.240000E-3	-3.180504E-4
6.245000E-3	-4.807770E-3
6.250000E-3	-8.734047E-3
6.255000E-3	-1.180488E-2
6.260000E-3	-1.095080E-2
6.265000E-3	-7.734656E-3
6.270000E-3	-3.569841E-3
6.275000E-3	1.313329E-3
6.280000E-3	5.113482E-3
6.285000E-3	6.862760E-3
6.290000E-3	9.043872E-3
6.295000E-3	1.134562E-2
6.300000E-3	1.154029E-2
6.305000E-3	1.142514E-2
6.310000E-3	1.117975E-2
6.315000E-3	9.035647E-3
6.320000E-3	6.594062E-3
6.325000E-3	4.088044E-3
6.330000E-3	3.180504E-4
6.335000E-3	-1.801372E-3
6.340000E-3	-1.743793E-3
6.345000E-3	-2.053618E-3
6.350000E-3	-1.922011E-3
6.355000E-3	-1.379132E-3
6.360000E-3	-1.934350E-3
6.365000E-3	-2.023458E-3
6.370000E-3	-8.787513E-4
6.375000E-3	-9.952784E-4
6.380000E-3	-7.416606E-4
6.385000E-3	7.128716E-4
6.390000E-3	1.174867E-3
6.395000E-3	8.211732E-4
6.400000E-3	9.610057E-4
6.405000E-3	-3.468394E-4
6.410000E-3	-2.205789E-3
6.415000E-3	-3.022850E-3
6.420000E-3	-2.836406E-3
6.425000E-3	-1.632750E-3
6.430000E-3	2.604723E-5
6.435000E-3	6.813407E-4
6.440000E-3	2.166033E-4
6.445000E-3	-9.089112E-4
6.450000E-3	-2.109826E-3
6.455000E-3	-2.571821E-3
6.460000E-3	-2.248287E-3
6.465000E-3	-1.801372E-3
6.470000E-3	-2.166033E-3
6.475000E-3	-1.775324E-3
6.480000E-3	-9.952784E-4
6.485000E-3	-2.275705E-4
6.490000E-3	4.044175E-4
6.495000E-3	1.712263E-3
6.500000E-3	2.543032E-3
6.505000E-3	3.199697E-3
6.510000E-3	4.164815E-3
6.515000E-3	4.288197E-3
6.520000E-3	2.972126E-3
6.525000E-3	1.521707E-3
6.530000E-3	1.507998E-5
6.535000E-3	-1.547754E-3
6.540000E-3	-2.382636E-3
6.545000E-3	-3.584921E-3
6.550000E-3	-4.979134E-3
6.555000E-3	-4.907846E-3
6.560000E-3	-4.281342E-3
6.565000E-3	-3.471136E-3
6.570000E-3	-2.490938E-3
6.575000E-3	-1.690328E-3
6.580000E-3	-8.156896E-4
6.585000E-3	1.272202E-3
6.590000E-3	3.255904E-3
6.595000E-3	5.007923E-3
6.600000E-3	6.923079E-3
6.605000E-3	8.191168E-3
6.610000E-3	8.890331E-3
6.615000E-3	8.717597E-3
6.620000E-3	7.306933E-3
6.625000E-3	4.847527E-3
6.630000E-3	2.416909E-3
6.635000E-3	-5.319118E-4
6.640000E-3	-3.992081E-3
6.645000E-3	-6.389797E-3
6.650000E-3	-6.982028E-3
6.655000E-3	-7.142425E-3
6.660000E-3	-7.221937E-3
6.665000E-3	-6.437778E-3
6.670000E-3	-6.167710E-3
6.675000E-3	-5.909979E-3
6.680000E-3	-3.812492E-3
6.685000E-3	-9.870529E-4
6.690000E-3	1.555979E-3
6.695000E-3	4.412949E-3
6.700000E-3	5.715311E-3
6.705000E-3	4.891396E-3
6.710000E-3	3.450572E-3
6.715000E-3	1.488805E-3
6.720000E-3	-1.373649E-3
6.725000E-3	-3.279209E-3
6.730000E-3	-4.624069E-3
6.735000E-3	-5.870223E-3
6.740000E-3	-6.792843E-3
6.745000E-3	-7.326126E-3
6.750000E-3	-8.014321E-3
6.755000E-3	-8.361161E-3
6.760000E-3	-8.326888E-3
6.765000E-3	-7.708609E-3
6.770000E-3	-5.667329E-3
6.775000E-3	-3.059864E-3
6.780000E-3	-6.484389E-4
6.785000E-3	1.724601E-3
6.790000E-3	3.682256E-3
6.795000E-3	5.347908E-3
6.800000E-3	7.461846E-3
6.805000E-3	9.899318E-3
6.810000E-3	1.164448E-2
6.815000E-3	1.228881E-2
6.820000E-3	1.197761E-2
6.825000E-3	9.416759E-3
6.830000E-3	5.173802E-3
6.835000E-3	1.418889E-3
6.840000E-3	-1.603961E-3
6.845000E-3	-3.797412E-3
6.850000E-3	-4.637778E-3
6.855000E-3	-4.862607E-3
6.860000E-3	-4.933894E-3
6.865000E-3	-4.410207E-3
6.870000E-3	-3.432751E-3
6.875000E-3	-2.977610E-3
6.880000E-3	-2.847373E-3
6.885000E-3	-3.114700E-3
6.890000E-3	-2.722621E-3
6.895000E-3	-1.861691E-3
6.900000E-3	-1.425743E-4
6.905000E-3	2.130389E-3
6.910000E-3	3.669918E-3
6.915000E-3	3.727496E-3
6.920000E-3	2.796650E-3
6.925000E-3	1.192689E-3
6.930000E-3	-9.075403E-4
6.935000E-3	-2.640367E-3
6.940000E-3	-3.845394E-3
6.945000E-3	-4.704952E-3
6.950000E-3	-5.060017E-3
6.955000E-3	-5.778372E-3
6.960000E-3	-6.615996E-3
6.965000E-3	-6.755829E-3
6.970000E-3	-6.271899E-3
6.975000E-3	-4.735112E-3
6.980000E-3	-2.192080E-3
6.985000E-3	1.040518E-3
6.990000E-3	4.297793E-3
6.995000E-3	7.423460E-3
7.000000E-3	9.075403E-3
7.005000E-3	8.961618E-3
7.010000E-3	7.862151E-3
7.015000E-3	6.263673E-3
7.020000E-3	4.393756E-3
7.025000E-3	2.947450E-3
7.030000E-3	1.423001E-3
7.035000E-3	-3.166795E-4
7.040000E-3	-1.695812E-3
7.045000E-3	-2.804875E-3
7.050000E-3	-3.768623E-3
7.055000E-3	-3.797412E-3
7.060000E-3	-2.630770E-3
7.065000E-3	-9.185076E-4
7.070000E-3	1.043260E-3
7.075000E-3	2.711654E-3
7.080000E-3	3.154457E-3
7.085000E-3	2.002895E-3
7.090000E-3	4.798174E-5
7.095000E-3	-2.689719E-3
7.100000E-3	-5.186141E-3
7.105000E-3	-7.058799E-3
7.110000E-3	-7.704496E-3
7.115000E-3	-7.287741E-3
7.120000E-3	-6.095052E-3
7.125000E-3	-4.677534E-3
7.130000E-3	-2.943337E-3
7.135000E-3	-5.291700E-4
7.140000E-3	2.198935E-3
7.145000E-3	4.846156E-3
7.150000E-3	7.210970E-3
7.155000E-3	9.009600E-3
7.160000E-3	9.387970E-3
7.165000E-3	8.895814E-3
7.170000E-3	8.159637E-3
7.175000E-3	6.858647E-3
7.180000E-3	5.517900E-3
7.185000E-3	3.384769E-3
7.190000E-3	2.741814E-5
7.195000E-3	-3.945470E-3
7.200000E-3	-8.276165E-3
7.205000E-3	-1.180762E-2
7.210000E-3	-1.372552E-2
7.215000E-3	-1.372278E-2
7.220000E-3	-1.188987E-2
7.225000E-3	-8.602440E-3
7.230000E-3	-5.005181E-3
7.235000E-3	-1.237929E-3
7.240000E-3	1.587510E-3
7.245000E-3	3.419042E-3
7.250000E-3	5.005181E-3
7.255000E-3	6.897032E-3
7.260000E-3	8.474946E-3
7.265000E-3	1.011044E-2
7.270000E-3	1.121676E-2
7.275000E-3	1.075202E-2
7.280000E-3	8.816302E-3
7.285000E-3	6.729782E-3
7.290000E-3	4.366338E-3
7.295000E-3	2.061844E-3
7.300000E-3	4.784465E-4
7.305000E-3	-1.288652E-3
7.310000E-3	-2.930999E-3
7.315000E-3	-4.011273E-3
7.320000E-3	-4.514396E-3
7.325000E-3	-4.961312E-3
7.330000E-3	-4.654229E-3
7.335000E-3	-4.086673E-3
7.340000E-3	-3.010511E-3
7.345000E-3	-1.081645E-3
7.350000E-3	1.435339E-3
7.355000E-3	3.935874E-3
7.360000E-3	6.657124E-3
7.365000E-3	8.691549E-3
7.370000E-3	9.279668E-3
7.375000E-3	8.835495E-3
7.380000E-3	7.788122E-3
7.385000E-3	5.846918E-3
7.390000E-3	3.318965E-3
7.395000E-3	4.441738E-4
7.400000E-3	-3.399849E-3
7.405000E-3	-7.291853E-3
7.410000E-3	-1.082605E-2
7.415000E-3	-1.424372E-2
7.420000E-3	-1.606703E-2
7.425000E-3	-1.549399E-2
7.430000E-3	-1.348835E-2
7.435000E-3	-1.004738E-2
7.440000E-3	-5.936027E-3
7.445000E-3	-2.532065E-3
7.450000E-3	-1.891851E-4
7.455000E-3	2.174258E-3
7.460000E-3	3.970146E-3
7.465000E-3	5.933285E-3
7.470000E-3	8.121252E-3
7.475000E-3	9.686828E-3
7.480000E-3	1.016390E-2
7.485000E-3	8.894444E-3
7.490000E-3	5.498707E-3
7.495000E-3	9.514093E-4
7.500000E-3	-3.228486E-3
7.505000E-3	-6.513178E-3
7.510000E-3	-8.513331E-3
7.515000E-3	-8.426964E-3
7.520000E-3	-6.792843E-3
7.525000E-3	-4.163444E-3
7.530000E-3	-7.512569E-4
7.535000E-3	2.622545E-3
7.540000E-3	5.361617E-3
7.545000E-3	7.115006E-3
7.550000E-3	7.856667E-3
7.555000E-3	7.481039E-3
7.560000E-3	6.378829E-3
7.565000E-3	4.440367E-3
7.570000E-3	1.535416E-3
7.575000E-3	-1.860321E-3
7.580000E-3	-4.863977E-3
7.585000E-3	-7.115006E-3
7.590000E-3	-7.969081E-3
7.595000E-3	-7.940292E-3
7.600000E-3	-8.038998E-3
7.605000E-3	-8.121252E-3
7.610000E-3	-8.185685E-3
7.615000E-3	-8.337855E-3
7.620000E-3	-8.363903E-3
7.625000E-3	-7.859409E-3
7.630000E-3	-6.513178E-3
7.635000E-3	-4.964054E-3
7.640000E-3	-2.893984E-3
7.645000E-3	-6.388426E-4
7.650000E-3	1.507998E-3
7.655000E-3	3.539681E-3
7.660000E-3	5.383551E-3
7.665000E-3	6.725669E-3
7.670000E-3	7.752478E-3
7.675000E-3	8.679211E-3
7.680000E-3	8.840978E-3
7.685000E-3	8.558571E-3
7.690000E-3	8.454382E-3
7.695000E-3	8.182943E-3
7.700000E-3	7.582486E-3
7.705000E-3	7.012188E-3
7.710000E-3	6.106019E-3
7.715000E-3	4.678905E-3
7.720000E-3	2.899468E-3
7.725000E-3	1.521707E-3
7.730000E-3	3.290176E-4
7.735000E-3	-2.974868E-4
7.740000E-3	-3.290176E-5
7.745000E-3	8.335114E-4
7.750000E-3	1.639605E-3
7.755000E-3	2.153695E-3
7.760000E-3	1.491547E-3
7.765000E-3	2.810359E-4
7.770000E-3	-1.558721E-3
7.775000E-3	-3.151715E-3
7.780000E-3	-4.100382E-3
7.785000E-3	-4.352629E-3
7.790000E-3	-4.352629E-3
7.795000E-3	-4.019499E-3
7.800000E-3	-3.916681E-3
7.805000E-3	-3.881037E-3
7.810000E-3	-3.715158E-3
7.815000E-3	-3.694594E-3
7.820000E-3	-3.391623E-3
7.825000E-3	-2.725363E-3
7.830000E-3	-1.150191E-3
7.835000E-3	9.418130E-4
7.840000E-3	3.242195E-3
7.845000E-3	5.460322E-3
7.850000E-3	6.687284E-3
7.855000E-3	7.082105E-3
7.860000E-3	6.611884E-3
7.865000E-3	4.831076E-3
7.870000E-3	2.813101E-3
7.875000E-3	1.232445E-3
7.880000E-3	-1.535416E-4
7.885000E-3	-1.495659E-3
7.890000E-3	-2.252400E-3
7.895000E-3	-2.751410E-3
7.900000E-3	-2.434731E-3
7.905000E-3	-1.534045E-3
7.910000E-3	-5.346537E-4
7.915000E-3	6.580353E-5
7.920000E-3	1.206398E-4
7.925000E-3	-7.032752E-4
7.930000E-3	-2.044022E-3
7.935000E-3	-3.181875E-3
7.940000E-3	-3.728867E-3
7.945000E-3	-3.724754E-3
7.950000E-3	-3.192842E-3
7.955000E-3	-2.427876E-3
7.960000E-3	-1.845241E-3
7.965000E-3	-1.294136E-3
7.970000E-3	-8.431077E-4
7.975000E-3	-2.659559E-4
7.980000E-3	5.675554E-4
7.985000E-3	1.782179E-3
7.990000E-3	2.944708E-3
7.995000E-3	3.863215E-3
8.000000E-3	4.410207E-3
8.005000E-3	4.588425E-3
8.010000E-3	4.556894E-3
8.015000E-3	4.721403E-3
8.020000E-3	4.828334E-3
8.025000E-3	4.563749E-3
8.030000E-3	4.234731E-3
8.035000E-3	3.626049E-3
8.040000E-3	2.636254E-3
8.045000E-3	1.355827E-3
8.050000E-3	1.974106E-4
8.055000E-3	-1.185834E-3
8.060000E-3	-2.367556E-3
8.065000E-3	-3.212035E-3
8.070000E-3	-3.501296E-3
8.075000E-3	-3.314853E-3
8.080000E-3	-2.907693E-3
8.085000E-3	-2.523839E-3
8.090000E-3	-2.526581E-3
8.095000E-3	-2.548516E-3
8.100000E-3	-2.847373E-3
8.105000E-3	-3.170907E-3
8.110000E-3	-3.003657E-3
8.115000E-3	-2.214015E-3
8.120000E-3	-1.084387E-3
8.125000E-3	4.112720E-4
8.130000E-3	1.756132E-3
8.135000E-3	3.057122E-3
8.140000E-3	3.981113E-3
8.145000E-3	4.152477E-3
8.150000E-3	3.671288E-3
8.155000E-3	2.970755E-3
8.160000E-3	2.275705E-3
8.165000E-3	1.476467E-3
8.170000E-3	6.045699E-4
8.175000E-3	-1.357198E-4
8.180000E-3	-1.103580E-3
8.185000E-3	-1.884997E-3
8.190000E-3	-2.400458E-3
8.195000E-3	-2.357960E-3
8.200000E-3	-2.396345E-3
8.205000E-3	-2.020717E-3
8.210000E-3	-1.199543E-3
8.215000E-3	-2.234578E-4
8.220000E-3	9.294748E-4
8.225000E-3	1.895964E-3
8.230000E-3	2.499163E-3
8.235000E-3	2.425134E-3
8.240000E-3	2.101600E-3
8.245000E-3	1.361310E-3
8.250000E-3	1.741052E-4
8.255000E-3	-1.024067E-3
8.260000E-3	-2.111197E-3
8.265000E-3	-3.150344E-3
8.270000E-3	-3.942728E-3
8.275000E-3	-4.802287E-3
8.280000E-3	-5.897641E-3
8.285000E-3	-7.104039E-3
8.290000E-3	-7.997870E-3
8.295000E-3	-8.413255E-3
8.300000E-3	-7.963598E-3
8.305000E-3	-6.592691E-3
8.310000E-3	-4.351258E-3
8.315000E-3	-1.418889E-3
8.320000E-3	1.627266E-3
8.325000E-3	4.233360E-3
8.330000E-3	6.115615E-3
8.335000E-3	7.090330E-3
8.340000E-3	7.205486E-3
8.345000E-3	6.410360E-3
8.350000E-3	4.850268E-3
8.355000E-3	2.799392E-3
8.360000E-3	7.019043E-4
8.365000E-3	-1.048744E-3
8.370000E-3	-2.504647E-3
8.375000E-3	-3.556132E-3
8.380000E-3	-4.057884E-3
8.385000E-3	-4.715919E-3
8.390000E-3	-5.243719E-3
8.395000E-3	-5.571365E-3
8.400000E-3	-5.301297E-3
8.405000E-3	-5.049050E-3
8.410000E-3	-3.959179E-3
8.415000E-3	-2.371669E-3
8.420000E-3	-5.785227E-4
8.425000E-3	1.486063E-3
8.430000E-3	3.379285E-3
8.435000E-3	4.415691E-3
8.440000E-3	4.817367E-3
8.445000E-3	4.951715E-3
8.450000E-3	4.636407E-3
8.455000E-3	4.018128E-3
8.460000E-3	3.048897E-3
8.465000E-3	1.948059E-3
8.470000E-3	6.018281E-4
8.475000E-3	-6.018281E-4
8.480000E-3	-1.458645E-3
8.485000E-3	-1.440823E-3
8.490000E-3	-6.895661E-4
8.495000E-3	5.373955E-4
8.500000E-3	1.846611E-3
8.505000E-3	3.238082E-3
8.510000E-3	4.197717E-3
8.515000E-3	4.687130E-3
8.520000E-3	5.017519E-3
8.525000E-3	5.146384E-3
8.530000E-3	4.373193E-3
8.535000E-3	3.856361E-3
8.540000E-3	3.121555E-3
8.545000E-3	2.314091E-3
8.550000E-3	1.469612E-3
8.555000E-3	5.607009E-4
8.560000E-3	-1.137853E-4
8.565000E-3	-1.229703E-3
8.570000E-3	-2.493680E-3
8.575000E-3	-3.886521E-3
8.580000E-3	-5.383551E-3
8.585000E-3	-6.707847E-3
8.590000E-3	-7.587969E-3
8.595000E-3	-7.959485E-3
8.600000E-3	-7.417977E-3
8.605000E-3	-6.609142E-3
8.610000E-3	-5.201221E-3
8.615000E-3	-3.741205E-3
8.620000E-3	-2.589643E-3
8.625000E-3	-1.487434E-3
8.630000E-3	-2.385378E-4
8.635000E-3	1.115918E-3
8.640000E-3	2.578676E-3
8.645000E-3	3.942728E-3
8.650000E-3	4.810512E-3
8.655000E-3	4.929781E-3
8.660000E-3	4.175782E-3
8.665000E-3	2.623916E-3
8.670000E-3	5.415082E-4
8.675000E-3	-1.274943E-3
8.680000E-3	-2.906322E-3
8.685000E-3	-4.145622E-3
8.690000E-3	-4.561007E-3
8.695000E-3	-4.233360E-3
8.700000E-3	-3.439605E-3
8.705000E-3	-1.713634E-3
8.710000E-3	1.905560E-4
8.715000E-3	2.020717E-3
8.720000E-3	3.827572E-3
8.725000E-3	5.520642E-3
8.730000E-3	6.857276E-3
8.735000E-3	7.714093E-3
8.740000E-3	7.952631E-3
8.745000E-3	7.393301E-3
8.750000E-3	5.641282E-3
8.755000E-3	3.094137E-3
8.760000E-3	1.261234E-4
8.765000E-3	-2.813101E-3
8.770000E-3	-5.002439E-3
8.775000E-3	-6.074488E-3
8.780000E-3	-5.864739E-3
8.785000E-3	-4.868090E-3
8.790000E-3	-3.362834E-3
8.795000E-3	-1.735568E-3
8.800000E-3	-8.636713E-5
8.805000E-3	1.172125E-3
8.810000E-3	1.894593E-3
8.815000E-3	2.101600E-3
8.820000E-3	2.304494E-3
8.825000E-3	2.220869E-3
8.830000E-3	1.884997E-3
8.835000E-3	1.412034E-3
8.840000E-3	8.842349E-4
8.845000E-3	5.291700E-4
8.850000E-3	2.028942E-4
8.855000E-3	-5.757809E-5
8.860000E-3	-1.083016E-4
8.865000E-3	-2.810359E-4
8.870000E-3	-2.344251E-4
8.875000E-3	1.220107E-4
8.880000E-3	5.223155E-4
8.885000E-3	1.062453E-3
8.890000E-3	1.135111E-3
8.895000E-3	7.759333E-4
8.900000E-3	3.715158E-4
8.905000E-3	-4.332066E-4
8.910000E-3	-1.314700E-3
8.915000E-3	-2.246916E-3
8.920000E-3	-2.762377E-3
8.925000E-3	-2.995431E-3
8.930000E-3	-3.355980E-3
8.935000E-3	-3.365576E-3
8.940000E-3	-3.177762E-3
8.945000E-3	-2.948821E-3
8.950000E-3	-2.743185E-3
8.955000E-3	-2.251029E-3
8.960000E-3	-1.586139E-3
8.965000E-3	-8.910894E-4
8.970000E-3	-6.498098E-4
8.975000E-3	-5.154610E-4
8.980000E-3	-5.195737E-4
8.985000E-3	-7.951260E-5
8.990000E-3	5.579591E-4
8.995000E-3	1.122773E-3
9.000000E-3	1.723230E-3
9.005000E-3	1.905560E-3
9.010000E-3	1.599848E-3
9.015000E-3	4.948974E-4
9.020000E-3	-1.007617E-3
9.025000E-3	-2.761006E-3
9.030000E-3	-4.319727E-3
9.035000E-3	-5.520642E-3
9.040000E-3	-6.100535E-3
9.045000E-3	-5.718052E-3
9.050000E-3	-4.807770E-3
9.055000E-3	-3.233969E-3
9.060000E-3	-1.250267E-3
9.065000E-3	5.565882E-4
9.070000E-3	2.240062E-3
9.075000E-3	3.439605E-3
9.080000E-3	4.641891E-3
9.085000E-3	5.406857E-3
9.090000E-3	5.931914E-3
9.095000E-3	6.062150E-3
9.100000E-3	6.074488E-3
9.105000E-3	5.846918E-3
9.110000E-3	5.310893E-3
9.115000E-3	4.079819E-3
9.120000E-3	2.215385E-3
9.125000E-3	-4.181266E-4
9.130000E-3	-3.132522E-3
9.135000E-3	-5.464435E-3
9.140000E-3	-7.182181E-3
9.145000E-3	-7.678449E-3
9.150000E-3	-6.991625E-3
9.155000E-3	-5.341053E-3
9.160000E-3	-3.014624E-3
9.165000E-3	-1.974106E-4
9.170000E-3	2.309978E-3
9.175000E-3	4.689872E-3
9.180000E-3	6.628335E-3
9.185000E-3	8.025289E-3
9.190000E-3	8.670986E-3
9.195000E-3	9.069920E-3
9.200000E-3	8.405030E-3
9.205000E-3	7.216454E-3
9.210000E-3	5.586445E-3
9.215000E-3	3.239453E-3
9.220000E-3	7.978678E-4
9.225000E-3	-1.451790E-3
9.230000E-3	-3.360093E-3
9.235000E-3	-4.650116E-3
9.240000E-3	-5.755067E-3
9.245000E-3	-6.491244E-3
9.250000E-3	-6.594062E-3
9.255000E-3	-6.201982E-3
9.260000E-3	-5.586445E-3
9.265000E-3	-4.205942E-3
9.270000E-3	-2.081037E-3
9.275000E-3	3.207922E-4
9.280000E-3	2.925515E-3
9.285000E-3	5.053163E-3
9.290000E-3	6.684542E-3
9.295000E-3	7.179439E-3
9.300000E-3	6.773651E-3
9.305000E-3	5.630314E-3
9.310000E-3	4.285455E-3
9.315000E-3	2.785683E-3
9.320000E-3	1.375020E-3
9.325000E-3	-2.344251E-4
9.330000E-3	-1.668394E-3
9.335000E-3	-3.168166E-3
9.340000E-3	-4.654229E-3
9.345000E-3	-5.718052E-3
9.350000E-3	-6.740749E-3
9.355000E-3	-7.068396E-3
9.360000E-3	-6.688654E-3
9.365000E-3	-5.601525E-3
9.370000E-3	-3.702819E-3
9.375000E-3	-1.586139E-3
9.380000E-3	5.264282E-4
9.385000E-3	2.353847E-3
9.390000E-3	3.963292E-3
9.395000E-3	5.069613E-3
9.400000E-3	5.679667E-3
9.405000E-3	5.875707E-3
9.410000E-3	5.772889E-3
9.415000E-3	5.276620E-3
9.420000E-3	4.391015E-3
9.425000E-3	3.535569E-3
9.430000E-3	2.096117E-3
9.435000E-3	7.019043E-4
9.440000E-3	-9.925365E-4
9.445000E-3	-2.597868E-3
9.450000E-3	-4.104495E-3
9.455000E-3	-5.028486E-3
9.460000E-3	-5.537093E-3
9.465000E-3	-5.298555E-3
9.470000E-3	-4.588425E-3
9.475000E-3	-3.371060E-3
9.480000E-3	-1.926124E-3
9.485000E-3	-4.661083E-4
9.490000E-3	7.882714E-4
9.495000E-3	1.368165E-3
9.500000E-3	1.221478E-3
9.505000E-3	7.800460E-4
9.510000E-3	2.467632E-4
9.515000E-3	-1.165271E-4
9.520000E-3	-2.604723E-5
9.525000E-3	2.070069E-4
9.530000E-3	5.264282E-4
9.535000E-3	6.827116E-4
9.540000E-3	6.758571E-4
9.545000E-3	3.783703E-4
9.550000E-3	6.717443E-5
9.555000E-3	-2.234578E-4
9.560000E-3	2.906322E-4
9.565000E-3	1.188576E-3
9.570000E-3	2.261996E-3
9.575000E-3	3.299773E-3
9.580000E-3	4.167557E-3
9.585000E-3	4.448593E-3
9.590000E-3	3.849506E-3
9.595000E-3	2.839148E-3
9.600000E-3	1.407921E-3
9.605000E-3	-2.152324E-4
9.610000E-3	-1.429856E-3
9.615000E-3	-2.230465E-3
9.620000E-3	-2.553999E-3
9.625000E-3	-2.190709E-3
9.630000E-3	-1.932979E-3
9.635000E-3	-1.287282E-3
9.640000E-3	-7.951260E-4
9.645000E-3	-8.431077E-4
9.650000E-3	-1.205027E-3
9.655000E-3	-1.676619E-3
9.660000E-3	-2.364814E-3
9.665000E-3	-3.116071E-3
9.670000E-3	-3.844023E-3
9.675000E-3	-4.174411E-3
9.680000E-3	-4.595280E-3
9.685000E-3	-4.496574E-3
9.690000E-3	-4.310131E-3
9.695000E-3	-3.764510E-3
9.700000E-3	-2.904952E-3
9.705000E-3	-1.994669E-3
9.710000E-3	-8.170605E-4
9.715000E-3	1.617670E-4
9.720000E-3	1.287282E-3
9.725000E-3	2.196193E-3
9.730000E-3	2.817214E-3
9.735000E-3	3.323078E-3
9.740000E-3	3.765881E-3
9.745000E-3	3.760397E-3
9.750000E-3	3.741205E-3
9.755000E-3	3.447831E-3
9.760000E-3	3.280580E-3
9.765000E-3	2.866566E-3
9.770000E-3	2.214015E-3
9.775000E-3	1.523077E-3
9.780000E-3	6.402135E-4
9.785000E-3	-3.674030E-4
9.790000E-3	-1.251638E-3
9.795000E-3	-1.997411E-3
9.800000E-3	-2.060473E-3
9.805000E-3	-1.882255E-3
9.810000E-3	-1.152933E-3
9.815000E-3	-5.209446E-5
9.820000E-3	1.051486E-3
9.825000E-3	1.986444E-3
9.830000E-3	2.881646E-3
9.835000E-3	3.269613E-3
9.840000E-3	3.254533E-3
9.845000E-3	2.776086E-3
9.850000E-3	2.161920E-3
9.855000E-3	1.565576E-3
9.860000E-3	1.067936E-3
9.865000E-3	4.565120E-4
9.870000E-3	-7.128716E-5
9.875000E-3	-3.413558E-4
9.880000E-3	-6.854534E-4
9.885000E-3	-1.342118E-3
9.890000E-3	-2.334654E-3
9.895000E-3	-3.318965E-3
9.900000E-3	-4.303277E-3
9.905000E-3	-5.091548E-3
9.910000E-3	-5.552173E-3
9.915000E-3	-5.309522E-3
9.920000E-3	-4.528105E-3
9.925000E-3	-3.294289E-3
9.930000E-3	-1.786292E-3
9.935000E-3	-7.265806E-5
9.940000E-3	1.384616E-3
9.945000E-3	2.848744E-3
9.950000E-3	3.669918E-3
9.955000E-3	4.175782E-3
9.960000E-3	3.978372E-3
9.965000E-3	3.321707E-3
9.970000E-3	2.083778E-3
9.975000E-3	8.910894E-4
9.980000E-3	-2.440214E-4
9.985000E-3	-1.043260E-3
9.990000E-3	-1.794517E-3
9.995000E-3	-2.256513E-3
