0.000000E+0	1.092613E-3
5.000000E-6	1.184464E-3
1.000000E-5	1.052856E-3
1.500000E-5	9.637475E-4
2.000000E-5	9.020567E-4
2.500000E-5	1.044631E-3
3.000000E-5	1.104951E-3
3.500000E-5	1.058340E-3
4.000000E-5	1.092613E-3
4.500000E-5	1.172125E-3
5.000000E-5	1.140594E-3
5.500000E-5	1.099467E-3
6.000000E-5	1.274943E-3
6.500000E-5	1.062453E-3
7.000000E-5	1.163900E-3
7.500000E-5	1.148820E-3
8.000000E-5	1.118660E-3
8.500000E-5	1.091242E-3
9.000000E-5	1.215994E-3
9.500000E-5	1.117289E-3
1.000000E-4	1.048744E-3
1.050000E-4	1.124144E-3
1.100000E-4	1.111805E-3
1.150000E-4	1.128256E-3
1.200000E-4	1.257122E-3
1.250000E-4	1.096725E-3
1.300000E-4	9.733438E-4
1.350000E-4	8.431077E-4
1.400000E-4	1.039147E-3
1.450000E-4	1.006246E-3
1.500000E-4	1.139224E-3
1.550000E-4	1.266718E-3
1.600000E-4	1.427114E-3
1.650000E-4	1.242042E-3
1.700000E-4	1.199543E-3
1.750000E-4	1.139224E-3
1.800000E-4	1.136482E-3
1.850000E-4	1.194060E-3
1.900000E-4	1.287282E-3
1.950000E-4	1.107693E-3
2.000000E-4	9.582639E-4
2.050000E-4	1.063824E-3
2.100000E-4	1.166642E-3
2.150000E-4	1.268089E-3
2.200000E-4	1.205027E-3
2.250000E-4	1.273572E-3
2.300000E-4	1.084387E-3
2.350000E-4	1.033664E-3
2.400000E-4	1.039147E-3
2.450000E-4	1.185834E-3
2.500000E-4	1.375020E-3
2.550000E-4	1.281798E-3
2.600000E-4	1.092613E-3
2.650000E-4	1.100838E-3
2.700000E-4	1.015842E-3
2.750000E-4	1.052856E-3
2.800000E-4	1.261234E-3
2.850000E-4	1.244783E-3
2.900000E-4	1.059711E-3
2.950000E-4	1.136482E-3
3.000000E-4	1.165271E-3
3.050000E-4	1.132369E-3
3.100000E-4	1.061082E-3
3.150000E-4	1.074791E-3
3.200000E-4	9.925365E-4
3.250000E-4	1.043260E-3
3.300000E-4	1.130998E-3
3.350000E-4	1.309216E-3
3.400000E-4	1.207769E-3
3.450000E-4	1.003504E-3
3.500000E-4	1.080275E-3
3.550000E-4	1.048744E-3
3.600000E-4	1.233816E-3
3.650000E-4	1.192689E-3
3.700000E-4	1.248896E-3
3.750000E-4	1.095355E-3
3.800000E-4	1.126885E-3
3.850000E-4	9.308457E-4
3.900000E-4	9.843111E-4
3.950000E-4	1.157045E-3
4.000000E-4	1.236558E-3
4.050000E-4	1.133740E-3
4.100000E-4	1.255751E-3
4.150000E-4	1.302361E-3
4.200000E-4	1.192689E-3
4.250000E-4	1.067936E-3
4.300000E-4	1.157045E-3
4.350000E-4	1.253009E-3
4.400000E-4	1.417518E-3
4.450000E-4	1.265347E-3
4.500000E-4	1.144707E-3
4.550000E-4	1.083016E-3
4.600000E-4	1.081645E-3
4.650000E-4	9.829402E-4
4.700000E-4	1.007617E-3
4.750000E-4	8.431077E-4
4.800000E-4	8.376241E-4
4.850000E-4	1.262605E-3
4.900000E-4	1.305103E-3
4.950000E-4	1.236558E-3
5.000000E-4	9.020567E-4
5.050000E-4	1.078904E-3
5.100000E-4	1.050115E-3
5.150000E-4	1.151562E-3
5.200000E-4	1.409292E-3
5.250000E-4	1.353085E-3
5.300000E-4	1.113176E-3
5.350000E-4	1.063824E-3
5.400000E-4	1.295507E-3
5.450000E-4	1.331151E-3
5.500000E-4	1.262605E-3
5.550000E-4	1.089871E-3
5.600000E-4	1.141965E-3
5.650000E-4	1.200914E-3
5.700000E-4	1.129627E-3
5.750000E-4	1.154304E-3
5.800000E-4	1.184464E-3
5.850000E-4	1.024067E-3
5.900000E-4	1.102209E-3
5.950000E-4	1.151562E-3
6.000000E-4	1.243412E-3
6.050000E-4	1.183093E-3
6.100000E-4	1.174867E-3
6.150000E-4	1.132369E-3
6.200000E-4	1.073420E-3
6.250000E-4	9.815693E-4
6.300000E-4	1.277685E-3
6.350000E-4	1.377761E-3
6.400000E-4	1.015842E-3
6.450000E-4	1.059711E-3
6.500000E-4	1.130998E-3
6.550000E-4	9.568930E-4
6.600000E-4	1.010358E-3
6.650000E-4	1.110435E-3
6.700000E-4	1.226962E-3
6.750000E-4	1.288652E-3
6.800000E-4	1.191318E-3
6.850000E-4	1.147449E-3
6.900000E-4	9.651184E-4
6.950000E-4	1.089871E-3
7.000000E-4	1.066566E-3
7.050000E-4	9.623766E-4
7.100000E-4	1.067936E-3
7.150000E-4	1.224220E-3
7.200000E-4	1.161158E-3
7.250000E-4	1.073420E-3
7.300000E-4	9.500384E-4
7.350000E-4	1.019955E-3
7.400000E-4	1.129627E-3
7.450000E-4	1.163900E-3
7.500000E-4	1.207769E-3
7.550000E-4	1.077533E-3
7.600000E-4	1.147449E-3
7.650000E-4	1.165271E-3
7.700000E-4	1.107693E-3
7.750000E-4	1.030922E-3
7.800000E-4	8.910894E-4
7.850000E-4	8.869767E-4
7.900000E-4	1.178980E-3
7.950000E-4	1.122773E-3
8.000000E-4	1.074791E-3
8.050000E-4	1.218736E-3
8.100000E-4	1.173496E-3
8.150000E-4	1.122773E-3
8.200000E-4	9.815693E-4
8.250000E-4	1.067936E-3
8.300000E-4	1.151562E-3
8.350000E-4	1.195431E-3
8.400000E-4	1.239300E-3
8.450000E-4	1.093984E-3
8.500000E-4	1.102209E-3
8.550000E-4	1.098096E-3
8.600000E-4	9.884238E-4
8.650000E-4	9.349585E-4
8.700000E-4	1.180351E-3
8.750000E-4	1.146078E-3
8.800000E-4	1.176238E-3
8.850000E-4	1.192689E-3
8.900000E-4	1.259863E-3
8.950000E-4	1.083016E-3
9.000000E-4	1.011729E-3
9.050000E-4	1.015842E-3
9.100000E-4	1.176238E-3
9.150000E-4	1.284540E-3
9.200000E-4	1.210511E-3
9.250000E-4	1.265347E-3
9.300000E-4	1.137853E-3
9.350000E-4	1.099467E-3
9.400000E-4	1.170754E-3
9.450000E-4	1.157045E-3
9.500000E-4	1.095355E-3
9.550000E-4	1.087129E-3
9.600000E-4	1.126885E-3
9.650000E-4	1.014471E-3
9.700000E-4	1.013100E-3
9.750000E-4	1.195431E-3
9.800000E-4	1.294136E-3
9.850000E-4	1.184464E-3
9.900000E-4	1.073420E-3
9.950000E-4	1.026809E-3
1.000000E-3	9.692311E-4
1.005000E-3	9.541512E-4
1.010000E-3	9.760857E-4
1.015000E-3	1.133740E-3
1.020000E-3	1.218736E-3
1.025000E-3	1.074791E-3
1.030000E-3	1.221478E-3
1.035000E-3	1.394212E-3
1.040000E-3	1.178980E-3
1.045000E-3	1.200914E-3
1.050000E-3	1.030922E-3
1.055000E-3	1.021326E-3
1.060000E-3	1.113176E-3
1.065000E-3	1.107693E-3
1.070000E-3	1.314700E-3
1.075000E-3	1.187205E-3
1.080000E-3	1.043260E-3
1.085000E-3	1.039147E-3
1.090000E-3	1.103580E-3
1.095000E-3	1.109064E-3
1.100000E-3	1.128256E-3
1.105000E-3	1.133740E-3
1.110000E-3	1.244783E-3
1.115000E-3	1.248896E-3
1.120000E-3	1.229703E-3
1.125000E-3	1.151562E-3
1.130000E-3	9.897947E-4
1.135000E-3	1.067936E-3
1.140000E-3	1.146078E-3
1.145000E-3	1.058340E-3
1.150000E-3	1.047373E-3
1.155000E-3	1.011729E-3
1.160000E-3	9.993911E-4
1.165000E-3	9.829402E-4
1.170000E-3	1.017213E-3
1.175000E-3	1.085758E-3
1.180000E-3	1.093984E-3
1.185000E-3	1.107693E-3
1.190000E-3	1.305103E-3
1.195000E-3	1.122773E-3
1.200000E-3	1.113176E-3
1.205000E-3	1.218736E-3
1.210000E-3	1.072049E-3
1.215000E-3	1.030922E-3
1.220000E-3	1.133740E-3
1.225000E-3	1.189947E-3
1.230000E-3	9.829402E-4
1.235000E-3	1.113176E-3
1.240000E-3	1.093984E-3
1.245000E-3	1.029551E-3
1.250000E-3	9.267330E-4
1.255000E-3	1.035035E-3
1.260000E-3	1.026809E-3
1.265000E-3	1.062453E-3
1.270000E-3	1.058340E-3
1.275000E-3	1.185834E-3
1.280000E-3	9.815693E-4
1.285000E-3	1.128256E-3
1.290000E-3	1.139224E-3
1.295000E-3	1.317441E-3
1.300000E-3	9.870529E-4
1.305000E-3	9.527802E-4
1.310000E-3	8.952022E-4
1.315000E-3	1.189947E-3
1.320000E-3	1.221478E-3
1.325000E-3	1.144707E-3
1.330000E-3	9.815693E-4
1.335000E-3	9.445548E-4
1.340000E-3	1.081645E-3
1.345000E-3	1.143336E-3
1.350000E-3	1.083016E-3
1.355000E-3	1.176238E-3
1.360000E-3	1.431227E-3
1.365000E-3	1.313329E-3
1.370000E-3	1.141965E-3
1.375000E-3	1.037776E-3
1.380000E-3	1.243412E-3
1.385000E-3	1.266718E-3
1.390000E-3	1.170754E-3
1.395000E-3	1.099467E-3
1.400000E-3	1.128256E-3
1.405000E-3	1.109064E-3
1.410000E-3	1.209140E-3
1.415000E-3	1.140594E-3
1.420000E-3	1.217365E-3
1.425000E-3	1.221478E-3
1.430000E-3	1.380503E-3
1.435000E-3	1.229703E-3
1.440000E-3	1.200914E-3
1.445000E-3	1.188576E-3
1.450000E-3	1.157045E-3
1.455000E-3	1.159787E-3
1.460000E-3	1.051486E-3
1.465000E-3	1.024067E-3
1.470000E-3	1.047373E-3
1.475000E-3	1.294136E-3
1.480000E-3	1.269460E-3
1.485000E-3	1.279056E-3
1.490000E-3	1.129627E-3
1.495000E-3	1.148820E-3
1.500000E-3	1.095355E-3
1.505000E-3	1.257122E-3
1.510000E-3	1.338005E-3
1.515000E-3	1.095355E-3
1.520000E-3	1.093984E-3
1.525000E-3	1.089871E-3
1.530000E-3	1.080275E-3
1.535000E-3	1.067936E-3
1.540000E-3	1.106322E-3
1.545000E-3	1.228333E-3
1.550000E-3	1.067936E-3
1.555000E-3	1.143336E-3
1.560000E-3	1.107693E-3
1.565000E-3	1.316071E-3
1.570000E-3	1.328409E-3
1.575000E-3	1.235187E-3
1.580000E-3	1.014471E-3
1.585000E-3	1.024067E-3
1.590000E-3	1.014471E-3
1.595000E-3	1.132369E-3
1.600000E-3	1.192689E-3
1.605000E-3	1.229703E-3
1.610000E-3	1.265347E-3
1.615000E-3	1.336634E-3
1.620000E-3	1.259863E-3
1.625000E-3	1.129627E-3
1.630000E-3	1.047373E-3
1.635000E-3	9.952784E-4
1.640000E-3	1.242042E-3
1.645000E-3	1.129627E-3
1.650000E-3	1.209140E-3
1.655000E-3	1.070678E-3
1.660000E-3	1.118660E-3
1.665000E-3	1.024067E-3
1.670000E-3	1.058340E-3
1.675000E-3	1.017213E-3
1.680000E-3	1.172125E-3
1.685000E-3	1.084387E-3
1.690000E-3	1.130998E-3
1.695000E-3	1.177609E-3
1.700000E-3	1.203656E-3
1.705000E-3	1.162529E-3
1.710000E-3	1.236558E-3
1.715000E-3	1.117289E-3
1.720000E-3	9.500384E-4
1.725000E-3	9.993911E-4
1.730000E-3	1.188576E-3
1.735000E-3	1.120031E-3
1.740000E-3	1.113176E-3
1.745000E-3	1.122773E-3
1.750000E-3	1.043260E-3
1.755000E-3	1.096725E-3
1.760000E-3	1.128256E-3
1.765000E-3	1.177609E-3
1.770000E-3	8.897185E-4
1.775000E-3	1.209140E-3
1.780000E-3	9.952784E-4
1.785000E-3	1.011729E-3
1.790000E-3	1.095355E-3
1.795000E-3	1.013100E-3
1.800000E-3	1.061082E-3
1.805000E-3	1.155674E-3
1.810000E-3	1.207769E-3
1.815000E-3	1.183093E-3
1.820000E-3	1.268089E-3
1.825000E-3	1.104951E-3
1.830000E-3	1.135111E-3
1.835000E-3	1.088500E-3
1.840000E-3	1.088500E-3
1.845000E-3	9.843111E-4
1.850000E-3	1.144707E-3
1.855000E-3	1.159787E-3
1.860000E-3	1.173496E-3
1.865000E-3	9.527802E-4
1.870000E-3	9.801984E-4
1.875000E-3	1.118660E-3
1.880000E-3	1.047373E-3
1.885000E-3	1.030922E-3
1.890000E-3	1.107693E-3
1.895000E-3	1.011729E-3
1.900000E-3	9.884238E-4
1.905000E-3	1.011729E-3
1.910000E-3	1.180351E-3
1.915000E-3	9.418130E-4
1.920000E-3	1.218736E-3
1.925000E-3	1.200914E-3
1.930000E-3	1.028180E-3
1.935000E-3	1.052856E-3
1.940000E-3	1.037776E-3
1.945000E-3	1.106322E-3
1.950000E-3	1.311958E-3
1.955000E-3	1.372278E-3
1.960000E-3	1.147449E-3
1.965000E-3	1.088500E-3
1.970000E-3	9.486675E-4
1.975000E-3	1.029551E-3
1.980000E-3	1.046002E-3
1.985000E-3	1.043260E-3
1.990000E-3	1.196802E-3
1.995000E-3	1.037776E-3
2.000000E-3	1.046002E-3
2.005000E-3	1.136482E-3
2.010000E-3	9.733438E-4
2.015000E-3	1.015842E-3
2.020000E-3	1.003504E-3
2.025000E-3	9.870529E-4
2.030000E-3	9.733438E-4
2.035000E-3	1.052856E-3
2.040000E-3	9.198785E-4
2.045000E-3	8.321404E-4
2.050000E-3	8.718967E-4
2.055000E-3	9.774566E-4
2.060000E-3	1.069307E-3
2.065000E-3	1.100838E-3
2.070000E-3	1.102209E-3
2.075000E-3	1.040518E-3
2.080000E-3	8.417368E-4
2.085000E-3	7.800460E-4
2.090000E-3	1.017213E-3
2.095000E-3	1.162529E-3
2.100000E-3	1.170754E-3
2.105000E-3	1.147449E-3
2.110000E-3	1.077533E-3
2.115000E-3	8.869767E-4
2.120000E-3	9.198785E-4
2.125000E-3	9.143949E-4
2.130000E-3	8.869767E-4
2.135000E-3	1.030922E-3
2.140000E-3	1.058340E-3
2.145000E-3	1.054227E-3
2.150000E-3	1.254380E-3
2.155000E-3	1.159787E-3
2.160000E-3	1.248896E-3
2.165000E-3	1.072049E-3
2.170000E-3	1.021326E-3
2.175000E-3	1.055598E-3
2.180000E-3	1.026809E-3
2.185000E-3	9.843111E-4
2.190000E-3	1.217365E-3
2.195000E-3	1.076162E-3
2.200000E-3	1.002133E-3
2.205000E-3	1.083016E-3
2.210000E-3	1.076162E-3
2.215000E-3	9.308457E-4
2.220000E-3	9.651184E-4
2.225000E-3	1.011729E-3
2.230000E-3	1.036406E-3
2.235000E-3	1.007617E-3
2.240000E-3	1.080275E-3
2.245000E-3	1.095355E-3
2.250000E-3	8.993149E-4
2.255000E-3	1.029551E-3
2.260000E-3	1.178980E-3
2.265000E-3	1.218736E-3
2.270000E-3	1.056969E-3
2.275000E-3	1.191318E-3
2.280000E-3	1.209140E-3
2.285000E-3	1.243412E-3
2.290000E-3	1.250267E-3
2.295000E-3	1.391470E-3
2.300000E-3	1.322925E-3
2.305000E-3	1.266718E-3
2.310000E-3	1.140594E-3
2.315000E-3	1.109064E-3
2.320000E-3	1.028180E-3
2.325000E-3	1.063824E-3
2.330000E-3	9.980202E-4
2.335000E-3	1.028180E-3
2.340000E-3	1.169384E-3
2.345000E-3	1.084387E-3
2.350000E-3	1.025438E-3
2.355000E-3	1.035035E-3
2.360000E-3	1.062453E-3
2.365000E-3	1.084387E-3
2.370000E-3	1.018584E-3
2.375000E-3	1.327038E-3
2.380000E-3	1.158416E-3
2.385000E-3	1.259863E-3
2.390000E-3	1.229703E-3
2.395000E-3	1.364052E-3
2.400000E-3	8.472204E-4
2.405000E-3	1.213253E-3
2.410000E-3	7.348061E-4
2.415000E-3	1.417518E-3
2.420000E-3	7.882714E-4
2.425000E-3	1.542270E-3
2.430000E-3	5.716681E-4
2.435000E-3	1.484692E-3
2.440000E-3	4.743338E-4
2.445000E-3	1.612186E-3
2.450000E-3	1.741052E-3
2.455000E-3	-7.859409E-3
2.460000E-3	-9.243476E-2
2.465000E-3	-2.864373E-2
2.470000E-3	6.288898E-2
2.475000E-3	-2.190161E-2
2.480000E-3	-1.484267E-1
2.485000E-3	-2.964422E-1
2.490000E-3	-4.095379E-1
2.495000E-3	-6.994504E-2
2.500000E-3	1.301909E-1
2.505000E-3	4.216361E-1
2.510000E-3	7.878341E-1
2.515000E-3	-2.741402E-2
2.520000E-3	-4.345418E-1
2.525000E-3	4.264302E-1
2.530000E-3	3.162874E-1
2.535000E-3	-3.778466E-1
2.540000E-3	-4.118615E-2
2.545000E-3	2.353367E-1
2.550000E-3	-1.973832E-2
2.555000E-3	1.274203E-1
2.560000E-3	2.790070E-2
2.565000E-3	-3.295454E-1
2.570000E-3	-6.366765E-2
2.575000E-3	-8.993149E-4
2.580000E-3	-3.838635E-1
2.585000E-3	-6.227344E-2
2.590000E-3	2.696985E-1
2.595000E-3	-1.464115E-1
2.600000E-3	-9.554124E-2
2.605000E-3	2.685401E-1
2.610000E-3	1.710343E-2
2.615000E-3	-7.518601E-2
2.620000E-3	8.271915E-2
2.625000E-3	-1.302691E-1
2.630000E-3	-1.631242E-2
2.635000E-3	2.061419E-1
2.640000E-3	-3.320885E-2
2.645000E-3	-2.831608E-2
2.650000E-3	1.552278E-1
2.655000E-3	-3.921753E-2
2.660000E-3	-1.161405E-1
2.665000E-3	5.511868E-2
2.670000E-3	-7.254291E-2
2.675000E-3	-1.852945E-1
2.680000E-3	5.172157E-2
2.685000E-3	1.481813E-2
2.690000E-3	-7.490772E-2
2.695000E-3	1.520404E-1
2.700000E-3	6.492752E-2
2.705000E-3	-1.085114E-1
2.710000E-3	1.759641E-1
2.715000E-3	1.611816E-1
2.720000E-3	-1.838482E-1
2.725000E-3	-3.850877E-3
2.730000E-3	1.167067E-1
2.735000E-3	-1.275999E-1
2.740000E-3	3.214502E-2
2.745000E-3	1.361818E-1
2.750000E-3	-1.345353E-1
2.755000E-3	-8.528411E-3
2.760000E-3	1.251062E-1
2.765000E-3	-1.850944E-1
2.770000E-3	-1.794339E-1
2.775000E-3	6.918693E-2
2.780000E-3	-5.249751E-2
2.785000E-3	-4.610634E-2
2.790000E-3	2.028558E-1
2.795000E-3	3.996742E-2
2.800000E-3	-1.529617E-1
2.805000E-3	1.148683E-2
2.810000E-3	-8.143187E-4
2.815000E-3	-6.838632E-2
2.820000E-3	1.442592E-1
2.825000E-3	1.399518E-1
2.830000E-3	-1.021216E-1
2.835000E-3	-2.436924E-2
2.840000E-3	7.426751E-2
2.845000E-3	-5.890238E-2
2.850000E-3	8.650422E-4
2.855000E-3	8.372128E-2
2.860000E-3	-3.644967E-2
2.865000E-3	-2.968013E-3
2.870000E-3	5.355859E-2
2.875000E-3	-8.551443E-2
2.880000E-3	-7.130498E-2
2.885000E-3	5.142272E-2
2.890000E-3	-3.571075E-2
2.895000E-3	-2.614594E-2
2.900000E-3	1.060876E-1
2.905000E-3	3.733802E-2
2.910000E-3	-5.569994E-3
2.915000E-3	7.257032E-2
2.920000E-3	1.598477E-2
2.925000E-3	-2.364951E-2
2.930000E-3	1.820016E-2
2.935000E-3	-4.937732E-2
2.940000E-3	-8.220917E-2
2.945000E-3	1.886368E-2
2.950000E-3	1.336771E-2
2.955000E-3	-5.486369E-3
2.960000E-3	6.966811E-2
2.965000E-3	2.386200E-2
2.970000E-3	-3.382301E-2
2.975000E-3	6.234884E-3
2.980000E-3	-1.420122E-2
2.985000E-3	-4.654229E-2
2.990000E-3	-1.867038E-2
2.995000E-3	4.991472E-3
3.000000E-3	3.604114E-3
3.005000E-3	1.872110E-2
3.010000E-3	5.021632E-2
3.015000E-3	8.655906E-3
3.020000E-3	-4.620093E-2
3.025000E-3	-1.734883E-2
3.030000E-3	1.358020E-2
3.035000E-3	-4.539073E-3
3.040000E-3	4.677534E-3
3.045000E-3	1.763672E-2
3.050000E-3	-1.489490E-2
3.055000E-3	-5.649507E-3
3.060000E-3	2.738661E-2
3.065000E-3	-3.362423E-2
3.070000E-3	-4.360992E-2
3.075000E-3	2.316833E-2
3.080000E-3	-1.076710E-2
3.085000E-3	-2.215797E-2
3.090000E-3	5.361342E-2
3.095000E-3	3.682804E-2
3.100000E-3	1.063824E-3
3.105000E-3	2.793634E-2
3.110000E-3	-2.700001E-2
3.115000E-3	-6.197184E-2
3.120000E-3	2.103931E-2
3.125000E-3	1.944220E-2
3.130000E-3	-1.586139E-3
3.135000E-3	4.390877E-2
3.140000E-3	-6.605029E-3
3.145000E-3	-5.666369E-2
3.150000E-3	-8.579135E-3
3.155000E-3	-4.931152E-3
3.160000E-3	-3.445089E-3
3.165000E-3	3.312933E-2
3.170000E-3	-9.427726E-3
3.175000E-3	-8.457124E-3
3.180000E-3	7.459378E-2
3.185000E-3	3.917915E-2
3.190000E-3	-2.507800E-2
3.195000E-3	2.336162E-2
3.200000E-3	5.328715E-3
3.205000E-3	-6.619561E-2
3.210000E-3	-1.874030E-2
3.215000E-3	8.782029E-3
3.220000E-3	-4.749233E-2
3.225000E-3	-1.858950E-2
3.230000E-3	7.731915E-3
3.235000E-3	-3.553802E-2
3.240000E-3	1.084250E-2
3.245000E-3	3.151029E-2
3.250000E-3	-3.234518E-2
3.255000E-3	1.847571E-2
3.260000E-3	6.181282E-2
3.265000E-3	-8.241892E-3
3.270000E-3	1.386809E-2
3.275000E-3	4.157275E-2
3.280000E-3	-3.950816E-2
3.285000E-3	-3.811121E-3
3.290000E-3	7.335585E-2
3.295000E-3	2.229780E-2
3.300000E-3	1.572567E-2
3.305000E-3	4.367024E-2
3.310000E-3	-2.141219E-2
3.315000E-3	-3.071928E-2
3.320000E-3	9.448290E-3
3.325000E-3	-4.038966E-2
3.330000E-3	-5.349964E-2
3.335000E-3	1.200229E-2
3.340000E-3	-3.583550E-3
3.345000E-3	-2.395934E-2
3.350000E-3	3.459895E-2
3.355000E-3	1.730084E-2
3.360000E-3	-3.290313E-2
3.365000E-3	3.539681E-3
3.370000E-3	3.042042E-3
3.375000E-3	-3.113055E-2
3.380000E-3	1.960808E-2
3.385000E-3	3.282499E-2
3.390000E-3	-1.763946E-2
3.395000E-3	2.500534E-3
3.400000E-3	2.586764E-2
3.405000E-3	-1.357609E-2
3.410000E-3	-1.268089E-2
3.415000E-3	1.676482E-2
3.420000E-3	-4.114091E-3
3.425000E-3	-2.532476E-2
3.430000E-3	-1.802057E-2
3.435000E-3	-2.045941E-2
3.440000E-3	-1.040107E-2
3.445000E-3	1.795751E-2
3.450000E-3	5.914092E-3
3.455000E-3	-1.152247E-2
3.460000E-3	1.134837E-2
3.465000E-3	9.196043E-3
3.470000E-3	-8.958876E-3
3.475000E-3	1.941478E-2
3.480000E-3	2.977473E-2
3.485000E-3	1.102483E-2
3.490000E-3	3.292918E-2
3.495000E-3	3.185165E-2
3.500000E-3	-8.293986E-4
3.505000E-3	2.004266E-2
3.510000E-3	2.131349E-2
3.515000E-3	-2.326566E-2
3.520000E-3	-1.127708E-2
3.525000E-3	2.440214E-3
3.530000E-3	-1.360351E-2
3.535000E-3	9.815693E-4
3.540000E-3	-4.641891E-3
3.545000E-3	-2.974594E-2
3.550000E-3	-9.795129E-3
3.555000E-3	-2.153695E-3
3.560000E-3	-2.803093E-2
3.565000E-3	-8.705258E-3
3.570000E-3	1.958477E-2
3.575000E-3	4.181266E-4
3.580000E-3	-1.985073E-3
3.585000E-3	7.598937E-3
3.590000E-3	-9.485304E-3
3.595000E-3	-5.032599E-3
3.600000E-3	2.173024E-2
3.605000E-3	2.905500E-2
3.610000E-3	1.867175E-2
3.615000E-3	4.023612E-3
3.620000E-3	-1.466870E-2
3.625000E-3	-2.274472E-2
3.630000E-3	-1.216817E-2
3.635000E-3	7.583857E-3
3.640000E-3	1.946139E-2
3.645000E-3	7.171214E-3
3.650000E-3	1.545012E-3
3.655000E-3	1.283854E-2
3.660000E-3	4.205942E-3
3.665000E-3	-2.017975E-3
3.670000E-3	1.165545E-2
3.675000E-3	5.882561E-3
3.680000E-3	-4.687130E-3
3.685000E-3	2.144098E-3
3.690000E-3	1.021600E-2
3.695000E-3	1.839757E-2
3.700000E-3	2.323139E-2
3.705000E-3	1.151973E-2
3.710000E-3	-3.055751E-3
3.715000E-3	-5.582333E-3
3.720000E-3	-8.415997E-3
3.725000E-3	-1.312232E-2
3.730000E-3	-1.216269E-2
3.735000E-3	-1.166642E-2
3.740000E-3	-1.004052E-2
3.745000E-3	-8.779287E-3
3.750000E-3	-1.924479E-2
3.755000E-3	-2.038538E-2
3.760000E-3	-1.033664E-3
3.765000E-3	8.632600E-3
3.770000E-3	9.361923E-3
3.775000E-3	9.928107E-3
3.780000E-3	-9.267330E-4
3.785000E-3	-1.734197E-3
3.790000E-3	3.081799E-3
3.795000E-3	-7.332981E-3
3.800000E-3	-7.104039E-3
3.805000E-3	5.475402E-3
3.810000E-3	4.581571E-3
3.815000E-3	6.754458E-3
3.820000E-3	1.039284E-2
3.825000E-3	-1.905560E-3
3.830000E-3	-1.097822E-2
3.835000E-3	-1.303321E-2
3.840000E-3	-1.470435E-2
3.845000E-3	1.039147E-3
3.850000E-3	2.167130E-2
3.855000E-3	1.863885E-2
3.860000E-3	6.167710E-3
3.865000E-3	1.019132E-2
3.870000E-3	1.377898E-2
3.875000E-3	1.024890E-2
3.880000E-3	1.270968E-2
3.885000E-3	1.003641E-2
3.890000E-3	6.581724E-3
3.895000E-3	1.024342E-2
3.900000E-3	-8.225441E-6
3.905000E-3	-8.513331E-3
3.910000E-3	5.362988E-3
3.915000E-3	8.956134E-3
3.920000E-3	-1.280427E-3
3.925000E-3	-3.605485E-4
3.930000E-3	5.853772E-4
3.935000E-3	-7.131457E-3
3.940000E-3	-5.088806E-3
3.945000E-3	-5.018890E-3
3.950000E-3	-1.936132E-2
3.955000E-3	-2.550572E-2
3.960000E-3	-1.725835E-2
3.965000E-3	-1.064098E-2
3.970000E-3	-3.427267E-4
3.975000E-3	1.623702E-2
3.980000E-3	1.410389E-2
3.985000E-3	-5.132675E-3
3.990000E-3	-9.881496E-3
3.995000E-3	-6.960094E-3
4.000000E-3	-8.011580E-3
4.005000E-3	1.001310E-2
4.010000E-3	2.969521E-2
4.015000E-3	2.575111E-2
4.020000E-3	1.570922E-2
4.025000E-3	9.952784E-4
4.030000E-3	-1.965743E-2
4.035000E-3	-1.673055E-2
4.040000E-3	-2.670527E-3
4.045000E-3	-4.417062E-3
4.050000E-3	3.674030E-3
4.055000E-3	1.951897E-2
4.060000E-3	9.182334E-3
4.065000E-3	-3.960550E-3
4.070000E-3	6.388426E-4
4.075000E-3	2.970755E-3
4.080000E-3	1.261234E-3
4.085000E-3	5.336940E-3
4.090000E-3	8.025289E-3
4.095000E-3	2.474487E-3
4.100000E-3	-4.667938E-3
4.105000E-3	-3.221631E-3
4.110000E-3	1.085758E-3
4.115000E-3	2.367556E-3
4.120000E-3	5.320489E-3
4.125000E-3	4.282713E-3
4.130000E-3	-2.264738E-3
4.135000E-3	-6.018281E-3
4.140000E-3	-5.718052E-3
4.145000E-3	-4.344404E-3
4.150000E-3	-4.075706E-3
4.155000E-3	-7.577002E-3
4.160000E-3	-8.156896E-3
4.165000E-3	8.787513E-4
4.170000E-3	1.668668E-2
4.175000E-3	2.561402E-2
4.180000E-3	1.963139E-2
4.185000E-3	1.023793E-2
4.190000E-3	3.727496E-3
4.195000E-3	-3.820717E-3
4.200000E-3	-4.872203E-3
4.205000E-3	-7.731915E-4
4.210000E-3	-3.709674E-3
4.215000E-3	-5.245090E-3
4.220000E-3	4.218280E-3
4.225000E-3	6.781876E-3
4.230000E-3	-2.308607E-3
4.235000E-3	-4.049659E-3
4.240000E-3	-3.457427E-3
4.245000E-3	-7.152021E-3
4.250000E-3	-2.011120E-3
4.255000E-3	3.902972E-3
4.260000E-3	-2.878904E-5
4.265000E-3	9.706020E-4
4.270000E-3	6.578982E-3
4.275000E-3	4.565120E-3
4.280000E-3	2.436101E-3
4.285000E-3	4.092157E-3
4.290000E-3	-1.661539E-3
4.295000E-3	-9.440064E-3
4.300000E-3	-5.580962E-3
4.305000E-3	-3.619194E-4
4.310000E-3	-2.878904E-3
4.315000E-3	-1.742423E-3
4.320000E-3	2.688348E-3
4.325000E-3	-2.571821E-3
4.330000E-3	-6.810665E-3
4.335000E-3	3.610969E-3
4.340000E-3	1.239163E-2
4.345000E-3	1.655918E-2
4.350000E-3	2.530968E-2
4.355000E-3	1.854837E-2
4.360000E-3	6.141663E-4
4.365000E-3	1.320183E-3
4.370000E-3	5.565882E-3
4.375000E-3	3.103733E-3
4.380000E-3	9.642959E-3
4.385000E-3	8.813560E-3
4.390000E-3	-4.795432E-3
4.395000E-3	-8.765578E-3
4.400000E-3	-1.131684E-2
4.405000E-3	-1.871699E-2
4.410000E-3	-1.076299E-2
4.415000E-3	-3.310740E-3
4.420000E-3	-9.888351E-3
4.425000E-3	-5.184770E-3
4.430000E-3	6.673574E-3
4.435000E-3	4.216909E-3
4.440000E-3	5.128562E-3
4.445000E-3	1.324022E-2
4.450000E-3	1.001447E-2
4.455000E-3	7.038236E-3
4.460000E-3	9.604573E-3
4.465000E-3	2.869308E-3
4.470000E-3	-1.509368E-3
4.475000E-3	4.726887E-3
4.480000E-3	7.346690E-3
4.485000E-3	9.389341E-3
4.490000E-3	1.070952E-2
4.495000E-3	3.646612E-4
4.500000E-3	-8.665502E-3
4.505000E-3	-6.130695E-3
4.510000E-3	-4.125059E-3
4.515000E-3	-2.891243E-3
4.520000E-3	1.468241E-3
4.525000E-3	1.100838E-3
4.530000E-3	-5.634427E-4
4.535000E-3	2.899468E-3
4.540000E-3	3.820717E-3
4.545000E-3	2.211273E-3
4.550000E-3	4.157960E-3
4.555000E-3	3.028333E-3
4.560000E-3	-4.061997E-3
4.565000E-3	-8.163750E-3
4.570000E-3	-1.030785E-2
4.575000E-3	-1.118797E-2
4.580000E-3	-3.480732E-3
4.585000E-3	3.952324E-3
4.590000E-3	2.673268E-3
4.595000E-3	3.277838E-3
4.600000E-3	2.946079E-3
4.605000E-3	-3.939986E-3
4.610000E-3	-5.272508E-3
4.615000E-3	-4.116833E-3
4.620000E-3	-9.684086E-3
4.625000E-3	-9.079516E-3
4.630000E-3	1.281798E-3
4.635000E-3	6.315768E-3
4.640000E-3	7.416606E-3
4.645000E-3	1.179802E-2
4.650000E-3	1.374608E-2
4.655000E-3	1.451790E-2
4.660000E-3	1.766551E-2
4.665000E-3	1.600534E-2
4.670000E-3	1.278919E-2
4.675000E-3	9.648442E-3
4.680000E-3	4.784465E-4
4.685000E-3	-7.036865E-3
4.690000E-3	-5.800307E-3
4.695000E-3	-4.063368E-3
4.700000E-3	-2.617061E-3
4.705000E-3	-1.920640E-3
4.710000E-3	-6.156743E-3
4.715000E-3	-8.643568E-3
4.720000E-3	-6.042957E-3
4.725000E-3	-3.324449E-3
4.730000E-3	3.565729E-3
4.735000E-3	1.217091E-2
4.740000E-3	1.179802E-2
4.745000E-3	6.657124E-3
4.750000E-3	3.654838E-3
4.755000E-3	-5.770147E-3
4.760000E-3	-1.753527E-2
4.765000E-3	-1.681280E-2
4.770000E-3	-2.048820E-2
4.775000E-3	-2.776361E-2
4.780000E-3	-2.388394E-2
4.785000E-3	-2.318478E-2
4.790000E-3	-1.512659E-2
4.795000E-3	-2.512735E-2
4.800000E-3	-2.439940E-2
4.805000E-3	1.672095E-2
4.810000E-3	6.595296E-2
4.815000E-3	5.988806E-2
4.820000E-3	2.737564E-2
4.825000E-3	3.818250E-2
4.830000E-3	3.759164E-2
4.835000E-3	1.787800E-2
4.840000E-3	6.496727E-3
4.845000E-3	1.858813E-2
4.850000E-3	1.539254E-2
4.855000E-3	4.375935E-3
4.860000E-3	-1.068759E-2
4.865000E-3	-2.885622E-2
4.870000E-3	-2.316970E-2
4.875000E-3	-1.391059E-2
4.880000E-3	-2.737153E-2
4.885000E-3	-1.946688E-2
4.890000E-3	-3.941357E-3
4.895000E-3	-8.776546E-3
4.900000E-3	-1.674151E-2
4.905000E-3	-2.320945E-3
4.910000E-3	3.306627E-3
4.915000E-3	2.983093E-3
4.920000E-3	1.831532E-3
4.925000E-3	7.869005E-4
4.930000E-3	8.868396E-3
4.935000E-3	1.895005E-2
4.940000E-3	1.425606E-2
4.945000E-3	1.019132E-2
4.950000E-3	1.724190E-2
4.955000E-3	1.268500E-2
4.960000E-3	3.992081E-3
4.965000E-3	-1.845241E-3
4.970000E-3	-8.365273E-3
4.975000E-3	-9.659410E-3
4.980000E-3	-6.141663E-3
4.985000E-3	-1.584768E-3
4.990000E-3	5.988121E-3
4.995000E-3	1.188850E-2
5.000000E-3	9.645700E-3
5.005000E-3	3.436863E-3
5.010000E-3	8.636713E-3
5.015000E-3	1.219696E-2
5.020000E-3	3.512263E-3
5.025000E-3	5.039454E-3
5.030000E-3	7.766187E-3
5.035000E-3	3.665805E-3
5.040000E-3	6.748974E-3
5.045000E-3	8.163750E-3
5.050000E-3	-7.416606E-4
5.055000E-3	-9.364665E-3
5.060000E-3	-1.214075E-2
5.065000E-3	-1.826048E-2
5.070000E-3	-1.931196E-2
5.075000E-3	-1.532263E-2
5.080000E-3	-1.207769E-2
5.085000E-3	-9.703279E-3
5.090000E-3	-3.923535E-3
5.095000E-3	-4.633665E-4
5.100000E-3	-3.637016E-3
5.105000E-3	-5.601525E-3
5.110000E-3	-6.532371E-3
5.115000E-3	-6.721556E-3
5.120000E-3	4.077077E-3
5.125000E-3	1.698965E-2
5.130000E-3	1.266718E-2
5.135000E-3	3.210664E-3
5.140000E-3	2.961159E-4
5.145000E-3	5.689263E-4
5.150000E-3	2.778828E-3
5.155000E-3	9.202898E-3
5.160000E-3	9.072661E-3
5.165000E-3	5.864739E-3
5.170000E-3	4.599392E-3
5.175000E-3	8.047223E-4
5.180000E-3	-1.331151E-3
5.185000E-3	4.855752E-3
5.190000E-3	7.448137E-3
5.195000E-3	6.894290E-3
5.200000E-3	8.868396E-3
5.205000E-3	9.097338E-3
5.210000E-3	6.051183E-3
5.215000E-3	3.723383E-3
5.220000E-3	2.586901E-3
5.225000E-3	3.017366E-3
5.230000E-3	2.711654E-3
5.235000E-3	-7.115006E-4
5.240000E-3	-3.892004E-3
5.245000E-3	-2.796650E-3
5.250000E-3	-1.366794E-3
5.255000E-3	-5.730391E-4
5.260000E-3	8.581877E-4
5.265000E-3	-6.237626E-4
5.270000E-3	-3.173649E-3
5.275000E-3	-3.695965E-3
5.280000E-3	-4.707694E-3
5.285000E-3	-4.565120E-3
5.290000E-3	-2.349734E-3
5.295000E-3	-5.867481E-4
5.300000E-3	1.876771E-3
5.305000E-3	2.958417E-3
5.310000E-3	2.755523E-4
5.315000E-3	-4.811883E-4
5.320000E-3	-1.111805E-3
5.325000E-3	-3.339529E-3
5.330000E-3	-8.540750E-4
5.335000E-3	4.059255E-3
5.340000E-3	4.525363E-3
5.345000E-3	3.375173E-3
5.350000E-3	5.262911E-3
5.355000E-3	7.490635E-3
5.360000E-3	5.777001E-3
5.365000E-3	2.682865E-3
5.370000E-3	9.719729E-4
5.375000E-3	-1.779437E-3
5.380000E-3	-2.075553E-3
5.385000E-3	2.272964E-3
5.390000E-3	5.099773E-3
5.395000E-3	2.950191E-3
5.400000E-3	3.284693E-3
5.405000E-3	3.754914E-3
5.410000E-3	9.870529E-4
5.415000E-3	4.702210E-4
5.420000E-3	9.610057E-4
5.425000E-3	-2.278447E-3
5.430000E-3	-4.371822E-3
5.435000E-3	-2.416909E-3
5.440000E-3	-1.587510E-3
5.445000E-3	-2.411425E-3
5.450000E-3	-4.548669E-3
5.455000E-3	-3.731608E-3
5.460000E-3	2.086520E-3
5.465000E-3	5.931914E-3
5.470000E-3	7.985532E-3
5.475000E-3	9.312570E-3
5.480000E-3	6.558418E-3
5.485000E-3	2.220869E-3
5.490000E-3	3.386140E-4
5.495000E-3	-7.978678E-4
5.500000E-3	-3.686368E-3
5.505000E-3	-5.101144E-3
5.510000E-3	-5.767405E-3
5.515000E-3	-4.903734E-3
5.520000E-3	-1.165271E-3
5.525000E-3	-1.335263E-3
5.530000E-3	-4.602134E-3
5.535000E-3	-4.055142E-3
5.540000E-3	-5.332828E-4
5.545000E-3	-3.756285E-4
5.550000E-3	2.052248E-3
5.555000E-3	9.400308E-3
5.560000E-3	1.138264E-2
5.565000E-3	1.223946E-2
5.570000E-3	1.649201E-2
5.575000E-3	1.242179E-2
5.580000E-3	4.325211E-3
5.585000E-3	3.260016E-3
5.590000E-3	4.001677E-3
5.595000E-3	2.015233E-3
5.600000E-3	3.198326E-3
5.605000E-3	-3.386140E-4
5.610000E-3	-8.699775E-3
5.615000E-3	-8.919120E-3
5.620000E-3	-8.653164E-3
5.625000E-3	-1.238477E-2
5.630000E-3	-8.631229E-3
5.635000E-3	-1.928866E-3
5.640000E-3	5.346537E-5
5.645000E-3	4.659712E-3
5.650000E-3	9.962380E-3
5.655000E-3	6.825745E-3
5.660000E-3	2.396345E-3
5.665000E-3	9.514093E-4
5.670000E-3	-4.016757E-3
5.675000E-3	-4.881799E-3
5.680000E-3	5.757809E-4
5.685000E-3	2.451181E-3
5.690000E-3	3.542423E-3
5.695000E-3	6.027877E-3
5.700000E-3	3.122926E-3
5.705000E-3	-5.990863E-4
5.710000E-3	-4.222393E-4
5.715000E-3	-4.441738E-4
5.720000E-3	6.251335E-4
5.725000E-3	5.601525E-3
5.730000E-3	6.790102E-3
5.735000E-3	4.733741E-3
5.740000E-3	5.254686E-3
5.745000E-3	3.604114E-3
5.750000E-3	-1.229703E-3
5.755000E-3	-2.887130E-3
5.760000E-3	-2.577305E-3
5.765000E-3	-2.012491E-3
5.770000E-3	1.686215E-3
5.775000E-3	5.790710E-3
5.780000E-3	5.284846E-3
5.785000E-3	5.113482E-3
5.790000E-3	6.118357E-3
5.795000E-3	3.567100E-3
5.800000E-3	1.791775E-3
5.805000E-3	2.079666E-3
5.810000E-3	1.036406E-3
5.815000E-3	2.316833E-4
5.820000E-3	2.485454E-3
5.825000E-3	2.622545E-3
5.830000E-3	5.250573E-4
5.835000E-3	-3.221631E-4
5.840000E-3	-3.213406E-3
5.845000E-3	-7.501602E-3
5.850000E-3	-6.785989E-3
5.855000E-3	-5.413711E-3
5.860000E-3	-6.718814E-3
5.865000E-3	-5.735874E-3
5.870000E-3	-4.040062E-3
5.875000E-3	-3.783703E-3
5.880000E-3	-2.440214E-4
5.885000E-3	5.424678E-3
5.890000E-3	8.920491E-3
5.895000E-3	1.062453E-2
5.900000E-3	9.854078E-3
5.905000E-3	5.775630E-3
5.910000E-3	1.911044E-3
5.915000E-3	-1.196802E-3
5.920000E-3	-3.782332E-3
5.925000E-3	-2.345622E-3
5.930000E-3	1.922011E-3
5.935000E-3	5.284846E-3
5.940000E-3	5.546689E-3
5.945000E-3	2.771974E-3
5.950000E-3	-6.031990E-5
5.955000E-3	1.316071E-4
5.960000E-3	1.800001E-3
5.965000E-3	3.294289E-3
5.970000E-3	4.321098E-3
5.975000E-3	4.773498E-3
5.980000E-3	4.514396E-3
5.985000E-3	4.880428E-3
5.990000E-3	6.026506E-3
5.995000E-3	6.733894E-3
6.000000E-3	6.626964E-3
6.005000E-3	5.883932E-3
6.010000E-3	3.212035E-3
6.015000E-3	8.595586E-4
6.020000E-3	4.811883E-4
6.025000E-3	-9.596348E-5
6.030000E-3	-1.003504E-3
6.035000E-3	-1.749277E-3
6.040000E-3	-2.011120E-3
6.045000E-3	-2.218127E-3
6.050000E-3	-2.691090E-3
6.055000E-3	-4.290938E-3
6.060000E-3	-6.154001E-3
6.065000E-3	-6.411731E-3
6.070000E-3	-5.087435E-3
6.075000E-3	-2.715766E-3
6.080000E-3	6.415844E-4
6.085000E-3	4.425287E-3
6.090000E-3	7.032752E-3
6.095000E-3	7.407010E-3
6.100000E-3	5.700231E-3
6.105000E-3	2.234578E-3
6.110000E-3	-1.586139E-3
6.115000E-3	-4.351258E-3
6.120000E-3	-4.885912E-3
6.125000E-3	-1.767099E-3
6.130000E-3	2.933741E-3
6.135000E-3	5.772889E-3
6.140000E-3	6.588578E-3
6.145000E-3	6.574869E-3
6.150000E-3	5.937397E-3
6.155000E-3	6.084085E-3
6.160000E-3	6.418586E-3
6.165000E-3	5.177915E-3
6.170000E-3	3.449202E-3
6.175000E-3	1.394212E-3
6.180000E-3	-2.394974E-3
6.185000E-3	-6.389797E-3
6.190000E-3	-7.431686E-3
6.195000E-3	-5.682409E-3
6.200000E-3	-2.958417E-3
6.205000E-3	-1.932979E-4
6.210000E-3	2.153695E-3
6.215000E-3	2.580047E-3
6.220000E-3	1.767099E-3
6.225000E-3	4.249811E-4
6.230000E-3	-1.191318E-3
6.235000E-3	-1.104951E-3
6.240000E-3	4.811883E-4
6.245000E-3	2.201676E-3
6.250000E-3	4.284084E-3
6.255000E-3	5.922318E-3
6.260000E-3	5.942881E-3
6.265000E-3	5.025744E-3
6.270000E-3	4.865348E-3
6.275000E-3	4.308760E-3
6.280000E-3	3.809750E-3
6.285000E-3	3.457427E-3
6.290000E-3	2.473116E-3
6.295000E-3	1.758873E-3
6.300000E-3	1.690328E-3
6.305000E-3	1.276314E-3
6.310000E-3	1.809597E-3
6.315000E-3	3.508151E-3
6.320000E-3	4.227877E-3
6.325000E-3	3.124297E-3
6.330000E-3	9.678602E-4
6.335000E-3	-1.294136E-3
6.340000E-3	-2.596498E-3
6.345000E-3	-2.921402E-3
6.350000E-3	-1.935720E-3
6.355000E-3	-6.854534E-5
6.360000E-3	1.425743E-3
6.365000E-3	9.349585E-4
6.370000E-3	-9.185076E-4
6.375000E-3	-2.846003E-3
6.380000E-3	-4.300535E-3
6.385000E-3	-4.947603E-3
6.390000E-3	-4.341662E-3
6.395000E-3	-3.812492E-3
6.400000E-3	-3.627419E-3
6.405000E-3	-2.603352E-3
6.410000E-3	-9.281039E-4
6.415000E-3	7.896423E-4
6.420000E-3	2.319574E-3
6.425000E-3	3.730237E-3
6.430000E-3	4.578829E-3
6.435000E-3	5.524755E-3
6.440000E-3	6.008685E-3
6.445000E-3	6.171823E-3
6.450000E-3	6.662607E-3
6.455000E-3	7.774413E-3
6.460000E-3	9.222090E-3
6.465000E-3	1.022285E-2
6.470000E-3	9.747148E-3
6.475000E-3	7.720947E-3
6.480000E-3	4.783094E-3
6.485000E-3	2.082407E-3
6.490000E-3	-7.635951E-4
6.495000E-3	-2.479970E-3
6.500000E-3	-3.449202E-3
6.505000E-3	-4.347146E-3
6.510000E-3	-4.728258E-3
6.515000E-3	-3.975630E-3
6.520000E-3	-2.031684E-3
6.525000E-3	1.110435E-4
6.530000E-3	2.429247E-3
6.535000E-3	4.667938E-3
6.540000E-3	5.486369E-3
6.545000E-3	4.894137E-3
6.550000E-3	3.316224E-3
6.555000E-3	5.182028E-4
6.560000E-3	-2.684236E-3
6.565000E-3	-5.838692E-3
6.570000E-3	-7.742882E-3
6.575000E-3	-7.545471E-3
6.580000E-3	-5.653620E-3
6.585000E-3	-3.494442E-3
6.590000E-3	-1.476467E-3
6.595000E-3	3.015995E-4
6.600000E-3	7.745624E-4
6.605000E-3	3.715158E-4
6.610000E-3	-3.769994E-4
6.615000E-3	-5.003810E-4
6.620000E-3	9.788275E-4
6.625000E-3	3.970146E-3
6.630000E-3	5.749583E-3
6.635000E-3	6.188273E-3
6.640000E-3	6.071746E-3
6.645000E-3	5.571365E-3
6.650000E-3	5.456209E-3
6.655000E-3	6.130695E-3
6.660000E-3	6.047070E-3
6.665000E-3	4.861236E-3
6.670000E-3	3.383398E-3
6.675000E-3	1.450419E-3
6.680000E-3	-9.157658E-4
6.685000E-3	-2.719879E-3
6.690000E-3	-3.687739E-3
6.695000E-3	-4.443109E-3
6.700000E-3	-4.454076E-3
6.705000E-3	-3.639758E-3
6.710000E-3	-2.573192E-3
6.715000E-3	-2.384007E-3
6.720000E-3	-3.527343E-3
6.725000E-3	-4.966795E-3
6.730000E-3	-5.678296E-3
6.735000E-3	-4.762530E-3
6.740000E-3	-2.840519E-3
6.745000E-3	-1.103580E-3
6.750000E-3	4.757047E-4
6.755000E-3	2.367556E-3
6.760000E-3	3.709674E-3
6.765000E-3	5.088806E-3
6.770000E-3	6.903887E-3
6.775000E-3	7.726431E-3
6.780000E-3	7.778525E-3
6.785000E-3	7.548213E-3
6.790000E-3	6.143034E-3
6.795000E-3	2.658188E-3
6.800000E-3	-7.526278E-4
6.805000E-3	-2.951562E-3
6.810000E-3	-2.821326E-3
6.815000E-3	-6.114244E-4
6.820000E-3	2.283931E-3
6.825000E-3	4.189491E-3
6.830000E-3	5.077839E-3
6.835000E-3	4.698098E-3
6.840000E-3	3.091395E-3
6.845000E-3	1.458645E-3
6.850000E-3	3.015995E-5
6.855000E-3	-9.130239E-4
6.860000E-3	-1.125515E-3
6.865000E-3	-6.443262E-5
6.870000E-3	1.654685E-3
6.875000E-3	2.733588E-3
6.880000E-3	2.702057E-3
6.885000E-3	1.834273E-3
6.890000E-3	1.453161E-4
6.895000E-3	-1.895964E-3
6.900000E-3	-3.565729E-3
6.905000E-3	-4.970908E-3
6.910000E-3	-5.689263E-3
6.915000E-3	-5.460322E-3
6.920000E-3	-5.139530E-3
6.925000E-3	-4.799545E-3
6.930000E-3	-3.321707E-3
6.935000E-3	-4.455447E-4
6.940000E-3	2.614319E-3
6.945000E-3	6.167710E-3
6.950000E-3	9.250879E-3
6.955000E-3	1.155400E-2
6.960000E-3	1.221889E-2
6.965000E-3	1.150328E-2
6.970000E-3	1.007479E-2
6.975000E-3	8.174717E-3
6.980000E-3	5.007923E-3
6.985000E-3	1.291394E-3
6.990000E-3	-1.853466E-3
6.995000E-3	-3.650725E-3
7.000000E-3	-3.923535E-3
7.005000E-3	-3.301144E-3
7.010000E-3	-3.057122E-3
7.015000E-3	-3.745317E-3
7.020000E-3	-4.408836E-3
7.025000E-3	-4.447222E-3
7.030000E-3	-2.995431E-3
7.035000E-3	4.647374E-4
7.040000E-3	3.875554E-3
7.045000E-3	6.417215E-3
7.050000E-3	8.011580E-3
7.055000E-3	8.565426E-3
7.060000E-3	7.685304E-3
7.065000E-3	6.426811E-3
7.070000E-3	5.362988E-3
7.075000E-3	3.961921E-3
7.080000E-3	2.359331E-3
7.085000E-3	5.140901E-4
7.090000E-3	-1.961768E-3
7.095000E-3	-4.465044E-3
7.100000E-3	-6.152630E-3
7.105000E-3	-6.918967E-3
7.110000E-3	-6.067634E-3
7.115000E-3	-3.882408E-3
7.120000E-3	-1.176238E-3
7.125000E-3	1.460016E-3
7.130000E-3	4.112720E-3
7.135000E-3	6.193757E-3
7.140000E-3	7.072508E-3
7.145000E-3	7.067025E-3
7.150000E-3	6.551564E-3
7.155000E-3	5.494595E-3
7.160000E-3	4.358113E-3
7.165000E-3	4.279971E-3
7.170000E-3	4.211426E-3
7.175000E-3	3.786445E-3
7.180000E-3	2.112567E-3
7.185000E-3	-1.185834E-3
7.190000E-3	-4.921556E-3
7.195000E-3	-7.359028E-3
7.200000E-3	-8.236408E-3
7.205000E-3	-6.735265E-3
7.210000E-3	-3.085911E-3
7.215000E-3	9.966493E-4
7.220000E-3	4.111350E-3
7.225000E-3	6.170452E-3
7.230000E-3	6.461084E-3
7.235000E-3	5.623460E-3
7.240000E-3	4.595280E-3
7.245000E-3	3.680885E-3
7.250000E-3	3.005028E-3
7.255000E-3	2.496421E-3
7.260000E-3	1.971364E-3
7.265000E-3	8.705258E-4
7.270000E-3	-2.549887E-4
7.275000E-3	-8.760095E-4
7.280000E-3	-1.170754E-3
7.285000E-3	-1.506627E-3
7.290000E-3	-1.536787E-3
7.295000E-3	-1.331151E-3
7.300000E-3	-5.360246E-4
7.305000E-3	6.964207E-4
7.310000E-3	1.671135E-3
7.315000E-3	2.819955E-3
7.320000E-3	3.966033E-3
7.325000E-3	4.778981E-3
7.330000E-3	5.213559E-3
7.335000E-3	5.231380E-3
7.340000E-3	4.539073E-3
7.345000E-3	3.457427E-3
7.350000E-3	1.713634E-3
7.355000E-3	-6.539226E-4
7.360000E-3	-2.930999E-3
7.365000E-3	-4.473269E-3
7.370000E-3	-5.020261E-3
7.375000E-3	-4.216909E-3
7.380000E-3	-2.403200E-3
7.385000E-3	-3.701448E-4
7.390000E-3	9.445548E-4
7.395000E-3	1.399696E-3
7.400000E-3	1.224220E-3
7.405000E-3	4.880428E-4
7.410000E-3	9.185076E-5
7.415000E-3	2.111197E-4
7.420000E-3	9.226203E-4
7.425000E-3	1.993299E-3
7.430000E-3	2.632141E-3
7.435000E-3	2.371669E-3
7.440000E-3	1.617670E-3
7.445000E-3	8.376241E-4
7.450000E-3	1.576543E-4
7.455000E-3	-1.919270E-5
7.460000E-3	3.564358E-5
7.465000E-3	4.894137E-4
7.470000E-3	1.466870E-3
7.475000E-3	2.076924E-3
7.480000E-3	1.507998E-3
7.485000E-3	2.892613E-4
7.490000E-3	-1.113176E-3
7.495000E-3	-1.841128E-3
7.500000E-3	-1.336634E-3
7.505000E-3	8.650422E-4
7.510000E-3	2.899468E-3
7.515000E-3	3.889263E-3
7.520000E-3	3.457427E-3
7.525000E-3	2.543032E-3
7.530000E-3	1.495659E-3
7.535000E-3	1.135111E-3
7.540000E-3	9.514093E-4
7.545000E-3	1.203656E-3
7.550000E-3	1.948059E-3
7.555000E-3	2.985835E-3
7.560000E-3	4.293680E-3
7.565000E-3	4.815996E-3
7.570000E-3	4.629552E-3
7.575000E-3	3.366947E-3
7.580000E-3	1.786292E-3
7.585000E-3	5.456209E-4
7.590000E-3	3.660321E-4
7.595000E-3	9.568930E-4
7.600000E-3	1.884997E-3
7.605000E-3	2.079666E-3
7.610000E-3	1.639605E-3
7.615000E-3	4.386902E-4
7.620000E-3	-8.869767E-4
7.625000E-3	-2.002895E-3
7.630000E-3	-2.496421E-3
7.635000E-3	-2.601981E-3
7.640000E-3	-2.400458E-3
7.645000E-3	-2.540290E-3
7.650000E-3	-2.983093E-3
7.655000E-3	-3.268242E-3
7.660000E-3	-3.480732E-3
7.665000E-3	-3.885150E-3
7.670000E-3	-3.879666E-3
7.675000E-3	-2.798021E-3
7.680000E-3	-1.424372E-3
7.685000E-3	2.604723E-4
7.690000E-3	1.488805E-3
7.695000E-3	1.845241E-3
7.700000E-3	1.568317E-3
7.705000E-3	1.287282E-3
7.710000E-3	1.543641E-3
7.715000E-3	2.874792E-3
7.720000E-3	4.778981E-3
7.725000E-3	6.713331E-3
7.730000E-3	7.616758E-3
7.735000E-3	7.893682E-3
7.740000E-3	7.001221E-3
7.745000E-3	5.506933E-3
7.750000E-3	4.089415E-3
7.755000E-3	3.190100E-3
7.760000E-3	2.331913E-3
7.765000E-3	1.683474E-3
7.770000E-3	1.331151E-3
7.775000E-3	1.439452E-3
7.780000E-3	1.484692E-3
7.785000E-3	1.599848E-3
7.790000E-3	1.889110E-3
7.795000E-3	2.334654E-3
7.800000E-3	3.233969E-3
7.805000E-3	3.893375E-3
7.810000E-3	4.163444E-3
7.815000E-3	4.253924E-3
7.820000E-3	3.922164E-3
7.825000E-3	2.926886E-3
7.830000E-3	1.438081E-3
7.835000E-3	-1.206398E-4
7.840000E-3	-1.405180E-3
7.845000E-3	-2.338767E-3
7.850000E-3	-2.940595E-3
7.855000E-3	-3.299773E-3
7.860000E-3	-2.958417E-3
7.865000E-3	-2.148211E-3
7.870000E-3	-8.924603E-4
7.875000E-3	2.261996E-4
7.880000E-3	1.188576E-3
7.885000E-3	1.553237E-3
7.890000E-3	1.878142E-3
7.895000E-3	2.137244E-3
7.900000E-3	1.850724E-3
7.905000E-3	1.675248E-3
7.910000E-3	1.930237E-3
7.915000E-3	2.300382E-3
7.920000E-3	2.678752E-3
7.925000E-3	2.863824E-3
7.930000E-3	2.530694E-3
7.935000E-3	1.557350E-3
7.940000E-3	1.274943E-4
7.945000E-3	-1.251638E-3
7.950000E-3	-1.841128E-3
7.955000E-3	-1.625896E-3
7.960000E-3	-1.069307E-3
7.965000E-3	-5.168319E-4
7.970000E-3	-2.824068E-4
7.975000E-3	1.110435E-4
7.980000E-3	7.046461E-4
7.985000E-3	1.787663E-3
7.990000E-3	2.946079E-3
7.995000E-3	3.772736E-3
8.000000E-3	4.063368E-3
8.005000E-3	4.122317E-3
8.010000E-3	4.234731E-3
8.015000E-3	4.033208E-3
8.020000E-3	3.961921E-3
8.025000E-3	3.738463E-3
8.030000E-3	3.316224E-3
8.035000E-3	2.272964E-3
8.040000E-3	9.760857E-4
8.045000E-3	-1.521707E-4
8.050000E-3	-8.102059E-4
8.055000E-3	-1.155674E-3
8.060000E-3	-1.066566E-3
8.065000E-3	-7.238388E-4
8.070000E-3	-4.482865E-4
8.075000E-3	-3.495812E-4
8.080000E-3	-5.017519E-4
8.085000E-3	-5.277991E-4
8.090000E-3	-1.247525E-4
8.095000E-3	6.923079E-4
8.100000E-3	2.017975E-3
8.105000E-3	3.369689E-3
8.110000E-3	4.373193E-3
8.115000E-3	5.023003E-3
8.120000E-3	5.652249E-3
8.125000E-3	5.501449E-3
8.130000E-3	4.933894E-3
8.135000E-3	3.782332E-3
8.140000E-3	2.149582E-3
8.145000E-3	9.130239E-4
8.150000E-3	1.096725E-5
8.155000E-3	-1.987815E-4
8.160000E-3	6.991625E-5
8.165000E-3	3.125668E-4
8.170000E-3	6.854534E-4
8.175000E-3	6.772280E-4
8.180000E-3	2.070069E-4
8.185000E-3	-2.837777E-4
8.190000E-3	-1.032293E-3
8.195000E-3	-1.776695E-3
8.200000E-3	-2.503276E-3
8.205000E-3	-3.290176E-3
8.210000E-3	-4.103124E-3
8.215000E-3	-4.511654E-3
8.220000E-3	-4.064739E-3
8.225000E-3	-3.124297E-3
8.230000E-3	-2.048135E-3
8.235000E-3	-6.895661E-4
8.240000E-3	5.483627E-5
8.245000E-3	4.071593E-4
8.250000E-3	3.495812E-4
8.255000E-3	1.165271E-4
8.260000E-3	1.370907E-4
8.265000E-3	7.731915E-4
8.270000E-3	2.389491E-3
8.275000E-3	3.961921E-3
8.280000E-3	5.254686E-3
8.285000E-3	6.119728E-3
8.290000E-3	5.960703E-3
8.295000E-3	4.914701E-3
8.300000E-3	3.338158E-3
8.305000E-3	1.853466E-3
8.310000E-3	6.731153E-4
8.315000E-3	2.179742E-4
8.320000E-3	3.989339E-4
8.325000E-3	8.993149E-4
8.330000E-3	1.475096E-3
8.335000E-3	1.912415E-3
8.340000E-3	2.102971E-3
8.345000E-3	1.824677E-3
8.350000E-3	1.222849E-3
8.355000E-3	6.127954E-4
8.360000E-3	9.185076E-5
8.365000E-3	-2.906322E-4
8.370000E-3	-5.483627E-5
8.375000E-3	3.468394E-4
8.380000E-3	7.841587E-4
8.385000E-3	1.104951E-3
8.390000E-3	1.051486E-3
8.395000E-3	8.746386E-4
8.400000E-3	9.171367E-4
8.405000E-3	1.163900E-3
8.410000E-3	1.428485E-3
8.415000E-3	1.351714E-3
8.420000E-3	1.307845E-3
8.425000E-3	1.292765E-3
8.430000E-3	1.372278E-3
8.435000E-3	1.469612E-3
8.440000E-3	1.694441E-3
8.445000E-3	2.152324E-3
8.450000E-3	2.586901E-3
8.455000E-3	2.567708E-3
8.460000E-3	2.082407E-3
8.465000E-3	1.095355E-3
8.470000E-3	8.362532E-5
8.475000E-3	-1.166642E-3
8.480000E-3	-2.308607E-3
8.485000E-3	-3.070831E-3
8.490000E-3	-3.142118E-3
8.495000E-3	-2.748668E-3
8.500000E-3	-2.178371E-3
8.505000E-3	-1.253009E-3
8.510000E-3	-8.650422E-4
8.515000E-3	-2.865195E-4
8.520000E-3	2.248287E-4
8.525000E-3	1.014471E-3
8.530000E-3	1.889110E-3
8.535000E-3	2.656817E-3
8.540000E-3	3.242195E-3
8.545000E-3	2.733588E-3
8.550000E-3	1.771212E-3
8.555000E-3	8.650422E-4
8.560000E-3	2.220869E-4
8.565000E-3	5.620718E-5
8.570000E-3	3.811121E-4
8.575000E-3	7.498860E-4
8.580000E-3	1.401067E-3
8.585000E-3	2.049506E-3
8.590000E-3	2.632141E-3
8.595000E-3	3.321707E-3
8.600000E-3	4.454076E-3
8.605000E-3	5.099773E-3
8.610000E-3	4.966795E-3
8.615000E-3	4.133284E-3
8.620000E-3	3.069460E-3
8.625000E-3	2.135873E-3
8.630000E-3	1.135111E-3
8.635000E-3	-3.701448E-5
8.640000E-3	-8.581877E-4
8.645000E-3	-1.547754E-3
8.650000E-3	-1.884997E-3
8.655000E-3	-1.919270E-3
8.660000E-3	-1.545012E-3
8.665000E-3	-9.678602E-4
8.670000E-3	-4.003048E-4
8.675000E-3	2.275705E-4
8.680000E-3	9.925365E-4
8.685000E-3	1.941204E-3
8.690000E-3	3.185987E-3
8.695000E-3	4.219651E-3
8.700000E-3	4.958570E-3
8.705000E-3	5.161464E-3
8.710000E-3	4.847527E-3
8.715000E-3	4.123688E-3
8.720000E-3	3.902972E-3
8.725000E-3	3.933132E-3
8.730000E-3	3.789186E-3
8.735000E-3	3.817976E-3
8.740000E-3	3.565729E-3
8.745000E-3	2.932370E-3
8.750000E-3	2.200305E-3
8.755000E-3	1.645088E-3
8.760000E-3	1.287282E-3
8.765000E-3	1.120031E-3
8.770000E-3	1.265347E-3
8.775000E-3	1.528561E-3
8.780000E-3	1.517594E-3
8.785000E-3	1.412034E-3
8.790000E-3	1.000762E-3
8.795000E-3	5.113482E-4
8.800000E-3	-1.809597E-4
8.805000E-3	-5.428791E-4
8.810000E-3	-1.011729E-3
8.815000E-3	-1.163900E-3
8.820000E-3	-8.335114E-4
8.825000E-3	-5.620718E-4
8.830000E-3	-6.635189E-4
8.835000E-3	-1.028180E-3
8.840000E-3	-1.018584E-3
8.845000E-3	-9.445548E-4
8.850000E-3	-6.881952E-4
8.855000E-3	-1.521707E-4
8.860000E-3	3.783703E-4
8.865000E-3	1.246154E-3
8.870000E-3	2.307236E-3
8.875000E-3	3.691852E-3
8.880000E-3	4.973650E-3
8.885000E-3	6.354153E-3
8.890000E-3	6.942272E-3
8.895000E-3	6.838083E-3
8.900000E-3	6.106019E-3
8.905000E-3	5.057275E-3
8.910000E-3	3.468394E-3
8.915000E-3	1.738310E-3
8.920000E-3	3.468394E-4
8.925000E-3	-1.056969E-3
8.930000E-3	-2.174258E-3
8.935000E-3	-3.081799E-3
8.940000E-3	-3.682256E-3
8.945000E-3	-3.753543E-3
8.950000E-3	-3.063977E-3
8.955000E-3	-1.864433E-3
8.960000E-3	-1.919270E-4
8.965000E-3	1.551867E-3
8.970000E-3	3.181875E-3
8.975000E-3	4.175782E-3
8.980000E-3	4.327953E-3
8.985000E-3	3.726125E-3
8.990000E-3	2.569079E-3
8.995000E-3	1.163900E-3
9.000000E-3	-4.126430E-4
9.005000E-3	-1.429856E-3
9.010000E-3	-2.416909E-3
9.015000E-3	-3.062606E-3
9.020000E-3	-3.923535E-3
9.025000E-3	-4.806399E-3
9.030000E-3	-5.426049E-3
9.035000E-3	-5.594671E-3
9.040000E-3	-4.822850E-3
9.045000E-3	-3.477991E-3
9.050000E-3	-1.580656E-3
9.055000E-3	4.057884E-4
9.060000E-3	2.489567E-3
9.065000E-3	4.284084E-3
9.070000E-3	5.491853E-3
9.075000E-3	6.476164E-3
9.080000E-3	6.702363E-3
9.085000E-3	6.559789E-3
9.090000E-3	6.051183E-3
9.095000E-3	5.371213E-3
9.100000E-3	4.552782E-3
9.105000E-3	3.608227E-3
9.110000E-3	2.678752E-3
9.115000E-3	1.824677E-3
9.120000E-3	1.222849E-3
9.125000E-3	9.157658E-4
9.130000E-3	6.566644E-4
9.135000E-3	6.086826E-4
9.140000E-3	7.389188E-4
9.145000E-3	7.224679E-4
9.150000E-3	7.019043E-4
9.155000E-3	5.565882E-4
9.160000E-3	4.839301E-4
9.165000E-3	5.867481E-4
9.170000E-3	5.840063E-4
9.175000E-3	1.562834E-4
9.180000E-3	-6.073117E-4
9.185000E-3	-1.446307E-3
9.190000E-3	-2.167404E-3
9.195000E-3	-2.958417E-3
9.200000E-3	-3.002286E-3
9.205000E-3	-2.761006E-3
9.210000E-3	-2.340138E-3
9.215000E-3	-1.608074E-3
9.220000E-3	-6.881952E-4
9.225000E-3	6.484389E-4
9.230000E-3	1.727343E-3
9.235000E-3	2.776086E-3
9.240000E-3	3.590405E-3
9.245000E-3	4.347146E-3
9.250000E-3	5.088806E-3
9.255000E-3	5.824983E-3
9.260000E-3	6.241739E-3
9.265000E-3	6.624222E-3
9.270000E-3	6.748974E-3
9.275000E-3	6.562531E-3
9.280000E-3	5.988121E-3
9.285000E-3	5.190253E-3
9.290000E-3	3.870070E-3
9.295000E-3	2.825439E-3
9.300000E-3	1.809597E-3
9.305000E-3	8.609295E-4
9.310000E-3	-2.549887E-4
9.315000E-3	-1.180351E-3
9.320000E-3	-2.408683E-3
9.325000E-3	-3.277838E-3
9.330000E-3	-3.649354E-3
9.335000E-3	-3.506780E-3
9.340000E-3	-3.066719E-3
9.345000E-3	-2.009749E-3
9.350000E-3	-8.623004E-4
9.355000E-3	2.810359E-4
9.360000E-3	1.358569E-3
9.365000E-3	2.320945E-3
9.370000E-3	3.372431E-3
9.375000E-3	3.690481E-3
9.380000E-3	3.812492E-3
9.385000E-3	3.366947E-3
9.390000E-3	2.614319E-3
9.395000E-3	1.976848E-3
9.400000E-3	1.388729E-3
9.405000E-3	7.293224E-4
9.410000E-3	5.908608E-4
9.415000E-3	6.456971E-4
9.420000E-3	5.223155E-4
9.425000E-3	2.083778E-4
9.430000E-3	1.439452E-4
9.435000E-3	6.991625E-5
9.440000E-3	2.700686E-4
9.445000E-3	6.785989E-4
9.450000E-3	1.649201E-3
9.455000E-3	2.489567E-3
9.460000E-3	2.818584E-3
9.465000E-3	2.718508E-3
9.470000E-3	2.463520E-3
9.475000E-3	1.421630E-3
9.480000E-3	6.155372E-4
9.485000E-3	9.596348E-6
9.490000E-3	-2.810359E-4
9.495000E-3	-4.263520E-4
9.500000E-3	-6.443262E-4
9.505000E-3	-8.787513E-4
9.510000E-3	-8.102059E-4
9.515000E-3	-9.568930E-4
9.520000E-3	-8.623004E-4
9.525000E-3	-5.565882E-4
9.530000E-3	-3.207922E-4
9.535000E-3	1.782179E-4
9.540000E-3	6.456971E-4
9.545000E-3	1.184464E-3
9.550000E-3	1.837015E-3
9.555000E-3	2.404571E-3
9.560000E-3	2.625287E-3
9.565000E-3	2.888501E-3
9.570000E-3	3.272355E-3
9.575000E-3	3.711045E-3
9.580000E-3	3.816605E-3
9.585000E-3	3.854990E-3
9.590000E-3	3.661692E-3
9.595000E-3	3.401220E-3
9.600000E-3	2.803504E-3
9.605000E-3	2.248287E-3
9.610000E-3	1.712263E-3
9.615000E-3	1.313329E-3
9.620000E-3	1.200914E-3
9.625000E-3	1.376390E-3
9.630000E-3	1.577914E-3
9.635000E-3	2.068698E-3
9.640000E-3	2.445698E-3
9.645000E-3	2.504647E-3
9.650000E-3	2.573192E-3
9.655000E-3	2.796650E-3
9.660000E-3	3.185987E-3
9.665000E-3	3.528714E-3
9.670000E-3	3.742576E-3
9.675000E-3	3.324449E-3
9.680000E-3	2.660930E-3
9.685000E-3	1.672506E-3
9.690000E-3	5.044937E-4
9.695000E-3	-6.196499E-4
9.700000E-3	-1.329780E-3
9.705000E-3	-1.795888E-3
9.710000E-3	-1.874030E-3
9.715000E-3	-1.710892E-3
9.720000E-3	-1.221478E-3
9.725000E-3	-9.431839E-4
9.730000E-3	-6.059408E-4
9.735000E-3	-4.784465E-4
9.740000E-3	-3.879666E-4
9.745000E-3	-6.717443E-5
9.750000E-3	3.715158E-4
9.755000E-3	1.033664E-3
9.760000E-3	1.369536E-3
9.765000E-3	1.628637E-3
9.770000E-3	1.555979E-3
9.775000E-3	1.427114E-3
9.780000E-3	9.500384E-4
9.785000E-3	7.210970E-4
9.790000E-3	5.442500E-4
9.795000E-3	6.333590E-4
9.800000E-3	9.157658E-4
9.805000E-3	1.129627E-3
9.810000E-3	1.287282E-3
9.815000E-3	1.083016E-3
9.820000E-3	8.252859E-4
9.825000E-3	5.524755E-4
9.830000E-3	3.564358E-5
9.835000E-3	2.056360E-5
9.840000E-3	3.632903E-4
9.845000E-3	1.251638E-3
9.850000E-3	2.192080E-3
9.855000E-3	2.970755E-3
9.860000E-3	3.401220E-3
9.865000E-3	3.872812E-3
9.870000E-3	4.151106E-3
9.875000E-3	3.852248E-3
9.880000E-3	3.298402E-3
9.885000E-3	2.489567E-3
9.890000E-3	1.769841E-3
9.895000E-3	1.259863E-3
9.900000E-3	5.881190E-4
9.905000E-3	-1.699924E-4
9.910000E-3	-8.869767E-4
9.915000E-3	-1.458645E-3
9.920000E-3	-1.487434E-3
9.925000E-3	-1.464128E-3
9.930000E-3	-9.390712E-4
9.935000E-3	-2.248287E-4
9.940000E-3	1.576543E-4
9.945000E-3	2.357960E-4
9.950000E-3	4.359484E-4
9.955000E-3	5.579591E-4
9.960000E-3	7.046461E-4
9.965000E-3	4.592538E-4
9.970000E-3	3.865957E-4
9.975000E-3	-6.854534E-6
9.980000E-3	-4.099011E-4
9.985000E-3	-8.581877E-4
9.990000E-3	-1.124144E-3
9.995000E-3	-1.111805E-3
