0.000000E+0	-9.279668E-3
5.000000E-6	-9.345472E-3
1.000000E-5	-9.401679E-3
1.500000E-5	-9.294748E-3
2.000000E-5	-9.198785E-3
2.500000E-5	-9.042501E-3
3.000000E-5	-9.190559E-3
3.500000E-5	-9.345472E-3
4.000000E-5	-9.392083E-3
4.500000E-5	-9.389341E-3
5.000000E-5	-9.211123E-3
5.500000E-5	-9.179592E-3
6.000000E-5	-9.241283E-3
6.500000E-5	-9.180963E-3
7.000000E-5	-9.286523E-3
7.500000E-5	-9.398937E-3
8.000000E-5	-9.370148E-3
8.500000E-5	-9.366035E-3
9.000000E-5	-9.371519E-3
9.500000E-5	-9.490788E-3
1.000000E-4	-9.448290E-3
1.050000E-4	-9.196043E-3
1.100000E-4	-9.244025E-3
1.150000E-4	-9.378374E-3
1.200000E-4	-9.433210E-3
1.250000E-4	-9.512722E-3
1.300000E-4	-9.570301E-3
1.350000E-4	-9.313941E-3
1.400000E-4	-9.196043E-3
1.450000E-4	-9.320796E-3
1.500000E-4	-9.285152E-3
1.550000E-4	-9.356439E-3
1.600000E-4	-9.355068E-3
1.650000E-4	-9.392083E-3
1.700000E-4	-9.356439E-3
1.750000E-4	-9.207010E-3
1.800000E-4	-9.257734E-3
1.850000E-4	-9.415388E-3
1.900000E-4	-9.337246E-3
1.950000E-4	-9.319425E-3
2.000000E-4	-9.320796E-3
2.050000E-4	-9.364665E-3
2.100000E-4	-9.385228E-3
2.150000E-4	-9.267330E-3
2.200000E-4	-9.233057E-3
2.250000E-4	-9.167254E-3
2.300000E-4	-9.352326E-3
2.350000E-4	-9.481192E-3
2.400000E-4	-9.408534E-3
2.450000E-4	-9.256363E-3
2.500000E-4	-9.235799E-3
2.550000E-4	-9.359181E-3
2.600000E-4	-9.355068E-3
2.650000E-4	-9.308457E-3
2.700000E-4	-9.437323E-3
2.750000E-4	-9.265959E-3
2.800000E-4	-9.320796E-3
2.850000E-4	-9.198785E-3
2.900000E-4	-9.212494E-3
2.950000E-4	-9.167254E-3
3.000000E-4	-9.154916E-3
3.050000E-4	-8.998632E-3
3.100000E-4	-9.235799E-3
3.150000E-4	-9.223461E-3
3.200000E-4	-9.300232E-3
3.250000E-4	-9.414017E-3
3.300000E-4	-9.409904E-3
3.350000E-4	-9.235799E-3
3.400000E-4	-9.167254E-3
3.450000E-4	-9.297490E-3
3.500000E-4	-9.323537E-3
3.550000E-4	-9.246767E-3
3.600000E-4	-9.253621E-3
3.650000E-4	-9.289265E-3
3.700000E-4	-9.019196E-3
3.750000E-4	-9.146690E-3
3.800000E-4	-9.202898E-3
3.850000E-4	-9.263217E-3
3.900000E-4	-9.301603E-3
3.950000E-4	-9.275556E-3
4.000000E-4	-8.967102E-3
4.050000E-4	-8.902669E-3
4.100000E-4	-9.175479E-3
4.150000E-4	-9.187818E-3
4.200000E-4	-9.223461E-3
4.250000E-4	-9.519577E-3
4.300000E-4	-9.516835E-3
4.350000E-4	-9.238541E-3
4.400000E-4	-9.371519E-3
4.450000E-4	-9.312570E-3
4.500000E-4	-9.270072E-3
4.550000E-4	-9.200156E-3
4.600000E-4	-9.233057E-3
4.650000E-4	-9.356439E-3
4.700000E-4	-9.219348E-3
4.750000E-4	-9.312570E-3
4.800000E-4	-9.222090E-3
4.850000E-4	-9.371519E-3
4.900000E-4	-9.313941E-3
4.950000E-4	-9.316683E-3
5.000000E-4	-9.397566E-3
5.050000E-4	-9.315312E-3
5.100000E-4	-9.426355E-3
5.150000E-4	-9.250879E-3
5.200000E-4	-9.142578E-3
5.250000E-4	-9.012341E-3
5.300000E-4	-9.219348E-3
5.350000E-4	-9.241283E-3
5.400000E-4	-9.375632E-3
5.450000E-4	-9.164512E-3
5.500000E-4	-9.216607E-3
5.550000E-4	-9.242654E-3
5.600000E-4	-9.234428E-3
5.650000E-4	-9.071290E-3
5.700000E-4	-9.089112E-3
5.750000E-4	-9.194672E-3
5.800000E-4	-9.278297E-3
5.850000E-4	-9.211123E-3
5.900000E-4	-9.141207E-3
5.950000E-4	-9.111047E-3
6.000000E-4	-9.302974E-3
6.050000E-4	-9.312570E-3
6.100000E-4	-9.453773E-3
6.150000E-4	-9.196043E-3
6.200000E-4	-9.331763E-3
6.250000E-4	-9.272814E-3
6.300000E-4	-9.239912E-3
6.350000E-4	-9.415388E-3
6.400000E-4	-9.319425E-3
6.450000E-4	-9.357810E-3
6.500000E-4	-9.279668E-3
6.550000E-4	-9.397566E-3
6.600000E-4	-9.363294E-3
6.650000E-4	-9.359181E-3
6.700000E-4	-9.124756E-3
6.750000E-4	-9.102821E-3
6.800000E-4	-9.200156E-3
6.850000E-4	-9.219348E-3
6.900000E-4	-9.130239E-3
6.950000E-4	-9.191930E-3
7.000000E-4	-9.227574E-3
7.050000E-4	-9.150803E-3
7.100000E-4	-9.023309E-3
7.150000E-4	-9.030163E-3
7.200000E-4	-9.165883E-3
7.250000E-4	-9.339988E-3
7.300000E-4	-9.311199E-3
7.350000E-4	-9.208381E-3
7.400000E-4	-9.216607E-3
7.450000E-4	-9.253621E-3
7.500000E-4	-9.264588E-3
7.550000E-4	-9.301603E-3
7.600000E-4	-9.464741E-3
7.650000E-4	-9.385228E-3
7.700000E-4	-9.331763E-3
7.750000E-4	-9.226203E-3
7.800000E-4	-9.334505E-3
7.850000E-4	-9.143949E-3
7.900000E-4	-9.230316E-3
7.950000E-4	-9.363294E-3
8.000000E-4	-9.265959E-3
8.050000E-4	-9.167254E-3
8.100000E-4	-9.419501E-3
8.150000E-4	-9.345472E-3
8.200000E-4	-9.108305E-3
8.250000E-4	-9.149432E-3
8.300000E-4	-9.392083E-3
8.350000E-4	-9.482563E-3
8.400000E-4	-9.300232E-3
8.450000E-4	-9.145319E-3
8.500000E-4	-9.265959E-3
8.550000E-4	-9.272814E-3
8.600000E-4	-9.244025E-3
8.650000E-4	-9.178221E-3
8.700000E-4	-9.293377E-3
8.750000E-4	-9.329021E-3
8.800000E-4	-9.298861E-3
8.850000E-4	-9.185076E-3
8.900000E-4	-9.043872E-3
8.950000E-4	-9.194672E-3
9.000000E-4	-9.324908E-3
9.050000E-4	-9.390712E-3
9.100000E-4	-9.323537E-3
9.150000E-4	-9.241283E-3
9.200000E-4	-9.060323E-3
9.250000E-4	-9.139836E-3
9.300000E-4	-9.226203E-3
9.350000E-4	-9.385228E-3
9.400000E-4	-9.481192E-3
9.450000E-4	-9.467483E-3
9.500000E-4	-9.385228E-3
9.550000E-4	-9.111047E-3
9.600000E-4	-9.086370E-3
9.650000E-4	-9.194672E-3
9.700000E-4	-9.335876E-3
9.750000E-4	-9.311199E-3
9.800000E-4	-9.254992E-3
9.850000E-4	-9.252250E-3
9.900000E-4	-9.148061E-3
9.950000E-4	-9.091854E-3
1.000000E-3	-9.191930E-3
1.005000E-3	-9.246767E-3
1.010000E-3	-9.448290E-3
1.015000E-3	-9.205639E-3
1.020000E-3	-9.117901E-3
1.025000E-3	-9.227574E-3
1.030000E-3	-9.161770E-3
1.035000E-3	-9.217978E-3
1.040000E-3	-9.248137E-3
1.045000E-3	-9.341359E-3
1.050000E-3	-9.440064E-3
1.055000E-3	-9.479821E-3
1.060000E-3	-9.525061E-3
1.065000E-3	-9.316683E-3
1.070000E-3	-9.286523E-3
1.075000E-3	-9.259105E-3
1.080000E-3	-9.290636E-3
1.085000E-3	-9.345472E-3
1.090000E-3	-9.481192E-3
1.095000E-3	-9.364665E-3
1.100000E-3	-9.307086E-3
1.105000E-3	-9.326279E-3
1.110000E-3	-9.312570E-3
1.115000E-3	-9.364665E-3
1.120000E-3	-9.226203E-3
1.125000E-3	-9.233057E-3
1.130000E-3	-9.292006E-3
1.135000E-3	-9.359181E-3
1.140000E-3	-9.227574E-3
1.145000E-3	-9.270072E-3
1.150000E-3	-9.259105E-3
1.155000E-3	-9.122014E-3
1.160000E-3	-9.111047E-3
1.165000E-3	-9.324908E-3
1.170000E-3	-9.216607E-3
1.175000E-3	-9.234428E-3
1.180000E-3	-9.279668E-3
1.185000E-3	-9.448290E-3
1.190000E-3	-9.349585E-3
1.195000E-3	-9.161770E-3
1.200000E-3	-9.186447E-3
1.205000E-3	-9.392083E-3
1.210000E-3	-9.204268E-3
1.215000E-3	-9.102821E-3
1.220000E-3	-9.252250E-3
1.225000E-3	-9.265959E-3
1.230000E-3	-9.374261E-3
1.235000E-3	-9.382486E-3
1.240000E-3	-9.235799E-3
1.245000E-3	-9.412646E-3
1.250000E-3	-9.471595E-3
1.255000E-3	-9.557962E-3
1.260000E-3	-9.549737E-3
1.265000E-3	-9.490788E-3
1.270000E-3	-9.287894E-3
1.275000E-3	-9.315312E-3
1.280000E-3	-9.265959E-3
1.285000E-3	-9.234428E-3
1.290000E-3	-9.301603E-3
1.295000E-3	-9.102821E-3
1.300000E-3	-9.159029E-3
1.305000E-3	-9.131610E-3
1.310000E-3	-9.239912E-3
1.315000E-3	-9.182334E-3
1.320000E-3	-9.267330E-3
1.325000E-3	-9.235799E-3
1.330000E-3	-9.254992E-3
1.335000E-3	-9.289265E-3
1.340000E-3	-9.312570E-3
1.345000E-3	-9.219348E-3
1.350000E-3	-9.134352E-3
1.355000E-3	-9.027421E-3
1.360000E-3	-9.172738E-3
1.365000E-3	-9.182334E-3
1.370000E-3	-9.052098E-3
1.375000E-3	-9.408534E-3
1.380000E-3	-9.290636E-3
1.385000E-3	-9.222090E-3
1.390000E-3	-9.113789E-3
1.395000E-3	-8.990407E-3
1.400000E-3	-9.201527E-3
1.405000E-3	-9.289265E-3
1.410000E-3	-9.308457E-3
1.415000E-3	-9.263217E-3
1.420000E-3	-9.311199E-3
1.425000E-3	-9.279668E-3
1.430000E-3	-9.227574E-3
1.435000E-3	-9.272814E-3
1.440000E-3	-9.414017E-3
1.445000E-3	-9.322166E-3
1.450000E-3	-9.324908E-3
1.455000E-3	-9.292006E-3
1.460000E-3	-9.390712E-3
1.465000E-3	-9.182334E-3
1.470000E-3	-9.043872E-3
1.475000E-3	-8.971214E-3
1.480000E-3	-9.160399E-3
1.485000E-3	-9.263217E-3
1.490000E-3	-9.272814E-3
1.495000E-3	-9.163141E-3
1.500000E-3	-9.313941E-3
1.505000E-3	-9.248137E-3
1.510000E-3	-9.157658E-3
1.515000E-3	-9.196043E-3
1.520000E-3	-9.161770E-3
1.525000E-3	-9.027421E-3
1.530000E-3	-9.156287E-3
1.535000E-3	-9.279668E-3
1.540000E-3	-9.330392E-3
1.545000E-3	-9.164512E-3
1.550000E-3	-9.186447E-3
1.555000E-3	-9.163141E-3
1.560000E-3	-9.308457E-3
1.565000E-3	-9.286523E-3
1.570000E-3	-9.196043E-3
1.575000E-3	-9.135723E-3
1.580000E-3	-9.115160E-3
1.585000E-3	-9.267330E-3
1.590000E-3	-9.437323E-3
1.595000E-3	-9.242654E-3
1.600000E-3	-9.139836E-3
1.605000E-3	-8.952022E-3
1.610000E-3	-9.049356E-3
1.615000E-3	-9.233057E-3
1.620000E-3	-9.223461E-3
1.625000E-3	-9.230316E-3
1.630000E-3	-9.024680E-3
1.635000E-3	-9.154916E-3
1.640000E-3	-9.101450E-3
1.645000E-3	-9.335876E-3
1.650000E-3	-9.300232E-3
1.655000E-3	-9.239912E-3
1.660000E-3	-9.037018E-3
1.665000E-3	-9.034276E-3
1.670000E-3	-9.216607E-3
1.675000E-3	-9.338617E-3
1.680000E-3	-9.138465E-3
1.685000E-3	-9.366035E-3
1.690000E-3	-9.274185E-3
1.695000E-3	-9.283781E-3
1.700000E-3	-9.356439E-3
1.705000E-3	-9.075403E-3
1.710000E-3	-9.016454E-3
1.715000E-3	-9.212494E-3
1.720000E-3	-9.168625E-3
1.725000E-3	-9.233057E-3
1.730000E-3	-9.409904E-3
1.735000E-3	-9.607315E-3
1.740000E-3	-9.455144E-3
1.745000E-3	-9.320796E-3
1.750000E-3	-9.301603E-3
1.755000E-3	-9.196043E-3
1.760000E-3	-9.208381E-3
1.765000E-3	-9.083629E-3
1.770000E-3	-9.180963E-3
1.775000E-3	-9.045243E-3
1.780000E-3	-9.248137E-3
1.785000E-3	-9.372890E-3
1.790000E-3	-9.367406E-3
1.795000E-3	-9.422243E-3
1.800000E-3	-9.475708E-3
1.805000E-3	-9.191930E-3
1.810000E-3	-9.143949E-3
1.815000E-3	-9.168625E-3
1.820000E-3	-9.204268E-3
1.825000E-3	-9.283781E-3
1.830000E-3	-9.281039E-3
1.835000E-3	-9.442806E-3
1.840000E-3	-9.422243E-3
1.845000E-3	-9.393454E-3
1.850000E-3	-9.134352E-3
1.855000E-3	-9.223461E-3
1.860000E-3	-9.341359E-3
1.865000E-3	-9.238541E-3
1.870000E-3	-9.202898E-3
1.875000E-3	-9.368777E-3
1.880000E-3	-9.338617E-3
1.885000E-3	-9.324908E-3
1.890000E-3	-9.315312E-3
1.895000E-3	-9.246767E-3
1.900000E-3	-9.153545E-3
1.905000E-3	-9.289265E-3
1.910000E-3	-9.289265E-3
1.915000E-3	-9.368777E-3
1.920000E-3	-9.290636E-3
1.925000E-3	-9.414017E-3
1.930000E-3	-9.131610E-3
1.935000E-3	-9.090483E-3
1.940000E-3	-9.213865E-3
1.945000E-3	-9.208381E-3
1.950000E-3	-9.156287E-3
1.955000E-3	-9.265959E-3
1.960000E-3	-9.127498E-3
1.965000E-3	-9.117901E-3
1.970000E-3	-9.156287E-3
1.975000E-3	-9.201527E-3
1.980000E-3	-9.342730E-3
1.985000E-3	-9.153545E-3
1.990000E-3	-9.230316E-3
1.995000E-3	-9.193301E-3
2.000000E-3	-9.350955E-3
2.005000E-3	-9.248137E-3
2.010000E-3	-9.383857E-3
2.015000E-3	-9.350955E-3
2.020000E-3	-9.265959E-3
2.025000E-3	-9.026051E-3
2.030000E-3	-9.104192E-3
2.035000E-3	-9.134352E-3
2.040000E-3	-9.116530E-3
2.045000E-3	-9.204268E-3
2.050000E-3	-9.296119E-3
2.055000E-3	-9.337246E-3
2.060000E-3	-9.353697E-3
2.065000E-3	-9.381115E-3
2.070000E-3	-9.275556E-3
2.075000E-3	-9.420872E-3
2.080000E-3	-9.397566E-3
2.085000E-3	-9.287894E-3
2.090000E-3	-9.116530E-3
2.095000E-3	-9.211123E-3
2.100000E-3	-9.257734E-3
2.105000E-3	-9.183705E-3
2.110000E-3	-9.115160E-3
2.115000E-3	-9.228945E-3
2.120000E-3	-9.252250E-3
2.125000E-3	-9.352326E-3
2.130000E-3	-9.131610E-3
2.135000E-3	-9.169996E-3
2.140000E-3	-9.165883E-3
2.145000E-3	-9.390712E-3
2.150000E-3	-9.363294E-3
2.155000E-3	-9.305716E-3
2.160000E-3	-9.333134E-3
2.165000E-3	-9.302974E-3
2.170000E-3	-9.102821E-3
2.175000E-3	-9.268701E-3
2.180000E-3	-9.327650E-3
2.185000E-3	-9.356439E-3
2.190000E-3	-9.290636E-3
2.195000E-3	-9.146690E-3
2.200000E-3	-9.217978E-3
2.205000E-3	-9.163141E-3
2.210000E-3	-9.217978E-3
2.215000E-3	-9.068549E-3
2.220000E-3	-8.995891E-3
2.225000E-3	-9.176850E-3
2.230000E-3	-9.324908E-3
2.235000E-3	-9.190559E-3
2.240000E-3	-9.209752E-3
2.245000E-3	-9.061694E-3
2.250000E-3	-9.311199E-3
2.255000E-3	-9.327650E-3
2.260000E-3	-9.482563E-3
2.265000E-3	-9.359181E-3
2.270000E-3	-9.124756E-3
2.275000E-3	-9.193301E-3
2.280000E-3	-9.145319E-3
2.285000E-3	-9.190559E-3
2.290000E-3	-9.139836E-3
2.295000E-3	-9.200156E-3
2.300000E-3	-9.233057E-3
2.305000E-3	-9.182334E-3
2.310000E-3	-9.293377E-3
2.315000E-3	-9.230316E-3
2.320000E-3	-9.370148E-3
2.325000E-3	-9.386599E-3
2.330000E-3	-9.401679E-3
2.335000E-3	-9.226203E-3
2.340000E-3	-9.146690E-3
2.345000E-3	-9.228945E-3
2.350000E-3	-9.134352E-3
2.355000E-3	-9.264588E-3
2.360000E-3	-9.311199E-3
2.365000E-3	-9.265959E-3
2.370000E-3	-9.060323E-3
2.375000E-3	-9.279668E-3
2.380000E-3	-9.308457E-3
2.385000E-3	-9.267330E-3
2.390000E-3	-9.082258E-3
2.395000E-3	-8.946538E-3
2.400000E-3	-9.046614E-3
2.405000E-3	-9.186447E-3
2.410000E-3	-9.198785E-3
2.415000E-3	-9.061694E-3
2.420000E-3	-9.094596E-3
2.425000E-3	-9.202898E-3
2.430000E-3	-9.058952E-3
2.435000E-3	-9.279668E-3
2.440000E-3	-9.102821E-3
2.445000E-3	-9.467483E-3
2.450000E-3	-8.886218E-3
2.455000E-3	-9.755373E-3
2.460000E-3	-2.255142E-3
2.465000E-3	-1.446718E-2
2.470000E-3	-1.103128E-1
2.475000E-3	-3.554748E-1
2.480000E-3	-4.701648E-1
2.485000E-3	-3.550032E-1
2.490000E-3	-3.278825E-1
2.495000E-3	-4.075843E-2
2.500000E-3	5.926458E-1
2.505000E-3	1.156941E+0
2.510000E-3	9.249289E-1
2.515000E-3	-2.179166E-1
2.520000E-3	-1.179940E-1
2.525000E-3	7.802516E-2
2.530000E-3	-2.323632E-1
2.535000E-3	3.075136E-1
2.540000E-3	1.184080E-1
2.545000E-3	-4.668815E-1
2.550000E-3	1.912004E-2
2.555000E-3	-1.547466E-1
2.560000E-3	-7.279474E-1
2.565000E-3	-1.315673E-1
2.570000E-3	1.119853E-1
2.575000E-3	-5.767693E-1
2.580000E-3	-4.694533E-2
2.585000E-3	4.323347E-1
2.590000E-3	-3.415477E-1
2.595000E-3	-6.962836E-2
2.600000E-3	4.485826E-1
2.605000E-3	-4.847938E-2
2.610000E-3	9.228122E-2
2.615000E-3	4.508159E-1
2.620000E-3	-7.162029E-2
2.625000E-3	7.402897E-5
2.630000E-3	3.911814E-1
2.635000E-3	-7.786340E-2
2.640000E-3	-2.908105E-1
2.645000E-3	1.107597E-1
2.650000E-3	-3.865957E-2
2.655000E-3	-2.991332E-1
2.660000E-3	7.814443E-2
2.665000E-3	3.613710E-2
2.670000E-3	-3.100347E-1
2.675000E-3	-6.391853E-2
2.680000E-3	1.183504E-2
2.685000E-3	-2.524237E-1
2.690000E-3	8.568168E-4
2.695000E-3	9.455419E-2
2.700000E-3	-1.335962E-1
2.705000E-3	1.552593E-1
2.710000E-3	2.729599E-1
2.715000E-3	-7.064283E-3
2.720000E-3	9.796637E-2
2.725000E-3	1.487461E-1
2.730000E-3	-1.469571E-1
2.735000E-3	-1.426566E-2
2.740000E-3	5.432904E-2
2.745000E-3	-2.293733E-1
2.750000E-3	-4.696316E-2
2.755000E-3	1.130011E-1
2.760000E-3	-1.136331E-1
2.765000E-3	-7.200962E-2
2.770000E-3	4.907846E-2
2.775000E-3	-1.156771E-1
2.780000E-3	-1.428471E-1
2.785000E-3	6.541145E-2
2.790000E-3	-3.275919E-2
2.795000E-3	-8.368427E-2
2.800000E-3	1.390223E-1
2.805000E-3	7.221800E-2
2.810000E-3	-3.070968E-2
2.815000E-3	1.322130E-1
2.820000E-3	1.097808E-1
2.825000E-3	-5.182987E-2
2.830000E-3	5.361617E-3
2.835000E-3	3.095782E-2
2.840000E-3	-5.045623E-2
2.845000E-3	1.660442E-2
2.850000E-3	4.402941E-2
2.855000E-3	-1.056544E-1
2.860000E-3	-1.094957E-1
2.865000E-3	-4.868090E-2
2.870000E-3	-1.138785E-1
2.875000E-3	-8.884436E-2
2.880000E-3	-5.676925E-3
2.885000E-3	-4.502881E-2
2.890000E-3	-1.496071E-2
2.895000E-3	4.612690E-2
2.900000E-3	-3.346384E-2
2.905000E-3	1.967251E-3
2.910000E-3	1.282785E-1
2.915000E-3	6.867284E-2
2.920000E-3	1.209688E-2
2.925000E-3	5.210954E-2
2.930000E-3	1.160747E-2
2.935000E-3	-2.471882E-2
2.940000E-3	-2.704114E-2
2.945000E-3	-6.309462E-2
2.950000E-3	-8.699363E-2
2.955000E-3	-8.035296E-2
2.960000E-3	-8.557749E-2
2.965000E-3	-3.847176E-2
2.970000E-3	3.697062E-2
2.975000E-3	2.307922E-2
2.980000E-3	-2.442682E-2
2.985000E-3	1.775461E-2
2.990000E-3	2.677244E-2
2.995000E-3	-1.163900E-2
3.000000E-3	-1.157045E-3
3.005000E-3	9.067178E-3
3.010000E-3	1.677442E-2
3.015000E-3	4.756224E-2
3.020000E-3	4.680824E-2
3.025000E-3	5.154335E-2
3.030000E-3	8.496058E-2
3.035000E-3	5.128562E-2
3.040000E-3	-5.496788E-2
3.045000E-3	-1.233172E-1
3.050000E-3	-1.190934E-1
3.055000E-3	-7.732189E-2
3.060000E-3	-4.151654E-2
3.065000E-3	-5.280459E-2
3.070000E-3	-6.236255E-2
3.075000E-3	-2.689308E-2
3.080000E-3	8.198023E-4
3.085000E-3	-1.565987E-2
3.090000E-3	2.063215E-3
3.095000E-3	5.314457E-2
3.100000E-3	3.548867E-2
3.105000E-3	3.387511E-3
3.110000E-3	1.047510E-2
3.115000E-3	4.772127E-3
3.120000E-3	4.325211E-3
3.125000E-3	3.857183E-2
3.130000E-3	5.442500E-2
3.135000E-3	2.458447E-2
3.140000E-3	-1.769018E-2
3.145000E-3	-6.932676E-2
3.150000E-3	-1.017158E-1
3.155000E-3	-7.890391E-2
3.160000E-3	-3.391075E-2
3.165000E-3	2.103931E-2
3.170000E-3	6.177717E-2
3.175000E-3	3.933817E-2
3.180000E-3	-7.293224E-4
3.185000E-3	-2.043337E-2
3.190000E-3	-5.882835E-2
3.195000E-3	-6.920749E-2
3.200000E-3	-2.955675E-2
3.205000E-3	-1.382971E-2
3.210000E-3	-2.438843E-2
3.215000E-3	-1.175278E-2
3.220000E-3	-3.192842E-3
3.225000E-3	-5.354762E-3
3.230000E-3	2.581418E-2
3.235000E-3	2.805972E-2
3.240000E-3	-8.246005E-3
3.245000E-3	8.225441E-4
3.250000E-3	1.728576E-2
3.255000E-3	9.834886E-3
3.260000E-3	3.079057E-2
3.265000E-3	3.018326E-2
3.270000E-3	-8.601069E-3
3.275000E-3	-1.901585E-2
3.280000E-3	-2.082956E-2
3.285000E-3	-6.115341E-2
3.290000E-3	-7.800323E-2
3.295000E-3	-5.955082E-2
3.300000E-3	-6.038845E-2
3.305000E-3	-2.322179E-2
3.310000E-3	4.382652E-2
3.315000E-3	4.288608E-2
3.320000E-3	2.470648E-2
3.325000E-3	3.483063E-2
3.330000E-3	2.424586E-2
3.335000E-3	-2.160549E-3
3.340000E-3	8.129478E-4
3.345000E-3	-5.336940E-3
3.350000E-3	-2.887952E-2
3.355000E-3	-3.095919E-2
3.360000E-3	-5.245638E-2
3.365000E-3	-5.902988E-2
3.370000E-3	-1.981097E-2
3.375000E-3	-9.228945E-3
3.380000E-3	-2.831608E-2
3.385000E-3	-2.445149E-2
3.390000E-3	-1.356101E-2
3.395000E-3	-1.288241E-2
3.400000E-3	-6.014168E-3
3.405000E-3	2.418280E-3
3.410000E-3	4.785836E-3
3.415000E-3	1.744890E-2
3.420000E-3	2.018934E-2
3.425000E-3	-1.077533E-3
3.430000E-3	-2.161372E-2
3.435000E-3	-2.349186E-2
3.440000E-3	-7.620871E-3
3.445000E-3	1.965469E-2
3.450000E-3	4.207039E-2
3.455000E-3	2.375233E-2
3.460000E-3	-1.650709E-2
3.465000E-3	-3.586155E-2
3.470000E-3	-2.952111E-2
3.475000E-3	-2.792263E-2
3.480000E-3	-2.525210E-2
3.485000E-3	-1.102072E-2
3.490000E-3	-6.095052E-3
3.495000E-3	-2.095294E-2
3.500000E-3	-3.427815E-2
3.505000E-3	-3.009140E-2
3.510000E-3	-1.162255E-2
3.515000E-3	1.329780E-2
3.520000E-3	1.356512E-2
3.525000E-3	-1.867038E-2
3.530000E-3	-3.950816E-2
3.535000E-3	-5.778235E-2
3.540000E-3	-8.407086E-2
3.545000E-3	-6.100535E-2
3.550000E-3	-1.213115E-2
3.555000E-3	2.075005E-2
3.560000E-3	6.336194E-2
3.565000E-3	1.282826E-1
3.570000E-3	1.095738E-1
3.575000E-3	2.302438E-2
3.580000E-3	7.334352E-3
3.585000E-3	1.764357E-3
3.590000E-3	-2.671897E-2
3.595000E-3	-1.422864E-2
3.600000E-3	-3.066856E-2
3.605000E-3	-7.562745E-2
3.610000E-3	-6.139606E-2
3.615000E-3	-3.965348E-2
3.620000E-3	-5.862409E-2
3.625000E-3	-3.775889E-2
3.630000E-3	-2.448440E-3
3.635000E-3	-2.980077E-2
3.640000E-3	-3.576422E-2
3.645000E-3	-1.355416E-2
3.650000E-3	-2.129704E-2
3.655000E-3	-1.228744E-2
3.660000E-3	1.493329E-2
3.665000E-3	9.738922E-3
3.670000E-3	5.901754E-3
3.675000E-3	8.377612E-3
3.680000E-3	-1.133877E-2
3.685000E-3	-6.362379E-3
3.690000E-3	3.593969E-2
3.695000E-3	4.294091E-2
3.700000E-3	1.504433E-2
3.705000E-3	1.117700E-2
3.710000E-3	9.826660E-3
3.715000E-3	-6.685913E-3
3.720000E-3	-1.775461E-2
3.725000E-3	-3.006399E-2
3.730000E-3	-5.034518E-2
3.735000E-3	-5.313635E-2
3.740000E-3	-4.396361E-2
3.745000E-3	-4.517275E-2
3.750000E-3	-3.786719E-2
3.755000E-3	-3.251791E-2
3.760000E-3	-3.071928E-2
3.765000E-3	-9.135723E-3
3.770000E-3	1.426017E-2
3.775000E-3	2.524251E-2
3.780000E-3	3.945196E-2
3.785000E-3	3.753954E-2
3.790000E-3	5.653620E-3
3.795000E-3	-1.190907E-2
3.800000E-3	-7.417977E-3
3.805000E-3	-5.491853E-3
3.810000E-3	4.369080E-3
3.815000E-3	1.626581E-2
3.820000E-3	8.701146E-3
3.825000E-3	2.961159E-3
3.830000E-3	2.678752E-3
3.835000E-3	-1.436299E-2
3.840000E-3	-2.115309E-2
3.845000E-3	-1.599985E-2
3.850000E-3	-3.308958E-2
3.855000E-3	-4.733193E-2
3.860000E-3	-2.959239E-2
3.865000E-3	-2.228683E-2
3.870000E-3	-3.365988E-2
3.875000E-3	-2.290511E-2
3.880000E-3	-2.394563E-2
3.885000E-3	-4.743201E-2
3.890000E-3	-3.567785E-2
3.895000E-3	-9.300232E-3
3.900000E-3	-2.297640E-3
3.905000E-3	1.729536E-2
3.910000E-3	4.125744E-2
3.915000E-3	3.366536E-2
3.920000E-3	1.133877E-2
3.925000E-3	-7.694900E-3
3.930000E-3	-2.685881E-2
3.935000E-3	-2.717137E-2
3.940000E-3	-1.775324E-2
3.945000E-3	-1.720077E-2
3.950000E-3	-1.477152E-2
3.955000E-3	-1.233542E-2
3.960000E-3	-1.236284E-2
3.965000E-3	-1.056558E-2
3.970000E-3	-1.567495E-2
3.975000E-3	-1.969033E-2
3.980000E-3	-8.717597E-3
3.985000E-3	4.722774E-3
3.990000E-3	8.387208E-3
3.995000E-3	1.376528E-2
4.000000E-3	1.447266E-2
4.005000E-3	-3.811121E-4
4.010000E-3	-7.737398E-3
4.015000E-3	-5.816758E-3
4.020000E-3	-1.223809E-2
4.025000E-3	-2.192491E-2
4.030000E-3	-2.925515E-2
4.035000E-3	-3.226566E-2
4.040000E-3	-2.059513E-2
4.045000E-3	-3.972888E-3
4.050000E-3	2.293527E-3
4.055000E-3	8.203506E-3
4.060000E-3	1.561189E-2
4.065000E-3	2.039909E-3
4.070000E-3	-1.181173E-2
4.075000E-3	-4.354000E-3
4.080000E-3	-7.348061E-3
4.085000E-3	-1.536787E-2
4.090000E-3	-4.467785E-3
4.095000E-3	-3.970146E-3
4.100000E-3	-2.280366E-2
4.105000E-3	-2.723581E-2
4.110000E-3	-1.909399E-2
4.115000E-3	-1.580518E-2
4.120000E-3	-1.270419E-2
4.125000E-3	-2.365637E-2
4.130000E-3	-5.063856E-2
4.135000E-3	-4.882896E-2
4.140000E-3	-2.116132E-2
4.145000E-3	-5.112112E-3
4.150000E-3	1.000899E-2
4.155000E-3	2.268851E-2
4.160000E-3	1.573801E-2
4.165000E-3	5.349278E-3
4.170000E-3	2.257884E-3
4.175000E-3	-4.262149E-3
4.180000E-3	-1.020229E-2
4.185000E-3	-8.754611E-3
4.190000E-3	-5.787969E-3
4.195000E-3	-7.951260E-5
4.200000E-3	7.530391E-3
4.205000E-3	2.394974E-3
4.210000E-3	-1.311135E-2
4.215000E-3	-2.322865E-2
4.220000E-3	-2.591699E-2
4.225000E-3	-2.246368E-2
4.230000E-3	-1.512384E-2
4.235000E-3	-1.216817E-2
4.240000E-3	-2.189749E-2
4.245000E-3	-2.956498E-2
4.250000E-3	-2.028942E-2
4.255000E-3	-6.066263E-3
4.260000E-3	2.695203E-3
4.265000E-3	7.822394E-3
4.270000E-3	1.221341E-2
4.275000E-3	1.334989E-2
4.280000E-3	1.201051E-2
4.285000E-3	1.515949E-2
4.290000E-3	1.574212E-2
4.295000E-3	6.215692E-3
4.300000E-3	-4.778981E-3
4.305000E-3	-9.800613E-3
4.310000E-3	-1.372963E-2
4.315000E-3	-2.385104E-2
4.320000E-3	-3.299224E-2
4.325000E-3	-3.310877E-2
4.330000E-3	-3.083307E-2
4.335000E-3	-2.884251E-2
4.340000E-3	-2.371532E-2
4.345000E-3	-1.683199E-2
4.350000E-3	-1.450831E-2
4.355000E-3	-1.599848E-2
4.360000E-3	-1.474822E-2
4.365000E-3	-1.024753E-2
4.370000E-3	-2.848744E-3
4.375000E-3	2.911806E-3
4.380000E-3	5.442500E-3
4.385000E-3	1.190358E-2
4.390000E-3	1.566124E-2
4.395000E-3	8.084238E-3
4.400000E-3	-7.896423E-4
4.405000E-3	-6.585836E-3
4.410000E-3	-1.673877E-2
4.415000E-3	-2.918524E-2
4.420000E-3	-3.439742E-2
4.425000E-3	-3.643459E-2
4.430000E-3	-3.436178E-2
4.435000E-3	-2.759773E-2
4.440000E-3	-2.814746E-2
4.445000E-3	-3.094685E-2
4.450000E-3	-2.568120E-2
4.455000E-3	-1.788485E-2
4.460000E-3	-7.112265E-3
4.465000E-3	1.363230E-2
4.470000E-3	3.298676E-2
4.475000E-3	3.966582E-2
4.480000E-3	3.844571E-2
4.485000E-3	2.802956E-2
4.490000E-3	9.806097E-3
4.495000E-3	-9.006858E-4
4.500000E-3	-4.776239E-3
4.505000E-3	-1.151425E-2
4.510000E-3	-1.739818E-2
4.515000E-3	-2.155066E-2
4.520000E-3	-3.117305E-2
4.525000E-3	-4.039103E-2
4.530000E-3	-3.395325E-2
4.535000E-3	-1.672643E-2
4.540000E-3	-6.446004E-3
4.545000E-3	-1.113176E-2
4.550000E-3	-2.397990E-2
4.555000E-3	-3.091532E-2
4.560000E-3	-2.637762E-2
4.565000E-3	-1.372278E-2
4.570000E-3	9.008229E-3
4.575000E-3	3.427404E-2
4.580000E-3	4.355234E-2
4.585000E-3	2.932644E-2
4.590000E-3	7.110894E-3
4.595000E-3	-7.908762E-3
4.600000E-3	-1.724052E-2
4.605000E-3	-2.751410E-2
4.610000E-3	-3.705698E-2
4.615000E-3	-4.684526E-2
4.620000E-3	-5.477595E-2
4.625000E-3	-5.820733E-2
4.630000E-3	-6.128091E-2
4.635000E-3	-7.477474E-2
4.640000E-3	-6.890589E-2
4.645000E-3	-3.684586E-2
4.650000E-3	-3.046155E-3
4.655000E-3	2.042103E-2
4.660000E-3	5.376148E-2
4.665000E-3	8.621359E-2
4.670000E-3	1.125323E-1
4.675000E-3	9.872860E-2
4.680000E-3	3.604662E-2
4.685000E-3	4.935265E-3
4.690000E-3	-1.051760E-2
4.695000E-3	-2.009064E-2
4.700000E-3	-1.660579E-2
4.705000E-3	-3.325272E-2
4.710000E-3	-5.178875E-2
4.715000E-3	-6.144816E-2
4.720000E-3	-7.384115E-2
4.725000E-3	-7.377809E-2
4.730000E-3	-5.353802E-2
4.735000E-3	-3.643733E-2
4.740000E-3	-3.120869E-2
4.745000E-3	-3.768623E-3
4.750000E-3	2.587724E-2
4.755000E-3	3.029704E-2
4.760000E-3	2.807891E-2
4.765000E-3	3.081661E-2
4.770000E-3	3.024769E-2
4.775000E-3	2.311760E-2
4.780000E-3	1.543641E-2
4.785000E-3	5.538464E-3
4.790000E-3	-4.300535E-3
4.795000E-3	-1.428485E-2
4.800000E-3	-3.230816E-2
4.805000E-3	-5.401236E-2
4.810000E-3	-5.184907E-2
4.815000E-3	-3.829628E-2
4.820000E-3	-3.382850E-2
4.825000E-3	-2.021813E-2
4.830000E-3	-7.077992E-3
4.835000E-3	-1.122773E-2
4.840000E-3	-7.785380E-3
4.845000E-3	8.033514E-4
4.850000E-3	-3.561616E-3
4.855000E-3	-2.444327E-3
4.860000E-3	-2.577305E-3
4.865000E-3	-6.761312E-3
4.870000E-3	5.690634E-3
4.875000E-3	2.257472E-2
4.880000E-3	2.188790E-2
4.885000E-3	1.466870E-2
4.890000E-3	8.461237E-3
4.895000E-3	-7.402897E-3
4.900000E-3	-2.278996E-2
4.905000E-3	-3.247541E-2
4.910000E-3	-4.255569E-2
4.915000E-3	-4.513437E-2
4.920000E-3	-3.975904E-2
4.925000E-3	-3.302515E-2
4.930000E-3	-2.655858E-2
4.935000E-3	-1.401067E-2
4.940000E-3	-4.776239E-3
4.945000E-3	-6.595433E-3
4.950000E-3	-2.700686E-3
4.955000E-3	-1.370907E-4
4.960000E-3	-9.089112E-4
4.965000E-3	5.623460E-3
4.970000E-3	6.554306E-3
4.975000E-3	4.290938E-4
4.980000E-3	-1.274943E-4
4.985000E-3	7.526278E-4
4.990000E-3	-2.300382E-3
4.995000E-3	-2.371669E-3
5.000000E-3	4.129171E-3
5.005000E-3	8.219957E-3
5.010000E-3	1.886368E-3
5.015000E-3	-1.270968E-2
5.020000E-3	-2.544129E-2
5.025000E-3	-2.736878E-2
5.030000E-3	-2.534121E-2
5.035000E-3	-3.110862E-2
5.040000E-3	-3.822911E-2
5.045000E-3	-3.791106E-2
5.050000E-3	-3.648394E-2
5.055000E-3	-3.424525E-2
5.060000E-3	-2.232659E-2
5.065000E-3	-6.355524E-3
5.070000E-3	7.228792E-3
5.075000E-3	1.993299E-2
5.080000E-3	2.231836E-2
5.085000E-3	1.838112E-2
5.090000E-3	2.011257E-2
5.095000E-3	1.454669E-2
5.100000E-3	2.488196E-3
5.105000E-3	2.373040E-3
5.110000E-3	3.273726E-3
5.115000E-3	-4.628181E-3
5.120000E-3	-8.251488E-3
5.125000E-3	-8.764207E-3
5.130000E-3	-1.478112E-2
5.135000E-3	-2.112842E-2
5.140000E-3	-3.135949E-2
5.145000E-3	-4.159331E-2
5.150000E-3	-3.610283E-2
5.155000E-3	-2.480519E-2
5.160000E-3	-1.974243E-2
5.165000E-3	-1.164448E-2
5.170000E-3	-5.812645E-4
5.175000E-3	3.580809E-3
5.180000E-3	3.760397E-3
5.185000E-3	6.048441E-3
5.190000E-3	7.756591E-3
5.195000E-3	7.649660E-3
5.200000E-3	6.470680E-3
5.205000E-3	-5.593300E-4
5.210000E-3	-8.879364E-3
5.215000E-3	-1.083565E-2
5.220000E-3	-1.268226E-2
5.225000E-3	-1.716101E-2
5.230000E-3	-1.887602E-2
5.235000E-3	-2.009064E-2
5.240000E-3	-2.050465E-2
5.245000E-3	-1.298797E-2
5.250000E-3	-5.432904E-3
5.255000E-3	-5.173802E-3
5.260000E-3	-8.125365E-3
5.265000E-3	-1.359254E-2
5.270000E-3	-2.139848E-2
5.275000E-3	-2.028257E-2
5.280000E-3	-1.107281E-2
5.285000E-3	-4.477382E-3
5.290000E-3	-2.529323E-3
5.295000E-3	-3.402591E-3
5.300000E-3	-9.686828E-3
5.305000E-3	-1.706916E-2
5.310000E-3	-1.994395E-2
5.315000E-3	-1.905423E-2
5.320000E-3	-1.478386E-2
5.325000E-3	-7.267177E-3
5.330000E-3	-1.978219E-3
5.335000E-3	-3.292918E-3
5.340000E-3	-9.337246E-3
5.345000E-3	-1.649749E-2
5.350000E-3	-1.971775E-2
5.355000E-3	-1.806855E-2
5.360000E-3	-1.635355E-2
5.365000E-3	-1.552552E-2
5.370000E-3	-1.281387E-2
5.375000E-3	-1.067936E-2
5.380000E-3	-9.563446E-3
5.385000E-3	-4.194975E-3
5.390000E-3	2.914548E-3
5.395000E-3	5.482256E-3
5.400000E-3	4.248440E-3
5.405000E-3	6.196499E-4
5.410000E-3	-2.349734E-3
5.415000E-3	-2.566338E-3
5.420000E-3	-2.819955E-3
5.425000E-3	-3.728867E-3
5.430000E-3	-4.367709E-3
5.435000E-3	-6.005943E-3
5.440000E-3	-8.712113E-3
5.445000E-3	-1.137441E-2
5.450000E-3	-1.444662E-2
5.455000E-3	-1.777929E-2
5.460000E-3	-1.906520E-2
5.465000E-3	-1.945865E-2
5.470000E-3	-1.876634E-2
5.475000E-3	-1.522118E-2
5.480000E-3	-1.154852E-2
5.485000E-3	-8.377612E-3
5.490000E-3	-4.906476E-3
5.495000E-3	-1.875401E-3
5.500000E-3	-1.148820E-3
5.505000E-3	-7.389188E-4
5.510000E-3	7.978678E-4
5.515000E-3	1.261234E-3
5.520000E-3	-1.512110E-3
5.525000E-3	-7.238388E-3
5.530000E-3	-1.274943E-2
5.535000E-3	-1.520473E-2
5.540000E-3	-1.833999E-2
5.545000E-3	-2.486414E-2
5.550000E-3	-3.025180E-2
5.555000E-3	-3.091532E-2
5.560000E-3	-2.867389E-2
5.565000E-3	-2.438569E-2
5.570000E-3	-1.725560E-2
5.575000E-3	-8.066416E-3
5.580000E-3	1.096725E-5
5.585000E-3	6.263673E-3
5.590000E-3	1.232171E-2
5.595000E-3	1.705134E-2
5.600000E-3	1.743245E-2
5.605000E-3	1.277822E-2
5.610000E-3	7.106781E-3
5.615000E-3	1.575172E-3
5.620000E-3	-6.166339E-3
5.625000E-3	-1.539254E-2
5.630000E-3	-2.316421E-2
5.635000E-3	-2.756208E-2
5.640000E-3	-2.964175E-2
5.645000E-3	-3.019696E-2
5.650000E-3	-2.861905E-2
5.655000E-3	-2.532065E-2
5.660000E-3	-2.244449E-2
5.665000E-3	-2.044708E-2
5.670000E-3	-1.662499E-2
5.675000E-3	-9.145319E-3
5.680000E-3	-1.200914E-3
5.685000E-3	3.195584E-3
5.690000E-3	4.714549E-3
5.695000E-3	5.483627E-3
5.700000E-3	7.219195E-3
5.705000E-3	1.024342E-2
5.710000E-3	1.251090E-2
5.715000E-3	1.159513E-2
5.720000E-3	6.425440E-3
5.725000E-3	-3.632903E-4
5.730000E-3	-7.115006E-3
5.735000E-3	-1.394761E-2
5.740000E-3	-2.015096E-2
5.745000E-3	-2.473801E-2
5.750000E-3	-2.909750E-2
5.755000E-3	-3.250009E-2
5.760000E-3	-3.338021E-2
5.765000E-3	-3.140336E-2
5.770000E-3	-2.611578E-2
5.775000E-3	-1.816726E-2
5.780000E-3	-9.951413E-3
5.785000E-3	-1.953542E-3
5.790000E-3	6.380200E-3
5.795000E-3	1.129353E-2
5.800000E-3	9.503126E-3
5.805000E-3	4.284084E-3
5.810000E-3	-4.578829E-4
5.815000E-3	-4.326582E-3
5.820000E-3	-8.377612E-3
5.825000E-3	-1.240396E-2
5.830000E-3	-1.635766E-2
5.835000E-3	-2.044296E-2
5.840000E-3	-2.432126E-2
5.845000E-3	-2.493542E-2
5.850000E-3	-2.047175E-2
5.855000E-3	-1.521295E-2
5.860000E-3	-1.423824E-2
5.865000E-3	-1.480031E-2
5.870000E-3	-1.156908E-2
5.875000E-3	-5.390406E-3
5.880000E-3	1.392841E-3
5.885000E-3	7.567406E-3
5.890000E-3	9.832144E-3
5.895000E-3	6.362379E-3
5.900000E-3	4.784465E-4
5.905000E-3	-5.848289E-3
5.910000E-3	-1.192552E-2
5.915000E-3	-1.578325E-2
5.920000E-3	-1.778615E-2
5.925000E-3	-1.843870E-2
5.930000E-3	-1.662499E-2
5.935000E-3	-1.263016E-2
5.940000E-3	-8.006096E-3
5.945000E-3	-5.371213E-3
5.950000E-3	-6.218433E-3
5.955000E-3	-9.297490E-3
5.960000E-3	-1.143610E-2
5.965000E-3	-1.093572E-2
5.970000E-3	-7.746994E-3
5.975000E-3	-3.177762E-3
5.980000E-3	4.592538E-4
5.985000E-3	1.824677E-3
5.990000E-3	1.695812E-3
5.995000E-3	-4.345775E-4
6.000000E-3	-4.064739E-3
6.005000E-3	-7.800460E-3
6.010000E-3	-1.177198E-2
6.015000E-3	-1.623291E-2
6.020000E-3	-1.848805E-2
6.025000E-3	-1.734197E-2
6.030000E-3	-1.465225E-2
6.035000E-3	-1.088774E-2
6.040000E-3	-8.049965E-3
6.045000E-3	-8.052707E-3
6.050000E-3	-9.825289E-3
6.055000E-3	-1.065743E-2
6.060000E-3	-1.166505E-2
6.065000E-3	-1.329780E-2
6.070000E-3	-1.465499E-2
6.075000E-3	-1.383519E-2
6.080000E-3	-1.098645E-2
6.085000E-3	-7.390559E-3
6.090000E-3	-5.930543E-3
6.095000E-3	-7.243872E-3
6.100000E-3	-9.928107E-3
6.105000E-3	-1.281112E-2
6.110000E-3	-1.531577E-2
6.115000E-3	-1.677030E-2
6.120000E-3	-1.770663E-2
6.125000E-3	-1.853603E-2
6.130000E-3	-1.911867E-2
6.135000E-3	-1.984662E-2
6.140000E-3	-1.867449E-2
6.145000E-3	-1.422727E-2
6.150000E-3	-7.508457E-3
6.155000E-3	5.277991E-4
6.160000E-3	8.751869E-3
6.165000E-3	1.291120E-2
6.170000E-3	1.258630E-2
6.175000E-3	1.027083E-2
6.180000E-3	6.210208E-3
6.185000E-3	-1.741052E-4
6.190000E-3	-7.348061E-3
6.195000E-3	-1.297700E-2
6.200000E-3	-1.668119E-2
6.205000E-3	-1.913923E-2
6.210000E-3	-2.221417E-2
6.215000E-3	-2.340549E-2
6.220000E-3	-2.085286E-2
6.225000E-3	-1.621509E-2
6.230000E-3	-1.198310E-2
6.235000E-3	-1.028180E-2
6.240000E-3	-1.206535E-2
6.245000E-3	-1.689643E-2
6.250000E-3	-1.984525E-2
6.255000E-3	-1.805347E-2
6.260000E-3	-1.341295E-2
6.265000E-3	-8.559942E-3
6.270000E-3	-4.667938E-3
6.275000E-3	-2.089262E-3
6.280000E-3	-1.115918E-3
6.285000E-3	-8.376241E-4
6.290000E-3	-1.118660E-3
6.295000E-3	-4.140139E-4
6.300000E-3	1.610816E-3
6.305000E-3	3.251791E-3
6.310000E-3	3.534198E-3
6.315000E-3	1.783550E-3
6.320000E-3	-3.579438E-3
6.325000E-3	-1.151699E-2
6.330000E-3	-1.914883E-2
6.335000E-3	-2.370846E-2
6.340000E-3	-2.388120E-2
6.345000E-3	-1.987678E-2
6.350000E-3	-1.386261E-2
6.355000E-3	-7.620871E-3
6.360000E-3	-4.433513E-3
6.365000E-3	-5.601525E-3
6.370000E-3	-9.116530E-3
6.375000E-3	-1.230526E-2
6.380000E-3	-1.401752E-2
6.385000E-3	-1.342118E-2
6.390000E-3	-1.062316E-2
6.395000E-3	-8.032143E-3
6.400000E-3	-7.086217E-3
6.405000E-3	-7.110894E-3
6.410000E-3	-6.964207E-3
6.415000E-3	-5.797565E-3
6.420000E-3	-5.242348E-3
6.425000E-3	-6.380200E-3
6.430000E-3	-9.000003E-3
6.435000E-3	-1.112628E-2
6.440000E-3	-1.171440E-2
6.445000E-3	-1.161021E-2
6.450000E-3	-1.001310E-2
6.455000E-3	-7.104039E-3
6.460000E-3	-4.003048E-3
6.465000E-3	-2.492309E-3
6.470000E-3	-3.416300E-3
6.475000E-3	-6.857276E-3
6.480000E-3	-1.036680E-2
6.485000E-3	-1.283717E-2
6.490000E-3	-1.282072E-2
6.495000E-3	-1.082879E-2
6.500000E-3	-8.033514E-3
6.505000E-3	-6.140292E-3
6.510000E-3	-5.883932E-3
6.515000E-3	-7.566035E-3
6.520000E-3	-1.147860E-2
6.525000E-3	-1.488805E-2
6.530000E-3	-1.646870E-2
6.535000E-3	-1.647556E-2
6.540000E-3	-1.505256E-2
6.545000E-3	-1.355690E-2
6.550000E-3	-1.278782E-2
6.555000E-3	-1.212019E-2
6.560000E-3	-9.969234E-3
6.565000E-3	-6.398022E-3
6.570000E-3	-2.559483E-3
6.575000E-3	-6.004572E-4
6.580000E-3	-1.612186E-3
6.585000E-3	-4.179895E-3
6.590000E-3	-7.614017E-3
6.595000E-3	-1.171988E-2
6.600000E-3	-1.583123E-2
6.605000E-3	-1.878554E-2
6.610000E-3	-2.038538E-2
6.615000E-3	-1.978081E-2
6.620000E-3	-1.694167E-2
6.625000E-3	-1.239848E-2
6.630000E-3	-6.924450E-3
6.635000E-3	-1.965880E-3
6.640000E-3	1.092613E-3
6.645000E-3	2.434731E-3
6.650000E-3	3.151715E-3
6.655000E-3	2.839148E-3
6.660000E-3	1.043260E-3
6.665000E-3	-1.294136E-3
6.670000E-3	-3.621936E-3
6.675000E-3	-5.519271E-3
6.680000E-3	-7.730544E-3
6.685000E-3	-1.074243E-2
6.690000E-3	-1.487297E-2
6.695000E-3	-1.899666E-2
6.700000E-3	-2.235401E-2
6.705000E-3	-2.396619E-2
6.710000E-3	-2.251852E-2
6.715000E-3	-1.901996E-2
6.720000E-3	-1.496619E-2
6.725000E-3	-1.102895E-2
6.730000E-3	-7.829249E-3
6.735000E-3	-5.631685E-3
6.740000E-3	-3.284693E-3
6.745000E-3	-9.706020E-4
6.750000E-3	-1.014471E-4
6.755000E-3	-6.717443E-4
6.760000E-3	-1.573801E-3
6.765000E-3	-2.846003E-3
6.770000E-3	-4.086673E-3
6.775000E-3	-5.633056E-3
6.780000E-3	-8.141816E-3
6.785000E-3	-1.122361E-2
6.790000E-3	-1.392704E-2
6.795000E-3	-1.637137E-2
6.800000E-3	-1.838934E-2
6.805000E-3	-1.900899E-2
6.810000E-3	-1.851410E-2
6.815000E-3	-1.732963E-2
6.820000E-3	-1.571882E-2
6.825000E-3	-1.389414E-2
6.830000E-3	-1.229703E-2
6.835000E-3	-1.090145E-2
6.840000E-3	-9.504497E-3
6.845000E-3	-7.733285E-3
6.850000E-3	-5.412340E-3
6.855000E-3	-3.491700E-3
6.860000E-3	-3.172278E-3
6.865000E-3	-3.693223E-3
6.870000E-3	-5.016148E-3
6.875000E-3	-7.313788E-3
6.880000E-3	-9.956896E-3
6.885000E-3	-1.224494E-2
6.890000E-3	-1.331013E-2
6.895000E-3	-1.229429E-2
6.900000E-3	-1.044905E-2
6.905000E-3	-9.026051E-3
6.910000E-3	-8.111656E-3
6.915000E-3	-7.350802E-3
6.920000E-3	-6.917596E-3
6.925000E-3	-6.799698E-3
6.930000E-3	-6.600916E-3
6.935000E-3	-6.140292E-3
6.940000E-3	-5.537093E-3
6.945000E-3	-4.596651E-3
6.950000E-3	-4.596651E-3
6.955000E-3	-5.018890E-3
6.960000E-3	-5.849659E-3
6.965000E-3	-8.161008E-3
6.970000E-3	-1.206809E-2
6.975000E-3	-1.653588E-2
6.980000E-3	-2.036071E-2
6.985000E-3	-2.332598E-2
6.990000E-3	-2.492034E-2
6.995000E-3	-2.445698E-2
7.000000E-3	-2.198660E-2
7.005000E-3	-1.842225E-2
7.010000E-3	-1.484007E-2
7.015000E-3	-1.157868E-2
7.020000E-3	-8.195281E-3
7.025000E-3	-4.408836E-3
7.030000E-3	5.072355E-5
7.035000E-3	4.526734E-3
7.040000E-3	7.293224E-3
7.045000E-3	6.603658E-3
7.050000E-3	3.138006E-3
7.055000E-3	-1.997411E-3
7.060000E-3	-6.909370E-3
7.065000E-3	-1.076984E-2
7.070000E-3	-1.200366E-2
7.075000E-3	-1.094532E-2
7.080000E-3	-9.279668E-3
7.085000E-3	-8.343339E-3
7.090000E-3	-8.492768E-3
7.095000E-3	-8.764207E-3
7.100000E-3	-8.594215E-3
7.105000E-3	-7.670224E-3
7.110000E-3	-7.030010E-3
7.115000E-3	-7.311046E-3
7.120000E-3	-9.010971E-3
7.125000E-3	-1.146352E-2
7.130000E-3	-1.426429E-2
7.135000E-3	-1.659894E-2
7.140000E-3	-1.773131E-2
7.145000E-3	-1.700747E-2
7.150000E-3	-1.438218E-2
7.155000E-3	-1.043123E-2
7.160000E-3	-6.195128E-3
7.165000E-3	-2.175629E-3
7.170000E-3	-2.193451E-5
7.175000E-3	3.975630E-5
7.180000E-3	-1.516223E-3
7.185000E-3	-3.713787E-3
7.190000E-3	-5.365729E-3
7.195000E-3	-6.899774E-3
7.200000E-3	-8.684695E-3
7.205000E-3	-1.048195E-2
7.210000E-3	-1.232582E-2
7.215000E-3	-1.424372E-2
7.220000E-3	-1.551044E-2
7.225000E-3	-1.566261E-2
7.230000E-3	-1.391882E-2
7.235000E-3	-1.128805E-2
7.240000E-3	-8.585989E-3
7.245000E-3	-6.051183E-3
7.250000E-3	-4.226506E-3
7.255000E-3	-4.252553E-3
7.260000E-3	-5.774260E-3
7.265000E-3	-8.108914E-3
7.270000E-3	-9.918511E-3
7.275000E-3	-1.065332E-2
7.280000E-3	-1.054502E-2
7.285000E-3	-1.018310E-2
7.290000E-3	-9.985685E-3
7.295000E-3	-1.060122E-2
7.300000E-3	-1.229841E-2
7.305000E-3	-1.470846E-2
7.310000E-3	-1.691836E-2
7.315000E-3	-1.759285E-2
7.320000E-3	-1.619041E-2
7.325000E-3	-1.325119E-2
7.330000E-3	-1.020092E-2
7.335000E-3	-7.571518E-3
7.340000E-3	-5.851030E-3
7.345000E-3	-4.611731E-3
7.350000E-3	-3.345013E-3
7.355000E-3	-2.020717E-3
7.360000E-3	-1.224220E-3
7.365000E-3	-8.239150E-4
7.370000E-3	-6.964207E-4
7.375000E-3	-5.332828E-4
7.380000E-3	-9.692311E-4
7.385000E-3	-2.562225E-3
7.390000E-3	-6.230772E-3
7.395000E-3	-1.115233E-2
7.400000E-3	-1.656330E-2
7.405000E-3	-2.106398E-2
7.410000E-3	-2.315187E-2
7.415000E-3	-2.224296E-2
7.420000E-3	-1.904327E-2
7.425000E-3	-1.432186E-2
7.430000E-3	-9.560704E-3
7.435000E-3	-5.431533E-3
7.440000E-3	-3.036559E-3
7.445000E-3	-2.704799E-3
7.450000E-3	-3.915310E-3
7.455000E-3	-5.689263E-3
7.460000E-3	-6.917596E-3
7.465000E-3	-7.548213E-3
7.470000E-3	-7.574260E-3
7.475000E-3	-7.413864E-3
7.480000E-3	-8.259714E-3
7.485000E-3	-1.035857E-2
7.490000E-3	-1.291943E-2
7.495000E-3	-1.549947E-2
7.500000E-3	-1.751608E-2
7.505000E-3	-1.867038E-2
7.510000E-3	-1.891303E-2
7.515000E-3	-1.852643E-2
7.520000E-3	-1.715142E-2
7.525000E-3	-1.509917E-2
7.530000E-3	-1.281935E-2
7.535000E-3	-1.001447E-2
7.540000E-3	-6.535113E-3
7.545000E-3	-3.144860E-3
7.550000E-3	-8.458495E-4
7.555000E-3	2.467632E-5
7.560000E-3	-3.358722E-4
7.565000E-3	-1.871288E-3
7.570000E-3	-3.665805E-3
7.575000E-3	-5.287588E-3
7.580000E-3	-6.234884E-3
7.585000E-3	-7.005334E-3
7.590000E-3	-8.310437E-3
7.595000E-3	-9.849966E-3
7.600000E-3	-1.142651E-2
7.605000E-3	-1.340473E-2
7.610000E-3	-1.611638E-2
7.615000E-3	-1.909673E-2
7.620000E-3	-2.106673E-2
7.625000E-3	-2.073771E-2
7.630000E-3	-1.827830E-2
7.635000E-3	-1.381052E-2
7.640000E-3	-8.088350E-3
7.645000E-3	-2.445698E-3
7.650000E-3	2.370298E-3
7.655000E-3	6.196499E-3
7.660000E-3	8.490026E-3
7.665000E-3	8.554459E-3
7.670000E-3	6.695509E-3
7.675000E-3	3.277838E-3
7.680000E-3	-9.939075E-4
7.685000E-3	-5.970299E-3
7.690000E-3	-1.103717E-2
7.695000E-3	-1.550770E-2
7.700000E-3	-1.878417E-2
7.705000E-3	-2.090359E-2
7.710000E-3	-2.186459E-2
7.715000E-3	-2.166033E-2
7.720000E-3	-2.015370E-2
7.725000E-3	-1.740777E-2
7.730000E-3	-1.361859E-2
7.735000E-3	-9.296119E-3
7.740000E-3	-5.490482E-3
7.745000E-3	-2.941966E-3
7.750000E-3	-1.065195E-3
7.755000E-3	-4.523993E-5
7.760000E-3	2.974868E-4
7.765000E-3	-3.701448E-4
7.770000E-3	-2.211273E-3
7.775000E-3	-4.754305E-3
7.780000E-3	-7.637322E-3
7.785000E-3	-1.038325E-2
7.790000E-3	-1.300579E-2
7.795000E-3	-1.547891E-2
7.800000E-3	-1.728576E-2
7.805000E-3	-1.886916E-2
7.810000E-3	-1.966429E-2
7.815000E-3	-1.961631E-2
7.820000E-3	-1.897609E-2
7.825000E-3	-1.786703E-2
7.830000E-3	-1.563931E-2
7.835000E-3	-1.222849E-2
7.840000E-3	-8.159637E-3
7.845000E-3	-4.244328E-3
7.850000E-3	-1.092613E-3
7.855000E-3	5.702972E-4
7.860000E-3	8.814931E-4
7.865000E-3	4.743338E-4
7.870000E-3	-7.869005E-4
7.875000E-3	-2.252400E-3
7.880000E-3	-4.219651E-3
7.885000E-3	-6.762683E-3
7.890000E-3	-9.902060E-3
7.895000E-3	-1.321280E-2
7.900000E-3	-1.607114E-2
7.905000E-3	-1.852643E-2
7.910000E-3	-1.991105E-2
7.915000E-3	-2.019894E-2
7.920000E-3	-1.941204E-2
7.925000E-3	-1.756817E-2
7.930000E-3	-1.530892E-2
7.935000E-3	-1.198035E-2
7.940000E-3	-8.126736E-3
7.945000E-3	-3.937244E-3
7.950000E-3	-6.580353E-4
7.955000E-3	1.746535E-3
7.960000E-3	2.662301E-3
7.965000E-3	2.204418E-3
7.970000E-3	4.249811E-4
7.975000E-3	-2.190709E-3
7.980000E-3	-5.442500E-3
7.985000E-3	-8.964360E-3
7.990000E-3	-1.195705E-2
7.995000E-3	-1.382834E-2
8.000000E-3	-1.454943E-2
8.005000E-3	-1.508409E-2
8.010000E-3	-1.507998E-2
8.015000E-3	-1.492232E-2
8.020000E-3	-1.495796E-2
8.025000E-3	-1.490724E-2
8.030000E-3	-1.379818E-2
8.035000E-3	-1.210374E-2
8.040000E-3	-9.511352E-3
8.045000E-3	-6.806552E-3
8.050000E-3	-4.732370E-3
8.055000E-3	-3.536940E-3
8.060000E-3	-3.401220E-3
8.065000E-3	-4.089415E-3
8.070000E-3	-5.678296E-3
8.075000E-3	-7.334352E-3
8.080000E-3	-8.584619E-3
8.085000E-3	-9.782791E-3
8.090000E-3	-1.099467E-2
8.095000E-3	-1.199269E-2
8.100000E-3	-1.340747E-2
8.105000E-3	-1.487023E-2
8.110000E-3	-1.606429E-2
8.115000E-3	-1.630694E-2
8.120000E-3	-1.521021E-2
8.125000E-3	-1.301402E-2
8.130000E-3	-1.004052E-2
8.135000E-3	-7.086217E-3
8.140000E-3	-4.592538E-3
8.145000E-3	-2.722621E-3
8.150000E-3	-1.557350E-3
8.155000E-3	-1.168013E-3
8.160000E-3	-1.203656E-3
8.165000E-3	-1.943946E-3
8.170000E-3	-3.240824E-3
8.175000E-3	-4.292309E-3
8.180000E-3	-5.697489E-3
8.185000E-3	-6.880581E-3
8.190000E-3	-8.839607E-3
8.195000E-3	-1.120716E-2
8.200000E-3	-1.384753E-2
8.205000E-3	-1.601493E-2
8.210000E-3	-1.720899E-2
8.215000E-3	-1.728028E-2
8.220000E-3	-1.651943E-2
8.225000E-3	-1.553100E-2
8.230000E-3	-1.376939E-2
8.235000E-3	-1.183641E-2
8.240000E-3	-1.003915E-2
8.245000E-3	-8.208990E-3
8.250000E-3	-6.365120E-3
8.255000E-3	-5.038083E-3
8.260000E-3	-4.559636E-3
8.265000E-3	-5.253315E-3
8.270000E-3	-6.916225E-3
8.275000E-3	-9.209752E-3
8.280000E-3	-1.116467E-2
8.285000E-3	-1.226962E-2
8.290000E-3	-1.256299E-2
8.295000E-3	-1.257670E-2
8.300000E-3	-1.230800E-2
8.305000E-3	-1.194060E-2
8.310000E-3	-1.146626E-2
8.315000E-3	-1.062179E-2
8.320000E-3	-9.516835E-3
8.325000E-3	-8.239150E-3
8.330000E-3	-6.795585E-3
8.335000E-3	-5.542576E-3
8.340000E-3	-4.502058E-3
8.345000E-3	-4.266262E-3
8.350000E-3	-4.696727E-3
8.355000E-3	-5.665958E-3
8.360000E-3	-6.890178E-3
8.365000E-3	-8.060932E-3
8.370000E-3	-9.157658E-3
8.375000E-3	-1.018721E-2
8.380000E-3	-1.146078E-2
8.385000E-3	-1.271105E-2
8.390000E-3	-1.413405E-2
8.395000E-3	-1.538980E-2
8.400000E-3	-1.621646E-2
8.405000E-3	-1.676756E-2
8.410000E-3	-1.701295E-2
8.415000E-3	-1.604372E-2
8.420000E-3	-1.414502E-2
8.425000E-3	-1.133466E-2
8.430000E-3	-8.273423E-3
8.435000E-3	-5.447984E-3
8.440000E-3	-3.678143E-3
8.445000E-3	-3.202438E-3
8.450000E-3	-3.841281E-3
8.455000E-3	-4.972279E-3
8.460000E-3	-6.293833E-3
8.465000E-3	-6.973803E-3
8.470000E-3	-7.265806E-3
8.475000E-3	-7.693529E-3
8.480000E-3	-8.465350E-3
8.485000E-3	-9.616911E-3
8.490000E-3	-1.072735E-2
8.495000E-3	-1.172262E-2
8.500000E-3	-1.198173E-2
8.505000E-3	-1.135796E-2
8.510000E-3	-1.002133E-2
8.515000E-3	-8.366644E-3
8.520000E-3	-6.229401E-3
8.525000E-3	-4.218280E-3
8.530000E-3	-3.039300E-3
8.535000E-3	-3.495812E-3
8.540000E-3	-5.027115E-3
8.545000E-3	-7.433057E-3
8.550000E-3	-1.011866E-2
8.555000E-3	-1.251912E-2
8.560000E-3	-1.379544E-2
8.565000E-3	-1.452613E-2
8.570000E-3	-1.487571E-2
8.575000E-3	-1.486337E-2
8.580000E-3	-1.463717E-2
8.585000E-3	-1.398051E-2
8.590000E-3	-1.274532E-2
8.595000E-3	-1.105362E-2
8.600000E-3	-9.474337E-3
8.605000E-3	-7.768929E-3
8.610000E-3	-6.384313E-3
8.615000E-3	-5.001068E-3
8.620000E-3	-3.966033E-3
8.625000E-3	-3.280580E-3
8.630000E-3	-2.810359E-3
8.635000E-3	-2.915919E-3
8.640000E-3	-3.848135E-3
8.645000E-3	-5.831838E-3
8.650000E-3	-7.919729E-3
8.655000E-3	-9.915769E-3
8.660000E-3	-1.192278E-2
8.665000E-3	-1.324981E-2
8.670000E-3	-1.377213E-2
8.675000E-3	-1.344723E-2
8.680000E-3	-1.233542E-2
8.685000E-3	-1.074791E-2
8.690000E-3	-9.189188E-3
8.695000E-3	-7.884085E-3
8.700000E-3	-6.921709E-3
8.705000E-3	-6.362379E-3
8.710000E-3	-6.572127E-3
8.715000E-3	-7.060170E-3
8.720000E-3	-8.248746E-3
8.725000E-3	-9.501755E-3
8.730000E-3	-1.083702E-2
8.735000E-3	-1.210511E-2
8.740000E-3	-1.363778E-2
8.745000E-3	-1.513618E-2
8.750000E-3	-1.587647E-2
8.755000E-3	-1.598889E-2
8.760000E-3	-1.482773E-2
8.765000E-3	-1.297837E-2
8.770000E-3	-1.077121E-2
8.775000E-3	-8.494139E-3
8.780000E-3	-6.121099E-3
8.785000E-3	-4.012644E-3
8.790000E-3	-2.644479E-3
8.795000E-3	-2.056360E-3
8.800000E-3	-2.146840E-3
8.805000E-3	-3.072202E-3
8.810000E-3	-4.395127E-3
8.815000E-3	-6.112874E-3
8.820000E-3	-7.882714E-3
8.825000E-3	-9.509981E-3
8.830000E-3	-1.143748E-2
8.835000E-3	-1.260686E-2
8.840000E-3	-1.314974E-2
8.845000E-3	-1.319772E-2
8.850000E-3	-1.266307E-2
8.855000E-3	-1.194197E-2
8.860000E-3	-1.106185E-2
8.865000E-3	-1.036954E-2
8.870000E-3	-9.226203E-3
8.875000E-3	-7.720947E-3
8.880000E-3	-6.188273E-3
8.885000E-3	-5.047679E-3
8.890000E-3	-4.338920E-3
8.895000E-3	-3.801525E-3
8.900000E-3	-3.822088E-3
8.905000E-3	-4.306018E-3
8.910000E-3	-5.032599E-3
8.915000E-3	-5.814016E-3
8.920000E-3	-6.838083E-3
8.925000E-3	-7.701755E-3
8.930000E-3	-8.507848E-3
8.935000E-3	-9.442806E-3
8.940000E-3	-1.033115E-2
8.945000E-3	-1.115096E-2
8.950000E-3	-1.184601E-2
8.955000E-3	-1.257122E-2
8.960000E-3	-1.297426E-2
8.965000E-3	-1.336908E-2
8.970000E-3	-1.369399E-2
8.975000E-3	-1.415598E-2
8.980000E-3	-1.435065E-2
8.985000E-3	-1.452750E-2
8.990000E-3	-1.418477E-2
8.995000E-3	-1.310861E-2
9.000000E-3	-1.146352E-2
9.005000E-3	-9.312570E-3
9.010000E-3	-6.884694E-3
9.015000E-3	-5.058646E-3
9.020000E-3	-4.151106E-3
9.025000E-3	-4.297793E-3
9.030000E-3	-5.591929E-3
9.035000E-3	-7.439911E-3
9.040000E-3	-9.685457E-3
9.045000E-3	-1.152658E-2
9.050000E-3	-1.281935E-2
9.055000E-3	-1.337868E-2
9.060000E-3	-1.347327E-2
9.065000E-3	-1.283580E-2
9.070000E-3	-1.196802E-2
9.075000E-3	-1.092339E-2
9.080000E-3	-9.791017E-3
9.085000E-3	-8.587360E-3
9.090000E-3	-7.712722E-3
9.095000E-3	-7.062912E-3
9.100000E-3	-6.894290E-3
9.105000E-3	-6.861389E-3
9.110000E-3	-7.035494E-3
9.115000E-3	-6.977916E-3
9.120000E-3	-6.943643E-3
9.125000E-3	-6.955981E-3
9.130000E-3	-6.961465E-3
9.135000E-3	-7.496119E-3
9.140000E-3	-8.077383E-3
9.145000E-3	-8.734047E-3
9.150000E-3	-9.124756E-3
9.155000E-3	-9.392083E-3
9.160000E-3	-9.740293E-3
9.165000E-3	-1.003230E-2
9.170000E-3	-1.019818E-2
9.175000E-3	-1.026809E-2
9.180000E-3	-1.076025E-2
9.185000E-3	-1.081645E-2
9.190000E-3	-1.062042E-2
9.195000E-3	-1.009673E-2
9.200000E-3	-9.533286E-3
9.205000E-3	-9.119272E-3
9.210000E-3	-9.152174E-3
9.215000E-3	-9.840369E-3
9.220000E-3	-1.047099E-2
9.225000E-3	-1.103717E-2
9.230000E-3	-1.124281E-2
9.235000E-3	-1.076025E-2
9.240000E-3	-1.004601E-2
9.245000E-3	-9.005487E-3
9.250000E-3	-7.996500E-3
9.255000E-3	-7.505715E-3
9.260000E-3	-7.379591E-3
9.265000E-3	-7.518053E-3
9.270000E-3	-7.502973E-3
9.275000E-3	-7.818282E-3
9.280000E-3	-8.525670E-3
9.285000E-3	-9.364665E-3
9.290000E-3	-1.081920E-2
9.295000E-3	-1.245332E-2
9.300000E-3	-1.395857E-2
9.305000E-3	-1.519650E-2
9.310000E-3	-1.550633E-2
9.315000E-3	-1.472217E-2
9.320000E-3	-1.259452E-2
9.325000E-3	-9.988427E-3
9.330000E-3	-7.064283E-3
9.335000E-3	-4.796803E-3
9.340000E-3	-3.246307E-3
9.345000E-3	-2.495050E-3
9.350000E-3	-2.389491E-3
9.355000E-3	-2.861083E-3
9.360000E-3	-3.719270E-3
9.365000E-3	-4.813254E-3
9.370000E-3	-6.031990E-3
9.375000E-3	-7.537246E-3
9.380000E-3	-8.953393E-3
9.385000E-3	-9.928107E-3
9.390000E-3	-1.091105E-2
9.395000E-3	-1.106459E-2
9.400000E-3	-1.124418E-2
9.405000E-3	-1.096040E-2
9.410000E-3	-1.069170E-2
9.415000E-3	-1.023930E-2
9.420000E-3	-9.822547E-3
9.425000E-3	-9.335876E-3
9.430000E-3	-8.709371E-3
9.435000E-3	-8.025289E-3
9.440000E-3	-7.520795E-3
9.445000E-3	-7.400155E-3
9.450000E-3	-8.071899E-3
9.455000E-3	-9.109676E-3
9.460000E-3	-1.029277E-2
9.465000E-3	-1.161158E-2
9.470000E-3	-1.245332E-2
9.475000E-3	-1.285636E-2
9.480000E-3	-1.268637E-2
9.485000E-3	-1.246977E-2
9.490000E-3	-1.227510E-2
9.495000E-3	-1.239300E-2
9.500000E-3	-1.274258E-2
9.505000E-3	-1.271242E-2
9.510000E-3	-1.254243E-2
9.515000E-3	-1.187617E-2
9.520000E-3	-1.048195E-2
9.525000E-3	-9.009600E-3
9.530000E-3	-7.002592E-3
9.535000E-3	-5.216300E-3
9.540000E-3	-3.791928E-3
9.545000E-3	-3.253162E-3
9.550000E-3	-3.320336E-3
9.555000E-3	-4.300535E-3
9.560000E-3	-6.038845E-3
9.565000E-3	-8.407772E-3
9.570000E-3	-1.070267E-2
9.575000E-3	-1.263154E-2
9.580000E-3	-1.408744E-2
9.585000E-3	-1.480168E-2
9.590000E-3	-1.464951E-2
9.595000E-3	-1.367205E-2
9.600000E-3	-1.238614E-2
9.605000E-3	-1.106185E-2
9.610000E-3	-9.659410E-3
9.615000E-3	-8.134961E-3
9.620000E-3	-6.807923E-3
9.625000E-3	-5.959332E-3
9.630000E-3	-5.450726E-3
9.635000E-3	-5.194366E-3
9.640000E-3	-5.197108E-3
9.645000E-3	-5.269766E-3
9.650000E-3	-5.400002E-3
9.655000E-3	-6.073117E-3
9.660000E-3	-6.860018E-3
9.665000E-3	-7.827878E-3
9.670000E-3	-9.230316E-3
9.675000E-3	-1.050389E-2
9.680000E-3	-1.176924E-2
9.685000E-3	-1.282346E-2
9.690000E-3	-1.349658E-2
9.695000E-3	-1.376802E-2
9.700000E-3	-1.350206E-2
9.705000E-3	-1.306337E-2
9.710000E-3	-1.237518E-2
9.715000E-3	-1.126611E-2
9.720000E-3	-1.012415E-2
9.725000E-3	-9.009600E-3
9.730000E-3	-7.431686E-3
9.735000E-3	-6.077230E-3
9.740000E-3	-4.906476E-3
9.745000E-3	-4.092157E-3
9.750000E-3	-3.816605E-3
9.755000E-3	-4.318357E-3
9.760000E-3	-5.002439E-3
9.765000E-3	-6.184161E-3
9.770000E-3	-7.815540E-3
9.775000E-3	-9.589493E-3
9.780000E-3	-1.138127E-2
9.785000E-3	-1.280838E-2
9.790000E-3	-1.332796E-2
9.795000E-3	-1.310313E-2
9.800000E-3	-1.236695E-2
9.805000E-3	-1.136070E-2
9.810000E-3	-9.925365E-3
9.815000E-3	-9.006858E-3
9.820000E-3	-8.032143E-3
9.825000E-3	-6.994367E-3
9.830000E-3	-6.114244E-3
9.835000E-3	-5.383551E-3
9.840000E-3	-4.972279E-3
9.845000E-3	-5.345166E-3
9.850000E-3	-6.502211E-3
9.855000E-3	-8.439302E-3
9.860000E-3	-1.105773E-2
9.865000E-3	-1.370221E-2
9.870000E-3	-1.597381E-2
9.875000E-3	-1.702940E-2
9.880000E-3	-1.710755E-2
9.885000E-3	-1.623291E-2
9.890000E-3	-1.453435E-2
9.895000E-3	-1.241630E-2
9.900000E-3	-1.050252E-2
9.905000E-3	-8.854687E-3
9.910000E-3	-7.513940E-3
9.915000E-3	-6.269157E-3
9.920000E-3	-5.035341E-3
9.925000E-3	-4.247069E-3
9.930000E-3	-3.828943E-3
9.935000E-3	-3.911197E-3
9.940000E-3	-4.349887E-3
9.945000E-3	-4.957199E-3
9.950000E-3	-6.188273E-3
9.955000E-3	-7.914245E-3
9.960000E-3	-9.711504E-3
9.965000E-3	-1.150328E-2
9.970000E-3	-1.327038E-2
9.975000E-3	-1.423687E-2
9.980000E-3	-1.459605E-2
9.985000E-3	-1.449049E-2
9.990000E-3	-1.397228E-2
9.995000E-3	-1.320320E-2
