0.000000E+0	-9.260476E-3
5.000000E-6	-9.069920E-3
1.000000E-5	-9.131610E-3
1.500000E-5	-9.097338E-3
2.000000E-5	-9.157658E-3
2.500000E-5	-9.281039E-3
3.000000E-5	-9.270072E-3
3.500000E-5	-9.252250E-3
4.000000E-5	-9.271443E-3
4.500000E-5	-9.431839E-3
5.000000E-5	-9.451032E-3
5.500000E-5	-9.356439E-3
6.000000E-5	-9.301603E-3
6.500000E-5	-9.270072E-3
7.000000E-5	-9.397566E-3
7.500000E-5	-9.338617E-3
8.000000E-5	-9.215236E-3
8.500000E-5	-9.122014E-3
9.000000E-5	-9.275556E-3
9.500000E-5	-9.282410E-3
1.000000E-4	-9.305716E-3
1.050000E-4	-9.331763E-3
1.100000E-4	-9.315312E-3
1.150000E-4	-9.451032E-3
1.200000E-4	-9.393454E-3
1.250000E-4	-9.338617E-3
1.300000E-4	-9.396195E-3
1.350000E-4	-9.412646E-3
1.400000E-4	-9.400308E-3
1.450000E-4	-9.504497E-3
1.500000E-4	-9.366035E-3
1.550000E-4	-9.418130E-3
1.600000E-4	-9.268701E-3
1.650000E-4	-9.152174E-3
1.700000E-4	-9.175479E-3
1.750000E-4	-9.041131E-3
1.800000E-4	-9.213865E-3
1.850000E-4	-9.196043E-3
1.900000E-4	-9.479821E-3
1.950000E-4	-9.444177E-3
2.000000E-4	-9.371519E-3
2.050000E-4	-9.233057E-3
2.100000E-4	-9.252250E-3
2.150000E-4	-9.190559E-3
2.200000E-4	-9.201527E-3
2.250000E-4	-9.113789E-3
2.300000E-4	-9.348214E-3
2.350000E-4	-9.338617E-3
2.400000E-4	-9.411275E-3
2.450000E-4	-9.292006E-3
2.500000E-4	-9.168625E-3
2.550000E-4	-9.289265E-3
2.600000E-4	-9.189188E-3
2.650000E-4	-9.202898E-3
2.700000E-4	-9.460628E-3
2.750000E-4	-9.481192E-3
2.800000E-4	-9.501755E-3
2.850000E-4	-9.504497E-3
2.900000E-4	-9.356439E-3
2.950000E-4	-9.106934E-3
3.000000E-4	-9.028792E-3
3.050000E-4	-9.233057E-3
3.100000E-4	-9.237170E-3
3.150000E-4	-9.180963E-3
3.200000E-4	-9.131610E-3
3.250000E-4	-9.026051E-3
3.300000E-4	-9.154916E-3
3.350000E-4	-9.204268E-3
3.400000E-4	-9.104192E-3
3.450000E-4	-9.212494E-3
3.500000E-4	-9.231687E-3
3.550000E-4	-9.430468E-3
3.600000E-4	-9.423614E-3
3.650000E-4	-9.254992E-3
3.700000E-4	-9.223461E-3
3.750000E-4	-9.350955E-3
3.800000E-4	-9.381115E-3
3.850000E-4	-9.353697E-3
3.900000E-4	-9.265959E-3
3.950000E-4	-9.282410E-3
4.000000E-4	-9.327650E-3
4.050000E-4	-9.228945E-3
4.100000E-4	-9.392083E-3
4.150000E-4	-9.392083E-3
4.200000E-4	-9.152174E-3
4.250000E-4	-9.012341E-3
4.300000E-4	-9.292006E-3
4.350000E-4	-9.324908E-3
4.400000E-4	-9.323537E-3
4.450000E-4	-9.400308E-3
4.500000E-4	-9.563446E-3
4.550000E-4	-9.367406E-3
4.600000E-4	-9.381115E-3
4.650000E-4	-9.493530E-3
4.700000E-4	-9.415388E-3
4.750000E-4	-9.319425E-3
4.800000E-4	-9.296119E-3
4.850000E-4	-9.234428E-3
4.900000E-4	-9.405792E-3
4.950000E-4	-9.253621E-3
5.000000E-4	-9.174109E-3
5.050000E-4	-9.149432E-3
5.100000E-4	-9.196043E-3
5.150000E-4	-9.448290E-3
5.200000E-4	-9.235799E-3
5.250000E-4	-9.172738E-3
5.300000E-4	-9.261847E-3
5.350000E-4	-9.367406E-3
5.400000E-4	-9.312570E-3
5.450000E-4	-9.242654E-3
5.500000E-4	-9.202898E-3
5.550000E-4	-9.223461E-3
5.600000E-4	-9.205639E-3
5.650000E-4	-9.220719E-3
5.700000E-4	-9.175479E-3
5.750000E-4	-9.209752E-3
5.800000E-4	-9.234428E-3
5.850000E-4	-9.237170E-3
5.900000E-4	-9.301603E-3
5.950000E-4	-9.375632E-3
6.000000E-4	-9.392083E-3
6.050000E-4	-9.448290E-3
6.100000E-4	-9.327650E-3
6.150000E-4	-9.374261E-3
6.200000E-4	-9.239912E-3
6.250000E-4	-9.109676E-3
6.300000E-4	-9.112418E-3
6.350000E-4	-9.171367E-3
6.400000E-4	-9.226203E-3
6.450000E-4	-9.220719E-3
6.500000E-4	-9.407163E-3
6.550000E-4	-9.549737E-3
6.600000E-4	-9.446919E-3
6.650000E-4	-9.456515E-3
6.700000E-4	-9.553850E-3
6.750000E-4	-9.287894E-3
6.800000E-4	-9.164512E-3
6.850000E-4	-9.189188E-3
6.900000E-4	-9.334505E-3
6.950000E-4	-9.259105E-3
7.000000E-4	-9.268701E-3
7.050000E-4	-9.459257E-3
7.100000E-4	-9.385228E-3
7.150000E-4	-9.279668E-3
7.200000E-4	-9.289265E-3
7.250000E-4	-9.207010E-3
7.300000E-4	-9.342730E-3
7.350000E-4	-9.302974E-3
7.400000E-4	-9.212494E-3
7.450000E-4	-9.282410E-3
7.500000E-4	-9.193301E-3
7.550000E-4	-9.212494E-3
7.600000E-4	-9.420872E-3
7.650000E-4	-9.538770E-3
7.700000E-4	-9.433210E-3
7.750000E-4	-9.426355E-3
7.800000E-4	-9.272814E-3
7.850000E-4	-9.267330E-3
7.900000E-4	-9.271443E-3
7.950000E-4	-9.361923E-3
8.000000E-4	-9.383857E-3
8.050000E-4	-9.119272E-3
8.100000E-4	-9.198785E-3
8.150000E-4	-9.175479E-3
8.200000E-4	-9.115160E-3
8.250000E-4	-9.271443E-3
8.300000E-4	-9.252250E-3
8.350000E-4	-9.361923E-3
8.400000E-4	-9.415388E-3
8.450000E-4	-9.361923E-3
8.500000E-4	-9.316683E-3
8.550000E-4	-9.342730E-3
8.600000E-4	-9.226203E-3
8.650000E-4	-9.304345E-3
8.700000E-4	-9.250879E-3
8.750000E-4	-9.346843E-3
8.800000E-4	-9.492159E-3
8.850000E-4	-9.360552E-3
8.900000E-4	-9.327650E-3
8.950000E-4	-9.368777E-3
9.000000E-4	-9.408534E-3
9.050000E-4	-9.297490E-3
9.100000E-4	-9.318054E-3
9.150000E-4	-9.348214E-3
9.200000E-4	-9.316683E-3
9.250000E-4	-9.263217E-3
9.300000E-4	-9.223461E-3
9.350000E-4	-9.274185E-3
9.400000E-4	-9.252250E-3
9.450000E-4	-9.196043E-3
9.500000E-4	-9.300232E-3
9.550000E-4	-9.352326E-3
9.600000E-4	-9.483933E-3
9.650000E-4	-9.387970E-3
9.700000E-4	-9.253621E-3
9.750000E-4	-9.275556E-3
9.800000E-4	-9.374261E-3
9.850000E-4	-9.390712E-3
9.900000E-4	-9.304345E-3
9.950000E-4	-9.223461E-3
1.000000E-3	-9.260476E-3
1.005000E-3	-9.446919E-3
1.010000E-3	-9.360552E-3
1.015000E-3	-9.219348E-3
1.020000E-3	-9.341359E-3
1.025000E-3	-9.392083E-3
1.030000E-3	-9.252250E-3
1.035000E-3	-9.185076E-3
1.040000E-3	-9.157658E-3
1.045000E-3	-9.250879E-3
1.050000E-3	-9.071290E-3
1.055000E-3	-9.150803E-3
1.060000E-3	-9.196043E-3
1.065000E-3	-9.253621E-3
1.070000E-3	-9.257734E-3
1.075000E-3	-9.320796E-3
1.080000E-3	-9.196043E-3
1.085000E-3	-9.381115E-3
1.090000E-3	-9.423614E-3
1.095000E-3	-9.370148E-3
1.100000E-3	-9.407163E-3
1.105000E-3	-9.390712E-3
1.110000E-3	-9.475708E-3
1.115000E-3	-9.183705E-3
1.120000E-3	-9.130239E-3
1.125000E-3	-9.157658E-3
1.130000E-3	-9.187818E-3
1.135000E-3	-9.179592E-3
1.140000E-3	-9.311199E-3
1.145000E-3	-9.281039E-3
1.150000E-3	-9.361923E-3
1.155000E-3	-9.382486E-3
1.160000E-3	-9.086370E-3
1.165000E-3	-9.013712E-3
1.170000E-3	-9.152174E-3
1.175000E-3	-9.244025E-3
1.180000E-3	-9.330392E-3
1.185000E-3	-9.256363E-3
1.190000E-3	-9.414017E-3
1.195000E-3	-9.341359E-3
1.200000E-3	-9.287894E-3
1.205000E-3	-9.320796E-3
1.210000E-3	-9.311199E-3
1.215000E-3	-9.293377E-3
1.220000E-3	-9.366035E-3
1.225000E-3	-9.378374E-3
1.230000E-3	-9.418130E-3
1.235000E-3	-9.407163E-3
1.240000E-3	-9.415388E-3
1.245000E-3	-9.270072E-3
1.250000E-3	-9.167254E-3
1.255000E-3	-9.287894E-3
1.260000E-3	-9.260476E-3
1.265000E-3	-9.335876E-3
1.270000E-3	-9.385228E-3
1.275000E-3	-9.411275E-3
1.280000E-3	-9.392083E-3
1.285000E-3	-9.477079E-3
1.290000E-3	-9.163141E-3
1.295000E-3	-9.086370E-3
1.300000E-3	-9.127498E-3
1.305000E-3	-9.223461E-3
1.310000E-3	-9.185076E-3
1.315000E-3	-9.190559E-3
1.320000E-3	-9.254992E-3
1.325000E-3	-9.270072E-3
1.330000E-3	-9.230316E-3
1.335000E-3	-9.356439E-3
1.340000E-3	-9.242654E-3
1.345000E-3	-9.287894E-3
1.350000E-3	-9.415388E-3
1.355000E-3	-9.378374E-3
1.360000E-3	-9.350955E-3
1.365000E-3	-9.242654E-3
1.370000E-3	-9.290636E-3
1.375000E-3	-9.309828E-3
1.380000E-3	-9.264588E-3
1.385000E-3	-9.182334E-3
1.390000E-3	-9.178221E-3
1.395000E-3	-9.172738E-3
1.400000E-3	-9.335876E-3
1.405000E-3	-9.324908E-3
1.410000E-3	-9.253621E-3
1.415000E-3	-9.267330E-3
1.420000E-3	-9.313941E-3
1.425000E-3	-9.282410E-3
1.430000E-3	-9.375632E-3
1.435000E-3	-9.278297E-3
1.440000E-3	-9.253621E-3
1.445000E-3	-9.239912E-3
1.450000E-3	-9.120643E-3
1.455000E-3	-9.127498E-3
1.460000E-3	-9.069920E-3
1.465000E-3	-9.056211E-3
1.470000E-3	-9.163141E-3
1.475000E-3	-9.431839E-3
1.480000E-3	-9.305716E-3
1.485000E-3	-9.100080E-3
1.490000E-3	-9.198785E-3
1.495000E-3	-9.519577E-3
1.500000E-3	-9.407163E-3
1.505000E-3	-9.324908E-3
1.510000E-3	-9.233057E-3
1.515000E-3	-9.287894E-3
1.520000E-3	-9.312570E-3
1.525000E-3	-9.501755E-3
1.530000E-3	-9.259105E-3
1.535000E-3	-9.204268E-3
1.540000E-3	-9.216607E-3
1.545000E-3	-9.424984E-3
1.550000E-3	-9.394825E-3
1.555000E-3	-9.333134E-3
1.560000E-3	-9.137094E-3
1.565000E-3	-9.279668E-3
1.570000E-3	-9.364665E-3
1.575000E-3	-9.408534E-3
1.580000E-3	-9.566188E-3
1.585000E-3	-9.552479E-3
1.590000E-3	-9.433210E-3
1.595000E-3	-9.231687E-3
1.600000E-3	-9.377003E-3
1.605000E-3	-9.375632E-3
1.610000E-3	-9.418130E-3
1.615000E-3	-9.356439E-3
1.620000E-3	-9.167254E-3
1.625000E-3	-9.028792E-3
1.630000E-3	-9.183705E-3
1.635000E-3	-9.246767E-3
1.640000E-3	-9.372890E-3
1.645000E-3	-9.472966E-3
1.650000E-3	-9.594977E-3
1.655000E-3	-9.422243E-3
1.660000E-3	-9.359181E-3
1.665000E-3	-9.270072E-3
1.670000E-3	-9.326279E-3
1.675000E-3	-9.416759E-3
1.680000E-3	-9.383857E-3
1.685000E-3	-9.335876E-3
1.690000E-3	-9.238541E-3
1.695000E-3	-9.216607E-3
1.700000E-3	-9.233057E-3
1.705000E-3	-9.233057E-3
1.710000E-3	-9.305716E-3
1.715000E-3	-9.348214E-3
1.720000E-3	-9.346843E-3
1.725000E-3	-9.420872E-3
1.730000E-3	-9.300232E-3
1.735000E-3	-9.212494E-3
1.740000E-3	-9.167254E-3
1.745000E-3	-9.456515E-3
1.750000E-3	-9.424984E-3
1.755000E-3	-9.254992E-3
1.760000E-3	-9.217978E-3
1.765000E-3	-9.327650E-3
1.770000E-3	-9.331763E-3
1.775000E-3	-9.368777E-3
1.780000E-3	-9.420872E-3
1.785000E-3	-9.441435E-3
1.790000E-3	-9.267330E-3
1.795000E-3	-9.227574E-3
1.800000E-3	-9.115160E-3
1.805000E-3	-9.305716E-3
1.810000E-3	-9.274185E-3
1.815000E-3	-9.416759E-3
1.820000E-3	-9.367406E-3
1.825000E-3	-9.143949E-3
1.830000E-3	-9.281039E-3
1.835000E-3	-9.357810E-3
1.840000E-3	-9.435952E-3
1.845000E-3	-9.360552E-3
1.850000E-3	-9.390712E-3
1.855000E-3	-9.272814E-3
1.860000E-3	-9.245396E-3
1.865000E-3	-9.167254E-3
1.870000E-3	-9.143949E-3
1.875000E-3	-9.252250E-3
1.880000E-3	-9.331763E-3
1.885000E-3	-9.148061E-3
1.890000E-3	-9.182334E-3
1.895000E-3	-9.252250E-3
1.900000E-3	-9.339988E-3
1.905000E-3	-9.252250E-3
1.910000E-3	-9.249508E-3
1.915000E-3	-9.279668E-3
1.920000E-3	-9.508610E-3
1.925000E-3	-9.448290E-3
1.930000E-3	-9.370148E-3
1.935000E-3	-9.529173E-3
1.940000E-3	-9.350955E-3
1.945000E-3	-9.165883E-3
1.950000E-3	-9.009600E-3
1.955000E-3	-9.116530E-3
1.960000E-3	-9.209752E-3
1.965000E-3	-9.342730E-3
1.970000E-3	-9.515464E-3
1.975000E-3	-9.415388E-3
1.980000E-3	-9.259105E-3
1.985000E-3	-9.278297E-3
1.990000E-3	-9.292006E-3
1.995000E-3	-9.223461E-3
2.000000E-3	-9.205639E-3
2.005000E-3	-9.290636E-3
2.010000E-3	-9.253621E-3
2.015000E-3	-9.187818E-3
2.020000E-3	-9.200156E-3
2.025000E-3	-9.485304E-3
2.030000E-3	-9.377003E-3
2.035000E-3	-9.464741E-3
2.040000E-3	-9.363294E-3
2.045000E-3	-9.389341E-3
2.050000E-3	-9.372890E-3
2.055000E-3	-9.531915E-3
2.060000E-3	-9.389341E-3
2.065000E-3	-9.393454E-3
2.070000E-3	-9.278297E-3
2.075000E-3	-9.429097E-3
2.080000E-3	-9.322166E-3
2.085000E-3	-9.286523E-3
2.090000E-3	-9.249508E-3
2.095000E-3	-9.264588E-3
2.100000E-3	-9.207010E-3
2.105000E-3	-9.190559E-3
2.110000E-3	-9.248137E-3
2.115000E-3	-9.106934E-3
2.120000E-3	-9.272814E-3
2.125000E-3	-9.285152E-3
2.130000E-3	-9.115160E-3
2.135000E-3	-9.149432E-3
2.140000E-3	-9.301603E-3
2.145000E-3	-9.220719E-3
2.150000E-3	-9.216607E-3
2.155000E-3	-9.335876E-3
2.160000E-3	-9.341359E-3
2.165000E-3	-9.420872E-3
2.170000E-3	-9.329021E-3
2.175000E-3	-9.382486E-3
2.180000E-3	-9.326279E-3
2.185000E-3	-9.308457E-3
2.190000E-3	-9.319425E-3
2.195000E-3	-9.305716E-3
2.200000E-3	-9.293377E-3
2.205000E-3	-9.285152E-3
2.210000E-3	-9.331763E-3
2.215000E-3	-9.511352E-3
2.220000E-3	-9.316683E-3
2.225000E-3	-9.287894E-3
2.230000E-3	-9.350955E-3
2.235000E-3	-9.423614E-3
2.240000E-3	-9.390712E-3
2.245000E-3	-9.353697E-3
2.250000E-3	-9.183705E-3
2.255000E-3	-9.285152E-3
2.260000E-3	-9.300232E-3
2.265000E-3	-9.091854E-3
2.270000E-3	-9.265959E-3
2.275000E-3	-9.411275E-3
2.280000E-3	-9.445548E-3
2.285000E-3	-9.083629E-3
2.290000E-3	-9.198785E-3
2.295000E-3	-9.341359E-3
2.300000E-3	-9.372890E-3
2.305000E-3	-9.366035E-3
2.310000E-3	-9.292006E-3
2.315000E-3	-9.138465E-3
2.320000E-3	-9.157658E-3
2.325000E-3	-9.296119E-3
2.330000E-3	-9.403050E-3
2.335000E-3	-9.292006E-3
2.340000E-3	-9.304345E-3
2.345000E-3	-9.282410E-3
2.350000E-3	-9.308457E-3
2.355000E-3	-9.141207E-3
2.360000E-3	-9.327650E-3
2.365000E-3	-9.205639E-3
2.370000E-3	-9.191930E-3
2.375000E-3	-9.159029E-3
2.380000E-3	-9.102821E-3
2.385000E-3	-9.209752E-3
2.390000E-3	-9.268701E-3
2.395000E-3	-9.505868E-3
2.400000E-3	-9.105563E-3
2.405000E-3	-9.488046E-3
2.410000E-3	-9.083629E-3
2.415000E-3	-9.470224E-3
2.420000E-3	-8.840978E-3
2.425000E-3	-9.463370E-3
2.430000E-3	-8.699775E-3
2.435000E-3	-9.556592E-3
2.440000E-3	-8.480430E-3
2.445000E-3	-9.999394E-3
2.450000E-3	-8.511961E-3
2.455000E-3	-5.864739E-3
2.460000E-3	-1.442194E-2
2.465000E-3	-9.568793E-2
2.470000E-3	-2.411411E-1
2.475000E-3	-2.476392E-1
2.480000E-3	-2.566817E-1
2.485000E-3	-9.993362E-2
2.490000E-3	4.970086E-2
2.495000E-3	6.464511E-2
2.500000E-3	6.192948E-1
2.505000E-3	2.282903E-1
2.510000E-3	-2.508910E-1
2.515000E-3	3.579575E-1
2.520000E-3	5.828410E-2
2.525000E-3	-9.206599E-2
2.530000E-3	9.759897E-2
2.535000E-3	4.092431E-2
2.540000E-3	-1.540351E-2
2.545000E-3	-8.192676E-2
2.550000E-3	-1.560092E-3
2.555000E-3	-8.527040E-3
2.560000E-3	-1.093751E-1
2.565000E-3	-5.866385E-2
2.570000E-3	7.268548E-3
2.575000E-3	-1.517772E-1
2.580000E-3	-1.240547E-1
2.585000E-3	3.562027E-2
2.590000E-3	-8.156347E-2
2.595000E-3	-1.144488E-1
2.600000E-3	7.158190E-2
2.605000E-3	1.817822E-2
2.610000E-3	1.617670E-3
2.615000E-3	5.476362E-2
2.620000E-3	-7.112265E-2
2.625000E-3	5.893391E-2
2.630000E-3	6.979287E-3
2.635000E-3	-5.587405E-2
2.640000E-3	2.257198E-2
2.645000E-3	1.444525E-2
2.650000E-3	3.145546E-2
2.655000E-3	-2.330953E-2
2.660000E-3	4.447770E-2
2.665000E-3	2.692598E-2
2.670000E-3	-4.569370E-2
2.675000E-3	2.004951E-2
2.680000E-3	-2.840519E-2
2.685000E-3	-8.561724E-2
2.690000E-3	-3.197229E-2
2.695000E-3	3.260016E-3
2.700000E-3	-1.511836E-2
2.705000E-3	-1.252598E-2
2.710000E-3	6.652737E-2
2.715000E-3	-9.196043E-3
2.720000E-3	-7.150787E-2
2.725000E-3	-9.499013E-3
2.730000E-3	2.591014E-3
2.735000E-3	-2.183443E-2
2.740000E-3	-1.555842E-2
2.745000E-3	4.523033E-2
2.750000E-3	-2.332461E-2
2.755000E-3	-4.908258E-2
2.760000E-3	2.156025E-2
2.765000E-3	-3.522682E-2
2.770000E-3	-5.011487E-2
2.775000E-3	7.478297E-3
2.780000E-3	-4.137808E-2
2.785000E-3	-2.880687E-2
2.790000E-3	6.022531E-2
2.795000E-3	-3.226155E-2
2.800000E-3	-3.447008E-2
2.805000E-3	4.391563E-2
2.810000E-3	-6.734991E-2
2.815000E-3	-6.397200E-2
2.820000E-3	7.064146E-2
2.825000E-3	9.049356E-3
2.830000E-3	-2.581555E-2
2.835000E-3	3.690207E-2
2.840000E-3	-2.942789E-2
2.845000E-3	-8.894032E-2
2.850000E-3	-6.164968E-3
2.855000E-3	1.114547E-2
2.860000E-3	-3.858143E-2
2.865000E-3	5.436468E-2
2.870000E-3	2.215111E-2
2.875000E-3	-9.031671E-2
2.880000E-3	-3.042042E-3
2.885000E-3	-2.647221E-3
2.890000E-3	-4.700291E-2
2.895000E-3	4.784328E-2
2.900000E-3	3.175569E-2
2.905000E-3	-6.256270E-2
2.910000E-3	-3.185987E-3
2.915000E-3	6.759530E-2
2.920000E-3	-3.603017E-2
2.925000E-3	-4.218280E-2
2.930000E-3	4.074198E-2
2.935000E-3	-3.807831E-2
2.940000E-3	-4.325759E-2
2.945000E-3	3.203398E-2
2.950000E-3	-2.263916E-2
2.955000E-3	-1.474684E-2
2.960000E-3	1.935446E-2
2.965000E-3	-2.040046E-2
2.970000E-3	-3.054380E-3
2.975000E-3	3.535843E-2
2.980000E-3	-1.425743E-2
2.985000E-3	-2.620900E-2
2.990000E-3	2.852172E-2
2.995000E-3	-2.891517E-2
3.000000E-3	-5.665410E-2
3.005000E-3	1.216543E-2
3.010000E-3	-1.500869E-2
3.015000E-3	-3.028882E-2
3.020000E-3	-4.248440E-3
3.025000E-3	-9.679973E-3
3.030000E-3	-2.684647E-2
3.035000E-3	-1.066566E-2
3.040000E-3	-3.009140E-3
3.045000E-3	-2.164662E-2
3.050000E-3	1.979589E-2
3.055000E-3	3.288805E-3
3.060000E-3	-3.310055E-2
3.065000E-3	7.391930E-3
3.070000E-3	-2.326018E-2
3.075000E-3	-2.790344E-2
3.080000E-3	1.366794E-2
3.085000E-3	-2.096802E-2
3.090000E-3	6.144404E-3
3.095000E-3	4.080778E-2
3.100000E-3	-1.451105E-2
3.105000E-3	-5.846369E-2
3.110000E-3	-3.705835E-2
3.115000E-3	-4.457366E-2
3.120000E-3	-7.334352E-2
3.125000E-3	-1.413405E-3
3.130000E-3	3.183246E-2
3.135000E-3	-9.331763E-3
3.140000E-3	2.298874E-2
3.145000E-3	2.365911E-2
3.150000E-3	-6.318510E-3
3.155000E-3	-5.095661E-3
3.160000E-3	-7.848442E-3
3.165000E-3	-1.515812E-2
3.170000E-3	-2.107084E-3
3.175000E-3	2.987617E-2
3.180000E-3	-9.992540E-3
3.185000E-3	-4.067481E-2
3.190000E-3	-4.741967E-3
3.195000E-3	-2.609110E-2
3.200000E-3	-2.751958E-2
3.205000E-3	1.306611E-2
3.210000E-3	-5.955219E-3
3.215000E-3	-1.655233E-2
3.220000E-3	-3.347754E-3
3.225000E-3	-2.098173E-2
3.230000E-3	-4.306430E-2
3.235000E-3	-4.603505E-3
3.240000E-3	9.954154E-3
3.245000E-3	-2.832294E-2
3.250000E-3	1.003504E-3
3.255000E-3	7.773042E-3
3.260000E-3	-1.757503E-2
3.265000E-3	-5.002439E-3
3.270000E-3	-9.893835E-3
3.275000E-3	-1.205850E-2
3.280000E-3	8.293986E-4
3.285000E-3	8.143187E-4
3.290000E-3	-1.003230E-2
3.295000E-3	-1.106322E-3
3.300000E-3	1.033527E-2
3.305000E-3	-9.016454E-3
3.310000E-3	5.069613E-3
3.315000E-3	1.321554E-2
3.320000E-3	-2.873147E-2
3.325000E-3	-1.643854E-2
3.330000E-3	-2.512187E-2
3.335000E-3	-4.621190E-2
3.340000E-3	-2.495599E-2
3.345000E-3	-2.057320E-2
3.350000E-3	-1.679361E-2
3.355000E-3	-1.908302E-3
3.360000E-3	9.315312E-3
3.365000E-3	1.698554E-3
3.370000E-3	-1.565713E-2
3.375000E-3	-2.175629E-3
3.380000E-3	-2.018660E-2
3.385000E-3	-3.576833E-2
3.390000E-3	-6.045699E-3
3.395000E-3	-6.049812E-3
3.400000E-3	-2.678752E-3
3.405000E-3	1.211607E-2
3.410000E-3	1.546520E-2
3.415000E-3	6.426811E-3
3.420000E-3	2.856970E-3
3.425000E-3	-1.202285E-3
3.430000E-3	-2.777183E-2
3.435000E-3	-2.432674E-2
3.440000E-3	-2.372080E-2
3.445000E-3	-3.480047E-2
3.450000E-3	-6.240368E-3
3.455000E-3	-3.346384E-3
3.460000E-3	-8.936942E-3
3.465000E-3	5.870223E-3
3.470000E-3	-2.425134E-3
3.475000E-3	-2.249521E-2
3.480000E-3	-1.496893E-2
3.485000E-3	-2.111197E-3
3.490000E-3	-2.521509E-2
3.495000E-3	-7.885456E-3
3.500000E-3	2.517122E-2
3.505000E-3	-6.499469E-3
3.510000E-3	-1.438767E-2
3.515000E-3	-1.035035E-3
3.520000E-3	-2.171105E-2
3.525000E-3	-2.501905E-2
3.530000E-3	-7.208228E-3
3.535000E-3	-1.130587E-2
3.540000E-3	-1.533496E-2
3.545000E-3	5.154610E-3
3.550000E-3	-1.529932E-3
3.555000E-3	-2.480793E-2
3.560000E-3	-2.028394E-2
3.565000E-3	-2.793497E-2
3.570000E-3	-4.204434E-2
3.575000E-3	-2.779651E-2
3.580000E-3	-2.298188E-2
3.585000E-3	-1.551044E-2
3.590000E-3	-2.401829E-3
3.595000E-3	-1.435339E-3
3.600000E-3	-1.031470E-2
3.605000E-3	-1.258355E-2
3.610000E-3	-1.991928E-3
3.615000E-3	-1.565850E-2
3.620000E-3	-1.785469E-2
3.625000E-3	9.733438E-4
3.630000E-3	-2.618432E-3
3.635000E-3	7.252097E-4
3.640000E-3	1.537335E-2
3.645000E-3	1.667297E-2
3.650000E-3	1.076710E-2
3.655000E-3	1.309901E-2
3.660000E-3	3.676772E-3
3.665000E-3	-3.074259E-2
3.670000E-3	-2.782530E-2
3.675000E-3	-9.337246E-3
3.680000E-3	-2.081448E-2
3.685000E-3	-1.347190E-2
3.690000E-3	-4.099011E-4
3.695000E-3	-8.865654E-3
3.700000E-3	-2.263367E-2
3.705000E-3	-2.980489E-2
3.710000E-3	-2.715904E-2
3.715000E-3	-2.379894E-2
3.720000E-3	-6.238997E-3
3.725000E-3	7.608533E-4
3.730000E-3	-2.008379E-3
3.735000E-3	3.007770E-3
3.740000E-3	-7.561922E-3
3.745000E-3	-1.204616E-2
3.750000E-3	-7.811427E-3
3.755000E-3	-6.218433E-3
3.760000E-3	-6.840825E-4
3.765000E-3	-6.210208E-4
3.770000E-3	2.179742E-4
3.775000E-3	-1.178980E-4
3.780000E-3	-9.075403E-3
3.785000E-3	-1.557487E-2
3.790000E-3	-2.133405E-2
3.795000E-3	-2.014685E-2
3.800000E-3	-1.813436E-2
3.805000E-3	-1.903778E-2
3.810000E-3	-1.841265E-2
3.815000E-3	-1.558310E-2
3.820000E-3	-4.953086E-3
3.825000E-3	2.883017E-3
3.830000E-3	8.078754E-3
3.835000E-3	1.844418E-2
3.840000E-3	1.568043E-2
3.845000E-3	4.233360E-3
3.850000E-3	-5.543947E-3
3.855000E-3	-1.547068E-2
3.860000E-3	-2.121753E-2
3.865000E-3	-2.122164E-2
3.870000E-3	-1.317853E-2
3.875000E-3	-1.064372E-2
3.880000E-3	-5.014777E-3
3.885000E-3	4.781723E-3
3.890000E-3	-5.990863E-4
3.895000E-3	-4.488349E-3
3.900000E-3	-9.762228E-3
3.905000E-3	-1.848394E-2
3.910000E-3	-1.586550E-2
3.915000E-3	-1.304829E-2
3.920000E-3	-1.425058E-2
3.925000E-3	-1.590252E-2
3.930000E-3	-1.613146E-2
3.935000E-3	-1.955187E-2
3.940000E-3	-1.878142E-2
3.945000E-3	-1.053816E-2
3.950000E-3	-1.791501E-2
3.955000E-3	-2.300107E-2
3.960000E-3	-1.649064E-2
3.965000E-3	-2.062392E-2
3.970000E-3	-2.204967E-2
3.975000E-3	-1.209140E-2
3.980000E-3	2.699316E-3
3.985000E-3	5.258799E-3
3.990000E-3	8.115768E-4
3.995000E-3	1.757503E-3
4.000000E-3	-7.923841E-3
4.005000E-3	-1.347053E-2
4.010000E-3	-1.361310E-2
4.015000E-3	-1.742423E-2
4.020000E-3	-1.163214E-2
4.025000E-3	-1.412034E-3
4.030000E-3	-1.793146E-3
4.035000E-3	-7.269919E-3
4.040000E-3	-4.942119E-3
4.045000E-3	-3.918052E-3
4.050000E-3	-1.203108E-2
4.055000E-3	-6.843567E-3
4.060000E-3	2.141356E-3
4.065000E-3	-3.303885E-4
4.070000E-3	8.444786E-4
4.075000E-3	8.211732E-4
4.080000E-3	-2.575934E-3
4.085000E-3	-6.504953E-3
4.090000E-3	-9.043872E-3
4.095000E-3	-1.018035E-2
4.100000E-3	-1.008028E-2
4.105000E-3	-5.075097E-3
4.110000E-3	-8.697033E-3
4.115000E-3	-1.149780E-2
4.120000E-3	-1.058751E-2
4.125000E-3	-1.923245E-2
4.130000E-3	-1.908576E-2
4.135000E-3	-1.320320E-2
4.140000E-3	-1.671410E-2
4.145000E-3	-2.019072E-2
4.150000E-3	-1.772445E-2
4.155000E-3	-1.644540E-2
4.160000E-3	-2.055401E-2
4.165000E-3	-1.467007E-2
4.170000E-3	-6.258190E-3
4.175000E-3	-6.936789E-3
4.180000E-3	1.536787E-3
4.185000E-3	7.561922E-3
4.190000E-3	3.290176E-4
4.195000E-3	-2.271593E-3
4.200000E-3	-5.838692E-3
4.205000E-3	-1.992065E-2
4.210000E-3	-2.842164E-2
4.215000E-3	-2.816802E-2
4.220000E-3	-3.088653E-2
4.225000E-3	-3.166246E-2
4.230000E-3	-2.245820E-2
4.235000E-3	-1.594502E-2
4.240000E-3	-8.886218E-3
4.245000E-3	4.447222E-3
4.250000E-3	9.026051E-3
4.255000E-3	8.099318E-3
4.260000E-3	7.943034E-3
4.265000E-3	7.969081E-3
4.270000E-3	4.842043E-3
4.275000E-3	-1.344860E-3
4.280000E-3	-1.972735E-3
4.285000E-3	-5.438387E-3
4.290000E-3	-1.124418E-2
4.295000E-3	-1.537472E-2
4.300000E-3	-1.950663E-2
4.305000E-3	-1.673877E-2
4.310000E-3	-1.202697E-2
4.315000E-3	-1.211745E-2
4.320000E-3	-1.259452E-2
4.325000E-3	-9.245396E-3
4.330000E-3	-1.076436E-2
4.335000E-3	-1.586550E-2
4.340000E-3	-1.087266E-2
4.345000E-3	-7.999241E-3
4.350000E-3	-7.223308E-3
4.355000E-3	-2.240062E-3
4.360000E-3	-8.233666E-3
4.365000E-3	-1.210785E-2
4.370000E-3	-9.667635E-3
4.375000E-3	-1.247388E-2
4.380000E-3	-1.250404E-2
4.385000E-3	-6.929934E-3
4.390000E-3	-3.188729E-3
4.395000E-3	-4.854381E-3
4.400000E-3	-3.661692E-3
4.405000E-3	-2.754152E-3
4.410000E-3	-6.355524E-3
4.415000E-3	-5.239606E-3
4.420000E-3	-4.103124E-3
4.425000E-3	-6.914854E-3
4.430000E-3	-9.483933E-3
4.435000E-3	-1.128942E-2
4.440000E-3	-1.273572E-2
4.445000E-3	-1.653451E-2
4.450000E-3	-1.582575E-2
4.455000E-3	-1.302636E-2
4.460000E-3	-1.851135E-2
4.465000E-3	-1.654685E-2
4.470000E-3	-9.386599E-3
4.475000E-3	-1.117289E-2
4.480000E-3	-1.234365E-2
4.485000E-3	-9.152174E-3
4.490000E-3	-1.060259E-2
4.495000E-3	-1.317167E-2
4.500000E-3	-7.030010E-3
4.505000E-3	-3.131151E-3
4.510000E-3	-7.073879E-3
4.515000E-3	-6.483018E-3
4.520000E-3	-7.459104E-3
4.525000E-3	-1.261920E-2
4.530000E-3	-1.262605E-2
4.535000E-3	-8.642197E-3
4.540000E-3	-4.064739E-3
4.545000E-3	-2.798021E-3
4.550000E-3	-3.820717E-3
4.555000E-3	-6.750345E-3
4.560000E-3	-9.710133E-3
4.565000E-3	-8.524299E-3
4.570000E-3	-7.651031E-3
4.575000E-3	-5.095661E-3
4.580000E-3	-2.669156E-3
4.585000E-3	-6.302059E-3
4.590000E-3	-1.157868E-2
4.595000E-3	-1.648790E-2
4.600000E-3	-2.013451E-2
4.605000E-3	-2.298874E-2
4.610000E-3	-2.119559E-2
4.615000E-3	-1.361722E-2
4.620000E-3	-4.752934E-3
4.625000E-3	4.626811E-3
4.630000E-3	7.449508E-3
4.635000E-3	3.424525E-3
4.640000E-3	-1.377761E-3
4.645000E-3	-9.346843E-3
4.650000E-3	-1.344311E-2
4.655000E-3	-1.595324E-2
4.660000E-3	-1.954639E-2
4.665000E-3	-1.720899E-2
4.670000E-3	-1.476192E-2
4.675000E-3	-1.413268E-2
4.680000E-3	-1.076573E-2
4.685000E-3	-9.470224E-3
4.690000E-3	-1.128256E-2
4.695000E-3	-1.042026E-2
4.700000E-3	-7.751107E-3
4.705000E-3	-9.481192E-3
4.710000E-3	-7.313788E-3
4.715000E-3	-7.334352E-4
4.720000E-3	-3.605485E-4
4.725000E-3	-3.756285E-4
4.730000E-3	-1.746535E-3
4.735000E-3	-5.240977E-3
4.740000E-3	-6.103277E-3
4.745000E-3	-5.800307E-3
4.750000E-3	-5.394518E-3
4.755000E-3	-6.243110E-3
4.760000E-3	-8.713484E-3
4.765000E-3	-1.205027E-2
4.770000E-3	-1.461935E-2
4.775000E-3	-1.494014E-2
4.780000E-3	-1.613283E-2
4.785000E-3	-1.613420E-2
4.790000E-3	-1.358294E-2
4.795000E-3	-1.256025E-2
4.800000E-3	-1.189262E-2
4.805000E-3	-1.225865E-2
4.810000E-3	-1.362544E-2
4.815000E-3	-1.284403E-2
4.820000E-3	-9.832144E-3
4.825000E-3	-8.834124E-3
4.830000E-3	-9.825289E-3
4.835000E-3	-7.042348E-3
4.840000E-3	-6.485760E-3
4.845000E-3	-1.058477E-2
4.850000E-3	-9.272814E-3
4.855000E-3	-9.489417E-3
4.860000E-3	-1.456040E-2
4.865000E-3	-1.556665E-2
4.870000E-3	-1.511562E-2
4.875000E-3	-1.586002E-2
4.880000E-3	-1.207358E-2
4.885000E-3	-5.868852E-3
4.890000E-3	-4.865348E-3
4.895000E-3	-4.356742E-3
4.900000E-3	-2.874792E-3
4.905000E-3	-8.720338E-3
4.910000E-3	-1.292765E-2
4.915000E-3	-1.263702E-2
4.920000E-3	-1.447952E-2
4.925000E-3	-1.513481E-2
4.930000E-3	-1.418751E-2
4.935000E-3	-1.451927E-2
4.940000E-3	-1.286596E-2
4.945000E-3	-7.914245E-3
4.950000E-3	-5.508304E-3
4.955000E-3	-4.885912E-3
4.960000E-3	-1.741052E-3
4.965000E-3	-9.294748E-4
4.970000E-3	-1.417518E-3
4.975000E-3	2.408683E-3
4.980000E-3	7.389188E-4
4.985000E-3	-3.749430E-3
4.990000E-3	-4.231989E-3
4.995000E-3	-7.087588E-3
5.000000E-3	-1.208043E-2
5.005000E-3	-1.381463E-2
5.010000E-3	-1.055050E-2
5.015000E-3	-1.137441E-2
5.020000E-3	-9.666264E-3
5.025000E-3	-8.335114E-3
5.030000E-3	-1.771486E-2
5.035000E-3	-3.000367E-2
5.040000E-3	-3.777808E-2
5.045000E-3	-4.750329E-2
5.050000E-3	-6.270665E-2
5.055000E-3	-5.426323E-2
5.060000E-3	-3.165698E-2
5.065000E-3	-7.338464E-3
5.070000E-3	4.160154E-2
5.075000E-3	8.657277E-2
5.080000E-3	2.028394E-2
5.085000E-3	2.532202E-2
5.090000E-3	3.403139E-2
5.095000E-3	-1.741463E-2
5.100000E-3	2.629399E-3
5.105000E-3	1.052582E-2
5.110000E-3	-1.729536E-2
5.115000E-3	3.711045E-3
5.120000E-3	-6.977916E-4
5.125000E-3	-1.809186E-2
5.130000E-3	-1.267540E-2
5.135000E-3	-1.345271E-2
5.140000E-3	-3.073025E-2
5.145000E-3	-3.886110E-2
5.150000E-3	-3.002423E-2
5.155000E-3	-3.363794E-2
5.160000E-3	-3.467983E-2
5.165000E-3	-2.142042E-2
5.170000E-3	-2.410740E-2
5.175000E-3	-2.183032E-2
5.180000E-3	-5.615234E-3
5.185000E-3	-3.425896E-3
5.190000E-3	-1.129353E-2
5.195000E-3	5.013406E-3
5.200000E-3	1.129490E-2
5.205000E-3	-1.019132E-2
5.210000E-3	1.111668E-2
5.215000E-3	1.475096E-2
5.220000E-3	-3.964663E-3
5.225000E-3	7.065654E-3
5.230000E-3	6.300688E-3
5.235000E-3	-8.559942E-3
5.240000E-3	-9.021938E-3
5.245000E-3	-4.550040E-3
5.250000E-3	-1.879650E-2
5.255000E-3	-1.938188E-2
5.260000E-3	-8.067787E-3
5.265000E-3	-2.079940E-2
5.270000E-3	-1.761341E-2
5.275000E-3	-4.741967E-3
5.280000E-3	-1.719940E-2
5.285000E-3	-1.396680E-2
5.290000E-3	-2.560854E-3
5.295000E-3	-1.423961E-2
5.300000E-3	-1.462620E-2
5.305000E-3	1.782179E-3
5.310000E-3	-9.961009E-3
5.315000E-3	-1.924068E-2
5.320000E-3	-2.787054E-3
5.325000E-3	-1.979452E-2
5.330000E-3	-2.809948E-2
5.335000E-3	-7.918358E-3
5.340000E-3	-1.265484E-2
5.345000E-3	-1.525271E-2
5.350000E-3	3.081799E-3
5.355000E-3	-4.770756E-4
5.360000E-3	-6.533742E-3
5.365000E-3	5.853772E-3
5.370000E-3	1.124144E-3
5.375000E-3	-6.171823E-3
5.380000E-3	1.033664E-3
5.385000E-3	-6.212950E-3
5.390000E-3	-1.215994E-2
5.395000E-3	-3.972888E-3
5.400000E-3	-8.566797E-3
5.405000E-3	-1.706368E-2
5.410000E-3	-1.017898E-2
5.415000E-3	-1.221752E-2
5.420000E-3	-2.224296E-2
5.425000E-3	-1.210237E-2
5.430000E-3	-4.630923E-3
5.435000E-3	-1.098782E-2
5.440000E-3	-6.206095E-3
5.445000E-3	-8.487284E-3
5.450000E-3	-2.091730E-2
5.455000E-3	-1.813298E-2
5.460000E-3	-1.249307E-2
5.465000E-3	-1.456314E-2
5.470000E-3	-1.438904E-2
5.475000E-3	-1.433009E-2
5.480000E-3	-2.084464E-2
5.485000E-3	-1.842910E-2
5.490000E-3	-6.334960E-3
5.495000E-3	-8.117139E-3
5.500000E-3	-8.331001E-3
5.505000E-3	-3.194213E-4
5.510000E-3	-3.568470E-3
5.515000E-3	-6.263673E-3
5.520000E-3	-1.491547E-3
5.525000E-3	-3.582180E-3
5.530000E-3	-6.558418E-3
5.535000E-3	-3.824830E-3
5.540000E-3	-4.038692E-3
5.545000E-3	-8.825898E-3
5.550000E-3	-8.398175E-3
5.555000E-3	-6.554306E-3
5.560000E-3	-1.075202E-2
5.565000E-3	-1.227099E-2
5.570000E-3	-1.237243E-2
5.575000E-3	-1.402849E-2
5.580000E-3	-1.303869E-2
5.585000E-3	-1.114959E-2
5.590000E-3	-1.132780E-2
5.595000E-3	-1.570100E-2
5.600000E-3	-1.452750E-2
5.605000E-3	-1.418614E-2
5.610000E-3	-1.505530E-2
5.615000E-3	-8.476317E-3
5.620000E-3	-1.599848E-3
5.625000E-3	-2.734959E-3
5.630000E-3	-5.330086E-3
5.635000E-3	-5.527496E-3
5.640000E-3	-1.105362E-2
5.645000E-3	-1.622194E-2
5.650000E-3	-1.364464E-2
5.655000E-3	-1.766551E-2
5.660000E-3	-1.770800E-2
5.665000E-3	-9.143949E-3
5.670000E-3	-1.045454E-2
5.675000E-3	-1.448500E-2
5.680000E-3	-1.056284E-2
5.685000E-3	-1.062179E-2
5.690000E-3	-1.240534E-2
5.695000E-3	-7.168472E-3
5.700000E-3	-4.336178E-3
5.705000E-3	-8.773804E-3
5.710000E-3	-8.649051E-3
5.715000E-3	-5.697489E-3
5.720000E-3	-6.366491E-3
5.725000E-3	-2.876163E-3
5.730000E-3	2.412796E-4
5.735000E-3	-8.801222E-4
5.740000E-3	-5.058646E-4
5.745000E-3	1.047373E-3
5.750000E-3	-2.588272E-3
5.755000E-3	-8.161008E-3
5.760000E-3	-9.896576E-3
5.765000E-3	-1.337731E-2
5.770000E-3	-1.820290E-2
5.775000E-3	-1.628363E-2
5.780000E-3	-1.592857E-2
5.785000E-3	-1.791364E-2
5.790000E-3	-1.562971E-2
5.795000E-3	-1.479894E-2
5.800000E-3	-1.516223E-2
5.805000E-3	-1.156771E-2
5.810000E-3	-7.720947E-3
5.815000E-3	-8.695662E-3
5.820000E-3	-8.562684E-3
5.825000E-3	-6.558418E-3
5.830000E-3	-8.049965E-3
5.835000E-3	-6.011426E-3
5.840000E-3	-3.006399E-3
5.845000E-3	-2.555370E-3
5.850000E-3	4.688501E-4
5.855000E-3	1.784921E-3
5.860000E-3	-2.048135E-3
5.865000E-3	-5.849659E-3
5.870000E-3	-8.406401E-3
5.875000E-3	-1.179391E-2
5.880000E-3	-1.345271E-2
5.885000E-3	-1.220381E-2
5.890000E-3	-1.331013E-2
5.895000E-3	-1.375842E-2
5.900000E-3	-1.158142E-2
5.905000E-3	-1.377487E-2
5.910000E-3	-1.377487E-2
5.915000E-3	-1.139909E-2
5.920000E-3	-1.066840E-2
5.925000E-3	-7.167101E-3
5.930000E-3	-2.932370E-3
5.935000E-3	-1.706779E-3
5.940000E-3	-3.462911E-3
5.945000E-3	-6.164968E-3
5.950000E-3	-9.669006E-3
5.955000E-3	-1.510191E-2
5.960000E-3	-1.578599E-2
5.965000E-3	-1.345408E-2
5.970000E-3	-1.104951E-2
5.975000E-3	-5.753696E-3
5.980000E-3	-2.224982E-3
5.985000E-3	-2.208531E-3
5.990000E-3	-4.571974E-3
5.995000E-3	-7.982790E-3
6.000000E-3	-1.215720E-2
6.005000E-3	-1.428074E-2
6.010000E-3	-1.342392E-2
6.015000E-3	-1.255614E-2
6.020000E-3	-1.059574E-2
6.025000E-3	-7.762074E-3
6.030000E-3	-8.975327E-3
6.035000E-3	-9.950042E-3
6.040000E-3	-1.016116E-2
6.045000E-3	-1.226002E-2
6.050000E-3	-1.254517E-2
6.055000E-3	-8.692920E-3
6.060000E-3	-5.652249E-3
6.065000E-3	-3.746688E-3
6.070000E-3	6.744862E-4
6.075000E-3	3.399849E-4
6.080000E-3	-5.358875E-3
6.085000E-3	-7.544100E-3
6.090000E-3	-9.889722E-3
6.095000E-3	-1.337594E-2
6.100000E-3	-1.219422E-2
6.105000E-3	-1.107419E-2
6.110000E-3	-1.277822E-2
6.115000E-3	-1.243961E-2
6.120000E-3	-1.257122E-2
6.125000E-3	-1.616710E-2
6.130000E-3	-1.732278E-2
6.135000E-3	-1.626581E-2
6.140000E-3	-1.675111E-2
6.145000E-3	-1.488394E-2
6.150000E-3	-1.156086E-2
6.155000E-3	-1.065195E-2
6.160000E-3	-9.105563E-3
6.165000E-3	-8.018434E-3
6.170000E-3	-7.975936E-3
6.175000E-3	-8.255601E-3
6.180000E-3	-7.445395E-3
6.185000E-3	-5.971670E-3
6.190000E-3	-5.579591E-3
6.195000E-3	-4.855752E-3
6.200000E-3	-4.326582E-3
6.205000E-3	-6.122470E-3
6.210000E-3	-8.110285E-3
6.215000E-3	-9.090483E-3
6.220000E-3	-1.078629E-2
6.225000E-3	-1.230526E-2
6.230000E-3	-1.285362E-2
6.235000E-3	-1.435202E-2
6.240000E-3	-1.640975E-2
6.245000E-3	-1.576817E-2
6.250000E-3	-1.524860E-2
6.255000E-3	-1.522392E-2
6.260000E-3	-1.334167E-2
6.265000E-3	-1.211196E-2
6.270000E-3	-1.265073E-2
6.275000E-3	-1.449049E-2
6.280000E-3	-1.627129E-2
6.285000E-3	-1.521295E-2
6.290000E-3	-1.288378E-2
6.295000E-3	-8.827269E-3
6.300000E-3	-4.513025E-3
6.305000E-3	-1.554608E-3
6.310000E-3	7.265806E-5
6.315000E-3	7.005334E-4
6.320000E-3	3.646612E-4
6.325000E-3	-9.637475E-4
6.330000E-3	-1.687586E-3
6.335000E-3	-2.455294E-3
6.340000E-3	-3.900230E-3
6.345000E-3	-3.908455E-3
6.350000E-3	-4.466414E-3
6.355000E-3	-6.162226E-3
6.360000E-3	-6.964207E-3
6.365000E-3	-8.099318E-3
6.370000E-3	-9.570301E-3
6.375000E-3	-1.005834E-2
6.380000E-3	-1.023930E-2
6.385000E-3	-1.107144E-2
6.390000E-3	-1.102346E-2
6.395000E-3	-9.241283E-3
6.400000E-3	-7.753849E-3
6.405000E-3	-7.154763E-3
6.410000E-3	-6.654382E-3
6.415000E-3	-8.843720E-3
6.420000E-3	-1.222438E-2
6.425000E-3	-1.372963E-2
6.430000E-3	-1.371455E-2
6.435000E-3	-1.305926E-2
6.440000E-3	-1.096725E-2
6.445000E-3	-8.991778E-3
6.450000E-3	-9.444177E-3
6.455000E-3	-9.477079E-3
6.460000E-3	-9.250879E-3
6.465000E-3	-1.027495E-2
6.470000E-3	-9.954154E-3
6.475000E-3	-9.710133E-3
6.480000E-3	-9.806097E-3
6.485000E-3	-8.433819E-3
6.490000E-3	-8.380353E-3
6.495000E-3	-9.219348E-3
6.500000E-3	-9.286523E-3
6.505000E-3	-9.049356E-3
6.510000E-3	-9.196043E-3
6.515000E-3	-9.027421E-3
6.520000E-3	-8.813560E-3
6.525000E-3	-9.568930E-3
6.530000E-3	-1.062590E-2
6.535000E-3	-1.144570E-2
6.540000E-3	-1.166368E-2
6.545000E-3	-1.028866E-2
6.550000E-3	-8.022547E-3
6.555000E-3	-5.291700E-3
6.560000E-3	-4.932523E-3
6.565000E-3	-5.696118E-3
6.570000E-3	-6.421328E-3
6.575000E-3	-8.934200E-3
6.580000E-3	-1.106870E-2
6.585000E-3	-1.257670E-2
6.590000E-3	-1.447129E-2
6.595000E-3	-1.516086E-2
6.600000E-3	-1.495111E-2
6.605000E-3	-1.504022E-2
6.610000E-3	-1.432049E-2
6.615000E-3	-1.242316E-2
6.620000E-3	-1.045316E-2
6.625000E-3	-8.425593E-3
6.630000E-3	-5.548060E-3
6.635000E-3	-3.621936E-3
6.640000E-3	-3.002286E-3
6.645000E-3	-2.688348E-3
6.650000E-3	-3.942728E-3
6.655000E-3	-6.402135E-3
6.660000E-3	-8.357048E-3
6.665000E-3	-9.903431E-3
6.670000E-3	-1.023793E-2
6.675000E-3	-9.500384E-3
6.680000E-3	-8.484542E-3
6.685000E-3	-9.138465E-3
6.690000E-3	-1.049155E-2
6.695000E-3	-1.294136E-2
6.700000E-3	-1.637274E-2
6.705000E-3	-1.827282E-2
6.710000E-3	-1.866627E-2
6.715000E-3	-1.878691E-2
6.720000E-3	-1.711714E-2
6.725000E-3	-1.371318E-2
6.730000E-3	-1.098233E-2
6.735000E-3	-9.123385E-3
6.740000E-3	-6.739378E-3
6.745000E-3	-5.778372E-3
6.750000E-3	-5.746841E-3
6.755000E-3	-4.563749E-3
6.760000E-3	-4.726887E-3
6.765000E-3	-5.738616E-3
6.770000E-3	-5.760550E-3
6.775000E-3	-7.415235E-3
6.780000E-3	-1.082057E-2
6.785000E-3	-1.262605E-2
6.790000E-3	-1.373237E-2
6.795000E-3	-1.470298E-2
6.800000E-3	-1.393801E-2
6.805000E-3	-1.182407E-2
6.810000E-3	-9.485304E-3
6.815000E-3	-7.201374E-3
6.820000E-3	-5.023003E-3
6.825000E-3	-4.174411E-3
6.830000E-3	-4.529476E-3
6.835000E-3	-5.023003E-3
6.840000E-3	-5.805790E-3
6.845000E-3	-6.747603E-3
6.850000E-3	-7.313788E-3
6.855000E-3	-6.843567E-3
6.860000E-3	-7.264435E-3
6.865000E-3	-8.085608E-3
6.870000E-3	-8.921862E-3
6.875000E-3	-1.022148E-2
6.880000E-3	-1.052719E-2
6.885000E-3	-1.020777E-2
6.890000E-3	-1.028591E-2
6.895000E-3	-1.036406E-2
6.900000E-3	-1.067251E-2
6.905000E-3	-1.270145E-2
6.910000E-3	-1.427251E-2
6.915000E-3	-1.445347E-2
6.920000E-3	-1.472765E-2
6.925000E-3	-1.339102E-2
6.930000E-3	-1.095492E-2
6.935000E-3	-9.301603E-3
6.940000E-3	-7.386446E-3
6.945000E-3	-6.366491E-3
6.950000E-3	-6.890178E-3
6.955000E-3	-7.524908E-3
6.960000E-3	-7.446766E-3
6.965000E-3	-7.076621E-3
6.970000E-3	-6.987512E-3
6.975000E-3	-7.095814E-3
6.980000E-3	-7.191777E-3
6.985000E-3	-8.155525E-3
6.990000E-3	-9.616911E-3
6.995000E-3	-1.069856E-2
7.000000E-3	-1.226413E-2
7.005000E-3	-1.346368E-2
7.010000E-3	-1.332933E-2
7.015000E-3	-1.296329E-2
7.020000E-3	-1.286733E-2
7.025000E-3	-1.145530E-2
7.030000E-3	-1.079863E-2
7.035000E-3	-1.100838E-2
7.040000E-3	-9.966493E-3
7.045000E-3	-8.858800E-3
7.050000E-3	-8.550346E-3
7.055000E-3	-7.531762E-3
7.060000E-3	-6.829858E-3
7.065000E-3	-6.883323E-3
7.070000E-3	-6.918967E-3
7.075000E-3	-6.343186E-3
7.080000E-3	-6.507695E-3
7.085000E-3	-6.982028E-3
7.090000E-3	-6.759942E-3
7.095000E-3	-6.876469E-3
7.100000E-3	-7.519424E-3
7.105000E-3	-7.530391E-3
7.110000E-3	-7.459104E-3
7.115000E-3	-8.058190E-3
7.120000E-3	-8.159637E-3
7.125000E-3	-8.613408E-3
7.130000E-3	-9.002745E-3
7.135000E-3	-9.009600E-3
7.140000E-3	-8.625746E-3
7.145000E-3	-8.861542E-3
7.150000E-3	-8.783400E-3
7.155000E-3	-9.187818E-3
7.160000E-3	-1.021326E-2
7.165000E-3	-1.073694E-2
7.170000E-3	-1.149368E-2
7.175000E-3	-1.242453E-2
7.180000E-3	-1.261920E-2
7.185000E-3	-1.170480E-2
7.190000E-3	-9.653926E-3
7.195000E-3	-6.972432E-3
7.200000E-3	-4.685760E-3
7.205000E-3	-3.867328E-3
7.210000E-3	-3.944099E-3
7.215000E-3	-4.718661E-3
7.220000E-3	-5.984008E-3
7.225000E-3	-6.773651E-3
7.230000E-3	-7.138312E-3
7.235000E-3	-7.348061E-3
7.240000E-3	-7.614017E-3
7.245000E-3	-8.251488E-3
7.250000E-3	-9.148061E-3
7.255000E-3	-1.026398E-2
7.260000E-3	-1.141417E-2
7.265000E-3	-1.197487E-2
7.270000E-3	-1.272750E-2
7.275000E-3	-1.343900E-2
7.280000E-3	-1.384068E-2
7.285000E-3	-1.362818E-2
7.290000E-3	-1.299071E-2
7.295000E-3	-1.248348E-2
7.300000E-3	-1.179802E-2
7.305000E-3	-1.084250E-2
7.310000E-3	-9.870529E-3
7.315000E-3	-8.717597E-3
7.320000E-3	-7.886827E-3
7.325000E-3	-7.615387E-3
7.330000E-3	-7.757962E-3
7.335000E-3	-8.121252E-3
7.340000E-3	-9.261847E-3
7.345000E-3	-1.080000E-2
7.350000E-3	-1.230389E-2
7.355000E-3	-1.370907E-2
7.360000E-3	-1.436985E-2
7.365000E-3	-1.397777E-2
7.370000E-3	-1.297426E-2
7.375000E-3	-1.184326E-2
7.380000E-3	-1.091105E-2
7.385000E-3	-1.032293E-2
7.390000E-3	-9.870529E-3
7.395000E-3	-9.505868E-3
7.400000E-3	-9.523690E-3
7.405000E-3	-9.640217E-3
7.410000E-3	-9.263217E-3
7.415000E-3	-8.936942E-3
7.420000E-3	-8.457124E-3
7.425000E-3	-7.755220E-3
7.430000E-3	-7.442653E-3
7.435000E-3	-8.045852E-3
7.440000E-3	-9.102821E-3
7.445000E-3	-1.012415E-2
7.450000E-3	-1.112217E-2
7.455000E-3	-1.115507E-2
7.460000E-3	-1.065880E-2
7.465000E-3	-1.021326E-2
7.470000E-3	-9.716988E-3
7.475000E-3	-9.364665E-3
7.480000E-3	-9.930849E-3
7.485000E-3	-1.072598E-2
7.490000E-3	-1.160747E-2
7.495000E-3	-1.248622E-2
7.500000E-3	-1.338416E-2
7.505000E-3	-1.363778E-2
7.510000E-3	-1.355278E-2
7.515000E-3	-1.250952E-2
7.520000E-3	-1.070678E-2
7.525000E-3	-9.474337E-3
7.530000E-3	-8.235037E-3
7.535000E-3	-6.895661E-3
7.540000E-3	-6.395280E-3
7.545000E-3	-6.269157E-3
7.550000E-3	-6.148517E-3
7.555000E-3	-7.095814E-3
7.560000E-3	-8.236408E-3
7.565000E-3	-8.962989E-3
7.570000E-3	-9.900689E-3
7.575000E-3	-1.088774E-2
7.580000E-3	-1.094395E-2
7.585000E-3	-1.076847E-2
7.590000E-3	-1.044220E-2
7.595000E-3	-9.649813E-3
7.600000E-3	-8.991778E-3
7.605000E-3	-8.314550E-3
7.610000E-3	-8.136332E-3
7.615000E-3	-8.043110E-3
7.620000E-3	-7.693529E-3
7.625000E-3	-7.479668E-3
7.630000E-3	-7.061541E-3
7.635000E-3	-7.088959E-3
7.640000E-3	-6.731153E-3
7.645000E-3	-5.879819E-3
7.650000E-3	-5.195737E-3
7.655000E-3	-4.862607E-3
7.660000E-3	-4.630923E-3
7.665000E-3	-4.659712E-3
7.670000E-3	-4.848897E-3
7.675000E-3	-4.911959E-3
7.680000E-3	-5.297184E-3
7.685000E-3	-6.222546E-3
7.690000E-3	-7.265806E-3
7.695000E-3	-8.255601E-3
7.700000E-3	-9.215236E-3
7.705000E-3	-1.022148E-2
7.710000E-3	-1.098233E-2
7.715000E-3	-1.175416E-2
7.720000E-3	-1.209688E-2
7.725000E-3	-1.215446E-2
7.730000E-3	-1.226276E-2
7.735000E-3	-1.202697E-2
7.740000E-3	-1.201874E-2
7.745000E-3	-1.160884E-2
7.750000E-3	-1.117015E-2
7.755000E-3	-1.075888E-2
7.760000E-3	-9.999394E-3
7.765000E-3	-9.037018E-3
7.770000E-3	-7.986903E-3
7.775000E-3	-7.249355E-3
7.780000E-3	-6.873727E-3
7.785000E-3	-6.798327E-3
7.790000E-3	-6.780505E-3
7.795000E-3	-7.666111E-3
7.800000E-3	-8.971214E-3
7.805000E-3	-1.006931E-2
7.810000E-3	-1.128119E-2
7.815000E-3	-1.249307E-2
7.820000E-3	-1.293588E-2
7.825000E-3	-1.301402E-2
7.830000E-3	-1.282620E-2
7.835000E-3	-1.231623E-2
7.840000E-3	-1.213664E-2
7.845000E-3	-1.170206E-2
7.850000E-3	-1.127297E-2
7.855000E-3	-1.067799E-2
7.860000E-3	-9.801984E-3
7.865000E-3	-9.087741E-3
7.870000E-3	-7.954001E-3
7.875000E-3	-7.113636E-3
7.880000E-3	-6.884694E-3
7.885000E-3	-6.929934E-3
7.890000E-3	-7.444024E-3
7.895000E-3	-8.325517E-3
7.900000E-3	-9.292006E-3
7.905000E-3	-1.024616E-2
7.910000E-3	-1.092064E-2
7.915000E-3	-1.135248E-2
7.920000E-3	-1.126611E-2
7.925000E-3	-1.091379E-2
7.930000E-3	-1.007754E-2
7.935000E-3	-9.248137E-3
7.940000E-3	-8.535266E-3
7.945000E-3	-7.356286E-3
7.950000E-3	-6.986141E-3
7.955000E-3	-7.228792E-3
7.960000E-3	-7.786751E-3
7.965000E-3	-8.998632E-3
7.970000E-3	-1.022696E-2
7.975000E-3	-1.121950E-2
7.980000E-3	-1.155674E-2
7.985000E-3	-1.157868E-2
7.990000E-3	-1.141828E-2
7.995000E-3	-1.101524E-2
8.000000E-3	-1.068759E-2
8.005000E-3	-1.070815E-2
8.010000E-3	-1.068348E-2
8.015000E-3	-1.060122E-2
8.020000E-3	-1.067799E-2
8.025000E-3	-1.052582E-2
8.030000E-3	-1.011044E-2
8.035000E-3	-9.586751E-3
8.040000E-3	-8.980811E-3
8.045000E-3	-8.402288E-3
8.050000E-3	-8.293986E-3
8.055000E-3	-7.977307E-3
8.060000E-3	-7.385075E-3
8.065000E-3	-7.127345E-3
8.070000E-3	-6.648898E-3
8.075000E-3	-6.378829E-3
8.080000E-3	-6.480277E-3
8.085000E-3	-6.400764E-3
8.090000E-3	-6.421328E-3
8.095000E-3	-6.566644E-3
8.100000E-3	-6.580353E-3
8.105000E-3	-6.812036E-3
8.110000E-3	-7.130086E-3
8.115000E-3	-7.561922E-3
8.120000E-3	-8.063674E-3
8.125000E-3	-8.692920E-3
8.130000E-3	-9.359181E-3
8.135000E-3	-1.049018E-2
8.140000E-3	-1.143748E-2
8.145000E-3	-1.207358E-2
8.150000E-3	-1.257533E-2
8.155000E-3	-1.296329E-2
8.160000E-3	-1.320869E-2
8.165000E-3	-1.335675E-2
8.170000E-3	-1.340747E-2
8.175000E-3	-1.319909E-2
8.180000E-3	-1.220381E-2
8.185000E-3	-1.046962E-2
8.190000E-3	-8.727193E-3
8.195000E-3	-7.030010E-3
8.200000E-3	-5.904496E-3
8.205000E-3	-5.975783E-3
8.210000E-3	-6.961465E-3
8.215000E-3	-7.825136E-3
8.220000E-3	-8.886218E-3
8.225000E-3	-9.616911E-3
8.230000E-3	-9.636104E-3
8.235000E-3	-9.567559E-3
8.240000E-3	-9.466112E-3
8.245000E-3	-9.171367E-3
8.250000E-3	-9.116530E-3
8.255000E-3	-9.035647E-3
8.260000E-3	-9.091854E-3
8.265000E-3	-9.453773E-3
8.270000E-3	-9.836257E-3
8.275000E-3	-1.023930E-2
8.280000E-3	-1.093298E-2
8.285000E-3	-1.105088E-2
8.290000E-3	-1.103169E-2
8.295000E-3	-1.074791E-2
8.300000E-3	-1.002681E-2
8.305000E-3	-9.581268E-3
8.310000E-3	-9.453773E-3
8.315000E-3	-9.038389E-3
8.320000E-3	-9.083629E-3
8.325000E-3	-9.403050E-3
8.330000E-3	-9.826660E-3
8.335000E-3	-1.054502E-2
8.340000E-3	-1.100564E-2
8.345000E-3	-1.145941E-2
8.350000E-3	-1.174730E-2
8.355000E-3	-1.165408E-2
8.360000E-3	-1.164722E-2
8.365000E-3	-1.128531E-2
8.370000E-3	-1.046962E-2
8.375000E-3	-9.674489E-3
8.380000E-3	-8.877993E-3
8.385000E-3	-7.991016E-3
8.390000E-3	-7.668853E-3
8.395000E-3	-7.862151E-3
8.400000E-3	-7.926583E-3
8.405000E-3	-8.233666E-3
8.410000E-3	-8.133590E-3
8.415000E-3	-7.863522E-3
8.420000E-3	-7.981420E-3
8.425000E-3	-8.123994E-3
8.430000E-3	-8.502364E-3
8.435000E-3	-9.319425E-3
8.440000E-3	-1.031196E-2
8.445000E-3	-1.090968E-2
8.450000E-3	-1.140594E-2
8.455000E-3	-1.131821E-2
8.460000E-3	-1.109475E-2
8.465000E-3	-1.078355E-2
8.470000E-3	-1.046824E-2
8.475000E-3	-1.036406E-2
8.480000E-3	-1.045454E-2
8.485000E-3	-1.038462E-2
8.490000E-3	-1.043946E-2
8.495000E-3	-1.012141E-2
8.500000E-3	-9.549737E-3
8.505000E-3	-8.898556E-3
8.510000E-3	-8.184314E-3
8.515000E-3	-7.450879E-3
8.520000E-3	-7.352173E-3
8.525000E-3	-7.035494E-3
8.530000E-3	-7.050574E-3
8.535000E-3	-7.412493E-3
8.540000E-3	-7.241130E-3
8.545000E-3	-7.237017E-3
8.550000E-3	-7.198632E-3
8.555000E-3	-6.857276E-3
8.560000E-3	-7.117748E-3
8.565000E-3	-7.773042E-3
8.570000E-3	-8.300841E-3
8.575000E-3	-9.201527E-3
8.580000E-3	-1.003230E-2
8.585000E-3	-1.021326E-2
8.590000E-3	-1.009536E-2
8.595000E-3	-9.769082E-3
8.600000E-3	-9.401679E-3
8.605000E-3	-9.375632E-3
8.610000E-3	-9.401679E-3
8.615000E-3	-9.597719E-3
8.620000E-3	-1.018035E-2
8.625000E-3	-1.079863E-2
8.630000E-3	-1.124555E-2
8.635000E-3	-1.186657E-2
8.640000E-3	-1.197624E-2
8.645000E-3	-1.210785E-2
8.650000E-3	-1.231897E-2
8.655000E-3	-1.238203E-2
8.660000E-3	-1.241356E-2
8.665000E-3	-1.225179E-2
8.670000E-3	-1.188165E-2
8.675000E-3	-1.170343E-2
8.680000E-3	-1.132780E-2
8.685000E-3	-1.082331E-2
8.690000E-3	-1.084524E-2
8.695000E-3	-1.036817E-2
8.700000E-3	-1.003230E-2
8.705000E-3	-9.866416E-3
8.710000E-3	-9.101450E-3
8.715000E-3	-8.289874E-3
8.720000E-3	-7.746994E-3
8.725000E-3	-6.685913E-3
8.730000E-3	-6.086826E-3
8.735000E-3	-5.951107E-3
8.740000E-3	-5.634427E-3
8.745000E-3	-5.738616E-3
8.750000E-3	-5.853772E-3
8.755000E-3	-6.243110E-3
8.760000E-3	-6.792843E-3
8.765000E-3	-7.264435E-3
8.770000E-3	-8.097947E-3
8.775000E-3	-9.294748E-3
8.780000E-3	-1.047784E-2
8.785000E-3	-1.172674E-2
8.790000E-3	-1.305377E-2
8.795000E-3	-1.373237E-2
8.800000E-3	-1.408333E-2
8.805000E-3	-1.386261E-2
8.810000E-3	-1.309216E-2
8.815000E-3	-1.238751E-2
8.820000E-3	-1.158690E-2
8.825000E-3	-1.064509E-2
8.830000E-3	-1.021463E-2
8.835000E-3	-9.980202E-3
8.840000E-3	-9.519577E-3
8.845000E-3	-9.525061E-3
8.850000E-3	-9.197414E-3
8.855000E-3	-8.463979E-3
8.860000E-3	-7.836103E-3
8.865000E-3	-6.729782E-3
8.870000E-3	-5.596042E-3
8.875000E-3	-5.175173E-3
8.880000E-3	-4.397869E-3
8.885000E-3	-4.269004E-3
8.890000E-3	-4.312873E-3
8.895000E-3	-4.598022E-3
8.900000E-3	-5.217671E-3
8.905000E-3	-6.158113E-3
8.910000E-3	-6.736636E-3
8.915000E-3	-7.470071E-3
8.920000E-3	-8.406401E-3
8.925000E-3	-8.812189E-3
8.930000E-3	-9.490788E-3
8.935000E-3	-1.002681E-2
8.940000E-3	-1.026398E-2
8.945000E-3	-1.039284E-2
8.950000E-3	-1.029414E-2
8.955000E-3	-1.007479E-2
8.960000E-3	-9.929478E-3
8.965000E-3	-9.508610E-3
8.970000E-3	-9.053469E-3
8.975000E-3	-8.876622E-3
8.980000E-3	-8.502364E-3
8.985000E-3	-8.357048E-3
8.990000E-3	-8.943796E-3
8.995000E-3	-9.256363E-3
9.000000E-3	-9.991169E-3
9.005000E-3	-1.065195E-2
9.010000E-3	-1.125240E-2
9.015000E-3	-1.205987E-2
9.020000E-3	-1.276588E-2
9.025000E-3	-1.291394E-2
9.030000E-3	-1.322788E-2
9.035000E-3	-1.301128E-2
9.040000E-3	-1.213253E-2
9.045000E-3	-1.138264E-2
9.050000E-3	-1.035583E-2
9.055000E-3	-9.838998E-3
9.060000E-3	-9.485304E-3
9.065000E-3	-8.984923E-3
9.070000E-3	-8.812189E-3
9.075000E-3	-8.967102E-3
9.080000E-3	-8.538008E-3
9.085000E-3	-8.295357E-3
9.090000E-3	-8.140445E-3
9.095000E-3	-7.609904E-3
9.100000E-3	-7.309675E-3
9.105000E-3	-7.265806E-3
9.110000E-3	-7.088959E-3
9.115000E-3	-7.498860E-3
9.120000E-3	-7.704496E-3
9.125000E-3	-7.563293E-3
9.130000E-3	-7.670224E-3
9.135000E-3	-7.726431E-3
9.140000E-3	-7.768929E-3
9.145000E-3	-8.461237E-3
9.150000E-3	-8.821785E-3
9.155000E-3	-9.089112E-3
9.160000E-3	-9.505868E-3
9.165000E-3	-9.426355E-3
9.170000E-3	-9.593606E-3
9.175000E-3	-9.810209E-3
9.180000E-3	-9.538770E-3
9.185000E-3	-9.472966E-3
9.190000E-3	-9.423614E-3
9.195000E-3	-9.270072E-3
9.200000E-3	-9.478450E-3
9.205000E-3	-9.812951E-3
9.210000E-3	-9.906173E-3
9.215000E-3	-1.023656E-2
9.220000E-3	-1.059437E-2
9.225000E-3	-1.088637E-2
9.230000E-3	-1.134425E-2
9.235000E-3	-1.133603E-2
9.240000E-3	-1.113176E-2
9.245000E-3	-1.114684E-2
9.250000E-3	-1.069993E-2
9.255000E-3	-1.016116E-2
9.260000E-3	-1.000488E-2
9.265000E-3	-9.917140E-3
9.270000E-3	-1.036680E-2
9.275000E-3	-1.125789E-2
9.280000E-3	-1.180351E-2
9.285000E-3	-1.253968E-2
9.290000E-3	-1.268500E-2
9.295000E-3	-1.216406E-2
9.300000E-3	-1.144844E-2
9.305000E-3	-1.023930E-2
9.310000E-3	-9.449661E-3
9.315000E-3	-9.080887E-3
9.320000E-3	-8.362532E-3
9.325000E-3	-8.163750E-3
9.330000E-3	-8.021176E-3
9.335000E-3	-7.593453E-3
9.340000E-3	-7.131457E-3
9.345000E-3	-6.827116E-3
9.350000E-3	-6.192386E-3
9.355000E-3	-6.097794E-3
9.360000E-3	-6.152630E-3
9.365000E-3	-6.090939E-3
9.370000E-3	-6.517291E-3
9.375000E-3	-7.031381E-3
9.380000E-3	-7.202744E-3
9.385000E-3	-8.086979E-3
9.390000E-3	-8.869767E-3
9.395000E-3	-9.589493E-3
9.400000E-3	-1.057380E-2
9.405000E-3	-1.105773E-2
9.410000E-3	-1.145667E-2
9.415000E-3	-1.181722E-2
9.420000E-3	-1.157731E-2
9.425000E-3	-1.110709E-2
9.430000E-3	-1.053542E-2
9.435000E-3	-9.423614E-3
9.440000E-3	-8.666873E-3
9.445000E-3	-8.302212E-3
9.450000E-3	-7.959485E-3
9.455000E-3	-8.159637E-3
9.460000E-3	-8.376241E-3
9.465000E-3	-8.414626E-3
9.470000E-3	-9.386599E-3
9.475000E-3	-1.006931E-2
9.480000E-3	-1.060122E-2
9.485000E-3	-1.096040E-2
9.490000E-3	-1.071775E-2
9.495000E-3	-1.000214E-2
9.500000E-3	-9.552479E-3
9.505000E-3	-8.550346E-3
9.510000E-3	-7.689416E-3
9.515000E-3	-7.734656E-3
9.520000E-3	-7.904649E-3
9.525000E-3	-8.292615E-3
9.530000E-3	-8.898556E-3
9.535000E-3	-9.026051E-3
9.540000E-3	-9.507239E-3
9.545000E-3	-1.002133E-2
9.550000E-3	-1.047647E-2
9.555000E-3	-1.115370E-2
9.560000E-3	-1.137716E-2
9.565000E-3	-1.145804E-2
9.570000E-3	-1.145667E-2
9.575000E-3	-1.138538E-2
9.580000E-3	-1.075613E-2
9.585000E-3	-1.045865E-2
9.590000E-3	-9.791017E-3
9.595000E-3	-9.463370E-3
9.600000E-3	-9.265959E-3
9.605000E-3	-8.697033E-3
9.610000E-3	-8.333743E-3
9.615000E-3	-8.370757E-3
9.620000E-3	-7.885456E-3
9.625000E-3	-7.633209E-3
9.630000E-3	-7.454991E-3
9.635000E-3	-7.334352E-3
9.640000E-3	-7.508457E-3
9.645000E-3	-7.401526E-3
9.650000E-3	-7.490635E-3
9.655000E-3	-8.111656E-3
9.660000E-3	-8.564055E-3
9.665000E-3	-8.721709E-3
9.670000E-3	-9.404421E-3
9.675000E-3	-9.967864E-3
9.680000E-3	-1.063001E-2
9.685000E-3	-1.114959E-2
9.690000E-3	-1.138127E-2
9.695000E-3	-1.161981E-2
9.700000E-3	-1.195019E-2
9.705000E-3	-1.135385E-2
9.710000E-3	-1.095766E-2
9.715000E-3	-1.072460E-2
9.720000E-3	-9.969234E-3
9.725000E-3	-9.592235E-3
9.730000E-3	-9.101450E-3
9.735000E-3	-8.458495E-3
9.740000E-3	-8.432448E-3
9.745000E-3	-8.211732E-3
9.750000E-3	-8.207619E-3
9.755000E-3	-8.428335E-3
9.760000E-3	-8.346081E-3
9.765000E-3	-8.324146E-3
9.770000E-3	-8.490026E-3
9.775000E-3	-8.465350E-3
9.780000E-3	-8.333743E-3
9.785000E-3	-8.554459E-3
9.790000E-3	-8.128107E-3
9.795000E-3	-8.038998E-3
9.800000E-3	-7.873118E-3
9.805000E-3	-7.609904E-3
9.810000E-3	-7.555068E-3
9.815000E-3	-7.807314E-3
9.820000E-3	-7.974565E-3
9.825000E-3	-8.717597E-3
9.830000E-3	-9.041131E-3
9.835000E-3	-9.056211E-3
9.840000E-3	-9.379745E-3
9.845000E-3	-9.363294E-3
9.850000E-3	-9.515464E-3
9.855000E-3	-9.832144E-3
9.860000E-3	-9.808838E-3
9.865000E-3	-9.748518E-3
9.870000E-3	-9.792387E-3
9.875000E-3	-9.415388E-3
9.880000E-3	-9.095967E-3
9.885000E-3	-8.861542E-3
9.890000E-3	-8.520186E-3
9.895000E-3	-8.867025E-3
9.900000E-3	-9.670377E-3
9.905000E-3	-1.011181E-2
9.910000E-3	-1.120031E-2
9.915000E-3	-1.174045E-2
9.920000E-3	-1.188165E-2
9.925000E-3	-1.227373E-2
9.930000E-3	-1.236147E-2
9.935000E-3	-1.236284E-2
9.940000E-3	-1.251090E-2
9.945000E-3	-1.186520E-2
9.950000E-3	-1.152384E-2
9.955000E-3	-1.123321E-2
9.960000E-3	-1.084799E-2
9.965000E-3	-1.073283E-2
9.970000E-3	-1.085210E-2
9.975000E-3	-1.077670E-2
9.980000E-3	-1.095903E-2
9.985000E-3	-1.090419E-2
9.990000E-3	-1.018447E-2
9.995000E-3	-9.826660E-3
