0.000000E+0	-7.006705E-3
5.000000E-6	-6.887436E-3
1.000000E-5	-6.803811E-3
1.500000E-5	-6.813407E-3
2.000000E-5	-6.783247E-3
2.500000E-5	-6.828487E-3
3.000000E-5	-6.839454E-3
3.500000E-5	-6.770909E-3
4.000000E-5	-6.891549E-3
4.500000E-5	-7.153392E-3
5.000000E-5	-7.115006E-3
5.500000E-5	-6.883323E-3
6.000000E-5	-6.887436E-3
6.500000E-5	-6.868243E-3
7.000000E-5	-6.935418E-3
7.500000E-5	-7.005334E-3
8.000000E-5	-6.886065E-3
8.500000E-5	-7.153392E-3
9.000000E-5	-6.998479E-3
9.500000E-5	-6.850421E-3
1.000000E-4	-6.757200E-3
1.050000E-4	-6.846309E-3
1.100000E-4	-6.928563E-3
1.150000E-4	-6.884694E-3
1.200000E-4	-6.973803E-3
1.250000E-4	-6.899774E-3
1.300000E-4	-6.938159E-3
1.350000E-4	-6.943643E-3
1.400000E-4	-6.946385E-3
1.450000E-4	-6.917596E-3
1.500000E-4	-6.975174E-3
1.550000E-4	-6.962836E-3
1.600000E-4	-6.788731E-3
1.650000E-4	-6.973803E-3
1.700000E-4	-6.958723E-3
1.750000E-4	-6.821632E-3
1.800000E-4	-6.873727E-3
1.850000E-4	-6.964207E-3
1.900000E-4	-7.071137E-3
1.950000E-4	-7.013559E-3
2.000000E-4	-7.125974E-3
2.050000E-4	-7.067025E-3
2.100000E-4	-6.798327E-3
2.150000E-4	-6.728411E-3
2.200000E-4	-6.650269E-3
2.250000E-4	-6.849051E-3
2.300000E-4	-6.927192E-3
2.350000E-4	-7.180810E-3
2.400000E-4	-7.036865E-3
2.450000E-4	-6.983399E-3
2.500000E-4	-6.821632E-3
2.550000E-4	-6.844938E-3
2.600000E-4	-6.855905E-3
2.650000E-4	-6.924450E-3
2.700000E-4	-6.924450E-3
2.750000E-4	-6.795585E-3
2.800000E-4	-6.833971E-3
2.850000E-4	-6.880581E-3
2.900000E-4	-7.021785E-3
2.950000E-4	-7.005334E-3
3.000000E-4	-6.994367E-3
3.050000E-4	-6.753087E-3
3.100000E-4	-6.873727E-3
3.150000E-4	-6.935418E-3
3.200000E-4	-7.069767E-3
3.250000E-4	-7.058799E-3
3.300000E-4	-7.167101E-3
3.350000E-4	-6.991625E-3
3.400000E-4	-6.964207E-3
3.450000E-4	-6.827116E-3
3.500000E-4	-6.929934E-3
3.550000E-4	-7.127345E-3
3.600000E-4	-7.054687E-3
3.650000E-4	-7.038236E-3
3.700000E-4	-6.817520E-3
3.750000E-4	-6.862760E-3
3.800000E-4	-7.014930E-3
3.850000E-4	-6.943643E-3
3.900000E-4	-6.929934E-3
3.950000E-4	-6.982028E-3
4.000000E-4	-6.973803E-3
4.050000E-4	-6.718814E-3
4.100000E-4	-6.997108E-3
4.150000E-4	-7.158875E-3
4.200000E-4	-7.077992E-3
4.250000E-4	-7.034123E-3
4.300000E-4	-6.943643E-3
4.350000E-4	-6.921709E-3
4.400000E-4	-6.942272E-3
4.450000E-4	-6.973803E-3
4.500000E-4	-6.938159E-3
4.550000E-4	-6.906629E-3
4.600000E-4	-6.858647E-3
4.650000E-4	-6.973803E-3
4.700000E-4	-7.069767E-3
4.750000E-4	-7.025898E-3
4.800000E-4	-6.935418E-3
4.850000E-4	-6.861389E-3
4.900000E-4	-6.746233E-3
4.950000E-4	-6.721556E-3
5.000000E-4	-6.614625E-3
5.050000E-4	-6.750345E-3
5.100000E-4	-6.820261E-3
5.150000E-4	-6.843567E-3
5.200000E-4	-6.873727E-3
5.250000E-4	-6.960094E-3
5.300000E-4	-6.932676E-3
5.350000E-4	-6.788731E-3
5.400000E-4	-6.994367E-3
5.450000E-4	-6.973803E-3
5.500000E-4	-6.945014E-3
5.550000E-4	-6.750345E-3
5.600000E-4	-6.809294E-3
5.650000E-4	-6.855905E-3
5.700000E-4	-6.823003E-3
5.750000E-4	-6.865501E-3
5.800000E-4	-6.829858E-3
5.850000E-4	-6.677687E-3
5.900000E-4	-6.750345E-3
5.950000E-4	-6.776392E-3
6.000000E-4	-6.844938E-3
6.050000E-4	-6.836712E-3
6.100000E-4	-6.805182E-3
6.150000E-4	-6.773651E-3
6.200000E-4	-6.954610E-3
6.250000E-4	-6.775022E-3
6.300000E-4	-6.953239E-3
6.350000E-4	-7.005334E-3
6.400000E-4	-7.025898E-3
6.450000E-4	-6.945014E-3
6.500000E-4	-6.857276E-3
6.550000E-4	-6.950498E-3
6.600000E-4	-6.765425E-3
6.650000E-4	-6.912112E-3
6.700000E-4	-6.876469E-3
6.750000E-4	-7.102668E-3
6.800000E-4	-6.932676E-3
6.850000E-4	-6.780505E-3
6.900000E-4	-6.729782E-3
6.950000E-4	-6.805182E-3
7.000000E-4	-6.951869E-3
7.050000E-4	-6.997108E-3
7.100000E-4	-6.955981E-3
7.150000E-4	-6.991625E-3
7.200000E-4	-7.101297E-3
7.250000E-4	-6.905258E-3
7.300000E-4	-6.881952E-3
7.350000E-4	-6.853163E-3
7.400000E-4	-6.666720E-3
7.450000E-4	-6.744862E-3
7.500000E-4	-7.012188E-3
7.550000E-4	-6.908000E-3
7.600000E-4	-6.862760E-3
7.650000E-4	-6.955981E-3
7.700000E-4	-6.921709E-3
7.750000E-4	-6.788731E-3
7.800000E-4	-6.735265E-3
7.850000E-4	-6.754458E-3
7.900000E-4	-6.702363E-3
7.950000E-4	-6.836712E-3
8.000000E-4	-7.172585E-3
8.050000E-4	-6.975174E-3
8.100000E-4	-6.868243E-3
8.150000E-4	-7.014930E-3
8.200000E-4	-6.912112E-3
8.250000E-4	-6.817520E-3
8.300000E-4	-6.825745E-3
8.350000E-4	-6.921709E-3
8.400000E-4	-6.946385E-3
8.450000E-4	-6.792843E-3
8.500000E-4	-6.982028E-3
8.550000E-4	-6.983399E-3
8.600000E-4	-6.906629E-3
8.650000E-4	-6.932676E-3
8.700000E-4	-6.784618E-3
8.750000E-4	-6.669462E-3
8.800000E-4	-6.772280E-3
8.850000E-4	-6.799698E-3
8.900000E-4	-6.958723E-3
8.950000E-4	-7.130086E-3
9.000000E-4	-7.034123E-3
9.050000E-4	-6.861389E-3
9.100000E-4	-6.924450E-3
9.150000E-4	-6.910741E-3
9.200000E-4	-6.770909E-3
9.250000E-4	-7.091701E-3
9.300000E-4	-7.073879E-3
9.350000E-4	-7.005334E-3
9.400000E-4	-7.056057E-3
9.450000E-4	-7.153392E-3
9.500000E-4	-7.105410E-3
9.550000E-4	-7.030010E-3
9.600000E-4	-7.030010E-3
9.650000E-4	-7.058799E-3
9.700000E-4	-7.045090E-3
9.750000E-4	-7.115006E-3
9.800000E-4	-6.929934E-3
9.850000E-4	-6.835341E-3
9.900000E-4	-6.768167E-3
9.950000E-4	-7.009447E-3
1.000000E-3	-6.983399E-3
1.005000E-3	-7.153392E-3
1.010000E-3	-7.139683E-3
1.015000E-3	-6.947756E-3
1.020000E-3	-6.958723E-3
1.025000E-3	-6.976545E-3
1.030000E-3	-6.939530E-3
1.035000E-3	-6.977916E-3
1.040000E-3	-6.890178E-3
1.045000E-3	-6.953239E-3
1.050000E-3	-7.058799E-3
1.055000E-3	-6.897032E-3
1.060000E-3	-6.999850E-3
1.065000E-3	-6.917596E-3
1.070000E-3	-6.717443E-3
1.075000E-3	-6.816149E-3
1.080000E-3	-7.005334E-3
1.085000E-3	-6.850421E-3
1.090000E-3	-6.850421E-3
1.095000E-3	-6.879210E-3
1.100000E-3	-7.217824E-3
1.105000E-3	-7.067025E-3
1.110000E-3	-6.940901E-3
1.115000E-3	-6.964207E-3
1.120000E-3	-6.979287E-3
1.125000E-3	-6.817520E-3
1.130000E-3	-6.869614E-3
1.135000E-3	-7.058799E-3
1.140000E-3	-7.068396E-3
1.145000E-3	-6.924450E-3
1.150000E-3	-6.886065E-3
1.155000E-3	-6.943643E-3
1.160000E-3	-6.965578E-3
1.165000E-3	-6.805182E-3
1.170000E-3	-6.777763E-3
1.175000E-3	-6.817520E-3
1.180000E-3	-7.039607E-3
1.185000E-3	-7.084846E-3
1.190000E-3	-6.976545E-3
1.195000E-3	-6.929934E-3
1.200000E-3	-6.888807E-3
1.205000E-3	-7.021785E-3
1.210000E-3	-6.918967E-3
1.215000E-3	-7.014930E-3
1.220000E-3	-7.040977E-3
1.225000E-3	-6.928563E-3
1.230000E-3	-6.969690E-3
1.235000E-3	-7.028639E-3
1.240000E-3	-6.946385E-3
1.245000E-3	-6.813407E-3
1.250000E-3	-6.872356E-3
1.255000E-3	-6.953239E-3
1.260000E-3	-6.794214E-3
1.265000E-3	-6.877840E-3
1.270000E-3	-6.987512E-3
1.275000E-3	-7.019043E-3
1.280000E-3	-6.946385E-3
1.285000E-3	-7.023156E-3
1.290000E-3	-7.094443E-3
1.295000E-3	-7.040977E-3
1.300000E-3	-6.785989E-3
1.305000E-3	-6.806552E-3
1.310000E-3	-6.810665E-3
1.315000E-3	-6.946385E-3
1.320000E-3	-6.950498E-3
1.325000E-3	-6.861389E-3
1.330000E-3	-6.872356E-3
1.335000E-3	-6.829858E-3
1.340000E-3	-6.790102E-3
1.345000E-3	-6.672204E-3
1.350000E-3	-6.817520E-3
1.355000E-3	-6.757200E-3
1.360000E-3	-6.746233E-3
1.365000E-3	-6.862760E-3
1.370000E-3	-6.924450E-3
1.375000E-3	-7.058799E-3
1.380000E-3	-6.892920E-3
1.385000E-3	-6.850421E-3
1.390000E-3	-6.976545E-3
1.395000E-3	-6.913483E-3
1.400000E-3	-6.973803E-3
1.405000E-3	-6.934047E-3
1.410000E-3	-6.936789E-3
1.415000E-3	-6.776392E-3
1.420000E-3	-6.765425E-3
1.425000E-3	-6.864130E-3
1.430000E-3	-6.847680E-3
1.435000E-3	-6.879210E-3
1.440000E-3	-6.869614E-3
1.445000E-3	-6.816149E-3
1.450000E-3	-6.777763E-3
1.455000E-3	-6.977916E-3
1.460000E-3	-7.030010E-3
1.465000E-3	-6.973803E-3
1.470000E-3	-6.997108E-3
1.475000E-3	-6.934047E-3
1.480000E-3	-6.835341E-3
1.485000E-3	-6.968319E-3
1.490000E-3	-7.016301E-3
1.495000E-3	-6.987512E-3
1.500000E-3	-6.883323E-3
1.505000E-3	-6.799698E-3
1.510000E-3	-6.894290E-3
1.515000E-3	-6.729782E-3
1.520000E-3	-6.661236E-3
1.525000E-3	-6.784618E-3
1.530000E-3	-6.855905E-3
1.535000E-3	-7.054687E-3
1.540000E-3	-6.979287E-3
1.545000E-3	-7.050574E-3
1.550000E-3	-7.139683E-3
1.555000E-3	-7.003963E-3
1.560000E-3	-7.005334E-3
1.565000E-3	-7.002592E-3
1.570000E-3	-6.881952E-3
1.575000E-3	-6.866872E-3
1.580000E-3	-6.835341E-3
1.585000E-3	-6.669462E-3
1.590000E-3	-6.913483E-3
1.595000E-3	-6.844938E-3
1.600000E-3	-6.784618E-3
1.605000E-3	-6.777763E-3
1.610000E-3	-6.836712E-3
1.615000E-3	-6.861389E-3
1.620000E-3	-6.663978E-3
1.625000E-3	-6.720185E-3
1.630000E-3	-6.738007E-3
1.635000E-3	-6.716073E-3
1.640000E-3	-6.921709E-3
1.645000E-3	-6.934047E-3
1.650000E-3	-6.953239E-3
1.655000E-3	-7.125974E-3
1.660000E-3	-7.161617E-3
1.665000E-3	-6.917596E-3
1.670000E-3	-6.861389E-3
1.675000E-3	-6.757200E-3
1.680000E-3	-6.801069E-3
1.685000E-3	-6.795585E-3
1.690000E-3	-6.836712E-3
1.695000E-3	-6.924450E-3
1.700000E-3	-6.905258E-3
1.705000E-3	-6.957352E-3
1.710000E-3	-6.840825E-3
1.715000E-3	-6.688654E-3
1.720000E-3	-6.857276E-3
1.725000E-3	-6.934047E-3
1.730000E-3	-6.754458E-3
1.735000E-3	-6.776392E-3
1.740000E-3	-6.976545E-3
1.745000E-3	-7.049203E-3
1.750000E-3	-7.010818E-3
1.755000E-3	-7.047832E-3
1.760000E-3	-6.860018E-3
1.765000E-3	-6.857276E-3
1.770000E-3	-6.807923E-3
1.775000E-3	-6.832600E-3
1.780000E-3	-6.846309E-3
1.785000E-3	-6.831229E-3
1.790000E-3	-6.869614E-3
1.795000E-3	-6.828487E-3
1.800000E-3	-6.718814E-3
1.805000E-3	-6.891549E-3
1.810000E-3	-6.799698E-3
1.815000E-3	-6.899774E-3
1.820000E-3	-6.899774E-3
1.825000E-3	-6.777763E-3
1.830000E-3	-6.769538E-3
1.835000E-3	-6.694138E-3
1.840000E-3	-6.880581E-3
1.845000E-3	-6.973803E-3
1.850000E-3	-6.920338E-3
1.855000E-3	-6.729782E-3
1.860000E-3	-6.776392E-3
1.865000E-3	-6.777763E-3
1.870000E-3	-6.927192E-3
1.875000E-3	-6.938159E-3
1.880000E-3	-6.846309E-3
1.885000E-3	-6.669462E-3
1.890000E-3	-6.860018E-3
1.895000E-3	-6.913483E-3
1.900000E-3	-6.807923E-3
1.905000E-3	-6.801069E-3
1.910000E-3	-6.809294E-3
1.915000E-3	-6.849051E-3
1.920000E-3	-6.799698E-3
1.925000E-3	-7.077992E-3
1.930000E-3	-7.079363E-3
1.935000E-3	-6.898403E-3
1.940000E-3	-6.807923E-3
1.945000E-3	-6.792843E-3
1.950000E-3	-6.886065E-3
1.955000E-3	-6.917596E-3
1.960000E-3	-6.951869E-3
1.965000E-3	-6.903887E-3
1.970000E-3	-6.972432E-3
1.975000E-3	-7.021785E-3
1.980000E-3	-6.824374E-3
1.985000E-3	-6.761312E-3
1.990000E-3	-6.839454E-3
1.995000E-3	-6.748974E-3
2.000000E-3	-6.659865E-3
2.005000E-3	-6.855905E-3
2.010000E-3	-6.696880E-3
2.015000E-3	-6.850421E-3
2.020000E-3	-6.865501E-3
2.025000E-3	-6.875098E-3
2.030000E-3	-6.695509E-3
2.035000E-3	-6.840825E-3
2.040000E-3	-6.850421E-3
2.045000E-3	-6.758571E-3
2.050000E-3	-6.713331E-3
2.055000E-3	-6.814778E-3
2.060000E-3	-6.953239E-3
2.065000E-3	-6.898403E-3
2.070000E-3	-6.973803E-3
2.075000E-3	-6.953239E-3
2.080000E-3	-6.833971E-3
2.085000E-3	-6.846309E-3
2.090000E-3	-6.902516E-3
2.095000E-3	-6.977916E-3
2.100000E-3	-6.939530E-3
2.105000E-3	-6.729782E-3
2.110000E-3	-6.788731E-3
2.115000E-3	-6.884694E-3
2.120000E-3	-6.816149E-3
2.125000E-3	-6.821632E-3
2.130000E-3	-6.713331E-3
2.135000E-3	-6.773651E-3
2.140000E-3	-6.934047E-3
2.145000E-3	-6.891549E-3
2.150000E-3	-6.805182E-3
2.155000E-3	-6.796956E-3
2.160000E-3	-6.945014E-3
2.165000E-3	-6.910741E-3
2.170000E-3	-6.955981E-3
2.175000E-3	-7.025898E-3
2.180000E-3	-6.976545E-3
2.185000E-3	-6.775022E-3
2.190000E-3	-6.783247E-3
2.195000E-3	-6.753087E-3
2.200000E-3	-6.902516E-3
2.205000E-3	-6.866872E-3
2.210000E-3	-7.009447E-3
2.215000E-3	-6.894290E-3
2.220000E-3	-6.901145E-3
2.225000E-3	-6.888807E-3
2.230000E-3	-6.895661E-3
2.235000E-3	-6.946385E-3
2.240000E-3	-6.927192E-3
2.245000E-3	-6.947756E-3
2.250000E-3	-6.850421E-3
2.255000E-3	-6.927192E-3
2.260000E-3	-6.934047E-3
2.265000E-3	-6.864130E-3
2.270000E-3	-6.846309E-3
2.275000E-3	-6.943643E-3
2.280000E-3	-6.805182E-3
2.285000E-3	-6.861389E-3
2.290000E-3	-6.870985E-3
2.295000E-3	-6.876469E-3
2.300000E-3	-6.958723E-3
2.305000E-3	-6.853163E-3
2.310000E-3	-6.776392E-3
2.315000E-3	-6.751716E-3
2.320000E-3	-6.927192E-3
2.325000E-3	-7.040977E-3
2.330000E-3	-6.901145E-3
2.335000E-3	-6.844938E-3
2.340000E-3	-6.613255E-3
2.345000E-3	-6.721556E-3
2.350000E-3	-6.927192E-3
2.355000E-3	-7.012188E-3
2.360000E-3	-6.879210E-3
2.365000E-3	-7.014930E-3
2.370000E-3	-6.924450E-3
2.375000E-3	-6.833971E-3
2.380000E-3	-6.886065E-3
2.385000E-3	-7.132828E-3
2.390000E-3	-6.794214E-3
2.395000E-3	-6.977916E-3
2.400000E-3	-6.836712E-3
2.405000E-3	-6.953239E-3
2.410000E-3	-6.642044E-3
2.415000E-3	-7.069767E-3
2.420000E-3	-6.648898E-3
2.425000E-3	-7.084846E-3
2.430000E-3	-6.605029E-3
2.435000E-3	-7.264435E-3
2.440000E-3	-6.278753E-3
2.445000E-3	-7.533133E-3
2.450000E-3	-6.241739E-3
2.455000E-3	-7.871747E-3
2.460000E-3	-5.815387E-3
2.465000E-3	-8.130848E-3
2.470000E-3	-5.347908E-3
2.475000E-3	-8.802593E-3
2.480000E-3	-4.656971E-3
2.485000E-3	-9.331763E-3
2.490000E-3	-4.363596E-3
2.495000E-3	1.664281E-3
2.500000E-3	8.087528E-2
2.505000E-3	-6.453955E-2
2.510000E-3	-4.317863E-1
2.515000E-3	-5.344425E-1
2.520000E-3	-1.067086E-1
2.525000E-3	1.352400E-2
2.530000E-3	-9.581816E-2
2.535000E-3	5.423746E-1
2.540000E-3	7.538082E-1
2.545000E-3	3.519036E-1
2.550000E-3	2.384706E-1
2.555000E-3	4.431456E-2
2.560000E-3	3.528029E-2
2.565000E-3	7.989234E-2
2.570000E-3	-1.480360E-1
2.575000E-3	-4.579459E-1
2.580000E-3	-2.275555E-1
2.585000E-3	-1.016514E-1
2.590000E-3	-4.108923E-1
2.595000E-3	-1.886532E-1
2.600000E-3	5.776590E-2
2.605000E-3	-2.148691E-1
2.610000E-3	-1.157511E-1
2.615000E-3	5.803734E-2
2.620000E-3	1.446046E-1
2.625000E-3	2.911861E-1
2.630000E-3	1.527588E-1
2.635000E-3	-6.460536E-2
2.640000E-3	2.270537E-1
2.645000E-3	2.923568E-1
2.650000E-3	-1.808336E-1
2.655000E-3	1.111449E-1
2.660000E-3	2.190928E-1
2.665000E-3	-3.278400E-1
2.670000E-3	-7.944405E-2
2.675000E-3	2.071056E-1
2.680000E-3	-3.722807E-1
2.685000E-3	-1.290037E-1
2.690000E-3	2.541497E-1
2.695000E-3	-2.628878E-1
2.700000E-3	-2.718028E-1
2.705000E-3	7.701343E-2
2.710000E-3	-1.786744E-1
2.715000E-3	-1.845515E-1
2.720000E-3	2.135146E-1
2.725000E-3	1.333659E-1
2.730000E-3	8.867711E-2
2.735000E-3	3.885657E-1
2.740000E-3	1.447664E-1
2.745000E-3	-1.426168E-1
2.750000E-3	3.478950E-2
2.755000E-3	-1.239423E-1
2.760000E-3	-2.063982E-1
2.765000E-3	5.413985E-2
2.770000E-3	-4.408288E-2
2.775000E-3	-2.450839E-1
2.780000E-3	1.510972E-1
2.785000E-3	1.147435E-1
2.790000E-3	-2.776402E-1
2.795000E-3	3.780961E-2
2.800000E-3	1.584494E-1
2.805000E-3	-3.189428E-1
2.810000E-3	-7.100886E-2
2.815000E-3	2.805533E-1
2.820000E-3	-4.636955E-2
2.825000E-3	3.724617E-2
2.830000E-3	2.844563E-1
2.835000E-3	-3.241920E-2
2.840000E-3	-1.148984E-1
2.845000E-3	1.094230E-1
2.850000E-3	-8.138114E-2
2.855000E-3	-7.707101E-2
2.860000E-3	1.966840E-1
2.865000E-3	2.539742E-2
2.870000E-3	-1.671259E-1
2.875000E-3	-2.840519E-3
2.880000E-3	-9.780186E-2
2.885000E-3	-1.829667E-1
2.890000E-3	-3.048211E-2
2.895000E-3	-3.677732E-2
2.900000E-3	-9.117901E-2
2.905000E-3	8.902532E-2
2.910000E-3	3.916681E-2
2.915000E-3	-7.801831E-2
2.920000E-3	9.437323E-2
2.925000E-3	4.593909E-2
2.930000E-3	-1.252433E-1
2.935000E-3	6.535661E-2
2.940000E-3	1.790336E-1
2.945000E-3	2.170557E-2
2.950000E-3	8.826858E-2
2.955000E-3	1.351221E-1
2.960000E-3	-7.970864E-2
2.965000E-3	-8.704162E-2
2.970000E-3	-5.569994E-2
2.975000E-3	-2.106193E-1
2.980000E-3	-1.819797E-1
2.985000E-3	1.532811E-2
2.990000E-3	-2.464479E-2
2.995000E-3	-1.728714E-2
3.000000E-3	8.594352E-2
3.005000E-3	9.065807E-3
3.010000E-3	-6.413102E-3
3.015000E-3	5.984831E-2
3.020000E-3	-6.108624E-2
3.025000E-3	-5.187786E-2
3.030000E-3	1.033047E-1
3.035000E-3	7.241130E-2
3.040000E-3	-1.314700E-2
3.045000E-3	7.855570E-2
3.050000E-3	7.871884E-2
3.055000E-3	-1.576132E-2
3.060000E-3	5.986476E-2
3.065000E-3	-5.171061E-3
3.070000E-3	-1.796039E-1
3.075000E-3	-1.150780E-1
3.080000E-3	-5.487603E-2
3.085000E-3	-1.359871E-1
3.090000E-3	-5.798388E-2
3.095000E-3	5.206430E-2
3.100000E-3	6.456971E-4
3.105000E-3	-8.986294E-3
3.110000E-3	1.994121E-2
3.115000E-3	-4.306018E-3
3.120000E-3	5.809903E-2
3.125000E-3	1.220697E-1
3.130000E-3	5.221647E-2
3.135000E-3	5.475539E-2
3.140000E-3	6.219393E-2
3.145000E-3	-4.251730E-2
3.150000E-3	-5.837595E-2
3.155000E-3	-3.444129E-2
3.160000E-3	-8.133179E-2
3.165000E-3	-7.892996E-2
3.170000E-3	-3.817976E-3
3.175000E-3	-2.367419E-2
3.180000E-3	-6.241328E-2
3.185000E-3	-2.279544E-2
3.190000E-3	-3.646201E-2
3.195000E-3	-5.166674E-2
3.200000E-3	1.303321E-2
3.205000E-3	-5.158722E-3
3.210000E-3	-6.249279E-2
3.215000E-3	-7.419348E-3
3.220000E-3	7.030696E-2
3.225000E-3	5.326110E-2
3.230000E-3	5.306369E-2
3.235000E-3	5.052888E-2
3.240000E-3	-2.352065E-2
3.245000E-3	-2.815568E-2
3.250000E-3	3.982896E-2
3.255000E-3	4.758006E-2
3.260000E-3	3.345150E-2
3.265000E-3	3.221494E-2
3.270000E-3	-6.814778E-3
3.275000E-3	-7.300079E-2
3.280000E-3	-9.417993E-2
3.285000E-3	-8.639044E-2
3.290000E-3	-8.568168E-2
3.295000E-3	-3.406566E-2
3.300000E-3	1.353770E-2
3.305000E-3	-2.824068E-4
3.310000E-3	4.787207E-3
3.315000E-3	2.821326E-2
3.320000E-3	4.139179E-2
3.325000E-3	1.554060E-2
3.330000E-3	3.663063E-3
3.335000E-3	2.973497E-2
3.340000E-3	1.797396E-2
3.345000E-3	1.633710E-2
3.350000E-3	3.945607E-2
3.355000E-3	3.589445E-2
3.360000E-3	-5.447984E-3
3.365000E-3	-5.116910E-2
3.370000E-3	-7.254016E-2
3.375000E-3	-1.011921E-1
3.380000E-3	-9.905350E-2
3.385000E-3	-4.448593E-2
3.390000E-3	-1.966977E-2
3.395000E-3	1.025301E-2
3.400000E-3	3.405881E-2
3.405000E-3	5.623460E-3
3.410000E-3	-1.826185E-2
3.415000E-3	2.203047E-2
3.420000E-3	6.222957E-2
3.425000E-3	7.161617E-2
3.430000E-3	8.651382E-2
3.435000E-3	6.181419E-2
3.440000E-3	-2.293664E-2
3.445000E-3	-7.762074E-2
3.450000E-3	-1.174099E-1
3.455000E-3	-1.253968E-1
3.460000E-3	-6.996697E-2
3.465000E-3	-3.449476E-2
3.470000E-3	-1.763535E-2
3.475000E-3	1.347876E-2
3.480000E-3	3.178173E-2
3.485000E-3	2.781296E-2
3.490000E-3	2.155066E-2
3.495000E-3	3.972065E-2
3.500000E-3	1.913923E-2
3.505000E-3	-1.126200E-2
3.510000E-3	4.469156E-4
3.515000E-3	8.518815E-3
3.520000E-3	2.245134E-2
3.525000E-3	3.537625E-2
3.530000E-3	1.204342E-2
3.535000E-3	-2.584845E-2
3.540000E-3	-3.982896E-2
3.545000E-3	-3.540367E-2
3.550000E-3	-5.199987E-2
3.555000E-3	-4.029506E-2
3.560000E-3	-3.277838E-3
3.565000E-3	-6.739378E-3
3.570000E-3	1.183504E-2
3.575000E-3	2.365911E-2
3.580000E-3	7.918358E-3
3.585000E-3	1.215720E-2
3.590000E-3	3.674030E-3
3.595000E-3	-3.523779E-2
3.600000E-3	-5.389994E-2
3.605000E-3	-3.702956E-2
3.610000E-3	-4.703993E-2
3.615000E-3	-3.991532E-2
3.620000E-3	1.704174E-2
3.625000E-3	3.761357E-2
3.630000E-3	3.677869E-2
3.635000E-3	4.390603E-2
3.640000E-3	2.842987E-2
3.645000E-3	-1.082331E-2
3.650000E-3	-3.835934E-2
3.655000E-3	-2.598554E-2
3.660000E-3	-2.111197E-3
3.665000E-3	3.290176E-3
3.670000E-3	1.609445E-3
3.675000E-3	-1.309764E-2
3.680000E-3	-2.115995E-2
3.685000E-3	-3.221220E-2
3.690000E-3	-3.918463E-2
3.695000E-3	-1.980823E-2
3.700000E-3	-4.523993E-5
3.705000E-3	5.153239E-3
3.710000E-3	1.041889E-3
3.715000E-3	-6.934047E-3
3.720000E-3	-1.833999E-2
3.725000E-3	-1.819605E-2
3.730000E-3	6.991625E-5
3.735000E-3	5.060017E-3
3.740000E-3	9.544253E-3
3.745000E-3	2.366459E-2
3.750000E-3	2.247876E-2
3.755000E-3	7.213712E-3
3.760000E-3	-5.582333E-3
3.765000E-3	-6.018281E-3
3.770000E-3	-1.926261E-2
3.775000E-3	-4.125059E-2
3.780000E-3	-4.257488E-2
3.785000E-3	-2.841067E-2
3.790000E-3	-6.928563E-3
3.795000E-3	6.984770E-3
3.800000E-3	-1.036406E-3
3.805000E-3	-7.042348E-3
3.810000E-3	-4.540443E-3
3.815000E-3	-1.368165E-2
3.820000E-3	-2.556741E-2
3.825000E-3	-1.163763E-2
3.830000E-3	3.168166E-3
3.835000E-3	-7.682562E-3
3.840000E-3	4.030466E-4
3.845000E-3	1.665515E-2
3.850000E-3	1.369810E-2
3.855000E-3	1.060396E-2
3.860000E-3	1.721859E-3
3.865000E-3	-7.874489E-3
3.870000E-3	-4.407465E-3
3.875000E-3	-6.053925E-3
3.880000E-3	-3.269887E-2
3.885000E-3	-5.385333E-2
3.890000E-3	-4.253238E-2
3.895000E-3	-4.016757E-2
3.900000E-3	-3.802758E-2
3.905000E-3	-1.571882E-2
3.910000E-3	-3.346384E-3
3.915000E-3	5.282104E-3
3.920000E-3	1.181722E-2
3.925000E-3	1.241767E-2
3.930000E-3	2.169597E-2
3.935000E-3	3.671837E-2
3.940000E-3	4.956239E-2
3.945000E-3	5.086476E-2
3.950000E-3	3.218067E-2
3.955000E-3	-8.315921E-3
3.960000E-3	-4.335630E-2
3.965000E-3	-5.337626E-2
3.970000E-3	-6.353331E-2
3.975000E-3	-5.750954E-2
3.980000E-3	-2.540153E-2
3.985000E-3	-5.094290E-3
3.990000E-3	6.141663E-4
3.995000E-3	1.669765E-3
4.000000E-3	-4.968166E-3
4.005000E-3	-1.605606E-2
4.010000E-3	-1.888150E-2
4.015000E-3	-1.635081E-2
4.020000E-3	-1.526505E-2
4.025000E-3	3.595889E-3
4.030000E-3	2.075964E-2
4.035000E-3	1.424921E-2
4.040000E-3	6.051183E-3
4.045000E-3	-1.686215E-4
4.050000E-3	-5.818129E-3
4.055000E-3	-4.360855E-3
4.060000E-3	-6.440520E-3
4.065000E-3	-1.152247E-2
4.070000E-3	-1.121128E-2
4.075000E-3	-8.358419E-3
4.080000E-3	-1.299208E-2
4.085000E-3	-1.669902E-2
4.090000E-3	-1.024616E-2
4.095000E-3	-9.817064E-3
4.100000E-3	-4.548669E-3
4.105000E-3	3.525972E-3
4.110000E-3	-5.979896E-3
4.115000E-3	-1.292902E-2
4.120000E-3	-5.254686E-3
4.125000E-3	5.837321E-3
4.130000E-3	1.099330E-2
4.135000E-3	7.051945E-3
4.140000E-3	1.089871E-3
4.145000E-3	-1.057380E-2
4.150000E-3	-1.453847E-2
4.155000E-3	-1.017898E-2
4.160000E-3	-7.860780E-3
4.165000E-3	-9.500384E-4
4.170000E-3	-6.248593E-3
4.175000E-3	-1.878279E-2
4.180000E-3	-2.654624E-2
4.185000E-3	-3.216833E-2
4.190000E-3	-3.721189E-2
4.195000E-3	-2.959239E-2
4.200000E-3	-5.191624E-3
4.205000E-3	1.570511E-2
4.210000E-3	2.820367E-2
4.215000E-3	3.098524E-2
4.220000E-3	1.835096E-2
4.225000E-3	8.406401E-3
4.230000E-3	-9.760857E-4
4.235000E-3	-1.705134E-2
4.240000E-3	-2.375919E-2
4.245000E-3	-2.206886E-2
4.250000E-3	-2.237731E-2
4.255000E-3	-1.951760E-2
4.260000E-3	-8.640826E-3
4.265000E-3	-2.092004E-3
4.270000E-3	1.180351E-3
4.275000E-3	3.013253E-3
4.280000E-3	-1.142102E-2
4.285000E-3	-2.289140E-2
4.290000E-3	-2.056909E-2
4.295000E-3	-2.248424E-2
4.300000E-3	-1.351303E-2
4.305000E-3	4.920185E-3
4.310000E-3	8.432448E-3
4.315000E-3	2.056360E-3
4.320000E-3	8.266568E-4
4.325000E-3	-5.922318E-3
4.330000E-3	-2.429384E-2
4.335000E-3	-2.588683E-2
4.340000E-3	-1.302773E-2
4.345000E-3	-2.593756E-3
4.350000E-3	1.691014E-2
4.355000E-3	3.296345E-2
4.360000E-3	2.547145E-2
4.365000E-3	1.061493E-2
4.370000E-3	2.722621E-3
4.375000E-3	-6.010056E-3
4.380000E-3	-1.393253E-2
4.385000E-3	-1.109064E-2
4.390000E-3	-1.920778E-2
4.395000E-3	-3.283322E-2
4.400000E-3	-2.911258E-2
4.405000E-3	-2.208257E-2
4.410000E-3	-1.650435E-2
4.415000E-3	-1.006931E-2
4.420000E-3	-1.128119E-2
4.425000E-3	-1.610541E-2
4.430000E-3	-2.031136E-2
4.435000E-3	-2.130389E-2
4.440000E-3	-1.143199E-2
4.445000E-3	9.844482E-3
4.450000E-3	2.358371E-2
4.455000E-3	2.216893E-2
4.460000E-3	1.594228E-2
4.465000E-3	3.569841E-3
4.470000E-3	-9.596348E-3
4.475000E-3	-1.732141E-2
4.480000E-3	-2.127647E-2
4.485000E-3	-1.356786E-2
4.490000E-3	-3.236711E-3
4.495000E-3	-6.425440E-3
4.500000E-3	-1.333618E-2
4.505000E-3	-9.758115E-3
4.510000E-3	-1.181722E-3
4.515000E-3	-5.830467E-3
4.520000E-3	-1.435751E-2
4.525000E-3	-1.990145E-2
4.530000E-3	-2.939910E-2
4.535000E-3	-3.099072E-2
4.540000E-3	-2.090085E-2
4.545000E-3	-1.254380E-2
4.550000E-3	-4.292309E-3
4.555000E-3	1.278782E-2
4.560000E-3	2.218676E-2
4.565000E-3	1.934487E-2
4.570000E-3	1.944631E-2
4.575000E-3	1.388454E-2
4.580000E-3	2.028942E-3
4.585000E-3	-3.057122E-4
4.590000E-3	-6.945014E-3
4.595000E-3	-2.345210E-2
4.600000E-3	-3.314167E-2
4.605000E-3	-3.646201E-2
4.610000E-3	-3.671014E-2
4.615000E-3	-3.249049E-2
4.620000E-3	-2.623367E-2
4.625000E-3	-1.627815E-2
4.630000E-3	-1.624525E-3
4.635000E-3	1.169658E-2
4.640000E-3	1.750374E-2
4.645000E-3	2.078980E-2
4.650000E-3	2.038813E-2
4.655000E-3	1.493055E-2
4.660000E-3	1.167327E-2
4.665000E-3	7.609904E-3
4.670000E-3	3.150344E-3
4.675000E-3	1.503885E-3
4.680000E-3	-4.596651E-3
4.685000E-3	-2.004403E-2
4.690000E-3	-3.241372E-2
4.695000E-3	-3.014076E-2
4.700000E-3	-2.750176E-2
4.705000E-3	-2.445835E-2
4.710000E-3	-1.070130E-2
4.715000E-3	-3.214777E-3
4.720000E-3	-3.797412E-3
4.725000E-3	5.538464E-4
4.730000E-3	-2.619803E-3
4.735000E-3	-1.109749E-2
4.740000E-3	-6.740749E-3
4.745000E-3	3.243566E-3
4.750000E-3	8.465350E-3
4.755000E-3	1.430541E-2
4.760000E-3	1.282209E-2
4.765000E-3	-1.850724E-4
4.770000E-3	-9.822547E-3
4.775000E-3	-1.749963E-2
4.780000E-3	-2.692735E-2
4.785000E-3	-3.157473E-2
4.790000E-3	-3.326780E-2
4.795000E-3	-3.034914E-2
4.800000E-3	-1.852643E-2
4.805000E-3	-3.170907E-3
4.810000E-3	7.179439E-3
4.815000E-3	9.286523E-3
4.820000E-3	5.870223E-3
4.825000E-3	-3.017366E-3
4.830000E-3	-1.051760E-2
4.835000E-3	-1.113725E-2
4.840000E-3	-1.154715E-2
4.845000E-3	-9.396195E-3
4.850000E-3	-1.850724E-3
4.855000E-3	1.667023E-3
4.860000E-3	-1.747906E-3
4.865000E-3	-6.489873E-3
4.870000E-3	-1.409155E-2
4.875000E-3	-2.066368E-2
4.880000E-3	-1.275903E-2
4.885000E-3	-3.066719E-3
4.890000E-3	-5.269766E-3
4.895000E-3	-7.586598E-3
4.900000E-3	-8.587360E-3
4.905000E-3	-9.211123E-3
4.910000E-3	-1.405180E-3
4.915000E-3	7.390559E-3
4.920000E-3	8.492768E-3
4.925000E-3	6.776392E-3
4.930000E-3	3.793299E-3
4.935000E-3	-3.042042E-3
4.940000E-3	-1.231623E-2
4.945000E-3	-2.156162E-2
4.950000E-3	-2.721113E-2
4.955000E-3	-2.238965E-2
4.960000E-3	-1.341569E-2
4.965000E-3	-8.056819E-3
4.970000E-3	-5.741358E-3
4.975000E-3	-9.086370E-3
4.980000E-3	-1.280290E-2
4.985000E-3	-9.411275E-3
4.990000E-3	-3.646612E-3
4.995000E-3	-1.673877E-3
5.000000E-3	-2.422392E-3
5.005000E-3	-3.217518E-3
5.010000E-3	-6.503582E-3
5.015000E-3	-1.265621E-2
5.020000E-3	-1.421219E-2
5.025000E-3	-1.249856E-2
5.030000E-3	-9.663522E-3
5.035000E-3	1.424372E-3
5.040000E-3	1.659620E-2
5.045000E-3	2.179742E-2
5.050000E-3	1.832217E-2
5.055000E-3	1.257122E-2
5.060000E-3	1.069307E-3
5.065000E-3	-1.511562E-2
5.070000E-3	-2.964860E-2
5.075000E-3	-3.588897E-2
5.080000E-3	-2.945119E-2
5.085000E-3	-1.999879E-2
5.090000E-3	-1.503885E-2
5.095000E-3	-1.082194E-2
5.100000E-3	-6.559789E-3
5.105000E-3	-2.242804E-3
5.110000E-3	-9.459257E-5
5.115000E-3	-4.455447E-3
5.120000E-3	-8.243263E-3
5.125000E-3	-6.603658E-3
5.130000E-3	-7.457733E-3
5.135000E-3	-9.669006E-3
5.140000E-3	-4.462302E-3
5.145000E-3	3.717899E-3
5.150000E-3	8.706629E-3
5.155000E-3	1.110572E-2
5.160000E-3	7.736027E-3
5.165000E-3	2.511501E-3
5.170000E-3	-2.680123E-3
5.175000E-3	-9.197414E-3
5.180000E-3	-1.353633E-2
5.185000E-3	-1.565850E-2
5.190000E-3	-1.669216E-2
5.195000E-3	-1.502377E-2
5.200000E-3	-1.552826E-2
5.205000E-3	6.796956E-3
5.210000E-3	2.370024E-2
5.215000E-3	-1.386508E-1
5.220000E-3	-3.551663E-1
5.225000E-3	-8.434504E-2
5.230000E-3	1.120264E-1
5.235000E-3	-1.139361E-2
5.240000E-3	3.038272E-1
5.245000E-3	2.843316E-1
5.250000E-3	-1.084840E-1
5.255000E-3	1.002160E-1
5.260000E-3	1.495646E-1
5.265000E-3	-1.043946E-1
5.270000E-3	-1.933116E-2
5.275000E-3	8.621222E-2
5.280000E-3	-2.640956E-1
5.285000E-3	-1.913909E-1
5.290000E-3	1.497085E-1
5.295000E-3	-1.769964E-1
5.300000E-3	-1.643704E-1
5.305000E-3	1.417751E-1
5.310000E-3	-9.821999E-2
5.315000E-3	-1.395268E-1
5.320000E-3	1.782275E-1
5.325000E-3	8.294809E-2
5.330000E-3	-1.370112E-1
5.335000E-3	9.259516E-2
5.340000E-3	1.135796E-1
5.345000E-3	-9.788686E-2
5.350000E-3	8.381724E-2
5.355000E-3	1.293451E-1
5.360000E-3	-6.738555E-2
5.365000E-3	-8.173347E-3
5.370000E-3	3.360093E-2
5.375000E-3	-6.605989E-2
5.380000E-3	-2.693558E-2
5.385000E-3	1.158416E-2
5.390000E-3	-4.807633E-2
5.395000E-3	-4.008394E-2
5.400000E-3	-4.378539E-2
5.405000E-3	-7.889569E-2
5.410000E-3	-7.623887E-2
5.415000E-3	-3.668547E-2
5.420000E-3	-1.192689E-4
5.425000E-3	6.422836E-2
5.430000E-3	1.077999E-1
5.435000E-3	4.567862E-2
5.440000E-3	3.130054E-2
5.445000E-3	2.224708E-2
5.450000E-3	-3.423566E-2
5.455000E-3	-6.505364E-2
5.460000E-3	-3.396010E-2
5.465000E-3	1.039010E-2
5.470000E-3	-3.879255E-2
5.475000E-3	-2.102423E-2
5.480000E-3	2.608013E-2
5.485000E-3	-2.554685E-2
5.490000E-3	-3.090572E-2
5.495000E-3	-1.912415E-2
5.500000E-3	-2.974868E-2
5.505000E-3	-3.289354E-2
5.510000E-3	-2.428150E-2
5.515000E-3	1.015979E-2
5.520000E-3	3.401494E-2
5.525000E-3	4.422957E-2
5.530000E-3	3.125119E-2
5.535000E-3	7.365882E-3
5.540000E-3	-1.761204E-2
5.545000E-3	-4.496300E-2
5.550000E-3	-2.340686E-2
5.555000E-3	1.731730E-2
5.560000E-3	6.663978E-3
5.565000E-3	1.621509E-2
5.570000E-3	1.104403E-2
5.575000E-3	-4.448730E-2
5.580000E-3	-5.118966E-2
5.585000E-3	-5.774260E-3
5.590000E-3	-3.637838E-2
5.595000E-3	-6.016499E-2
5.600000E-3	4.770756E-4
5.605000E-3	-1.338416E-2
5.610000E-3	-2.522743E-2
5.615000E-3	2.710557E-2
5.620000E-3	3.467023E-3
5.625000E-3	-1.848805E-2
5.630000E-3	1.433009E-2
5.635000E-3	1.346779E-2
5.640000E-3	1.316345E-2
5.645000E-3	4.670405E-2
5.650000E-3	3.546399E-2
5.655000E-3	1.254243E-2
5.660000E-3	1.875263E-2
5.665000E-3	-2.076101E-2
5.670000E-3	-5.638951E-2
5.675000E-3	-4.064465E-2
5.680000E-3	-4.791731E-2
5.685000E-3	-5.861586E-2
5.690000E-3	-1.158005E-2
5.695000E-3	9.989798E-3
5.700000E-3	-1.547754E-3
5.705000E-3	1.299208E-2
5.710000E-3	4.358113E-3
5.715000E-3	-2.540565E-2
5.720000E-3	-2.107906E-2
5.725000E-3	-5.661845E-4
5.730000E-3	-8.063674E-3
5.735000E-3	-3.413558E-3
5.740000E-3	1.925164E-2
5.745000E-3	3.380656E-3
5.750000E-3	2.335751E-2
5.755000E-3	4.630649E-2
5.760000E-3	6.041586E-3
5.765000E-3	2.792537E-3
5.770000E-3	-4.386902E-3
5.775000E-3	-6.719774E-2
5.780000E-3	-5.813605E-2
5.785000E-3	-1.262605E-2
5.790000E-3	-3.859240E-2
5.795000E-3	-3.001326E-2
5.800000E-3	1.164860E-2
5.805000E-3	-3.385180E-2
5.810000E-3	-4.025668E-2
5.815000E-3	3.495264E-2
5.820000E-3	1.168835E-2
5.825000E-3	-9.004116E-3
5.830000E-3	5.222881E-2
5.835000E-3	1.105636E-2
5.840000E-3	-3.321707E-2
5.845000E-3	1.419711E-2
5.850000E-3	-1.711303E-2
5.855000E-3	-4.377168E-2
5.860000E-3	1.638508E-2
5.865000E-3	1.662910E-2
5.870000E-3	-1.092613E-2
5.875000E-3	1.626444E-2
5.880000E-3	-5.332828E-4
5.885000E-3	-4.065835E-2
5.890000E-3	-1.066566E-2
5.895000E-3	-9.054840E-3
5.900000E-3	-4.095173E-2
5.905000E-3	-1.884174E-2
5.910000E-3	-1.788759E-2
5.915000E-3	-3.961098E-2
5.920000E-3	-3.328562E-3
5.925000E-3	1.844966E-2
5.930000E-3	-1.376390E-2
5.935000E-3	-4.762530E-3
5.940000E-3	7.759333E-3
5.945000E-3	-2.663946E-2
5.950000E-3	-1.494288E-4
5.955000E-3	4.876179E-2
5.960000E-3	2.751958E-2
5.965000E-3	2.463245E-2
5.970000E-3	3.600413E-2
5.975000E-3	-1.302773E-2
5.980000E-3	-3.892004E-2
5.985000E-3	-2.158904E-2
5.990000E-3	-4.112858E-2
5.995000E-3	-6.067085E-2
6.000000E-3	-2.758402E-2
6.005000E-3	-2.129292E-2
6.010000E-3	-3.066856E-2
6.015000E-3	1.091790E-2
6.020000E-3	1.745027E-2
6.025000E-3	-7.334352E-4
6.030000E-3	1.631516E-2
6.035000E-3	1.471668E-2
6.040000E-3	9.130239E-4
6.045000E-3	1.265484E-2
6.050000E-3	1.853329E-2
6.055000E-3	9.034276E-4
6.060000E-3	-1.209140E-3
6.065000E-3	-8.033514E-3
6.070000E-3	-4.106003E-2
6.075000E-3	-4.151928E-2
6.080000E-3	-3.095233E-2
6.085000E-3	-2.870679E-2
6.090000E-3	-1.077807E-2
6.095000E-3	-2.342880E-3
6.100000E-3	-9.699166E-3
6.105000E-3	-1.098919E-2
6.110000E-3	-5.506933E-3
6.115000E-3	-4.853010E-4
6.120000E-3	1.538569E-2
6.125000E-3	3.594655E-2
6.130000E-3	2.700001E-2
6.135000E-3	1.389003E-2
6.140000E-3	-3.290176E-5
6.145000E-3	-3.597260E-2
6.150000E-3	-4.858220E-2
6.155000E-3	-4.027998E-2
6.160000E-3	-3.708577E-2
6.165000E-3	-2.113116E-2
6.170000E-3	-3.148973E-3
6.175000E-3	-2.878904E-5
6.180000E-3	4.715919E-4
6.185000E-3	1.420259E-2
6.190000E-3	1.212567E-2
6.195000E-3	-2.508759E-3
6.200000E-3	5.641282E-3
6.205000E-3	-4.610360E-3
6.210000E-3	-1.519239E-2
6.215000E-3	3.695965E-3
6.220000E-3	-1.587510E-3
6.225000E-3	-6.385684E-3
6.230000E-3	1.000762E-3
6.235000E-3	-1.112354E-2
6.240000E-3	-2.085149E-2
6.245000E-3	-1.371044E-2
6.250000E-3	-1.091653E-2
6.255000E-3	-1.608759E-2
6.260000E-3	1.894593E-3
6.265000E-3	1.275903E-2
6.270000E-3	7.827878E-4
6.275000E-3	1.960945E-2
6.280000E-3	1.874715E-2
6.285000E-3	-1.205850E-2
6.290000E-3	-9.423614E-3
6.295000E-3	-1.573116E-2
6.300000E-3	-5.078387E-2
6.305000E-3	-5.443323E-2
6.310000E-3	-3.611654E-2
6.315000E-3	-5.048364E-2
6.320000E-3	-2.980489E-2
6.325000E-3	2.920032E-2
6.330000E-3	2.100229E-2
6.335000E-3	1.672369E-2
6.340000E-3	4.261464E-2
6.345000E-3	1.169384E-2
6.350000E-3	-2.488196E-3
6.355000E-3	2.226079E-2
6.360000E-3	1.572430E-3
6.365000E-3	-1.319224E-2
6.370000E-3	6.058037E-3
6.375000E-3	-1.552689E-2
6.380000E-3	-3.601235E-2
6.385000E-3	-1.761478E-2
6.390000E-3	-3.487587E-2
6.395000E-3	-4.521525E-2
6.400000E-3	-1.013237E-2
6.405000E-3	-1.289064E-2
6.410000E-3	-2.076924E-2
6.415000E-3	4.381418E-3
6.420000E-3	3.907084E-4
6.425000E-3	-1.004875E-2
6.430000E-3	1.221615E-2
6.435000E-3	1.670039E-2
6.440000E-3	-2.253771E-3
6.445000E-3	5.888045E-3
6.450000E-3	1.358157E-2
6.455000E-3	-3.345013E-4
6.460000E-3	7.782638E-3
6.465000E-3	1.260686E-2
6.470000E-3	-1.257944E-2
6.475000E-3	-2.253771E-2
6.480000E-3	-2.086520E-2
6.485000E-3	-3.573132E-2
6.490000E-3	-3.386140E-2
6.495000E-3	-1.239985E-2
6.500000E-3	-1.846063E-2
6.505000E-3	-2.035522E-2
6.510000E-3	1.742423E-3
6.515000E-3	-8.230925E-3
6.520000E-3	-1.562697E-2
6.525000E-3	4.356742E-3
6.530000E-3	-1.222849E-3
6.535000E-3	-3.754914E-3
6.540000E-3	1.874852E-2
6.545000E-3	1.543915E-2
6.550000E-3	-2.440214E-4
6.555000E-3	9.112418E-3
6.560000E-3	5.321860E-3
6.565000E-3	-1.222301E-2
6.570000E-3	-7.688046E-3
6.575000E-3	-1.512933E-2
6.580000E-3	-3.132933E-2
6.585000E-3	-2.249247E-2
6.590000E-3	-2.237594E-2
6.595000E-3	-3.059316E-2
6.600000E-3	-2.154654E-2
6.605000E-3	-1.317441E-2
6.610000E-3	-1.250678E-2
6.615000E-3	-4.105866E-3
6.620000E-3	2.921402E-3
6.625000E-3	-3.929019E-3
6.630000E-3	4.279971E-3
6.635000E-3	1.952171E-2
6.640000E-3	1.368028E-2
6.645000E-3	1.731044E-2
6.650000E-3	1.945180E-2
6.655000E-3	-6.743491E-3
6.660000E-3	-1.837152E-2
6.665000E-3	-1.579148E-2
6.670000E-3	-3.246170E-2
6.675000E-3	-3.549689E-2
6.680000E-3	-1.284677E-2
6.685000E-3	-1.323336E-2
6.690000E-3	-1.534730E-2
6.695000E-3	3.009140E-3
6.700000E-3	-4.832447E-3
6.705000E-3	-1.413131E-2
6.710000E-3	2.193451E-5
6.715000E-3	-5.482256E-3
6.720000E-3	-1.229978E-2
6.725000E-3	-4.030466E-4
6.730000E-3	-3.351867E-3
6.735000E-3	-8.453012E-3
6.740000E-3	2.230465E-3
6.745000E-3	8.952022E-4
6.750000E-3	-5.945623E-3
6.755000E-3	7.046461E-4
6.760000E-3	-3.037930E-3
6.765000E-3	-1.186657E-2
6.770000E-3	-7.445395E-3
6.775000E-3	-1.172125E-2
6.780000E-3	-2.012628E-2
6.785000E-3	-1.492232E-2
6.790000E-3	-6.650269E-3
6.795000E-3	-5.648136E-4
6.800000E-3	2.567708E-3
6.805000E-3	1.124144E-4
6.810000E-3	-8.307695E-3
6.815000E-3	-1.414502E-2
6.820000E-3	-9.418130E-3
6.825000E-3	-9.758115E-3
6.830000E-3	-9.766340E-3
6.835000E-3	-2.615690E-3
6.840000E-3	-6.687284E-3
6.845000E-3	-8.444786E-3
6.850000E-3	1.329780E-4
6.855000E-3	-1.328409E-3
6.860000E-3	-3.687739E-3
6.865000E-3	3.303885E-3
6.870000E-3	1.466870E-4
6.875000E-3	-1.040792E-2
6.880000E-3	-1.369399E-2
6.885000E-3	-2.402240E-2
6.890000E-3	-3.268242E-2
6.895000E-3	-2.488744E-2
6.900000E-3	-1.745576E-2
6.905000E-3	-9.670377E-3
6.910000E-3	1.157045E-3
6.915000E-3	3.986597E-3
6.920000E-3	2.854228E-3
6.925000E-3	2.782941E-3
6.930000E-3	1.117289E-3
6.935000E-3	2.851486E-4
6.940000E-3	1.366794E-3
6.945000E-3	-3.580809E-3
6.950000E-3	-8.853316E-3
6.955000E-3	-7.711351E-3
6.960000E-3	-7.164359E-3
6.965000E-3	-3.556132E-3
6.970000E-3	1.709521E-3
6.975000E-3	-1.628637E-3
6.980000E-3	-9.663522E-3
6.985000E-3	-1.652491E-2
6.990000E-3	-1.892948E-2
6.995000E-3	-1.899940E-2
7.000000E-3	-1.890206E-2
7.005000E-3	-1.276314E-2
7.010000E-3	-1.012963E-2
7.015000E-3	-1.070815E-2
7.020000E-3	-5.792081E-3
7.025000E-3	-6.003201E-3
7.030000E-3	-1.147860E-2
7.035000E-3	-9.551108E-3
7.040000E-3	-4.670680E-3
7.045000E-3	-1.753390E-3
7.050000E-3	8.041739E-3
7.055000E-3	1.566672E-2
7.060000E-3	1.147175E-2
7.065000E-3	9.072661E-3
7.070000E-3	6.008685E-3
7.075000E-3	-7.978678E-4
7.080000E-3	-3.384769E-3
7.085000E-3	-8.983552E-3
7.090000E-3	-1.936954E-2
7.095000E-3	-2.735507E-2
7.100000E-3	-3.063977E-2
7.105000E-3	-2.811319E-2
7.110000E-3	-2.116954E-2
7.115000E-3	-1.248485E-2
7.120000E-3	-8.283019E-3
7.125000E-3	-9.145319E-3
7.130000E-3	-8.442044E-3
7.135000E-3	-7.187665E-3
7.140000E-3	-4.245698E-3
7.145000E-3	3.484845E-3
7.150000E-3	1.172400E-2
7.155000E-3	1.294547E-2
7.160000E-3	1.027358E-2
7.165000E-3	4.969537E-3
7.170000E-3	-3.938615E-3
7.175000E-3	-3.532827E-3
7.180000E-3	-3.769994E-4
7.185000E-3	-6.103277E-3
7.190000E-3	-6.454229E-3
7.195000E-3	-8.661389E-3
7.200000E-3	-1.969171E-2
7.205000E-3	-1.920915E-2
7.210000E-3	-1.662636E-2
7.215000E-3	-2.211410E-2
7.220000E-3	-1.657015E-2
7.225000E-3	-7.087588E-3
7.230000E-3	-1.062453E-2
7.235000E-3	-1.064372E-2
7.240000E-3	-6.572127E-3
7.245000E-3	-1.087677E-2
7.250000E-3	-7.379591E-3
7.255000E-3	3.679514E-3
7.260000E-3	6.370604E-3
7.265000E-3	7.788122E-3
7.270000E-3	1.081508E-2
7.275000E-3	8.960247E-3
7.280000E-3	3.534198E-3
7.285000E-3	-1.577914E-3
7.290000E-3	-9.615541E-3
7.295000E-3	-2.144098E-2
7.300000E-3	-2.752918E-2
7.305000E-3	-2.839971E-2
7.310000E-3	-3.086185E-2
7.315000E-3	-2.714670E-2
7.320000E-3	-1.932293E-2
7.325000E-3	-1.498401E-2
7.330000E-3	-5.139530E-3
7.335000E-3	7.762074E-3
7.340000E-3	1.224494E-2
7.345000E-3	1.541311E-2
7.350000E-3	1.634532E-2
7.355000E-3	4.639149E-3
7.360000E-3	-3.003657E-3
7.365000E-3	-2.710283E-3
7.370000E-3	-9.652555E-3
7.375000E-3	-1.217365E-2
7.380000E-3	-8.942425E-3
7.385000E-3	-1.582575E-2
7.390000E-3	-1.964921E-2
7.395000E-3	-1.553649E-2
7.400000E-3	-1.393253E-2
7.405000E-3	-9.697795E-3
7.410000E-3	3.057122E-4
7.415000E-3	4.428029E-3
7.420000E-3	2.614319E-3
7.425000E-3	1.166642E-3
7.430000E-3	-4.459560E-3
7.435000E-3	-1.185286E-2
7.440000E-3	-1.291806E-2
7.445000E-3	-1.042986E-2
7.450000E-3	-8.169234E-3
7.455000E-3	-4.562378E-3
7.460000E-3	-6.580353E-4
7.465000E-3	-3.131151E-3
7.470000E-3	-9.037018E-3
7.475000E-3	-1.199681E-2
7.480000E-3	-1.736391E-2
7.485000E-3	-2.079803E-2
7.490000E-3	-1.543093E-2
7.495000E-3	-1.064509E-2
7.500000E-3	-5.375326E-3
7.505000E-3	2.645850E-3
7.510000E-3	3.307998E-3
7.515000E-3	1.199543E-3
7.520000E-3	2.271593E-3
7.525000E-3	-2.249658E-3
7.530000E-3	-8.428335E-3
7.535000E-3	-8.784771E-3
7.540000E-3	-1.231211E-2
7.545000E-3	-1.345819E-2
7.550000E-3	-5.997717E-3
7.555000E-3	-6.025136E-3
7.560000E-3	-1.048744E-2
7.565000E-3	-1.054502E-2
7.570000E-3	-1.534867E-2
7.575000E-3	-1.830024E-2
7.580000E-3	-1.361310E-2
7.585000E-3	-1.148546E-2
7.590000E-3	-1.161158E-2
7.595000E-3	-8.688807E-3
7.600000E-3	-4.717290E-3
7.605000E-3	-1.828790E-3
7.610000E-3	2.260625E-3
7.615000E-3	5.979896E-3
7.620000E-3	6.946385E-3
7.625000E-3	5.711198E-3
7.630000E-3	2.585530E-3
7.635000E-3	-5.243719E-3
7.640000E-3	-1.621646E-2
7.645000E-3	-2.166444E-2
7.650000E-3	-2.224433E-2
7.655000E-3	-2.027434E-2
7.660000E-3	-1.200914E-2
7.665000E-3	-7.360399E-3
7.670000E-3	-8.267939E-3
7.675000E-3	-5.845547E-3
7.680000E-3	-5.764663E-3
7.685000E-3	-7.139683E-3
7.690000E-3	-3.120184E-3
7.695000E-3	-3.124297E-3
7.700000E-3	-5.750954E-3
7.705000E-3	-4.811883E-3
7.710000E-3	-7.376850E-3
7.715000E-3	-1.159239E-2
7.720000E-3	-1.092064E-2
7.725000E-3	-9.061694E-3
7.730000E-3	-5.373955E-3
7.735000E-3	4.359484E-4
7.740000E-3	3.373802E-3
7.745000E-3	5.186141E-3
7.750000E-3	3.944099E-3
7.755000E-3	-2.166033E-3
7.760000E-3	-7.712722E-3
7.765000E-3	-1.344174E-2
7.770000E-3	-1.900899E-2
7.775000E-3	-1.767784E-2
7.780000E-3	-1.619178E-2
7.785000E-3	-1.653039E-2
7.790000E-3	-1.235735E-2
7.795000E-3	-9.116530E-3
7.800000E-3	-7.700384E-3
7.805000E-3	-2.970755E-3
7.810000E-3	-1.782179E-5
7.815000E-3	-4.510283E-4
7.820000E-3	2.248287E-4
7.825000E-3	-1.412034E-4
7.830000E-3	-1.705408E-3
7.835000E-3	-1.158416E-3
7.840000E-3	1.507998E-4
7.845000E-3	1.827419E-3
7.850000E-3	2.734959E-3
7.855000E-3	1.169384E-3
7.860000E-3	-2.109826E-3
7.865000E-3	-7.767558E-3
7.870000E-3	-1.241219E-2
7.875000E-3	-1.551867E-2
7.880000E-3	-1.872796E-2
7.885000E-3	-1.792598E-2
7.890000E-3	-1.436025E-2
7.895000E-3	-1.229703E-2
7.900000E-3	-7.345319E-3
7.905000E-3	-2.507389E-3
7.910000E-3	-3.486216E-3
7.915000E-3	-4.556894E-3
7.920000E-3	-5.288959E-3
7.925000E-3	-9.335876E-3
7.930000E-3	-1.034075E-2
7.935000E-3	-8.666873E-3
7.940000E-3	-9.684086E-3
7.945000E-3	-8.499622E-3
7.950000E-3	-7.027268E-3
7.955000E-3	-8.351564E-3
7.960000E-3	-8.373499E-3
7.965000E-3	-9.020567E-3
7.970000E-3	-1.060396E-2
7.975000E-3	-1.007754E-2
7.980000E-3	-8.533895E-3
7.985000E-3	-5.571365E-3
7.990000E-3	-2.453923E-4
7.995000E-3	4.262149E-3
8.000000E-3	6.921709E-3
8.005000E-3	6.414473E-3
8.010000E-3	1.285911E-3
8.015000E-3	-4.850268E-3
8.020000E-3	-1.062590E-2
8.025000E-3	-1.536238E-2
8.030000E-3	-1.649338E-2
8.035000E-3	-1.575857E-2
8.040000E-3	-1.424783E-2
8.045000E-3	-1.231074E-2
8.050000E-3	-1.264250E-2
8.055000E-3	-1.244646E-2
8.060000E-3	-9.431839E-3
8.065000E-3	-6.740749E-3
8.070000E-3	-2.024829E-3
8.075000E-3	4.141510E-3
8.080000E-3	5.406857E-3
8.085000E-3	4.763901E-3
8.090000E-3	3.306627E-3
8.095000E-3	-1.645088E-3
8.100000E-3	-4.680276E-3
8.105000E-3	-5.257428E-3
8.110000E-3	-7.261693E-3
8.115000E-3	-7.417977E-3
8.120000E-3	-7.498860E-3
8.125000E-3	-1.154852E-2
8.130000E-3	-1.514304E-2
8.135000E-3	-1.811105E-2
8.140000E-3	-2.120107E-2
8.145000E-3	-2.099270E-2
8.150000E-3	-1.755583E-2
8.155000E-3	-1.251912E-2
8.160000E-3	-5.814016E-3
8.165000E-3	-5.387664E-4
8.170000E-3	2.194822E-3
8.175000E-3	2.127647E-3
8.180000E-3	1.974106E-4
8.185000E-3	-5.031228E-4
8.190000E-3	-5.990863E-4
8.195000E-3	-8.280277E-4
8.200000E-3	1.466870E-4
8.205000E-3	-1.481950E-3
8.210000E-3	-5.295813E-3
8.215000E-3	-7.803202E-3
8.220000E-3	-1.206398E-2
8.225000E-3	-1.580793E-2
8.230000E-3	-1.487982E-2
8.235000E-3	-1.489353E-2
8.240000E-3	-1.454806E-2
8.245000E-3	-1.071364E-2
8.250000E-3	-1.010633E-2
8.255000E-3	-1.010907E-2
8.260000E-3	-7.737398E-3
8.265000E-3	-7.753849E-3
8.270000E-3	-7.849813E-3
8.275000E-3	-4.975021E-3
8.280000E-3	-3.564358E-3
8.285000E-3	-2.577305E-3
8.290000E-3	-2.118051E-3
8.295000E-3	-4.611731E-3
8.300000E-3	-8.032143E-3
8.305000E-3	-1.041478E-2
8.310000E-3	-1.182133E-2
8.315000E-3	-1.040107E-2
8.320000E-3	-8.507848E-3
8.325000E-3	-6.964207E-3
8.330000E-3	-5.524755E-3
8.335000E-3	-7.038236E-3
8.340000E-3	-9.290636E-3
8.345000E-3	-9.407163E-3
8.350000E-3	-9.578526E-3
8.355000E-3	-8.114398E-3
8.360000E-3	-4.836559E-3
8.365000E-3	-3.301144E-3
8.370000E-3	-1.624525E-3
8.375000E-3	-5.620718E-4
8.380000E-3	-2.112567E-3
8.385000E-3	-3.339529E-3
8.390000E-3	-3.901601E-3
8.395000E-3	-4.772127E-3
8.400000E-3	-4.388273E-3
8.405000E-3	-4.384160E-3
8.410000E-3	-5.723536E-3
8.415000E-3	-7.350802E-3
8.420000E-3	-1.101935E-2
8.425000E-3	-1.580244E-2
8.430000E-3	-1.810420E-2
8.435000E-3	-1.904052E-2
8.440000E-3	-1.756269E-2
8.445000E-3	-1.353359E-2
8.450000E-3	-1.001859E-2
8.455000E-3	-6.270528E-3
8.460000E-3	-3.546536E-3
8.465000E-3	-2.791166E-3
8.470000E-3	-5.990863E-4
8.475000E-3	7.608533E-4
8.480000E-3	5.730391E-4
8.485000E-3	1.414776E-3
8.490000E-3	3.440976E-4
8.495000E-3	-3.138006E-3
8.500000E-3	-5.966187E-3
8.505000E-3	-9.655297E-3
8.510000E-3	-1.291394E-2
8.515000E-3	-1.343215E-2
8.520000E-3	-1.392430E-2
8.525000E-3	-1.422179E-2
8.530000E-3	-1.293862E-2
8.535000E-3	-1.278782E-2
8.540000E-3	-1.147586E-2
8.545000E-3	-8.048594E-3
8.550000E-3	-5.859256E-3
8.555000E-3	-2.482712E-3
8.560000E-3	1.074791E-3
8.565000E-3	1.831532E-3
8.570000E-3	2.071440E-3
8.575000E-3	8.787513E-4
8.580000E-3	-2.490938E-3
8.585000E-3	-4.301906E-3
8.590000E-3	-5.276620E-3
8.595000E-3	-5.927801E-3
8.600000E-3	-5.397260E-3
8.605000E-3	-6.580353E-3
8.610000E-3	-9.789646E-3
8.615000E-3	-1.249170E-2
8.620000E-3	-1.633573E-2
8.625000E-3	-1.893634E-2
8.630000E-3	-1.864433E-2
8.635000E-3	-1.763946E-2
8.640000E-3	-1.370907E-2
8.645000E-3	-8.808076E-3
8.650000E-3	-4.655600E-3
8.655000E-3	-1.220107E-4
8.660000E-3	2.830923E-3
8.665000E-3	3.632903E-3
8.670000E-3	5.135417E-3
8.675000E-3	5.256057E-3
8.680000E-3	2.985835E-3
8.685000E-3	6.566644E-4
8.690000E-3	-3.785074E-3
8.695000E-3	-9.971976E-3
8.700000E-3	-1.343763E-2
8.705000E-3	-1.622468E-2
8.710000E-3	-1.739544E-2
8.715000E-3	-1.478523E-2
8.720000E-3	-1.106048E-2
8.725000E-3	-6.807923E-3
8.730000E-3	-3.085911E-3
8.735000E-3	-2.293527E-3
8.740000E-3	-4.134655E-3
8.745000E-3	-7.681191E-3
8.750000E-3	-1.145530E-2
8.755000E-3	-1.263428E-2
8.760000E-3	-1.152933E-2
8.765000E-3	-8.554459E-3
8.770000E-3	-3.759027E-3
8.775000E-3	-7.951260E-4
8.780000E-3	-2.207160E-4
8.785000E-3	-7.526278E-4
8.790000E-3	-3.166795E-3
8.795000E-3	-4.410207E-3
8.800000E-3	-2.965271E-3
8.805000E-3	-1.161158E-3
8.810000E-3	1.161158E-3
8.815000E-3	2.617061E-3
8.820000E-3	1.864433E-4
8.825000E-3	-3.447831E-3
8.830000E-3	-7.683933E-3
8.835000E-3	-1.292080E-2
8.840000E-3	-1.589566E-2
8.845000E-3	-1.705682E-2
8.850000E-3	-1.812202E-2
8.855000E-3	-1.668805E-2
8.860000E-3	-1.442057E-2
8.865000E-3	-1.193923E-2
8.870000E-3	-8.058190E-3
8.875000E-3	-4.957199E-3
8.880000E-3	-2.322316E-3
8.885000E-3	-3.098249E-4
8.890000E-3	3.153086E-5
8.895000E-3	-9.034276E-4
8.900000E-3	-2.042651E-3
8.905000E-3	-4.757047E-3
8.910000E-3	-7.796347E-3
8.915000E-3	-1.093847E-2
8.920000E-3	-1.364052E-2
8.925000E-3	-1.448911E-2
8.930000E-3	-1.424372E-2
8.935000E-3	-1.380914E-2
8.940000E-3	-1.179665E-2
8.945000E-3	-9.797871E-3
8.950000E-3	-7.165730E-3
8.955000E-3	-2.723992E-3
8.960000E-3	1.254380E-3
8.965000E-3	3.945470E-3
8.970000E-3	5.450726E-3
8.975000E-3	3.939986E-3
8.980000E-3	1.074791E-3
8.985000E-3	-1.627266E-3
8.990000E-3	-6.332219E-3
8.995000E-3	-1.086169E-2
9.000000E-3	-1.428211E-2
9.005000E-3	-1.804113E-2
9.010000E-3	-1.909262E-2
9.015000E-3	-1.776832E-2
9.020000E-3	-1.585180E-2
9.025000E-3	-1.211745E-2
9.030000E-3	-8.436561E-3
9.035000E-3	-5.628943E-3
9.040000E-3	-2.068698E-3
9.045000E-3	9.349585E-4
9.050000E-3	2.108455E-3
9.055000E-3	2.830923E-3
9.060000E-3	1.398325E-3
9.065000E-3	-1.372278E-3
9.070000E-3	-4.211426E-3
9.075000E-3	-7.328868E-3
9.080000E-3	-1.000625E-2
9.085000E-3	-1.157868E-2
9.090000E-3	-1.375020E-2
9.095000E-3	-1.460838E-2
9.100000E-3	-1.432872E-2
9.105000E-3	-1.390922E-2
9.110000E-3	-1.180214E-2
9.115000E-3	-9.448290E-3
9.120000E-3	-7.463217E-3
9.125000E-3	-5.504191E-3
9.130000E-3	-4.380047E-3
9.135000E-3	-4.434884E-3
9.140000E-3	-3.783703E-3
9.145000E-3	-2.817214E-3
9.150000E-3	-1.251638E-3
9.155000E-3	1.118660E-3
9.160000E-3	2.090633E-3
9.165000E-3	1.283169E-3
9.170000E-3	-1.582026E-3
9.175000E-3	-6.828487E-3
9.180000E-3	-1.185834E-2
9.185000E-3	-1.577365E-2
9.190000E-3	-1.839209E-2
9.195000E-3	-1.825637E-2
9.200000E-3	-1.657975E-2
9.205000E-3	-1.472080E-2
9.210000E-3	-1.170480E-2
9.215000E-3	-9.389341E-3
9.220000E-3	-7.955372E-3
9.225000E-3	-5.571365E-3
9.230000E-3	-3.436863E-3
9.235000E-3	-1.270831E-3
9.240000E-3	1.429856E-3
9.245000E-3	2.512872E-3
9.250000E-3	2.316833E-3
9.255000E-3	8.211732E-4
9.260000E-3	-2.619803E-3
9.265000E-3	-6.185532E-3
9.270000E-3	-9.244025E-3
9.275000E-3	-1.179117E-2
9.280000E-3	-1.263428E-2
9.285000E-3	-1.236147E-2
9.290000E-3	-1.189125E-2
9.295000E-3	-1.071227E-2
9.300000E-3	-9.653926E-3
9.305000E-3	-9.053469E-3
9.310000E-3	-7.519424E-3
9.315000E-3	-5.752325E-3
9.320000E-3	-4.995584E-3
9.325000E-3	-3.992081E-3
9.330000E-3	-3.508151E-3
9.335000E-3	-3.487587E-3
9.340000E-3	-3.116071E-3
9.345000E-3	-2.777457E-3
9.350000E-3	-2.340138E-3
9.355000E-3	-2.588272E-3
9.360000E-3	-4.640520E-3
9.365000E-3	-7.239759E-3
9.370000E-3	-9.642959E-3
9.375000E-3	-1.160061E-2
9.380000E-3	-1.159239E-2
9.385000E-3	-1.092887E-2
9.390000E-3	-9.867787E-3
9.395000E-3	-7.999241E-3
9.400000E-3	-6.709218E-3
9.405000E-3	-6.498098E-3
9.410000E-3	-6.130695E-3
9.415000E-3	-6.854534E-3
9.420000E-3	-8.313179E-3
9.425000E-3	-9.298861E-3
9.430000E-3	-1.004326E-2
9.435000E-3	-1.000351E-2
9.440000E-3	-8.239150E-3
9.445000E-3	-6.870985E-3
9.450000E-3	-5.781114E-3
9.455000E-3	-5.005181E-3
9.460000E-3	-5.820870E-3
9.465000E-3	-6.984770E-3
9.470000E-3	-7.929325E-3
9.475000E-3	-8.259714E-3
9.480000E-3	-6.917596E-3
9.485000E-3	-4.820108E-3
9.490000E-3	-3.022850E-3
9.495000E-3	-1.647830E-3
9.500000E-3	-2.159178E-3
9.505000E-3	-4.271746E-3
9.510000E-3	-6.838083E-3
9.515000E-3	-9.937704E-3
9.520000E-3	-1.209414E-2
9.525000E-3	-1.239985E-2
9.530000E-3	-1.145256E-2
9.535000E-3	-8.801222E-3
9.540000E-3	-5.970299E-3
9.545000E-3	-3.987968E-3
9.550000E-3	-2.415538E-3
9.555000E-3	-1.769841E-3
9.560000E-3	-2.015233E-3
9.565000E-3	-2.109826E-3
9.570000E-3	-2.925515E-3
9.575000E-3	-4.763901E-3
9.580000E-3	-6.380200E-3
9.585000E-3	-8.288503E-3
9.590000E-3	-1.117975E-2
9.595000E-3	-1.310039E-2
9.600000E-3	-1.451653E-2
9.605000E-3	-1.480031E-2
9.610000E-3	-1.351577E-2
9.615000E-3	-1.142377E-2
9.620000E-3	-8.925974E-3
9.625000E-3	-6.226659E-3
9.630000E-3	-3.732979E-3
9.635000E-3	-1.890481E-3
9.640000E-3	-1.011729E-3
9.645000E-3	-1.125515E-3
9.650000E-3	-1.432598E-3
9.655000E-3	-2.508759E-3
9.660000E-3	-3.927648E-3
9.665000E-3	-4.599392E-3
9.670000E-3	-5.088806E-3
9.675000E-3	-5.778372E-3
9.680000E-3	-6.281495E-3
9.685000E-3	-7.529020E-3
9.690000E-3	-9.523690E-3
9.695000E-3	-1.165134E-2
9.700000E-3	-1.398325E-2
9.705000E-3	-1.534456E-2
9.710000E-3	-1.507723E-2
9.715000E-3	-1.347053E-2
9.720000E-3	-1.082879E-2
9.725000E-3	-7.538617E-3
9.730000E-3	-4.700840E-3
9.735000E-3	-2.219498E-3
9.740000E-3	-5.593300E-4
9.745000E-3	-1.343489E-4
9.750000E-3	-1.412034E-4
9.755000E-3	-6.018281E-4
9.760000E-3	-1.152933E-3
9.765000E-3	-1.277685E-3
9.770000E-3	-1.798630E-3
9.775000E-3	-3.239453E-3
9.780000E-3	-5.416453E-3
9.785000E-3	-8.618891E-3
9.790000E-3	-1.212293E-2
9.795000E-3	-1.529932E-2
9.800000E-3	-1.707053E-2
9.805000E-3	-1.686627E-2
9.810000E-3	-1.496482E-2
9.815000E-3	-1.215172E-2
9.820000E-3	-8.717597E-3
9.825000E-3	-5.755067E-3
9.830000E-3	-3.423154E-3
9.835000E-3	-2.059102E-3
9.840000E-3	-1.654685E-3
9.845000E-3	-2.048135E-3
9.850000E-3	-2.936482E-3
9.855000E-3	-4.061997E-3
9.860000E-3	-4.977763E-3
9.865000E-3	-5.389035E-3
9.870000E-3	-5.541205E-3
9.875000E-3	-5.350649E-3
9.880000E-3	-5.161464E-3
9.885000E-3	-5.919576E-3
9.890000E-3	-7.572889E-3
9.895000E-3	-9.555221E-3
9.900000E-3	-1.171988E-2
9.905000E-3	-1.300031E-2
9.910000E-3	-1.262194E-2
9.915000E-3	-1.049566E-2
9.920000E-3	-7.396042E-3
9.925000E-3	-4.284084E-3
9.930000E-3	-2.360702E-3
9.935000E-3	-2.063215E-3
9.940000E-3	-3.350496E-3
9.945000E-3	-5.733132E-3
9.950000E-3	-7.777154E-3
9.955000E-3	-9.030163E-3
9.960000E-3	-9.416759E-3
9.965000E-3	-8.647680E-3
9.970000E-3	-7.357657E-3
9.975000E-3	-6.374717E-3
9.980000E-3	-5.583704E-3
9.985000E-3	-5.491853E-3
9.990000E-3	-5.808532E-3
9.995000E-3	-6.332219E-3
