0.000000E+0	-1.146626E-1
5.000000E-6	1.713867E-1
1.000000E-5	-4.350984E-2
1.500000E-5	-1.168561E-1
2.000000E-5	1.570936E-1
2.500000E-5	-7.279515E-3
3.000000E-5	-1.398119E-1
3.500000E-5	1.161734E-1
4.000000E-5	2.458447E-2
4.500000E-5	-1.003120E-1
5.000000E-5	1.499498E-1
5.500000E-5	3.993863E-2
6.000000E-5	-2.084765E-1
6.500000E-5	1.776147E-2
7.000000E-5	5.535859E-2
7.500000E-5	-1.293917E-1
8.000000E-5	4.583353E-2
8.500000E-5	6.954062E-2
9.000000E-5	-8.295906E-2
9.500000E-5	9.448701E-2
1.000000E-4	8.720201E-2
1.050000E-4	-1.253530E-1
1.100000E-4	4.761159E-2
1.150000E-4	1.088390E-1
1.200000E-4	-9.457064E-2
1.250000E-4	-1.887053E-2
1.300000E-4	5.518585E-2
1.350000E-4	-7.265258E-2
1.400000E-4	-5.649233E-2
1.450000E-4	8.979440E-4
1.500000E-4	-1.045399E-1
1.550000E-4	-7.140917E-2
1.600000E-4	9.869295E-2
1.650000E-4	5.801266E-2
1.700000E-4	-6.333590E-4
1.750000E-4	6.624907E-2
1.800000E-4	2.337396E-3
1.850000E-4	-5.248106E-2
1.900000E-4	2.145469E-2
1.950000E-4	-2.156299E-2
2.000000E-4	-4.522210E-2
2.050000E-4	4.062134E-2
2.100000E-4	-1.513481E-2
2.150000E-4	-3.609186E-2
2.200000E-4	6.030893E-2
2.250000E-4	-8.459866E-3
2.300000E-4	-2.638859E-2
2.350000E-4	6.197459E-2
2.400000E-4	-5.117458E-2
2.450000E-4	-9.771413E-2
2.500000E-4	6.250787E-2
2.550000E-4	2.537549E-2
2.600000E-4	-5.367100E-2
2.650000E-4	8.834124E-2
2.700000E-4	2.219361E-2
2.750000E-4	-1.459687E-1
2.800000E-4	4.346186E-2
2.850000E-4	1.097192E-1
2.900000E-4	-7.384664E-2
2.950000E-4	3.718996E-2
3.000000E-4	9.482151E-2
3.050000E-4	-1.253160E-1
3.100000E-4	-6.336880E-2
3.150000E-4	9.880948E-2
3.200000E-4	-6.730330E-2
3.250000E-4	-8.592707E-2
3.300000E-4	9.956896E-2
3.350000E-4	2.290785E-3
3.400000E-4	-6.320566E-2
3.450000E-4	9.286249E-2
3.500000E-4	2.878630E-2
3.550000E-4	-8.206660E-2
3.600000E-4	4.152340E-2
3.650000E-4	6.682074E-2
3.700000E-4	-2.239788E-2
3.750000E-4	6.432021E-2
3.800000E-4	7.123095E-2
3.850000E-4	-9.797323E-2
3.900000E-4	-5.148441E-2
3.950000E-4	-2.974868E-4
4.000000E-4	-1.278617E-1
4.050000E-4	-5.676651E-2
4.100000E-4	4.254609E-2
4.150000E-4	-4.861784E-2
4.200000E-4	-2.354258E-2
4.250000E-4	9.045929E-2
4.300000E-4	-8.518815E-3
4.350000E-4	-6.948304E-2
4.400000E-4	5.483902E-2
4.450000E-4	1.378721E-2
4.500000E-4	-2.603900E-2
4.550000E-4	9.915358E-2
4.600000E-4	2.429110E-2
4.650000E-4	-6.587619E-2
4.700000E-4	5.070299E-2
4.750000E-4	3.411502E-2
4.800000E-4	-5.184495E-2
4.850000E-4	2.931136E-2
4.900000E-4	4.460382E-2
4.950000E-4	-6.042272E-2
5.000000E-4	-1.910907E-2
5.050000E-4	1.539391E-2
5.100000E-4	-5.816209E-2
5.150000E-4	1.116741E-2
5.200000E-4	5.508578E-2
5.250000E-4	-5.604404E-2
5.300000E-4	-4.469019E-2
5.350000E-4	2.185363E-2
5.400000E-4	-1.215720E-2
5.450000E-4	1.712126E-2
5.500000E-4	7.812661E-2
5.550000E-4	1.494700E-2
5.600000E-4	-2.163154E-2
5.650000E-4	2.124631E-2
5.700000E-4	-5.764663E-3
5.750000E-4	-2.771837E-2
5.800000E-4	-1.754761E-4
5.850000E-4	-1.639056E-2
5.900000E-4	-2.571410E-2
5.950000E-4	-1.318812E-2
6.000000E-4	-3.624678E-2
6.050000E-4	-3.954929E-2
6.100000E-4	-1.955462E-2
6.150000E-4	-3.167343E-2
6.200000E-4	-2.863824E-2
6.250000E-4	1.139224E-3
6.300000E-4	2.164662E-3
6.350000E-4	2.629399E-3
6.400000E-4	2.443367E-2
6.450000E-4	1.824814E-2
6.500000E-4	1.568317E-3
6.550000E-4	2.273375E-2
6.600000E-4	3.085363E-2
6.650000E-4	4.635036E-3
6.700000E-4	4.066110E-3
6.750000E-4	2.960199E-2
6.800000E-4	9.323537E-3
6.850000E-4	3.458798E-3
6.900000E-4	2.510953E-2
6.950000E-4	-1.503748E-2
7.000000E-4	-5.083734E-2
7.050000E-4	-1.465088E-2
7.100000E-4	-2.361661E-2
7.150000E-4	-4.459560E-2
7.200000E-4	1.567084E-2
7.250000E-4	1.706368E-2
7.300000E-4	-2.177411E-2
7.350000E-4	3.544343E-2
7.400000E-4	3.519666E-2
7.450000E-4	-3.331304E-2
7.500000E-4	-1.052856E-3
7.550000E-4	7.590711E-3
7.600000E-4	-4.035813E-2
7.650000E-4	1.076025E-2
7.700000E-4	3.441250E-2
7.750000E-4	-3.208196E-2
7.800000E-4	-3.933132E-3
7.850000E-4	1.484144E-2
7.900000E-4	-4.830664E-2
7.950000E-4	-6.563902E-3
8.000000E-4	2.410328E-2
8.050000E-4	-4.594457E-2
8.100000E-4	-2.043748E-2
8.150000E-4	2.129430E-2
8.200000E-4	-2.916741E-2
8.250000E-4	-1.401341E-2
8.300000E-4	3.046292E-2
8.350000E-4	-9.378374E-3
8.400000E-4	-4.763901E-3
8.450000E-4	3.448242E-2
8.500000E-4	-3.002286E-3
8.550000E-4	-2.220869E-3
8.600000E-4	4.877687E-2
8.650000E-4	2.823931E-2
8.700000E-4	1.442468E-2
8.750000E-4	2.842712E-2
8.800000E-4	-2.717137E-3
8.850000E-4	-2.379757E-2
8.900000E-4	-7.773042E-3
8.950000E-4	-1.089323E-2
9.000000E-4	-1.748180E-2
9.050000E-4	-1.575172E-3
9.100000E-4	-1.780808E-3
9.150000E-4	-1.281798E-2
9.200000E-4	-3.828943E-3
9.250000E-4	-1.183641E-2
9.300000E-4	-3.513771E-2
9.350000E-4	-1.920503E-2
9.400000E-4	7.964969E-3
9.450000E-4	4.297793E-3
9.500000E-4	9.878755E-3
9.550000E-4	1.191181E-2
9.600000E-4	-2.386612E-2
9.650000E-4	-3.860885E-2
9.700000E-4	-1.905972E-2
9.750000E-4	-9.252250E-3
9.800000E-4	9.238541E-3
9.850000E-4	4.080230E-2
9.900000E-4	3.663200E-2
9.950000E-4	1.602179E-2
1.000000E-3	6.851792E-3
1.005000E-3	-1.282620E-2
1.010000E-3	-2.465028E-2
1.015000E-3	-1.209962E-2
1.020000E-3	-2.641737E-3
1.025000E-3	3.317595E-4
1.030000E-3	2.289414E-4
1.035000E-3	-6.361008E-3
1.040000E-3	-1.626581E-2
1.045000E-3	-2.054578E-2
1.050000E-3	-1.277411E-2
1.055000E-3	-1.647830E-3
1.060000E-3	2.959788E-3
1.065000E-3	3.617823E-3
1.070000E-3	8.746386E-3
1.075000E-3	1.582712E-2
1.080000E-3	1.416695E-2
1.085000E-3	1.034898E-2
1.090000E-3	7.368624E-3
1.095000E-3	-5.240977E-3
1.100000E-3	-1.338005E-2
1.105000E-3	-1.961768E-3
1.110000E-3	4.292309E-3
1.115000E-3	-9.095967E-3
1.120000E-3	1.061082E-3
1.125000E-3	2.193040E-2
1.130000E-3	3.586292E-3
1.135000E-3	-8.794367E-3
1.140000E-3	4.332066E-3
1.145000E-3	-4.057884E-4
1.150000E-3	-6.350040E-3
1.155000E-3	5.591929E-3
1.160000E-3	9.459257E-4
1.165000E-3	-1.430267E-2
1.170000E-3	-9.394825E-3
1.175000E-3	-8.554459E-3
1.180000E-3	-1.229978E-2
1.185000E-3	-6.215692E-3
1.190000E-3	-1.232034E-2
1.195000E-3	-2.357274E-2
1.200000E-3	-2.922910E-2
1.205000E-3	-2.853954E-2
1.210000E-3	-1.080823E-2
1.215000E-3	9.249508E-3
1.220000E-3	2.007145E-2
1.225000E-3	2.122712E-2
1.230000E-3	1.138675E-2
1.235000E-3	-3.306627E-3
1.240000E-3	-1.243001E-2
1.245000E-3	-1.267403E-2
1.250000E-3	-1.133054E-2
1.255000E-3	-4.687130E-3
1.260000E-3	7.978678E-4
1.265000E-3	4.794061E-3
1.270000E-3	1.998645E-2
1.275000E-3	2.089125E-2
1.280000E-3	6.472051E-3
1.285000E-3	1.333755E-2
1.290000E-3	1.037502E-2
1.295000E-3	-8.585989E-3
1.300000E-3	4.112720E-5
1.305000E-3	4.698098E-3
1.310000E-3	-1.101249E-2
1.315000E-3	-3.029704E-4
1.320000E-3	1.379132E-2
1.325000E-3	-3.632903E-3
1.330000E-3	-1.027220E-2
1.335000E-3	-1.164174E-2
1.340000E-3	-3.346384E-2
1.345000E-3	-2.883840E-2
1.350000E-3	-9.570301E-3
1.355000E-3	-1.688546E-2
1.360000E-3	-1.495659E-2
1.365000E-3	2.220869E-3
1.370000E-3	-4.079819E-3
1.375000E-3	-1.609033E-2
1.380000E-3	-5.933285E-3
1.385000E-3	-8.527040E-4
1.390000E-3	-2.123535E-3
1.395000E-3	1.637000E-2
1.400000E-3	1.973009E-2
1.405000E-3	4.348516E-3
1.410000E-3	9.708762E-3
1.415000E-3	8.417368E-3
1.420000E-3	-2.689719E-3
1.425000E-3	5.324602E-3
1.430000E-3	9.149432E-3
1.435000E-3	1.483321E-3
1.440000E-3	7.408381E-3
1.445000E-3	9.860933E-3
1.450000E-3	-4.883170E-3
1.455000E-3	-6.417215E-3
1.460000E-3	-3.687739E-4
1.465000E-3	-1.900077E-3
1.470000E-3	5.084693E-3
1.475000E-3	1.013374E-2
1.480000E-3	4.467785E-3
1.485000E-3	3.244936E-3
1.490000E-3	1.672506E-4
1.495000E-3	-1.189125E-2
1.500000E-3	-1.259041E-2
1.505000E-3	-2.835035E-3
1.510000E-3	-7.873118E-3
1.515000E-3	-1.211196E-2
1.520000E-3	-5.435646E-3
1.525000E-3	-8.208990E-3
1.530000E-3	-1.128119E-2
1.535000E-3	-1.302087E-2
1.540000E-3	-2.494502E-2
1.545000E-3	-2.642560E-2
1.550000E-3	-1.295096E-2
1.555000E-3	-3.801525E-3
1.560000E-3	6.439149E-3
1.565000E-3	1.963413E-2
1.570000E-3	1.717061E-2
1.575000E-3	9.855449E-3
1.580000E-3	1.091242E-2
1.585000E-3	6.354153E-3
1.590000E-3	3.860474E-3
1.595000E-3	1.002133E-2
1.600000E-3	5.371213E-3
1.605000E-3	-4.607618E-3
1.610000E-3	-3.325820E-3
1.615000E-3	-3.172278E-3
1.620000E-3	-9.234428E-3
1.625000E-3	-1.043260E-2
1.630000E-3	-7.845700E-3
1.635000E-3	-4.809141E-3
1.640000E-3	2.469003E-3
1.645000E-3	6.429553E-3
1.650000E-3	1.798630E-3
1.655000E-3	-2.852857E-3
1.660000E-3	-2.765119E-3
1.665000E-3	-2.593756E-3
1.670000E-3	-1.008987E-2
1.675000E-3	-1.721311E-2
1.680000E-3	-1.202834E-2
1.685000E-3	-7.825136E-3
1.690000E-3	-4.484236E-3
1.695000E-3	8.683324E-3
1.700000E-3	1.402164E-2
1.705000E-3	3.398478E-3
1.710000E-3	-3.342271E-3
1.715000E-3	-7.173955E-3
1.720000E-3	-1.336634E-2
1.725000E-3	-7.209599E-3
1.730000E-3	2.972126E-3
1.735000E-3	3.682256E-3
1.740000E-3	2.451181E-3
1.745000E-3	1.536787E-3
1.750000E-3	1.425743E-3
1.755000E-3	8.797109E-3
1.760000E-3	1.277548E-2
1.765000E-3	2.762377E-3
1.770000E-3	-6.223917E-3
1.775000E-3	-9.137094E-3
1.780000E-3	-1.568180E-2
1.785000E-3	-1.567084E-2
1.790000E-3	-5.328715E-3
1.795000E-3	-9.747148E-4
1.800000E-3	-6.895661E-4
1.805000E-3	3.646612E-4
1.810000E-3	-4.677534E-3
1.815000E-3	-6.890178E-3
1.820000E-3	-8.156896E-4
1.825000E-3	-1.974106E-3
1.830000E-3	-8.433819E-3
1.835000E-3	-6.417215E-3
1.840000E-3	-4.249811E-3
1.845000E-3	-3.290176E-3
1.850000E-3	8.602440E-3
1.855000E-3	1.565987E-2
1.860000E-3	7.964969E-3
1.865000E-3	5.602896E-3
1.870000E-3	5.875707E-3
1.875000E-3	-3.026962E-3
1.880000E-3	-6.093681E-3
1.885000E-3	-8.828640E-4
1.890000E-3	-3.292918E-3
1.895000E-3	-7.866263E-3
1.900000E-3	-5.177915E-3
1.905000E-3	-7.386446E-3
1.910000E-3	-1.001585E-2
1.915000E-3	-1.874030E-3
1.920000E-3	-2.166033E-3
1.925000E-3	-8.047223E-3
1.930000E-3	-2.519727E-3
1.935000E-3	-5.464435E-3
1.940000E-3	-1.367754E-2
1.945000E-3	-6.005943E-3
1.950000E-3	8.321404E-4
1.955000E-3	9.993911E-4
1.960000E-3	9.618282E-3
1.965000E-3	1.372004E-2
1.970000E-3	5.631685E-3
1.975000E-3	5.996346E-3
1.980000E-3	9.250879E-3
1.985000E-3	1.199543E-3
1.990000E-3	-1.046002E-3
1.995000E-3	-1.488805E-3
2.000000E-3	-1.165271E-2
2.005000E-3	-1.363230E-2
2.010000E-3	-9.987056E-3
2.015000E-3	-1.273710E-2
2.020000E-3	-1.195568E-2
2.025000E-3	-9.523690E-3
2.030000E-3	-1.525545E-2
2.035000E-3	-1.882118E-2
2.040000E-3	-1.341295E-2
2.045000E-3	-1.088089E-2
2.050000E-3	-4.340291E-3
2.055000E-3	1.149094E-2
2.060000E-3	1.800275E-2
2.065000E-3	1.648653E-2
2.070000E-3	1.691699E-2
2.075000E-3	1.130861E-2
2.080000E-3	3.430009E-3
2.085000E-3	3.674030E-3
2.090000E-3	1.816452E-3
2.095000E-3	-5.310893E-3
2.100000E-3	-4.587054E-3
2.105000E-3	-9.555221E-4
2.110000E-3	-2.685606E-3
2.115000E-3	1.466870E-3
2.120000E-3	4.835188E-3
2.125000E-3	-8.485913E-4
2.130000E-3	-1.008987E-3
2.135000E-3	-4.085302E-4
2.140000E-3	-8.853316E-3
2.145000E-3	-1.237929E-2
2.150000E-3	-8.867025E-3
2.155000E-3	-9.710133E-3
2.160000E-3	-8.925974E-3
2.165000E-3	-2.153695E-3
2.170000E-3	7.389188E-4
2.175000E-3	1.741052E-3
2.180000E-3	4.629552E-3
2.185000E-3	5.003810E-4
2.190000E-3	-6.467938E-3
2.195000E-3	-6.321251E-3
2.200000E-3	-6.130695E-3
2.205000E-3	-7.851183E-3
2.210000E-3	-4.369080E-3
2.215000E-3	-3.094137E-3
2.220000E-3	-6.433666E-3
2.225000E-3	-3.035188E-3
2.230000E-3	-1.569688E-3
2.235000E-3	-6.654382E-3
2.240000E-3	-5.664587E-3
2.245000E-3	-3.216147E-3
2.250000E-3	-1.978219E-3
2.255000E-3	7.208228E-3
2.260000E-3	1.543504E-2
2.265000E-3	1.258492E-2
2.270000E-3	8.950651E-3
2.275000E-3	6.982028E-3
2.280000E-3	2.020717E-3
2.285000E-3	1.014471E-3
2.290000E-3	2.067327E-3
2.295000E-3	1.864433E-4
2.300000E-3	3.394365E-3
2.305000E-3	5.358875E-3
2.310000E-3	-7.361770E-4
2.315000E-3	-6.833971E-3
2.320000E-3	-1.156086E-2
2.325000E-3	-1.509368E-2
2.330000E-3	-1.353770E-2
2.335000E-3	-8.819044E-3
2.340000E-3	-5.001068E-3
2.345000E-3	-1.573801E-3
2.350000E-3	-6.744862E-4
2.355000E-3	-6.674945E-3
2.360000E-3	-1.212293E-2
2.365000E-3	-1.172262E-2
2.370000E-3	-1.091379E-2
2.375000E-3	-7.216454E-3
2.380000E-3	-5.538464E-4
2.385000E-3	1.747906E-3
2.390000E-3	1.329780E-3
2.395000E-3	6.511807E-4
2.400000E-3	-3.987968E-3
2.405000E-3	-6.914854E-3
2.410000E-3	-4.011273E-3
2.415000E-3	-7.485151E-4
2.420000E-3	2.037168E-3
2.425000E-3	6.699622E-3
2.430000E-3	9.730697E-3
2.435000E-3	9.433210E-3
2.440000E-3	1.078355E-2
2.445000E-3	1.196116E-2
2.450000E-3	8.368015E-3
2.455000E-3	2.734959E-2
2.460000E-3	1.820838E-2
2.465000E-3	-9.227163E-2
2.470000E-3	-3.759986E-2
2.475000E-3	-4.995173E-2
2.480000E-3	-7.706690E-2
2.485000E-3	3.176391E-3
2.490000E-3	-2.960336E-2
2.495000E-3	-4.308760E-3
2.500000E-3	1.528342E-1
2.505000E-3	6.095189E-2
2.510000E-3	-3.685546E-2
2.515000E-3	4.308212E-2
2.520000E-3	2.326292E-2
2.525000E-3	-4.416239E-2
2.530000E-3	2.986109E-2
2.535000E-3	8.835495E-3
2.540000E-3	-5.503505E-2
2.545000E-3	4.088867E-2
2.550000E-3	2.466124E-2
2.555000E-3	-7.730407E-2
2.560000E-3	-2.258021E-2
2.565000E-3	3.283870E-2
2.570000E-3	-6.659180E-2
2.575000E-3	-4.477382E-2
2.580000E-3	2.626657E-2
2.585000E-3	-6.544161E-2
2.590000E-3	-3.468394E-2
2.595000E-3	7.359576E-2
2.600000E-3	7.896423E-4
2.605000E-3	-6.799698E-4
2.610000E-3	7.335448E-2
2.615000E-3	2.645850E-4
2.620000E-3	-2.114898E-2
2.625000E-3	3.169125E-2
2.630000E-3	-3.009140E-3
2.635000E-3	-3.045332E-2
2.640000E-3	2.975827E-2
2.645000E-3	2.303123E-2
2.650000E-3	-2.107632E-2
2.655000E-3	-2.618432E-3
2.660000E-3	-1.629460E-2
2.665000E-3	-5.224937E-2
2.670000E-3	-1.884311E-2
2.675000E-3	4.736483E-3
2.680000E-3	-3.928334E-2
2.685000E-3	-6.121099E-3
2.690000E-3	4.636681E-2
2.695000E-3	8.769691E-3
2.700000E-3	8.058190E-3
2.705000E-3	3.140748E-2
2.710000E-3	6.514549E-3
2.715000E-3	9.512722E-3
2.720000E-3	1.713222E-2
2.725000E-3	-9.279668E-3
2.730000E-3	5.264282E-4
2.735000E-3	6.299317E-3
2.740000E-3	-1.321965E-2
2.745000E-3	-1.201600E-2
2.750000E-3	-9.294748E-3
2.755000E-3	-1.726246E-2
2.760000E-3	-2.446246E-2
2.765000E-3	-9.371519E-3
2.770000E-3	4.259408E-3
2.775000E-3	-3.606856E-3
2.780000E-3	-2.851486E-4
2.785000E-3	6.759942E-3
2.790000E-3	-4.872203E-3
2.795000E-3	-8.499622E-4
2.800000E-3	1.276314E-3
2.805000E-3	-7.339835E-3
2.810000E-3	-8.383095E-3
2.815000E-3	-6.731153E-3
2.820000E-3	-5.140901E-3
2.825000E-3	5.511045E-3
2.830000E-3	4.513025E-3
2.835000E-3	-7.771671E-3
2.840000E-3	1.369536E-3
2.845000E-3	1.710755E-2
2.850000E-3	7.056057E-3
2.855000E-3	-2.190709E-3
2.860000E-3	7.900536E-3
2.865000E-3	9.383857E-3
2.870000E-3	1.376390E-3
2.875000E-3	-1.200503E-2
2.880000E-3	-2.127373E-2
2.885000E-3	-9.557962E-3
2.890000E-3	2.042651E-4
2.895000E-3	-1.183915E-2
2.900000E-3	-1.434106E-2
2.905000E-3	-5.992234E-3
2.910000E-3	2.024829E-3
2.915000E-3	8.030772E-3
2.920000E-3	2.359331E-3
2.925000E-3	1.884997E-3
2.930000E-3	5.332828E-3
2.935000E-3	3.734350E-3
2.940000E-3	-6.031990E-4
2.945000E-3	-1.124555E-2
2.950000E-3	-2.035522E-2
2.955000E-3	-1.285911E-2
2.960000E-3	-5.543947E-3
2.965000E-3	-9.574413E-3
2.970000E-3	-9.660780E-3
2.975000E-3	6.621480E-4
2.980000E-3	7.312417E-3
2.985000E-3	-1.110435E-4
2.990000E-3	2.285302E-3
2.995000E-3	1.041615E-2
3.000000E-3	-1.628637E-3
3.005000E-3	-4.168928E-3
3.010000E-3	5.180657E-3
3.015000E-3	-7.492006E-3
3.020000E-3	-6.561160E-3
3.025000E-3	8.720338E-3
3.030000E-3	-3.006399E-3
3.035000E-3	-8.202136E-3
3.040000E-3	2.895355E-3
3.045000E-3	-1.293588E-2
3.050000E-3	-2.469140E-2
3.055000E-3	-7.206857E-3
3.060000E-3	-1.023656E-2
3.065000E-3	-1.901722E-2
3.070000E-3	2.732217E-3
3.075000E-3	3.506780E-3
3.080000E-3	-4.443109E-3
3.085000E-3	1.877457E-2
3.090000E-3	1.652628E-2
3.095000E-3	-8.581877E-4
3.100000E-3	1.105088E-2
3.105000E-3	1.480031E-2
3.110000E-3	4.633665E-4
3.115000E-3	7.529020E-3
3.120000E-3	7.286370E-3
3.125000E-3	-1.389414E-2
3.130000E-3	-7.579744E-3
3.135000E-3	7.827878E-4
3.140000E-3	-1.384205E-2
3.145000E-3	-2.264738E-3
3.150000E-3	9.799242E-3
3.155000E-3	-7.024527E-3
3.160000E-3	-9.681344E-3
3.165000E-3	3.332675E-3
3.170000E-3	-2.858341E-3
3.175000E-3	-8.380353E-3
3.180000E-3	6.391168E-3
3.185000E-3	3.841281E-3
3.190000E-3	-7.753849E-3
3.195000E-3	3.524601E-3
3.200000E-3	-6.347299E-4
3.205000E-3	-1.767921E-2
3.210000E-3	-1.192278E-2
3.215000E-3	-3.557503E-3
3.220000E-3	-1.174319E-2
3.225000E-3	-6.025136E-3
3.230000E-3	8.627117E-3
3.235000E-3	-4.344404E-3
3.240000E-3	-6.396651E-3
3.245000E-3	1.052171E-2
3.250000E-3	1.151562E-4
3.255000E-3	-6.262302E-3
3.260000E-3	9.227574E-3
3.265000E-3	6.692767E-3
3.270000E-3	3.180504E-3
3.275000E-3	9.593606E-3
3.280000E-3	8.513331E-4
3.285000E-3	-6.107390E-3
3.290000E-3	6.910741E-3
3.295000E-3	5.260170E-3
3.300000E-3	-7.034123E-3
3.305000E-3	-2.002895E-3
3.310000E-3	-2.980351E-3
3.315000E-3	-9.965122E-3
3.320000E-3	-5.491853E-3
3.325000E-3	-5.235493E-3
3.330000E-3	-8.092463E-3
3.335000E-3	-2.044022E-3
3.340000E-3	1.701295E-3
3.345000E-3	6.045699E-4
3.350000E-3	2.895355E-3
3.355000E-3	2.204418E-3
3.360000E-3	-4.990101E-4
3.365000E-3	4.318357E-4
3.370000E-3	-4.344404E-3
3.375000E-3	-1.147038E-2
3.380000E-3	-9.947300E-3
3.385000E-3	-8.856058E-3
3.390000E-3	-1.035172E-2
3.395000E-3	-7.168472E-3
3.400000E-3	-6.284237E-3
3.405000E-3	-6.862760E-3
3.410000E-3	-2.773345E-3
3.415000E-3	2.700686E-4
3.420000E-3	-1.743793E-3
3.425000E-3	-2.815843E-3
3.430000E-3	-1.557350E-3
3.435000E-3	-8.814931E-4
3.440000E-3	6.388426E-4
3.445000E-3	1.835644E-3
3.450000E-3	4.661083E-4
3.455000E-3	-1.412034E-4
3.460000E-3	-2.821326E-3
3.465000E-3	-3.604114E-3
3.470000E-3	-3.645241E-3
3.475000E-3	-2.401829E-3
3.480000E-3	3.824830E-4
3.485000E-3	1.545012E-3
3.490000E-3	3.135264E-3
3.495000E-3	5.657732E-3
3.500000E-3	4.976392E-4
3.505000E-3	-3.371060E-3
3.510000E-3	-3.098249E-4
3.515000E-3	-5.715311E-3
3.520000E-3	-1.045179E-2
3.525000E-3	-2.484083E-3
3.530000E-3	-6.114244E-4
3.535000E-3	-3.103733E-3
3.540000E-3	2.621174E-3
3.545000E-3	2.150953E-3
3.550000E-3	-2.893984E-3
3.555000E-3	3.468394E-4
3.560000E-3	-3.142118E-3
3.565000E-3	-1.245743E-2
3.570000E-3	-6.285608E-3
3.575000E-3	-1.516223E-3
3.580000E-3	-7.773042E-3
3.585000E-3	-1.932979E-3
3.590000E-3	4.356742E-3
3.595000E-3	-2.367556E-3
3.600000E-3	-9.555221E-4
3.605000E-3	1.354456E-3
3.610000E-3	-3.487587E-3
3.615000E-3	2.481341E-4
3.620000E-3	3.203809E-3
3.625000E-3	-3.830314E-3
3.630000E-3	-3.014624E-3
3.635000E-3	-9.212494E-4
3.640000E-3	-8.066416E-3
3.645000E-3	-7.964969E-3
3.650000E-3	-4.046917E-3
3.655000E-3	-7.309675E-3
3.660000E-3	-2.603352E-3
3.665000E-3	4.610360E-3
3.670000E-3	4.162073E-3
3.675000E-3	7.198632E-3
3.680000E-3	1.039284E-2
3.685000E-3	5.452096E-3
3.690000E-3	1.513481E-3
3.695000E-3	-2.001524E-4
3.700000E-3	-3.532827E-3
3.705000E-3	-3.317595E-3
3.710000E-3	-3.879666E-4
3.715000E-3	-8.513331E-4
3.720000E-3	-1.649201E-3
3.725000E-3	-7.923841E-4
3.730000E-3	-2.750039E-3
3.735000E-3	-4.593909E-3
3.740000E-3	-3.273726E-3
3.745000E-3	-5.090177E-3
3.750000E-3	-7.327497E-3
3.755000E-3	-5.010664E-3
3.760000E-3	-7.387817E-3
3.765000E-3	-1.230800E-2
3.770000E-3	-1.076847E-2
3.775000E-3	-9.926736E-3
3.780000E-3	-1.079178E-2
3.785000E-3	-4.136026E-3
3.790000E-3	5.702972E-4
3.795000E-3	-2.851486E-4
3.800000E-3	4.375935E-3
3.805000E-3	6.258190E-3
3.810000E-3	1.338005E-3
3.815000E-3	1.423001E-3
3.820000E-3	2.078295E-3
3.825000E-3	9.459257E-5
3.830000E-3	4.203200E-3
3.835000E-3	7.874489E-3
3.840000E-3	3.095508E-3
3.845000E-3	-3.838539E-5
3.850000E-3	1.370907E-4
3.855000E-3	-3.524601E-3
3.860000E-3	-4.706323E-3
3.865000E-3	-2.237320E-3
3.870000E-3	-4.037321E-3
3.875000E-3	-3.631532E-3
3.880000E-3	4.798174E-4
3.885000E-3	-2.007008E-3
3.890000E-3	-4.933894E-3
3.895000E-3	-2.166033E-4
3.900000E-3	1.772583E-3
3.905000E-3	-1.395583E-3
3.910000E-3	-1.532674E-3
3.915000E-3	-3.301144E-3
3.920000E-3	-7.794976E-3
3.925000E-3	-6.185532E-3
3.930000E-3	-5.483627E-3
3.935000E-3	-7.154763E-3
3.940000E-3	-2.360702E-3
3.945000E-3	2.785683E-3
3.950000E-3	2.447069E-3
3.955000E-3	4.892766E-3
3.960000E-3	6.846309E-3
3.965000E-3	2.381265E-3
3.970000E-3	6.703734E-4
3.975000E-3	4.578829E-4
3.980000E-3	-4.510283E-3
3.985000E-3	-4.322469E-3
3.990000E-3	-2.988577E-3
3.995000E-3	-7.172585E-3
4.000000E-3	-8.028030E-3
4.005000E-3	-6.313026E-3
4.010000E-3	-7.313788E-3
4.015000E-3	-6.282866E-3
4.020000E-3	-3.909826E-3
4.025000E-3	-4.097641E-3
4.030000E-3	-1.912415E-3
4.035000E-3	3.509521E-4
4.040000E-3	-2.828181E-3
4.045000E-3	-4.078448E-3
4.050000E-3	-2.344251E-3
4.055000E-3	-3.368318E-3
4.060000E-3	-1.913786E-3
4.065000E-3	1.475096E-3
4.070000E-3	6.868243E-4
4.075000E-3	1.550496E-3
4.080000E-3	4.336178E-3
4.085000E-3	1.565576E-3
4.090000E-3	-5.236864E-4
4.095000E-3	-4.661083E-4
4.100000E-3	-5.267024E-3
4.105000E-3	-9.913027E-3
4.110000E-3	-9.222090E-3
4.115000E-3	-8.946538E-3
4.120000E-3	-7.380962E-3
4.125000E-3	-3.327191E-3
4.130000E-3	-3.900230E-3
4.135000E-3	-3.571212E-3
4.140000E-3	6.772280E-4
4.145000E-3	4.208684E-4
4.150000E-3	-2.814472E-3
4.155000E-3	-2.299011E-3
4.160000E-3	-1.669765E-3
4.165000E-3	-2.925515E-3
4.170000E-3	-1.399696E-3
4.175000E-3	-2.577305E-4
4.180000E-3	-2.172887E-3
4.185000E-3	-1.661539E-3
4.190000E-3	-2.523839E-3
4.195000E-3	-6.326735E-3
4.200000E-3	-4.285455E-3
4.205000E-3	-1.715004E-3
4.210000E-3	-2.766490E-3
4.215000E-3	-1.932979E-4
4.220000E-3	1.646459E-3
4.225000E-3	-1.191318E-3
4.230000E-3	-1.394212E-3
4.235000E-3	1.140594E-3
4.240000E-3	1.083016E-3
4.245000E-3	1.366794E-3
4.250000E-3	1.783550E-3
4.255000E-3	-6.169081E-4
4.260000E-3	-1.879513E-3
4.265000E-3	-1.534045E-3
4.270000E-3	-2.282560E-3
4.275000E-3	-1.499772E-3
4.280000E-3	2.292156E-3
4.285000E-3	3.153086E-3
4.290000E-3	1.372278E-3
4.295000E-3	1.735568E-3
4.300000E-3	1.117289E-3
4.305000E-3	-2.113938E-3
4.310000E-3	-3.428638E-3
4.315000E-3	-4.486978E-3
4.320000E-3	-4.955828E-3
4.325000E-3	-4.692614E-3
4.330000E-3	-6.088197E-3
4.335000E-3	-8.285761E-3
4.340000E-3	-7.043719E-3
4.345000E-3	-5.135417E-3
4.350000E-3	-5.659103E-3
4.355000E-3	-5.979896E-3
4.360000E-3	-4.836559E-3
4.365000E-3	-3.073573E-3
4.370000E-3	8.033514E-4
4.375000E-3	4.746079E-3
4.380000E-3	5.841434E-3
4.385000E-3	5.234122E-3
4.390000E-3	3.022850E-3
4.395000E-3	-1.525819E-3
4.400000E-3	-5.210817E-3
4.405000E-3	-6.265044E-3
4.410000E-3	-6.376088E-3
4.415000E-3	-5.619347E-3
4.420000E-3	-5.024374E-3
4.425000E-3	-5.905867E-3
4.430000E-3	-5.519271E-3
4.435000E-3	-2.952933E-3
4.440000E-3	-1.576543E-3
4.445000E-3	-1.416147E-3
4.450000E-3	-4.222393E-4
4.455000E-3	6.456971E-4
4.460000E-3	6.950498E-4
4.465000E-3	1.332521E-3
4.470000E-3	1.366794E-3
4.475000E-3	5.620718E-5
4.480000E-3	-8.664131E-4
4.485000E-3	-1.316071E-3
4.490000E-3	-1.466870E-3
4.495000E-3	-4.345775E-4
4.500000E-3	9.527802E-4
4.505000E-3	6.484389E-4
4.510000E-3	-7.964969E-4
4.515000E-3	-3.062606E-3
4.520000E-3	-5.890787E-3
4.525000E-3	-7.254839E-3
4.530000E-3	-7.265806E-3
4.535000E-3	-7.486522E-3
4.540000E-3	-6.562531E-3
4.545000E-3	-3.397107E-3
4.550000E-3	-2.261996E-4
4.555000E-3	1.891851E-3
4.560000E-3	2.854228E-3
4.565000E-3	3.231227E-3
4.570000E-3	3.591776E-3
4.575000E-3	2.850115E-3
4.580000E-3	5.058646E-4
4.585000E-3	-1.883626E-3
4.590000E-3	-3.273726E-3
4.595000E-3	-4.820108E-3
4.600000E-3	-6.092310E-3
4.605000E-3	-6.162226E-3
4.610000E-3	-5.886674E-3
4.615000E-3	-5.495965E-3
4.620000E-3	-4.608989E-3
4.625000E-3	-4.284084E-3
4.630000E-3	-3.158569E-3
4.635000E-3	-6.319880E-4
4.640000E-3	1.449049E-3
4.645000E-3	2.218127E-3
4.650000E-3	2.353847E-3
4.655000E-3	1.820564E-3
4.660000E-3	8.513331E-4
4.665000E-3	7.348061E-4
4.670000E-3	1.048744E-3
4.675000E-3	5.401373E-4
4.680000E-3	-4.661083E-5
4.685000E-3	-5.579591E-4
4.690000E-3	-1.251638E-3
4.695000E-3	-2.447069E-3
4.700000E-3	-3.497183E-3
4.705000E-3	-3.998935E-3
4.710000E-3	-5.327344E-3
4.715000E-3	-7.115006E-3
4.720000E-3	-7.977307E-3
4.725000E-3	-8.661389E-3
4.730000E-3	-8.548975E-3
4.735000E-3	-7.030010E-3
4.740000E-3	-6.332219E-3
4.745000E-3	-5.031228E-3
4.750000E-3	-2.089262E-3
4.755000E-3	3.386140E-4
4.760000E-3	1.276314E-3
4.765000E-3	2.595127E-3
4.770000E-3	3.212035E-3
4.775000E-3	2.626657E-3
4.780000E-3	2.374411E-3
4.785000E-3	1.540899E-3
4.790000E-3	-8.773804E-5
4.795000E-3	-7.800460E-4
4.800000E-3	-1.653314E-3
4.805000E-3	-3.741205E-3
4.810000E-3	-5.065501E-3
4.815000E-3	-6.096423E-3
4.820000E-3	-7.295966E-3
4.825000E-3	-7.226050E-3
4.830000E-3	-5.672812E-3
4.835000E-3	-5.101144E-3
4.840000E-3	-4.229248E-3
4.845000E-3	-2.608836E-3
4.850000E-3	-1.385987E-3
4.855000E-3	2.604723E-5
4.860000E-3	1.915157E-3
4.865000E-3	2.734959E-3
4.870000E-3	3.214777E-3
4.875000E-3	3.911197E-3
4.880000E-3	3.316224E-3
4.885000E-3	8.170605E-4
4.890000E-3	-1.506627E-3
4.895000E-3	-3.634274E-3
4.900000E-3	-5.812645E-3
4.905000E-3	-5.781114E-3
4.910000E-3	-5.349278E-3
4.915000E-3	-5.253315E-3
4.920000E-3	-3.120184E-3
4.925000E-3	-5.867481E-4
4.930000E-3	-3.550649E-4
4.935000E-3	-7.444024E-4
4.940000E-3	-1.443565E-3
4.945000E-3	-2.570450E-3
4.950000E-3	-2.270222E-3
4.955000E-3	-6.923079E-4
4.960000E-3	-1.261234E-4
4.965000E-3	4.866719E-4
4.970000E-3	1.517594E-3
4.975000E-3	7.869005E-4
4.980000E-3	-1.028180E-4
4.985000E-3	-5.483627E-5
4.990000E-3	-7.389188E-4
4.995000E-3	-1.883626E-3
5.000000E-3	-2.346992E-3
5.005000E-3	-3.913939E-3
5.010000E-3	-5.447984E-3
5.015000E-3	-4.599392E-3
5.020000E-3	-3.933132E-3
5.025000E-3	-3.373802E-3
5.030000E-3	-1.004875E-3
5.035000E-3	1.206398E-4
5.040000E-3	-8.362532E-5
5.045000E-3	2.769232E-4
5.050000E-3	-3.660321E-4
5.055000E-3	-1.794517E-3
5.060000E-3	-2.067327E-3
5.065000E-3	-2.511501E-3
5.070000E-3	-3.408074E-3
5.075000E-3	-2.751410E-3
5.080000E-3	-3.111959E-3
5.085000E-3	-4.604876E-3
5.090000E-3	-4.746079E-3
5.095000E-3	-3.724754E-3
5.100000E-3	-2.678752E-3
5.105000E-3	-5.881190E-4
5.110000E-3	6.182790E-4
5.115000E-3	7.800460E-4
5.120000E-3	1.564205E-3
5.125000E-3	1.377761E-3
5.130000E-3	2.741814E-4
5.135000E-3	1.206398E-4
5.140000E-3	9.541512E-4
5.145000E-3	8.677840E-4
5.150000E-3	2.865195E-4
5.155000E-3	-6.525517E-4
5.160000E-3	-2.481341E-3
5.165000E-3	-3.979743E-3
5.170000E-3	-4.699469E-3
5.175000E-3	-6.406248E-3
5.180000E-3	-7.450879E-3
5.185000E-3	-7.474184E-3
5.190000E-3	-7.734656E-3
5.195000E-3	-7.471442E-3
5.200000E-3	-6.260931E-3
5.205000E-3	-4.550040E-3
5.210000E-3	-2.381265E-3
5.215000E-3	8.417368E-4
5.220000E-3	3.728867E-3
5.225000E-3	5.585074E-3
5.230000E-3	6.670833E-3
5.235000E-3	6.356895E-3
5.240000E-3	5.173802E-3
5.245000E-3	4.186749E-3
5.250000E-3	3.142118E-3
5.255000E-3	1.599848E-3
5.260000E-3	1.946688E-4
5.265000E-3	-7.951260E-4
5.270000E-3	-2.249658E-3
5.275000E-3	-3.728867E-3
5.280000E-3	-4.932523E-3
5.285000E-3	-6.254077E-3
5.290000E-3	-6.849051E-3
5.295000E-3	-6.870985E-3
5.300000E-3	-6.739378E-3
5.305000E-3	-6.260931E-3
5.310000E-3	-4.724145E-3
5.315000E-3	-4.099011E-3
5.320000E-3	-4.151106E-3
5.325000E-3	-4.171669E-3
5.330000E-3	-4.041433E-3
5.335000E-3	-3.805637E-3
5.340000E-3	-3.207922E-3
5.345000E-3	-3.162682E-3
5.350000E-3	-3.192842E-3
5.355000E-3	-2.297640E-3
5.360000E-3	-1.240671E-3
5.365000E-3	-3.468394E-4
5.370000E-3	4.578829E-4
5.375000E-3	1.041889E-4
5.380000E-3	-8.595586E-4
5.385000E-3	-1.660168E-3
5.390000E-3	-2.643108E-3
5.395000E-3	-3.705561E-3
5.400000E-3	-3.591776E-3
5.405000E-3	-2.715766E-3
5.410000E-3	-1.963139E-3
5.415000E-3	-1.423001E-3
5.420000E-3	-9.294748E-4
5.425000E-3	-1.183093E-3
5.430000E-3	-1.545012E-3
5.435000E-3	-2.137244E-3
5.440000E-3	-2.396345E-3
5.445000E-3	-1.805484E-3
5.450000E-3	-8.143187E-4
5.455000E-3	-4.784465E-4
5.460000E-3	-7.032752E-4
5.465000E-3	-1.099467E-3
5.470000E-3	-1.828790E-3
5.475000E-3	-2.710283E-3
5.480000E-3	-3.716528E-3
5.485000E-3	-4.778981E-3
5.490000E-3	-5.986750E-3
5.495000E-3	-6.151259E-3
5.500000E-3	-5.856514E-3
5.505000E-3	-5.162835E-3
5.510000E-3	-3.273726E-3
5.515000E-3	-1.381874E-3
5.520000E-3	-3.468394E-4
5.525000E-3	5.058646E-4
5.530000E-3	7.306933E-4
5.535000E-3	6.278753E-4
5.540000E-3	3.386140E-4
5.545000E-3	-1.370907E-6
5.550000E-3	-1.087129E-3
5.555000E-3	-2.135873E-3
5.560000E-3	-2.338767E-3
5.565000E-3	-2.135873E-3
5.570000E-3	-1.266718E-3
5.575000E-3	1.110435E-4
5.580000E-3	5.620718E-4
5.585000E-3	5.579591E-4
5.590000E-3	3.550649E-4
5.595000E-3	-1.220107E-4
5.600000E-3	-7.882714E-4
5.605000E-3	-8.417368E-4
5.610000E-3	-1.338005E-3
5.615000E-3	-1.824677E-3
5.620000E-3	-1.460016E-3
5.625000E-3	-1.409292E-3
5.630000E-3	-1.483321E-3
5.635000E-3	-1.277685E-3
5.640000E-3	-4.373193E-4
5.645000E-3	-2.892613E-4
5.650000E-3	-6.402135E-4
5.655000E-3	-1.000762E-3
5.660000E-3	-1.281798E-3
5.665000E-3	-1.188576E-3
5.670000E-3	-9.404421E-4
5.675000E-3	-8.718967E-4
5.680000E-3	-7.252097E-4
5.685000E-3	-6.169081E-4
5.690000E-3	-6.498098E-4
5.695000E-3	-1.135111E-3
5.700000E-3	-1.597106E-3
5.705000E-3	-2.192080E-3
5.710000E-3	-2.471745E-3
5.715000E-3	-2.793908E-3
5.720000E-3	-2.863824E-3
5.725000E-3	-2.658188E-3
5.730000E-3	-2.592385E-3
5.735000E-3	-2.889872E-3
5.740000E-3	-3.552020E-3
5.745000E-3	-4.711807E-3
5.750000E-3	-6.027877E-3
5.755000E-3	-7.067025E-3
5.760000E-3	-7.745624E-3
5.765000E-3	-7.649660E-3
5.770000E-3	-6.524146E-3
5.775000E-3	-4.273117E-3
5.780000E-3	-1.597106E-3
5.785000E-3	8.143187E-4
5.790000E-3	2.149582E-3
5.795000E-3	2.537549E-3
5.800000E-3	2.096117E-3
5.805000E-3	1.527190E-3
5.810000E-3	8.033514E-4
5.815000E-3	4.386902E-5
5.820000E-3	-1.220107E-4
5.825000E-3	-3.865957E-4
5.830000E-3	-9.472966E-4
5.835000E-3	-1.671135E-3
5.840000E-3	-2.893984E-3
5.845000E-3	-4.400611E-3
5.850000E-3	-5.819499E-3
5.855000E-3	-6.514549E-3
5.860000E-3	-6.611884E-3
5.865000E-3	-6.483018E-3
5.870000E-3	-5.899012E-3
5.875000E-3	-4.833817E-3
5.880000E-3	-3.436863E-3
5.885000E-3	-2.233207E-3
5.890000E-3	-1.251638E-3
5.895000E-3	-6.456971E-4
5.900000E-3	-1.768470E-4
5.905000E-3	-1.261234E-4
5.910000E-3	-2.549887E-4
5.915000E-3	-6.676316E-4
5.920000E-3	-1.056969E-3
5.925000E-3	-1.878142E-3
5.930000E-3	-2.730846E-3
5.935000E-3	-3.739834E-3
5.940000E-3	-4.707694E-3
5.945000E-3	-5.055904E-3
5.950000E-3	-4.130542E-3
5.955000E-3	-2.706170E-3
5.960000E-3	-1.141965E-3
5.965000E-3	2.220869E-4
5.970000E-3	9.952784E-4
5.975000E-3	1.235187E-3
5.980000E-3	1.506627E-3
5.985000E-3	1.253009E-3
5.990000E-3	7.635951E-4
5.995000E-3	6.114244E-4
6.000000E-3	3.934503E-4
6.005000E-3	-3.015995E-4
6.010000E-3	-8.869767E-4
6.015000E-3	-1.446307E-3
6.020000E-3	-2.275705E-3
6.025000E-3	-2.968013E-3
6.030000E-3	-3.613710E-3
6.035000E-3	-3.746688E-3
6.040000E-3	-3.635645E-3
6.045000E-3	-3.214777E-3
6.050000E-3	-3.037930E-3
6.055000E-3	-2.728105E-3
6.060000E-3	-2.617061E-3
6.065000E-3	-2.848744E-3
6.070000E-3	-2.887130E-3
6.075000E-3	-2.671897E-3
6.080000E-3	-2.166033E-3
6.085000E-3	-1.455903E-3
6.090000E-3	-6.717443E-4
6.095000E-3	1.439452E-4
6.100000E-3	7.252097E-4
6.105000E-3	9.349585E-4
6.110000E-3	-1.782179E-5
6.115000E-3	-1.217365E-3
6.120000E-3	-2.418280E-3
6.125000E-3	-3.387511E-3
6.130000E-3	-3.787816E-3
6.135000E-3	-3.379285E-3
6.140000E-3	-2.850115E-3
6.145000E-3	-2.445698E-3
6.150000E-3	-2.013862E-3
6.155000E-3	-1.898706E-3
6.160000E-3	-2.012491E-3
6.165000E-3	-2.237320E-3
6.170000E-3	-2.002895E-3
6.175000E-3	-1.784921E-3
6.180000E-3	-1.410663E-3
6.185000E-3	-1.283169E-3
6.190000E-3	-1.325667E-3
6.195000E-3	-1.096725E-3
6.200000E-3	-1.159787E-3
6.205000E-3	-1.486063E-3
6.210000E-3	-1.569688E-3
6.215000E-3	-1.614928E-3
6.220000E-3	-1.646459E-3
6.225000E-3	-1.490176E-3
6.230000E-3	-1.162529E-3
6.235000E-3	-1.294136E-3
6.240000E-3	-1.174867E-3
6.245000E-3	-1.024067E-3
6.250000E-3	-1.200914E-3
6.255000E-3	-1.357198E-3
6.260000E-3	-1.579285E-3
6.265000E-3	-1.706779E-3
6.270000E-3	-1.752019E-3
6.275000E-3	-1.758873E-3
6.280000E-3	-1.874030E-3
6.285000E-3	-1.810968E-3
6.290000E-3	-1.484692E-3
6.295000E-3	-1.757503E-3
6.300000E-3	-2.294898E-3
6.305000E-3	-2.628028E-3
6.310000E-3	-3.029704E-3
6.315000E-3	-3.114700E-3
6.320000E-3	-2.719879E-3
6.325000E-3	-2.252400E-3
6.330000E-3	-1.462758E-3
6.335000E-3	-4.345775E-4
6.340000E-3	-1.494288E-4
6.345000E-3	-1.631379E-4
6.350000E-3	-2.001524E-4
6.355000E-3	-6.155372E-4
6.360000E-3	-1.427114E-3
6.365000E-3	-2.444327E-3
6.370000E-3	-3.302515E-3
6.375000E-3	-3.671288E-3
6.380000E-3	-3.272355E-3
6.385000E-3	-2.399087E-3
6.390000E-3	-1.332521E-3
6.395000E-3	-6.676316E-4
6.400000E-3	-7.046461E-4
6.405000E-3	-1.523077E-3
6.410000E-3	-2.400458E-3
6.415000E-3	-2.946079E-3
6.420000E-3	-3.684998E-3
6.425000E-3	-4.081190E-3
6.430000E-3	-4.168928E-3
6.435000E-3	-3.865957E-3
6.440000E-3	-3.194213E-3
6.445000E-3	-2.654076E-3
6.450000E-3	-2.268851E-3
6.455000E-3	-1.657426E-3
6.460000E-3	-1.150191E-3
6.465000E-3	-6.319880E-4
6.470000E-3	4.523993E-5
6.475000E-3	5.168319E-4
6.480000E-3	6.635189E-4
6.485000E-3	1.357198E-4
6.490000E-3	-9.801984E-4
6.495000E-3	-2.181113E-3
6.500000E-3	-3.457427E-3
6.505000E-3	-4.367709E-3
6.510000E-3	-4.987359E-3
6.515000E-3	-4.900992E-3
6.520000E-3	-4.521251E-3
6.525000E-3	-3.615081E-3
6.530000E-3	-2.481341E-3
6.535000E-3	-9.472966E-4
6.540000E-3	7.156134E-4
6.545000E-3	2.197564E-3
6.550000E-3	2.765119E-3
6.555000E-3	2.706170E-3
6.560000E-3	2.466261E-3
6.565000E-3	1.747906E-3
6.570000E-3	4.866719E-4
6.575000E-3	-7.937551E-4
6.580000E-3	-1.941204E-3
6.585000E-3	-2.924144E-3
6.590000E-3	-3.996193E-3
6.595000E-3	-4.776239E-3
6.600000E-3	-5.203962E-3
6.605000E-3	-5.076468E-3
6.610000E-3	-4.646003E-3
6.615000E-3	-4.060626E-3
6.620000E-3	-3.026962E-3
6.625000E-3	-2.123535E-3
6.630000E-3	-1.310587E-3
6.635000E-3	-3.907084E-4
6.640000E-3	4.140139E-4
6.645000E-3	8.143187E-4
6.650000E-3	9.472966E-4
6.655000E-3	1.210511E-3
6.660000E-3	1.141965E-3
6.665000E-3	5.730391E-4
6.670000E-3	2.741814E-5
6.675000E-3	-5.798936E-4
6.680000E-3	-8.198023E-4
6.685000E-3	-1.462758E-3
6.690000E-3	-2.508759E-3
6.695000E-3	-3.384769E-3
6.700000E-3	-3.859103E-3
6.705000E-3	-4.364967E-3
6.710000E-3	-4.393756E-3
6.715000E-3	-4.034579E-3
6.720000E-3	-3.513634E-3
6.725000E-3	-2.988577E-3
6.730000E-3	-2.630770E-3
6.735000E-3	-2.485454E-3
6.740000E-3	-2.168775E-3
6.745000E-3	-1.651943E-3
6.750000E-3	-9.089112E-4
6.755000E-3	2.700686E-4
6.760000E-3	1.270831E-3
6.765000E-3	1.778066E-3
6.770000E-3	1.617670E-3
6.775000E-3	9.500384E-4
6.780000E-3	-3.756285E-4
6.785000E-3	-1.952171E-3
6.790000E-3	-3.238082E-3
6.795000E-3	-4.334807E-3
6.800000E-3	-4.996955E-3
6.805000E-3	-4.833817E-3
6.810000E-3	-4.181266E-3
6.815000E-3	-3.505409E-3
6.820000E-3	-2.241433E-3
6.825000E-3	-1.022696E-3
6.830000E-3	-3.660321E-4
6.835000E-3	7.539988E-5
6.840000E-3	-8.499622E-5
6.845000E-3	-2.563596E-4
6.850000E-3	-2.028942E-4
6.855000E-3	-2.837777E-4
6.860000E-3	-6.456971E-4
6.865000E-3	-1.370907E-3
6.870000E-3	-1.895964E-3
6.875000E-3	-2.404571E-3
6.880000E-3	-2.840519E-3
6.885000E-3	-2.714396E-3
6.890000E-3	-2.501905E-3
6.895000E-3	-2.676010E-3
6.900000E-3	-2.548516E-3
6.905000E-3	-2.401829E-3
6.910000E-3	-2.093375E-3
6.915000E-3	-1.538157E-3
6.920000E-3	-8.293986E-4
6.925000E-3	-1.837015E-4
6.930000E-3	6.498098E-4
6.935000E-3	1.088500E-3
6.940000E-3	9.870529E-4
6.945000E-3	4.811883E-4
6.950000E-3	-1.165271E-4
6.955000E-3	-9.198785E-4
6.960000E-3	-1.473725E-3
6.965000E-3	-2.122164E-3
6.970000E-3	-2.479970E-3
6.975000E-3	-2.644479E-3
6.980000E-3	-2.721250E-3
6.985000E-3	-3.010511E-3
6.990000E-3	-3.786445E-3
6.995000E-3	-4.274487E-3
7.000000E-3	-4.741967E-3
7.005000E-3	-4.629552E-3
7.010000E-3	-4.262149E-3
7.015000E-3	-3.689110E-3
7.020000E-3	-3.253162E-3
7.025000E-3	-2.863824E-3
7.030000E-3	-2.453923E-3
7.035000E-3	-2.037168E-3
7.040000E-3	-1.340747E-3
7.045000E-3	-6.429553E-4
7.050000E-3	-3.619194E-4
7.055000E-3	-1.014471E-4
7.060000E-3	-2.563596E-4
7.065000E-3	-7.649660E-4
7.070000E-3	-1.276314E-3
7.075000E-3	-1.758873E-3
7.080000E-3	-2.078295E-3
7.085000E-3	-2.123535E-3
7.090000E-3	-1.793146E-3
7.095000E-3	-1.384616E-3
7.100000E-3	-9.281039E-4
7.105000E-3	-5.113482E-4
7.110000E-3	-3.331304E-4
7.115000E-3	-9.596348E-5
7.120000E-3	3.153086E-5
7.125000E-3	-2.275705E-4
7.130000E-3	-8.074641E-4
7.135000E-3	-1.442194E-3
7.140000E-3	-2.331913E-3
7.145000E-3	-3.656209E-3
7.150000E-3	-4.836559E-3
7.155000E-3	-5.668700E-3
7.160000E-3	-6.026506E-3
7.165000E-3	-6.129324E-3
7.170000E-3	-5.382180E-3
7.175000E-3	-4.382789E-3
7.180000E-3	-3.277838E-3
7.185000E-3	-2.222240E-3
7.190000E-3	-1.623154E-3
7.195000E-3	-1.250267E-3
7.200000E-3	-1.405180E-3
7.205000E-3	-1.679361E-3
7.210000E-3	-1.953542E-3
7.215000E-3	-2.065957E-3
7.220000E-3	-1.853466E-3
7.225000E-3	-1.601219E-3
7.230000E-3	-1.166642E-3
7.235000E-3	-6.059408E-4
7.240000E-3	-2.878904E-4
7.245000E-3	-1.247525E-4
7.250000E-3	1.028180E-4
7.255000E-3	7.402897E-5
7.260000E-3	3.153086E-4
7.265000E-3	3.715158E-4
7.270000E-3	4.647374E-4
7.275000E-3	1.220107E-4
7.280000E-3	-4.153848E-4
7.285000E-3	-9.815693E-4
7.290000E-3	-1.872659E-3
7.295000E-3	-2.355218E-3
7.300000E-3	-2.556741E-3
7.305000E-3	-2.510130E-3
7.310000E-3	-2.436101E-3
7.315000E-3	-1.950800E-3
7.320000E-3	-1.856208E-3
7.325000E-3	-1.728714E-3
7.330000E-3	-1.716375E-3
7.335000E-3	-1.804113E-3
7.340000E-3	-2.137244E-3
7.345000E-3	-2.244174E-3
7.350000E-3	-2.611578E-3
7.355000E-3	-2.987206E-3
7.360000E-3	-2.892613E-3
7.365000E-3	-2.863824E-3
7.370000E-3	-3.050268E-3
7.375000E-3	-2.813101E-3
7.380000E-3	-2.377152E-3
7.385000E-3	-2.083778E-3
7.390000E-3	-1.377761E-3
7.395000E-3	-8.718967E-4
7.400000E-3	-4.414320E-4
7.405000E-3	-2.152324E-4
7.410000E-3	-1.507998E-5
7.415000E-3	-2.042651E-4
7.420000E-3	-6.827116E-4
7.425000E-3	-1.050115E-3
7.430000E-3	-1.106322E-3
7.435000E-3	-1.115918E-3
7.440000E-3	-1.257122E-3
7.445000E-3	-1.524448E-3
7.450000E-3	-1.614928E-3
7.455000E-3	-1.986444E-3
7.460000E-3	-2.400458E-3
7.465000E-3	-2.621174E-3
7.470000E-3	-2.466261E-3
7.475000E-3	-2.326429E-3
7.480000E-3	-2.209902E-3
7.485000E-3	-1.924753E-3
7.490000E-3	-1.447678E-3
7.495000E-3	-1.258492E-3
7.500000E-3	-1.222849E-3
7.505000E-3	-8.952022E-4
7.510000E-3	-7.128716E-4
7.515000E-3	-7.265806E-4
7.520000E-3	-9.610057E-4
7.525000E-3	-1.390100E-3
7.530000E-3	-1.941204E-3
7.535000E-3	-2.888501E-3
7.540000E-3	-3.950953E-3
7.545000E-3	-4.525363E-3
7.550000E-3	-4.321098E-3
7.555000E-3	-3.841281E-3
7.560000E-3	-2.994061E-3
7.565000E-3	-2.039909E-3
7.570000E-3	-1.232445E-3
7.575000E-3	-6.621480E-4
7.580000E-3	-2.632141E-4
7.585000E-3	-1.165271E-4
7.590000E-3	-3.495812E-4
7.595000E-3	-6.265044E-4
7.600000E-3	-9.939075E-4
7.605000E-3	-1.558721E-3
7.610000E-3	-2.020717E-3
7.615000E-3	-2.501905E-3
7.620000E-3	-2.714396E-3
7.625000E-3	-2.939224E-3
7.630000E-3	-3.139377E-3
7.635000E-3	-3.292918E-3
7.640000E-3	-3.109217E-3
7.645000E-3	-2.899468E-3
7.650000E-3	-2.371669E-3
7.655000E-3	-1.812339E-3
7.660000E-3	-1.158416E-3
7.665000E-3	-3.920794E-4
7.670000E-3	3.125668E-4
7.675000E-3	6.977916E-4
7.680000E-3	9.102821E-4
7.685000E-3	9.308457E-4
7.690000E-3	5.072355E-4
7.695000E-3	-3.660321E-4
7.700000E-3	-1.403809E-3
7.705000E-3	-2.580047E-3
7.710000E-3	-3.738463E-3
7.715000E-3	-4.835188E-3
7.720000E-3	-5.090177E-3
7.725000E-3	-5.054533E-3
7.730000E-3	-4.983246E-3
7.735000E-3	-4.604876E-3
7.740000E-3	-4.034579E-3
7.745000E-3	-3.765881E-3
7.750000E-3	-3.423154E-3
7.755000E-3	-2.787054E-3
7.760000E-3	-1.890481E-3
7.765000E-3	-8.938313E-4
7.770000E-3	5.620718E-5
7.775000E-3	6.909370E-4
7.780000E-3	8.623004E-4
7.785000E-3	7.485151E-4
7.790000E-3	1.507998E-5
7.795000E-3	-6.155372E-4
7.800000E-3	-1.697183E-3
7.805000E-3	-2.433360E-3
7.810000E-3	-3.031075E-3
7.815000E-3	-3.427267E-3
7.820000E-3	-3.550649E-3
7.825000E-3	-3.353238E-3
7.830000E-3	-2.893984E-3
7.835000E-3	-2.109826E-3
7.840000E-3	-1.461387E-3
7.845000E-3	-5.812645E-4
7.850000E-3	2.728105E-4
7.855000E-3	6.731153E-4
7.860000E-3	6.018281E-4
7.865000E-3	5.483627E-4
7.870000E-3	2.700686E-4
7.875000E-3	-3.756285E-4
7.880000E-3	-1.248896E-3
7.885000E-3	-2.293527E-3
7.890000E-3	-3.091395E-3
7.895000E-3	-3.837168E-3
7.900000E-3	-4.260778E-3
7.905000E-3	-4.855752E-3
7.910000E-3	-4.843414E-3
7.915000E-3	-4.709065E-3
7.920000E-3	-4.089415E-3
7.925000E-3	-3.462911E-3
7.930000E-3	-2.504647E-3
7.935000E-3	-1.621783E-3
7.940000E-3	-9.843111E-4
7.945000E-3	-6.525517E-4
7.950000E-3	-4.853010E-4
7.955000E-3	-6.470680E-4
7.960000E-3	-8.321404E-4
7.965000E-3	-1.014471E-3
7.970000E-3	-1.196802E-3
7.975000E-3	-1.141965E-3
7.980000E-3	-1.058340E-3
7.985000E-3	-8.910894E-4
7.990000E-3	-9.431839E-4
7.995000E-3	-1.236558E-3
8.000000E-3	-1.588881E-3
8.005000E-3	-1.935720E-3
8.010000E-3	-2.300382E-3
8.015000E-3	-2.292156E-3
8.020000E-3	-2.141356E-3
8.025000E-3	-1.694441E-3
8.030000E-3	-1.462758E-3
8.035000E-3	-1.121402E-3
8.040000E-3	-9.993911E-4
8.045000E-3	-8.266568E-4
8.050000E-3	-9.610057E-4
8.055000E-3	-9.390712E-4
8.060000E-3	-8.513331E-4
8.065000E-3	-7.690787E-4
8.070000E-3	-6.607771E-4
8.075000E-3	-5.332828E-4
8.080000E-3	-6.470680E-4
8.085000E-3	-7.156134E-4
8.090000E-3	-1.147449E-3
8.095000E-3	-1.954913E-3
8.100000E-3	-2.600610E-3
8.105000E-3	-3.090024E-3
8.110000E-3	-3.498554E-3
8.115000E-3	-3.890634E-3
8.120000E-3	-4.196346E-3
8.125000E-3	-4.231989E-3
8.130000E-3	-3.926277E-3
8.135000E-3	-3.464282E-3
8.140000E-3	-2.766490E-3
8.145000E-3	-2.407312E-3
8.150000E-3	-1.850724E-3
8.155000E-3	-1.569688E-3
8.160000E-3	-1.107693E-3
8.165000E-3	-9.788275E-4
8.170000E-3	-1.019955E-3
8.175000E-3	-1.314700E-3
8.180000E-3	-1.628637E-3
8.185000E-3	-1.820564E-3
8.190000E-3	-1.987815E-3
8.195000E-3	-2.063215E-3
8.200000E-3	-2.231836E-3
8.205000E-3	-2.215385E-3
8.210000E-3	-2.089262E-3
8.215000E-3	-1.732826E-3
8.220000E-3	-1.546383E-3
8.225000E-3	-1.516223E-3
8.230000E-3	-1.551867E-3
8.235000E-3	-1.350343E-3
8.240000E-3	-1.464128E-3
8.245000E-3	-1.636863E-3
8.250000E-3	-1.943946E-3
8.255000E-3	-2.252400E-3
8.260000E-3	-2.621174E-3
8.265000E-3	-3.080428E-3
8.270000E-3	-3.377914E-3
8.275000E-3	-3.632903E-3
8.280000E-3	-3.709674E-3
8.285000E-3	-3.449202E-3
8.290000E-3	-3.083169E-3
8.295000E-3	-2.643108E-3
8.300000E-3	-2.293527E-3
8.305000E-3	-2.175629E-3
8.310000E-3	-2.159178E-3
8.315000E-3	-2.129018E-3
8.320000E-3	-2.019346E-3
8.325000E-3	-1.839757E-3
8.330000E-3	-1.657426E-3
8.335000E-3	-1.324296E-3
8.340000E-3	-1.040518E-3
8.345000E-3	-1.036406E-3
8.350000E-3	-1.117289E-3
8.355000E-3	-1.180351E-3
8.360000E-3	-1.225591E-3
8.365000E-3	-1.507998E-3
8.370000E-3	-1.895964E-3
8.375000E-3	-2.211273E-3
8.380000E-3	-2.198935E-3
8.385000E-3	-2.329171E-3
8.390000E-3	-2.442956E-3
8.395000E-3	-2.440214E-3
8.400000E-3	-2.382636E-3
8.405000E-3	-2.389491E-3
8.410000E-3	-1.932979E-3
8.415000E-3	-1.553237E-3
8.420000E-3	-1.209140E-3
8.425000E-3	-1.017213E-3
8.430000E-3	-4.990101E-4
8.435000E-3	-3.728867E-4
8.440000E-3	-3.783703E-4
8.445000E-3	-4.551411E-4
8.450000E-3	-5.168319E-4
8.455000E-3	-8.115768E-4
8.460000E-3	-1.344860E-3
8.465000E-3	-1.668394E-3
8.470000E-3	-1.993299E-3
8.475000E-3	-2.182484E-3
8.480000E-3	-2.462149E-3
8.485000E-3	-2.612948E-3
8.490000E-3	-2.830923E-3
8.495000E-3	-2.784312E-3
8.500000E-3	-2.647221E-3
8.505000E-3	-2.175629E-3
8.510000E-3	-1.584768E-3
8.515000E-3	-1.257122E-3
8.520000E-3	-7.896423E-4
8.525000E-3	-5.908608E-4
8.530000E-3	-6.333590E-4
8.535000E-3	-8.444786E-4
8.540000E-3	-7.032752E-4
8.545000E-3	-9.349585E-4
8.550000E-3	-1.280427E-3
8.555000E-3	-1.631379E-3
8.560000E-3	-2.401829E-3
8.565000E-3	-2.892613E-3
8.570000E-3	-3.556132E-3
8.575000E-3	-3.945470E-3
8.580000E-3	-4.127800E-3
8.585000E-3	-3.886521E-3
8.590000E-3	-3.362834E-3
8.595000E-3	-2.608836E-3
8.600000E-3	-1.800001E-3
8.605000E-3	-1.030922E-3
8.610000E-3	-6.470680E-4
8.615000E-3	-2.495050E-4
8.620000E-3	1.837015E-4
8.625000E-3	2.522469E-4
8.630000E-3	3.002286E-4
8.635000E-3	5.757809E-4
8.640000E-3	5.291700E-4
8.645000E-3	9.459257E-5
8.650000E-3	-7.375479E-4
8.655000E-3	-1.588881E-3
8.660000E-3	-2.119422E-3
8.665000E-3	-2.787054E-3
8.670000E-3	-3.390253E-3
8.675000E-3	-3.807008E-3
8.680000E-3	-3.901601E-3
8.685000E-3	-4.089415E-3
8.690000E-3	-4.292309E-3
8.695000E-3	-4.185379E-3
8.700000E-3	-3.875554E-3
8.705000E-3	-3.609598E-3
8.710000E-3	-3.018737E-3
8.715000E-3	-2.544403E-3
8.720000E-3	-2.187967E-3
8.725000E-3	-1.728714E-3
8.730000E-3	-1.565576E-3
8.735000E-3	-1.638234E-3
8.740000E-3	-1.979589E-3
8.745000E-3	-2.360702E-3
8.750000E-3	-2.670527E-3
8.755000E-3	-3.014624E-3
8.760000E-3	-3.198326E-3
8.765000E-3	-3.098249E-3
8.770000E-3	-2.847373E-3
8.775000E-3	-2.706170E-3
8.780000E-3	-2.320945E-3
8.785000E-3	-2.111197E-3
8.790000E-3	-1.990557E-3
8.795000E-3	-1.874030E-3
8.800000E-3	-1.555979E-3
8.805000E-3	-1.226962E-3
8.810000E-3	-1.076162E-3
8.815000E-3	-7.677078E-4
8.820000E-3	-4.482865E-4
8.825000E-3	-3.166795E-4
8.830000E-3	-6.018281E-4
8.835000E-3	-9.308457E-4
8.840000E-3	-1.248896E-3
8.845000E-3	-1.436710E-3
8.850000E-3	-1.901448E-3
8.855000E-3	-2.451181E-3
8.860000E-3	-2.482712E-3
8.865000E-3	-2.437472E-3
8.870000E-3	-2.538919E-3
8.875000E-3	-2.946079E-3
8.880000E-3	-3.158569E-3
8.885000E-3	-3.313482E-3
8.890000E-3	-3.658950E-3
8.895000E-3	-3.627419E-3
8.900000E-3	-3.610969E-3
8.905000E-3	-3.619194E-3
8.910000E-3	-3.205180E-3
8.915000E-3	-2.758265E-3
8.920000E-3	-2.658188E-3
8.925000E-3	-2.329171E-3
8.930000E-3	-1.591623E-3
8.935000E-3	-9.294748E-4
8.940000E-3	-4.619956E-4
8.945000E-3	-2.261996E-4
8.950000E-3	9.047985E-5
8.955000E-3	4.112720E-6
8.960000E-3	-1.507998E-4
8.965000E-3	-4.099011E-4
8.970000E-3	-9.198785E-4
8.975000E-3	-1.284540E-3
8.980000E-3	-1.784921E-3
8.985000E-3	-2.050877E-3
8.990000E-3	-2.311349E-3
8.995000E-3	-2.667785E-3
9.000000E-3	-2.680123E-3
9.005000E-3	-2.710283E-3
9.010000E-3	-2.597868E-3
9.015000E-3	-2.301753E-3
9.020000E-3	-2.078295E-3
9.025000E-3	-2.208531E-3
9.030000E-3	-2.259254E-3
9.035000E-3	-2.050877E-3
9.040000E-3	-1.868546E-3
9.045000E-3	-1.606703E-3
9.050000E-3	-1.322925E-3
9.055000E-3	-1.347601E-3
9.060000E-3	-1.318812E-3
9.065000E-3	-1.154304E-3
9.070000E-3	-1.359940E-3
9.075000E-3	-1.269460E-3
9.080000E-3	-1.353085E-3
9.085000E-3	-1.450419E-3
9.090000E-3	-1.617670E-3
9.095000E-3	-1.809597E-3
9.100000E-3	-1.931608E-3
9.105000E-3	-2.392232E-3
9.110000E-3	-2.699316E-3
9.115000E-3	-2.667785E-3
9.120000E-3	-2.592385E-3
9.125000E-3	-2.506018E-3
9.130000E-3	-2.244174E-3
9.135000E-3	-2.067327E-3
9.140000E-3	-1.573801E-3
9.145000E-3	-1.391470E-3
9.150000E-3	-1.191318E-3
9.155000E-3	-1.087129E-3
9.160000E-3	-1.244783E-3
9.165000E-3	-1.468241E-3
9.170000E-3	-1.786292E-3
9.175000E-3	-1.790404E-3
9.180000E-3	-2.108455E-3
9.185000E-3	-2.122164E-3
9.190000E-3	-2.100229E-3
9.195000E-3	-1.917899E-3
9.200000E-3	-1.557350E-3
9.205000E-3	-1.697183E-3
9.210000E-3	-1.668394E-3
9.215000E-3	-1.680732E-3
9.220000E-3	-1.683474E-3
9.225000E-3	-1.808226E-3
9.230000E-3	-1.715004E-3
9.235000E-3	-1.720488E-3
9.240000E-3	-1.864433E-3
9.245000E-3	-1.730084E-3
9.250000E-3	-2.039909E-3
9.255000E-3	-2.013862E-3
9.260000E-3	-2.060473E-3
9.265000E-3	-2.275705E-3
9.270000E-3	-2.410054E-3
9.275000E-3	-2.411425E-3
9.280000E-3	-2.237320E-3
9.285000E-3	-2.108455E-3
9.290000E-3	-2.170146E-3
9.295000E-3	-2.294898E-3
9.300000E-3	-2.377152E-3
9.305000E-3	-2.813101E-3
9.310000E-3	-3.365576E-3
9.315000E-3	-3.772736E-3
9.320000E-3	-4.101753E-3
9.325000E-3	-4.591167E-3
9.330000E-3	-4.533589E-3
9.335000E-3	-4.414320E-3
9.340000E-3	-3.875554E-3
9.345000E-3	-3.143489E-3
9.350000E-3	-2.357960E-3
9.355000E-3	-1.425743E-3
9.360000E-3	-6.169081E-4
9.365000E-3	8.088350E-5
9.370000E-3	6.635189E-4
9.375000E-3	9.788275E-4
9.380000E-3	9.185076E-4
9.385000E-3	7.786751E-4
9.390000E-3	5.305409E-4
9.395000E-3	-2.878904E-5
9.400000E-3	-6.827116E-4
9.405000E-3	-1.322925E-3
9.410000E-3	-2.104342E-3
9.415000E-3	-2.359331E-3
9.420000E-3	-2.688348E-3
9.425000E-3	-2.837777E-3
9.430000E-3	-2.728105E-3
9.435000E-3	-2.649963E-3
9.440000E-3	-2.608836E-3
9.445000E-3	-2.418280E-3
9.450000E-3	-2.159178E-3
9.455000E-3	-1.928866E-3
9.460000E-3	-1.721859E-3
9.465000E-3	-1.401067E-3
9.470000E-3	-1.003504E-3
9.475000E-3	-6.785989E-4
9.480000E-3	-4.510283E-4
9.485000E-3	-4.784465E-4
9.490000E-3	-3.660321E-4
9.495000E-3	-3.125668E-4
9.500000E-3	-6.635189E-4
9.505000E-3	-9.637475E-4
9.510000E-3	-1.613557E-3
9.515000E-3	-2.186596E-3
9.520000E-3	-2.644479E-3
9.525000E-3	-3.062606E-3
9.530000E-3	-3.428638E-3
9.535000E-3	-3.597260E-3
9.540000E-3	-3.626049E-3
9.545000E-3	-3.287435E-3
9.550000E-3	-3.037930E-3
9.555000E-3	-2.702057E-3
9.560000E-3	-2.163291E-3
9.565000E-3	-1.630008E-3
9.570000E-3	-1.150191E-3
9.575000E-3	-7.526278E-4
9.580000E-3	-3.756285E-4
9.585000E-3	-2.028942E-4
9.590000E-3	-4.510283E-4
9.595000E-3	-6.772280E-4
9.600000E-3	-1.092613E-3
9.605000E-3	-1.800001E-3
9.610000E-3	-2.164662E-3
9.615000E-3	-2.640367E-3
9.620000E-3	-2.974868E-3
9.625000E-3	-3.029704E-3
9.630000E-3	-2.836406E-3
9.635000E-3	-2.710283E-3
9.640000E-3	-2.623916E-3
9.645000E-3	-2.530694E-3
9.650000E-3	-2.381265E-3
9.655000E-3	-2.388120E-3
9.660000E-3	-2.418280E-3
9.665000E-3	-2.305865E-3
9.670000E-3	-2.249658E-3
9.675000E-3	-2.268851E-3
9.680000E-3	-2.353847E-3
9.685000E-3	-2.426505E-3
9.690000E-3	-2.433360E-3
9.695000E-3	-2.223611E-3
9.700000E-3	-2.033055E-3
9.705000E-3	-1.747906E-3
9.710000E-3	-1.716375E-3
9.715000E-3	-1.624525E-3
9.720000E-3	-1.387358E-3
9.725000E-3	-1.154304E-3
9.730000E-3	-1.384616E-3
9.735000E-3	-1.460016E-3
9.740000E-3	-1.366794E-3
9.745000E-3	-1.309216E-3
9.750000E-3	-1.417518E-3
9.755000E-3	-1.454532E-3
9.760000E-3	-1.281798E-3
9.765000E-3	-1.387358E-3
9.770000E-3	-1.150191E-3
9.775000E-3	-1.263976E-3
9.780000E-3	-1.535416E-3
9.785000E-3	-1.366794E-3
9.790000E-3	-1.143336E-3
9.795000E-3	-1.413405E-3
9.800000E-3	-1.483321E-3
9.805000E-3	-1.518965E-3
9.810000E-3	-1.772583E-3
9.815000E-3	-2.053618E-3
9.820000E-3	-2.059102E-3
9.825000E-3	-1.800001E-3
9.830000E-3	-1.879513E-3
9.835000E-3	-2.000153E-3
9.840000E-3	-1.716375E-3
9.845000E-3	-1.716375E-3
9.850000E-3	-1.647830E-3
9.855000E-3	-1.930237E-3
9.860000E-3	-2.364814E-3
9.865000E-3	-2.674639E-3
9.870000E-3	-2.659559E-3
9.875000E-3	-2.787054E-3
9.880000E-3	-3.025591E-3
9.885000E-3	-3.066719E-3
9.890000E-3	-3.046155E-3
9.895000E-3	-2.983093E-3
9.900000E-3	-2.748668E-3
9.905000E-3	-2.270222E-3
9.910000E-3	-1.927495E-3
9.915000E-3	-1.587510E-3
9.920000E-3	-1.229703E-3
9.925000E-3	-9.308457E-4
9.930000E-3	-8.527040E-4
9.935000E-3	-7.992387E-4
9.940000E-3	-1.002133E-3
9.945000E-3	-1.093984E-3
9.950000E-3	-1.381874E-3
9.955000E-3	-1.834273E-3
9.960000E-3	-2.278447E-3
9.965000E-3	-2.177000E-3
9.970000E-3	-2.070069E-3
9.975000E-3	-1.794517E-3
9.980000E-3	-1.697183E-3
9.985000E-3	-1.450419E-3
9.990000E-3	-1.217365E-3
9.995000E-3	-9.568930E-4
