0.000000E+0	-9.906173E-3
5.000000E-6	-9.941816E-3
1.000000E-5	-9.819806E-3
1.500000E-5	-1.000899E-2
2.000000E-5	-1.004738E-2
2.500000E-5	-9.967864E-3
3.000000E-5	-9.848595E-3
3.500000E-5	-9.881496E-3
4.000000E-5	-9.895205E-3
4.500000E-5	-1.002407E-2
5.000000E-5	-9.908915E-3
5.500000E-5	-9.880126E-3
6.000000E-5	-9.736180E-3
6.500000E-5	-9.928107E-3
7.000000E-5	-9.959638E-3
7.500000E-5	-9.855449E-3
8.000000E-5	-9.932220E-3
8.500000E-5	-9.930849E-3
9.000000E-5	-9.865046E-3
9.500000E-5	-9.965122E-3
1.000000E-4	-1.007891E-2
1.050000E-4	-1.012003E-2
1.100000E-4	-9.950042E-3
1.150000E-4	-9.913027E-3
1.200000E-4	-9.948671E-3
1.250000E-4	-9.899318E-3
1.300000E-4	-9.754002E-3
1.350000E-4	-9.869158E-3
1.400000E-4	-9.951413E-3
1.450000E-4	-9.817064E-3
1.500000E-4	-9.825289E-3
1.550000E-4	-9.837627E-3
1.600000E-4	-9.965122E-3
1.650000E-4	-1.001310E-2
1.700000E-4	-9.950042E-3
1.750000E-4	-9.832144E-3
1.800000E-4	-9.785533E-3
1.850000E-4	-9.860933E-3
1.900000E-4	-9.876013E-3
1.950000E-4	-9.840369E-3
2.000000E-4	-9.736180E-3
2.050000E-4	-9.856820E-3
2.100000E-4	-9.904802E-3
2.150000E-4	-9.904802E-3
2.200000E-4	-1.005012E-2
2.250000E-4	-9.929478E-3
2.300000E-4	-9.856820E-3
2.350000E-4	-9.914398E-3
2.400000E-4	-9.977460E-3
2.450000E-4	-9.940445E-3
2.500000E-4	-9.956896E-3
2.550000E-4	-1.005971E-2
2.600000E-4	-9.925365E-3
2.650000E-4	-9.880126E-3
2.700000E-4	-9.892464E-3
2.750000E-4	-9.948671E-3
2.800000E-4	-9.977460E-3
2.850000E-4	-1.009125E-2
2.900000E-4	-1.004052E-2
2.950000E-4	-9.886980E-3
3.000000E-4	-9.897947E-3
3.050000E-4	-9.992540E-3
3.100000E-4	-9.947300E-3
3.150000E-4	-9.932220E-3
3.200000E-4	-1.000899E-2
3.250000E-4	-9.911656E-3
3.300000E-4	-9.770453E-3
3.350000E-4	-9.849966E-3
3.400000E-4	-9.985685E-3
3.450000E-4	-1.006109E-2
3.500000E-4	-9.900689E-3
3.550000E-4	-1.005560E-2
3.600000E-4	-1.002133E-2
3.650000E-4	-1.006794E-2
3.700000E-4	-1.011318E-2
3.750000E-4	-9.992540E-3
3.800000E-4	-9.993911E-3
3.850000E-4	-9.948671E-3
3.900000E-4	-9.910285E-3
3.950000E-4	-9.870529E-3
4.000000E-4	-9.925365E-3
4.050000E-4	-1.008850E-2
4.100000E-4	-1.004875E-2
4.150000E-4	-1.000351E-2
4.200000E-4	-9.926736E-3
4.250000E-4	-9.795129E-3
4.300000E-4	-9.903431E-3
4.350000E-4	-1.009673E-2
4.400000E-4	-1.020229E-2
4.450000E-4	-1.012963E-2
4.500000E-4	-1.002407E-2
4.550000E-4	-1.002681E-2
4.600000E-4	-9.943187E-3
4.650000E-4	-9.915769E-3
4.700000E-4	-1.001722E-2
4.750000E-4	-1.009262E-2
4.800000E-4	-9.937704E-3
4.850000E-4	-9.970605E-3
4.900000E-4	-9.903431E-3
4.950000E-4	-9.951413E-3
5.000000E-4	-9.961009E-3
5.050000E-4	-9.970605E-3
5.100000E-4	-9.922624E-3
5.150000E-4	-9.812951E-3
5.200000E-4	-9.976089E-3
5.250000E-4	-9.959638E-3
5.300000E-4	-9.902060E-3
5.350000E-4	-9.851336E-3
5.400000E-4	-9.922624E-3
5.450000E-4	-1.003778E-2
5.500000E-4	-1.000488E-2
5.550000E-4	-9.933591E-3
5.600000E-4	-9.951413E-3
5.650000E-4	-9.902060E-3
5.700000E-4	-9.966493E-3
5.750000E-4	-1.001173E-2
5.800000E-4	-9.969234E-3
5.850000E-4	-1.004189E-2
5.900000E-4	-1.003778E-2
5.950000E-4	-9.989798E-3
6.000000E-4	-9.876013E-3
6.050000E-4	-9.670377E-3
6.100000E-4	-9.860933E-3
6.150000E-4	-9.895205E-3
6.200000E-4	-9.877384E-3
6.250000E-4	-9.947300E-3
6.300000E-4	-9.930849E-3
6.350000E-4	-9.991169E-3
6.400000E-4	-9.871900E-3
6.450000E-4	-9.841740E-3
6.500000E-4	-1.003915E-2
6.550000E-4	-9.989798E-3
6.600000E-4	-9.845853E-3
6.650000E-4	-9.922624E-3
6.700000E-4	-9.873271E-3
6.750000E-4	-9.937704E-3
6.800000E-4	-1.003915E-2
6.850000E-4	-9.921253E-3
6.900000E-4	-9.838998E-3
6.950000E-4	-9.729326E-3
7.000000E-4	-9.913027E-3
7.050000E-4	-9.921253E-3
7.100000E-4	-9.867787E-3
7.150000E-4	-9.958267E-3
7.200000E-4	-9.889722E-3
7.250000E-4	-9.903431E-3
7.300000E-4	-1.006931E-2
7.350000E-4	-1.010084E-2
7.400000E-4	-1.002133E-2
7.450000E-4	-1.011592E-2
7.500000E-4	-1.008302E-2
7.550000E-4	-9.970605E-3
7.600000E-4	-1.001859E-2
7.650000E-4	-1.012278E-2
7.700000E-4	-9.874642E-3
7.750000E-4	-9.950042E-3
7.800000E-4	-9.982944E-3
7.850000E-4	-9.940445E-3
7.900000E-4	-9.895205E-3
7.950000E-4	-9.969234E-3
8.000000E-4	-9.856820E-3
8.050000E-4	-9.841740E-3
8.100000E-4	-9.893835E-3
8.150000E-4	-9.885609E-3
8.200000E-4	-9.841740E-3
8.250000E-4	-9.918511E-3
8.300000E-4	-9.928107E-3
8.350000E-4	-9.815693E-3
8.400000E-4	-9.902060E-3
8.450000E-4	-9.907544E-3
8.500000E-4	-9.926736E-3
8.550000E-4	-9.841740E-3
8.600000E-4	-1.003915E-2
8.650000E-4	-9.801984E-3
8.700000E-4	-9.899318E-3
8.750000E-4	-9.911656E-3
8.800000E-4	-9.982944E-3
8.850000E-4	-9.886980E-3
8.900000E-4	-9.721100E-3
8.950000E-4	-9.785533E-3
9.000000E-4	-1.009262E-2
9.050000E-4	-1.011592E-2
9.100000E-4	-9.976089E-3
9.150000E-4	-9.748518E-3
9.200000E-4	-9.933591E-3
9.250000E-4	-1.021326E-2
9.300000E-4	-1.029277E-2
9.350000E-4	-1.007754E-2
9.400000E-4	-9.911656E-3
9.450000E-4	-9.907544E-3
9.500000E-4	-9.828031E-3
9.550000E-4	-9.954154E-3
9.600000E-4	-9.918511E-3
9.650000E-4	-1.001447E-2
9.700000E-4	-1.009536E-2
9.750000E-4	-1.004189E-2
9.800000E-4	-9.978831E-3
9.850000E-4	-9.904802E-3
9.900000E-4	-9.734809E-3
9.950000E-4	-9.780049E-3
1.000000E-3	-9.804726E-3
1.005000E-3	-9.871900E-3
1.010000E-3	-9.788275E-3
1.015000E-3	-9.882867E-3
1.020000E-3	-9.815693E-3
1.025000E-3	-9.856820E-3
1.030000E-3	-1.007205E-2
1.035000E-3	-9.945929E-3
1.040000E-3	-9.815693E-3
1.045000E-3	-9.744406E-3
1.050000E-3	-9.832144E-3
1.055000E-3	-9.856820E-3
1.060000E-3	-9.918511E-3
1.065000E-3	-9.799242E-3
1.070000E-3	-9.758115E-3
1.075000E-3	-9.849966E-3
1.080000E-3	-9.917140E-3
1.085000E-3	-1.007754E-2
1.090000E-3	-1.000351E-2
1.095000E-3	-9.843111E-3
1.100000E-3	-1.001447E-2
1.105000E-3	-9.970605E-3
1.110000E-3	-9.830773E-3
1.115000E-3	-9.948671E-3
1.120000E-3	-9.943187E-3
1.125000E-3	-9.976089E-3
1.130000E-3	-1.011729E-2
1.135000E-3	-1.007479E-2
1.140000E-3	-1.001585E-2
1.145000E-3	-9.906173E-3
1.150000E-3	-1.001036E-2
1.155000E-3	-9.936333E-3
1.160000E-3	-1.000899E-2
1.165000E-3	-9.952784E-3
1.170000E-3	-9.992540E-3
1.175000E-3	-1.000077E-2
1.180000E-3	-9.906173E-3
1.185000E-3	-9.880126E-3
1.190000E-3	-9.785533E-3
1.195000E-3	-9.841740E-3
1.200000E-3	-9.978831E-3
1.205000E-3	-1.001173E-2
1.210000E-3	-9.985685E-3
1.215000E-3	-1.005560E-2
1.220000E-3	-1.007068E-2
1.225000E-3	-1.015294E-2
1.230000E-3	-9.780049E-3
1.235000E-3	-9.847224E-3
1.240000E-3	-9.818435E-3
1.245000E-3	-9.825289E-3
1.250000E-3	-9.849966E-3
1.255000E-3	-1.004601E-2
1.260000E-3	-9.932220E-3
1.265000E-3	-9.748518E-3
1.270000E-3	-1.004052E-2
1.275000E-3	-1.003778E-2
1.280000E-3	-1.001036E-2
1.285000E-3	-1.016939E-2
1.290000E-3	-1.006931E-2
1.295000E-3	-9.941816E-3
1.300000E-3	-9.744406E-3
1.305000E-3	-1.002407E-2
1.310000E-3	-9.988427E-3
1.315000E-3	-9.933591E-3
1.320000E-3	-1.009536E-2
1.325000E-3	-1.008028E-2
1.330000E-3	-9.871900E-3
1.335000E-3	-9.829402E-3
1.340000E-3	-9.738922E-3
1.345000E-3	-9.806097E-3
1.350000E-3	-9.937704E-3
1.355000E-3	-9.870529E-3
1.360000E-3	-9.771824E-3
1.365000E-3	-9.908915E-3
1.370000E-3	-1.013923E-2
1.375000E-3	-9.903431E-3
1.380000E-3	-9.992540E-3
1.385000E-3	-9.880126E-3
1.390000E-3	-9.925365E-3
1.395000E-3	-1.002544E-2
1.400000E-3	-9.785533E-3
1.405000E-3	-9.860933E-3
1.410000E-3	-9.963751E-3
1.415000E-3	-9.987056E-3
1.420000E-3	-9.978831E-3
1.425000E-3	-1.008302E-2
1.430000E-3	-1.010358E-2
1.435000E-3	-9.966493E-3
1.440000E-3	-9.926736E-3
1.445000E-3	-1.002133E-2
1.450000E-3	-9.837627E-3
1.455000E-3	-9.896576E-3
1.460000E-3	-9.958267E-3
1.465000E-3	-9.841740E-3
1.470000E-3	-9.745777E-3
1.475000E-3	-9.832144E-3
1.480000E-3	-1.004875E-2
1.485000E-3	-1.015431E-2
1.490000E-3	-9.981573E-3
1.495000E-3	-1.002955E-2
1.500000E-3	-9.760857E-3
1.505000E-3	-9.892464E-3
1.510000E-3	-9.976089E-3
1.515000E-3	-9.889722E-3
1.520000E-3	-1.003093E-2
1.525000E-3	-9.959638E-3
1.530000E-3	-9.945929E-3
1.535000E-3	-9.937704E-3
1.540000E-3	-9.980202E-3
1.545000E-3	-9.841740E-3
1.550000E-3	-9.847224E-3
1.555000E-3	-1.000077E-2
1.560000E-3	-9.866416E-3
1.565000E-3	-1.003093E-2
1.570000E-3	-9.869158E-3
1.575000E-3	-9.795129E-3
1.580000E-3	-9.855449E-3
1.585000E-3	-9.952784E-3
1.590000E-3	-9.863675E-3
1.595000E-3	-9.849966E-3
1.600000E-3	-1.001722E-2
1.605000E-3	-9.755373E-3
1.610000E-3	-9.844482E-3
1.615000E-3	-9.928107E-3
1.620000E-3	-1.001585E-2
1.625000E-3	-9.902060E-3
1.630000E-3	-1.001859E-2
1.635000E-3	-1.006109E-2
1.640000E-3	-9.904802E-3
1.645000E-3	-9.804726E-3
1.650000E-3	-9.936333E-3
1.655000E-3	-9.977460E-3
1.660000E-3	-1.005286E-2
1.665000E-3	-1.007068E-2
1.670000E-3	-1.016527E-2
1.675000E-3	-1.010221E-2
1.680000E-3	-1.009399E-2
1.685000E-3	-1.005697E-2
1.690000E-3	-9.906173E-3
1.695000E-3	-9.929478E-3
1.700000E-3	-1.002133E-2
1.705000E-3	-9.895205E-3
1.710000E-3	-9.770453E-3
1.715000E-3	-9.882867E-3
1.720000E-3	-9.841740E-3
1.725000E-3	-9.793758E-3
1.730000E-3	-9.797871E-3
1.735000E-3	-9.877384E-3
1.740000E-3	-9.970605E-3
1.745000E-3	-1.018173E-2
1.750000E-3	-1.012141E-2
1.755000E-3	-1.010495E-2
1.760000E-3	-9.988427E-3
1.765000E-3	-9.870529E-3
1.770000E-3	-9.869158E-3
1.775000E-3	-9.928107E-3
1.780000E-3	-1.000899E-2
1.785000E-3	-1.010221E-2
1.790000E-3	-1.006657E-2
1.795000E-3	-1.002133E-2
1.800000E-3	-1.006246E-2
1.805000E-3	-1.002681E-2
1.810000E-3	-1.008028E-2
1.815000E-3	-1.014745E-2
1.820000E-3	-1.011866E-2
1.825000E-3	-9.923995E-3
1.830000E-3	-9.618282E-3
1.835000E-3	-9.845853E-3
1.840000E-3	-9.943187E-3
1.845000E-3	-9.877384E-3
1.850000E-3	-1.002955E-2
1.855000E-3	-9.799242E-3
1.860000E-3	-1.003504E-2
1.865000E-3	-1.004326E-2
1.870000E-3	-1.018173E-2
1.875000E-3	-1.012003E-2
1.880000E-3	-1.004875E-2
1.885000E-3	-9.982944E-3
1.890000E-3	-9.764969E-3
1.895000E-3	-1.004875E-2
1.900000E-3	-1.005834E-2
1.905000E-3	-1.001585E-2
1.910000E-3	-9.981573E-3
1.915000E-3	-9.903431E-3
1.920000E-3	-9.903431E-3
1.925000E-3	-9.764969E-3
1.930000E-3	-9.955525E-3
1.935000E-3	-1.005012E-2
1.940000E-3	-9.892464E-3
1.945000E-3	-9.900689E-3
1.950000E-3	-9.786904E-3
1.955000E-3	-1.002133E-2
1.960000E-3	-1.008028E-2
1.965000E-3	-1.013786E-2
1.970000E-3	-9.973347E-3
1.975000E-3	-9.987056E-3
1.980000E-3	-9.967864E-3
1.985000E-3	-9.848595E-3
1.990000E-3	-9.952784E-3
1.995000E-3	-9.987056E-3
2.000000E-3	-1.000351E-2
2.005000E-3	-9.769082E-3
2.010000E-3	-9.741664E-3
2.015000E-3	-9.836257E-3
2.020000E-3	-9.830773E-3
2.025000E-3	-9.951413E-3
2.030000E-3	-1.001996E-2
2.035000E-3	-9.991169E-3
2.040000E-3	-9.918511E-3
2.045000E-3	-1.008850E-2
2.050000E-3	-1.004875E-2
2.055000E-3	-9.971976E-3
2.060000E-3	-9.937704E-3
2.065000E-3	-9.895205E-3
2.070000E-3	-9.880126E-3
2.075000E-3	-9.859562E-3
2.080000E-3	-9.763598E-3
2.085000E-3	-9.854078E-3
2.090000E-3	-9.963751E-3
2.095000E-3	-9.963751E-3
2.100000E-3	-9.895205E-3
2.105000E-3	-9.939075E-3
2.110000E-3	-9.976089E-3
2.115000E-3	-9.930849E-3
2.120000E-3	-9.884238E-3
2.125000E-3	-9.899318E-3
2.130000E-3	-1.015431E-2
2.135000E-3	-1.008302E-2
2.140000E-3	-9.899318E-3
2.145000E-3	-9.996653E-3
2.150000E-3	-9.973347E-3
2.155000E-3	-9.852707E-3
2.160000E-3	-9.955525E-3
2.165000E-3	-9.978831E-3
2.170000E-3	-9.948671E-3
2.175000E-3	-9.982944E-3
2.180000E-3	-9.660780E-3
2.185000E-3	-9.791017E-3
2.190000E-3	-9.829402E-3
2.195000E-3	-9.781420E-3
2.200000E-3	-9.819806E-3
2.205000E-3	-9.858191E-3
2.210000E-3	-1.001859E-2
2.215000E-3	-9.913027E-3
2.220000E-3	-9.666264E-3
2.225000E-3	-9.998024E-3
2.230000E-3	-1.019543E-2
2.235000E-3	-1.008028E-2
2.240000E-3	-9.973347E-3
2.245000E-3	-1.002681E-2
2.250000E-3	-9.974718E-3
2.255000E-3	-9.806097E-3
2.260000E-3	-9.814322E-3
2.265000E-3	-9.999394E-3
2.270000E-3	-9.897947E-3
2.275000E-3	-9.956896E-3
2.280000E-3	-1.018035E-2
2.285000E-3	-1.011729E-2
2.290000E-3	-1.014745E-2
2.295000E-3	-9.928107E-3
2.300000E-3	-9.954154E-3
2.305000E-3	-1.007754E-2
2.310000E-3	-9.896576E-3
2.315000E-3	-9.823918E-3
2.320000E-3	-1.003778E-2
2.325000E-3	-1.001173E-2
2.330000E-3	-9.897947E-3
2.335000E-3	-9.885609E-3
2.340000E-3	-9.747148E-3
2.345000E-3	-9.908915E-3
2.350000E-3	-9.704649E-3
2.355000E-3	-9.889722E-3
2.360000E-3	-9.682715E-3
2.365000E-3	-1.003915E-2
2.370000E-3	-9.549737E-3
2.375000E-3	-1.015157E-2
2.380000E-3	-9.318054E-3
2.385000E-3	-1.029688E-2
2.390000E-3	-9.433210E-3
2.395000E-3	-1.050389E-2
2.400000E-3	-9.061694E-3
2.405000E-3	-1.057655E-2
2.410000E-3	-8.961618E-3
2.415000E-3	-1.084113E-2
2.420000E-3	-8.524299E-3
2.425000E-3	-1.134700E-2
2.430000E-3	-8.247375E-3
2.435000E-3	-1.183778E-2
2.440000E-3	-7.524908E-3
2.445000E-3	-1.293039E-2
2.450000E-3	-6.255448E-3
2.455000E-3	-1.445347E-2
2.460000E-3	-2.526581E-3
2.465000E-3	-2.004951E-2
2.470000E-3	5.025196E-2
2.475000E-3	-9.253621E-2
2.480000E-3	-3.717625E-1
2.485000E-3	-3.006166E-1
2.490000E-3	-3.533553E-1
2.495000E-3	-2.425902E-1
2.500000E-3	3.189648E-1
2.505000E-3	8.867190E-1
2.510000E-3	-8.324283E-2
2.515000E-3	-7.460886E-2
2.520000E-3	5.438991E-1
2.525000E-3	-2.351037E-1
2.530000E-3	-2.970207E-2
2.535000E-3	5.160710E-1
2.540000E-3	-2.519782E-1
2.545000E-3	-4.672325E-1
2.550000E-3	3.750705E-1
2.555000E-3	2.520412E-2
2.560000E-3	-3.813890E-1
2.565000E-3	3.870934E-1
2.570000E-3	2.428561E-2
2.575000E-3	-5.250093E-1
2.580000E-3	1.674755E-1
2.585000E-3	1.530864E-1
2.590000E-3	-4.050879E-1
2.595000E-3	-1.410252E-2
2.600000E-3	1.314439E-1
2.605000E-3	-3.865011E-1
2.610000E-3	1.017857E-1
2.615000E-3	1.955914E-1
2.620000E-3	-2.658257E-1
2.625000E-3	9.641451E-2
2.630000E-3	2.877808E-1
2.635000E-3	-2.760170E-1
2.640000E-3	-1.329780E-1
2.645000E-3	3.810518E-1
2.650000E-3	-1.863940E-1
2.655000E-3	-1.866503E-1
2.660000E-3	3.202205E-1
2.665000E-3	-1.201065E-1
2.670000E-3	-2.458091E-1
2.675000E-3	2.546446E-1
2.680000E-3	4.687130E-3
2.685000E-3	-1.990118E-1
2.690000E-3	2.042747E-1
2.695000E-3	1.077259E-1
2.700000E-3	-2.208956E-1
2.705000E-3	3.504723E-2
2.710000E-3	4.359347E-2
2.715000E-3	-2.492007E-1
2.720000E-3	5.408913E-2
2.725000E-3	1.601822E-1
2.730000E-3	-9.616089E-2
2.735000E-3	4.213893E-2
2.740000E-3	1.143501E-1
2.745000E-3	-1.855783E-1
2.750000E-3	-7.448959E-2
2.755000E-3	1.338032E-1
2.760000E-3	-1.494864E-1
2.765000E-3	-5.244541E-2
2.770000E-3	2.081791E-1
2.775000E-3	-1.006492E-1
2.780000E-3	-6.457382E-2
2.785000E-3	1.465157E-1
2.790000E-3	-6.132203E-2
2.795000E-3	-1.029140E-1
2.800000E-3	5.532157E-2
2.805000E-3	-5.667603E-2
2.810000E-3	-1.738324E-1
2.815000E-3	8.620673E-2
2.820000E-3	5.318707E-2
2.825000E-3	-9.881222E-2
2.830000E-3	8.299196E-2
2.835000E-3	2.755111E-2
2.840000E-3	-1.744479E-1
2.845000E-3	-2.795142E-2
2.850000E-3	8.414352E-2
2.855000E-3	-8.199394E-2
2.860000E-3	5.168730E-2
2.865000E-3	2.017906E-1
2.870000E-3	9.211123E-3
2.875000E-3	-4.141784E-2
2.880000E-3	3.897077E-2
2.885000E-3	-8.674687E-2
2.890000E-3	-1.283799E-1
2.895000E-3	2.729064E-2
2.900000E-3	-5.276895E-2
2.905000E-3	-9.260339E-2
2.910000E-3	9.295160E-2
2.915000E-3	-8.166492E-3
2.920000E-3	-1.109324E-1
2.925000E-3	5.651289E-2
2.930000E-3	2.397990E-2
2.935000E-3	-1.012716E-1
2.940000E-3	3.098935E-2
2.945000E-3	6.892920E-2
2.950000E-3	-1.017309E-1
2.955000E-3	-3.328425E-2
2.960000E-3	6.169903E-2
2.965000E-3	-8.681816E-2
2.970000E-3	-5.942196E-2
2.975000E-3	4.859453E-2
2.980000E-3	-7.842135E-2
2.985000E-3	-3.562713E-2
2.990000E-3	1.112381E-1
2.995000E-3	1.768470E-4
3.000000E-3	-4.239666E-2
3.005000E-3	1.048881E-1
3.010000E-3	2.143002E-2
3.015000E-3	-1.049868E-1
3.020000E-3	4.385394E-2
3.025000E-3	-2.124768E-2
3.030000E-3	-1.005094E-1
3.035000E-3	4.926354E-2
3.040000E-3	3.708714E-2
3.045000E-3	-4.000580E-2
3.050000E-3	5.145973E-2
3.055000E-3	5.471838E-2
3.060000E-3	-1.171975E-1
3.065000E-3	-6.225151E-2
3.070000E-3	-6.071746E-3
3.075000E-3	-1.258931E-1
3.080000E-3	-2.879453E-2
3.085000E-3	5.153650E-2
3.090000E-3	-4.272705E-2
3.095000E-3	2.958691E-2
3.100000E-3	6.462866E-2
3.105000E-3	-8.597916E-2
3.110000E-3	-5.076194E-2
3.115000E-3	6.287116E-2
3.120000E-3	-3.732842E-2
3.125000E-3	-2.388942E-2
3.130000E-3	8.555692E-2
3.135000E-3	-3.300869E-2
3.140000E-3	-5.445790E-2
3.145000E-3	6.750208E-2
3.150000E-3	-1.524723E-2
3.155000E-3	-6.706476E-2
3.160000E-3	5.624557E-2
3.165000E-3	3.191197E-2
3.170000E-3	-3.553528E-2
3.175000E-3	4.043216E-2
3.180000E-3	1.761478E-2
3.185000E-3	-9.346431E-2
3.190000E-3	-2.580869E-2
3.195000E-3	1.385850E-2
3.200000E-3	-7.146263E-2
3.205000E-3	9.311199E-3
3.210000E-3	5.034381E-2
3.215000E-3	-5.831838E-2
3.220000E-3	-1.560503E-2
3.225000E-3	2.818310E-2
3.230000E-3	-4.799956E-2
3.235000E-3	-1.547617E-2
3.240000E-3	4.138631E-2
3.245000E-3	-5.613178E-2
3.250000E-3	-6.945425E-2
3.255000E-3	1.671273E-2
3.260000E-3	-3.156650E-2
3.265000E-3	-2.041006E-2
3.270000E-3	6.791335E-2
3.275000E-3	-3.073573E-3
3.280000E-3	-4.276955E-2
3.285000E-3	1.413268E-2
3.290000E-3	-3.590953E-2
3.295000E-3	-6.035006E-2
3.300000E-3	2.751136E-2
3.305000E-3	2.100778E-2
3.310000E-3	-4.417884E-2
3.315000E-3	2.795279E-3
3.320000E-3	-3.339529E-3
3.325000E-3	-5.931503E-2
3.330000E-3	4.304647E-3
3.335000E-3	3.073984E-2
3.340000E-3	-1.480991E-2
3.345000E-3	4.126430E-3
3.350000E-3	8.315921E-3
3.355000E-3	-2.233344E-2
3.360000E-3	1.201600E-2
3.365000E-3	2.890420E-2
3.370000E-3	-1.779848E-2
3.375000E-3	1.060122E-2
3.380000E-3	3.010237E-2
3.385000E-3	-4.783368E-2
3.390000E-3	-5.156118E-2
3.395000E-3	-1.343626E-2
3.400000E-3	-4.577595E-2
3.405000E-3	-3.205043E-2
3.410000E-3	1.949155E-2
3.415000E-3	-2.005088E-2
3.420000E-3	-5.389994E-2
3.425000E-3	-1.168698E-2
3.430000E-3	-1.438218E-2
3.435000E-3	-3.654563E-2
3.440000E-3	7.945776E-3
3.445000E-3	1.183093E-2
3.450000E-3	-2.647358E-2
3.455000E-3	-1.135111E-2
3.460000E-3	8.897185E-4
3.465000E-3	-2.090085E-2
3.470000E-3	-5.596042E-3
3.475000E-3	3.060275E-2
3.480000E-3	1.437259E-2
3.485000E-3	-3.212035E-3
3.490000E-3	1.450694E-2
3.495000E-3	5.145013E-3
3.500000E-3	-7.226050E-3
3.505000E-3	-4.245698E-3
3.510000E-3	-1.529658E-2
3.515000E-3	-1.582575E-2
3.520000E-3	-1.470572E-2
3.525000E-3	-1.884037E-2
3.530000E-3	-1.609170E-2
3.535000E-3	-2.115995E-2
3.540000E-3	-3.357351E-2
3.545000E-3	-2.229369E-2
3.550000E-3	-8.513331E-3
3.555000E-3	-3.053421E-2
3.560000E-3	-3.712964E-2
3.565000E-3	-1.649886E-2
3.570000E-3	-2.432948E-2
3.575000E-3	-2.332187E-2
3.580000E-3	-1.965880E-3
3.585000E-3	-1.318812E-3
3.590000E-3	9.582639E-4
3.595000E-3	2.075553E-2
3.600000E-3	1.905149E-2
3.605000E-3	-1.013100E-3
3.610000E-3	-3.068089E-3
3.615000E-3	-4.434884E-3
3.620000E-3	-1.561326E-2
3.625000E-3	-7.677078E-3
3.630000E-3	4.216909E-3
3.635000E-3	1.414776E-3
3.640000E-3	-6.633818E-3
3.645000E-3	-1.447266E-2
3.650000E-3	-1.961356E-2
3.655000E-3	-1.943946E-2
3.660000E-3	-2.326840E-2
3.665000E-3	-2.892202E-2
3.670000E-3	-2.164662E-2
3.675000E-3	-1.252735E-2
3.680000E-3	-1.603001E-2
3.685000E-3	-1.188165E-2
3.690000E-3	-6.070375E-3
3.695000E-3	-1.072872E-2
3.700000E-3	-7.932067E-3
3.705000E-3	3.387511E-3
3.710000E-3	9.627879E-3
3.715000E-3	5.797565E-3
3.720000E-3	1.743793E-3
3.725000E-3	-2.008379E-3
3.730000E-3	-5.925059E-3
3.735000E-3	-1.284128E-2
3.740000E-3	-1.746261E-2
3.745000E-3	-2.316833E-2
3.750000E-3	-3.666216E-2
3.755000E-3	-3.378189E-2
3.760000E-3	-1.585042E-2
3.765000E-3	-1.621920E-2
3.770000E-3	-1.960123E-2
3.775000E-3	1.812339E-3
3.780000E-3	3.286064E-3
3.785000E-3	-1.052034E-2
3.790000E-3	2.071440E-3
3.795000E-3	1.296878E-2
3.800000E-3	-1.630008E-3
3.805000E-3	-1.629734E-2
3.810000E-3	-6.354153E-3
3.815000E-3	-7.594824E-4
3.820000E-3	-1.147449E-2
3.825000E-3	-1.244098E-2
3.830000E-3	-1.124966E-2
3.835000E-3	-1.636451E-2
3.840000E-3	-1.506078E-2
3.845000E-3	-1.634121E-2
3.850000E-3	-1.829338E-2
3.855000E-3	-1.590389E-2
3.860000E-3	-1.944494E-2
3.865000E-3	-1.693755E-2
3.870000E-3	-1.283580E-2
3.875000E-3	-2.275568E-2
3.880000E-3	-2.186871E-2
3.885000E-3	-8.915007E-3
3.890000E-3	-1.059300E-2
3.895000E-3	-7.962227E-3
3.900000E-3	7.039607E-3
3.905000E-3	4.086673E-3
3.910000E-3	-1.969993E-3
3.915000E-3	6.100535E-3
3.920000E-3	5.812645E-4
3.925000E-3	-1.116055E-2
3.930000E-3	-2.787054E-3
3.935000E-3	-8.462608E-3
3.940000E-3	-2.401692E-2
3.945000E-3	-1.521295E-2
3.950000E-3	-4.567862E-3
3.955000E-3	-1.615202E-2
3.960000E-3	-1.094806E-2
3.965000E-3	2.220869E-4
3.970000E-3	-1.018310E-2
3.975000E-3	-1.060945E-2
3.980000E-3	-2.119422E-3
3.985000E-3	-2.116680E-3
3.990000E-3	-1.159787E-3
3.995000E-3	-8.761466E-3
4.000000E-3	-2.839148E-2
4.005000E-3	-3.006399E-2
4.010000E-3	-1.550633E-2
4.015000E-3	-1.804662E-2
4.020000E-3	-1.591486E-2
4.025000E-3	1.778066E-3
4.030000E-3	-5.883932E-3
4.035000E-3	-1.929963E-2
4.040000E-3	-1.043123E-2
4.045000E-3	-4.085302E-4
4.050000E-3	3.424525E-3
4.055000E-3	7.227421E-3
4.060000E-3	3.534198E-3
4.065000E-3	-5.678296E-3
4.070000E-3	-5.076468E-3
4.075000E-3	-2.390862E-3
4.080000E-3	-9.015083E-3
4.085000E-3	-7.974565E-3
4.090000E-3	-1.008987E-2
4.095000E-3	-1.863062E-2
4.100000E-3	-1.386261E-2
4.105000E-3	-9.449661E-3
4.110000E-3	-1.057243E-2
4.115000E-3	-8.712113E-3
4.120000E-3	-8.328259E-3
4.125000E-3	-1.104265E-2
4.130000E-3	-1.168150E-2
4.135000E-3	-9.785533E-3
4.140000E-3	-1.912826E-2
4.145000E-3	-2.441174E-2
4.150000E-3	-1.481539E-2
4.155000E-3	-1.143062E-2
4.160000E-3	-1.060122E-2
4.165000E-3	-9.112418E-3
4.170000E-3	-8.022547E-3
4.175000E-3	-1.296878E-2
4.180000E-3	-1.961905E-2
4.185000E-3	-1.646596E-2
4.190000E-3	-1.063001E-2
4.195000E-3	-7.083476E-3
4.200000E-3	-1.038736E-2
4.205000E-3	-1.066840E-2
4.210000E-3	-6.118357E-3
4.215000E-3	-6.467938E-3
4.220000E-3	-1.949430E-3
4.225000E-3	3.031075E-3
4.230000E-3	-3.132522E-3
4.235000E-3	-7.973194E-3
4.240000E-3	-4.940748E-3
4.245000E-3	-4.285455E-3
4.250000E-3	-9.862304E-3
4.255000E-3	-1.072735E-2
4.260000E-3	-1.151973E-2
4.265000E-3	-1.378447E-2
4.270000E-3	-8.043110E-3
4.275000E-3	-9.886980E-3
4.280000E-3	-1.785058E-2
4.285000E-3	-1.538157E-2
4.290000E-3	-1.311409E-2
4.295000E-3	-1.155400E-2
4.300000E-3	-4.452705E-3
4.305000E-3	-5.099773E-3
4.310000E-3	-1.471394E-2
4.315000E-3	-2.210999E-2
4.320000E-3	-2.963215E-2
4.325000E-3	-3.549963E-2
4.330000E-3	-2.517807E-2
4.335000E-3	-1.232857E-2
4.340000E-3	-7.633209E-3
4.345000E-3	3.424525E-3
4.350000E-3	7.852554E-3
4.355000E-3	1.518965E-3
4.360000E-3	2.042651E-4
4.365000E-3	-1.745164E-3
4.370000E-3	-9.722471E-3
4.375000E-3	-1.154029E-2
4.380000E-3	-6.946385E-3
4.385000E-3	-9.692311E-3
4.390000E-3	-1.051074E-2
4.395000E-3	-2.937853E-3
4.400000E-3	-2.574563E-3
4.405000E-3	-7.862151E-3
4.410000E-3	-7.538617E-3
4.415000E-3	-9.286523E-3
4.420000E-3	-1.612461E-2
4.425000E-3	-1.902133E-2
4.430000E-3	-1.650846E-2
4.435000E-3	-1.556116E-2
4.440000E-3	-1.235735E-2
4.445000E-3	-6.393909E-3
4.450000E-3	-5.663216E-3
4.455000E-3	-9.771824E-3
4.460000E-3	-1.795477E-2
4.465000E-3	-2.159452E-2
4.470000E-3	-1.692659E-2
4.475000E-3	-1.319087E-2
4.480000E-3	-1.131135E-2
4.485000E-3	-7.132828E-3
4.490000E-3	-6.702363E-3
4.495000E-3	-1.169246E-2
4.500000E-3	-1.515812E-2
4.505000E-3	-1.296741E-2
4.510000E-3	-6.503582E-3
4.515000E-3	-5.479515E-3
4.520000E-3	-2.559483E-3
4.525000E-3	-1.192689E-3
4.530000E-3	-7.342577E-3
4.535000E-3	-1.036131E-2
4.540000E-3	-5.493224E-3
4.545000E-3	-5.446613E-3
4.550000E-3	-2.515614E-3
4.555000E-3	5.897641E-3
4.560000E-3	4.591167E-3
4.565000E-3	1.985073E-3
4.570000E-3	1.738310E-3
4.575000E-3	-2.252400E-3
4.580000E-3	-1.012552E-2
4.585000E-3	-1.517457E-2
4.590000E-3	-1.830846E-2
4.595000E-3	-2.609521E-2
4.600000E-3	-2.560169E-2
4.605000E-3	-2.076375E-2
4.610000E-3	-1.743245E-2
4.615000E-3	-1.363778E-2
4.620000E-3	-1.319909E-2
4.625000E-3	-1.298249E-2
4.630000E-3	-1.081783E-2
4.635000E-3	-5.568624E-3
4.640000E-3	-4.134655E-3
4.645000E-3	-2.700686E-3
4.650000E-3	7.964969E-4
4.655000E-3	-1.344860E-3
4.660000E-3	-5.020261E-3
4.665000E-3	-8.712113E-3
4.670000E-3	-1.328272E-2
4.675000E-3	-1.527601E-2
4.680000E-3	-1.406825E-2
4.685000E-3	-7.966340E-3
4.690000E-3	-2.836406E-3
4.695000E-3	3.070831E-4
4.700000E-3	1.202285E-3
4.705000E-3	-3.704190E-3
4.710000E-3	-7.995129E-3
4.715000E-3	-7.875860E-3
4.720000E-3	-8.384466E-3
4.725000E-3	-1.326489E-2
4.730000E-3	-1.395720E-2
4.735000E-3	-1.300442E-2
4.740000E-3	-1.816040E-2
4.745000E-3	-2.076787E-2
4.750000E-3	-1.883626E-2
4.755000E-3	-1.848942E-2
4.760000E-3	-1.910496E-2
4.765000E-3	-1.880199E-2
4.770000E-3	-1.757091E-2
4.775000E-3	-1.489216E-2
4.780000E-3	-1.131546E-2
4.785000E-3	-9.667635E-3
4.790000E-3	-7.524908E-3
4.795000E-3	-5.841434E-3
4.800000E-3	-6.740749E-3
4.805000E-3	-6.910741E-3
4.810000E-3	-5.231380E-3
4.815000E-3	-4.077077E-3
4.820000E-3	-3.376544E-3
4.825000E-3	-6.744862E-4
4.830000E-3	-4.633665E-4
4.835000E-3	-3.558874E-3
4.840000E-3	-4.921556E-3
4.845000E-3	-7.744253E-3
4.850000E-3	-1.288241E-2
4.855000E-3	-1.490176E-2
4.860000E-3	-1.670724E-2
4.865000E-3	-1.878417E-2
4.870000E-3	-1.664966E-2
4.875000E-3	-1.018310E-2
4.880000E-3	-6.306171E-3
4.885000E-3	-6.121099E-3
4.890000E-3	-6.473422E-3
4.895000E-3	-1.141143E-2
4.900000E-3	-1.569551E-2
4.905000E-3	-1.524037E-2
4.910000E-3	-1.297289E-2
4.915000E-3	-1.109064E-2
4.920000E-3	-1.330876E-2
4.925000E-3	-1.643717E-2
4.930000E-3	-1.656741E-2
4.935000E-3	-1.685667E-2
4.940000E-3	-1.857716E-2
4.945000E-3	-1.619726E-2
4.950000E-3	-1.201463E-2
4.955000E-3	-9.792387E-3
4.960000E-3	-6.077230E-3
4.965000E-3	-4.164815E-3
4.970000E-3	-7.541358E-3
4.975000E-3	-1.109201E-2
4.980000E-3	-9.282410E-3
4.985000E-3	-4.865348E-3
4.990000E-3	8.293986E-4
4.995000E-3	7.873118E-3
5.000000E-3	9.079516E-3
5.005000E-3	1.507998E-3
5.010000E-3	-6.119728E-3
5.015000E-3	-1.049703E-2
5.020000E-3	-1.402301E-2
5.025000E-3	-1.492506E-2
5.030000E-3	-1.384068E-2
5.035000E-3	-1.385027E-2
5.040000E-3	-1.504433E-2
5.045000E-3	-1.710069E-2
5.050000E-3	-1.705682E-2
5.055000E-3	-1.308256E-2
5.060000E-3	-8.915007E-3
5.065000E-3	-5.997717E-3
5.070000E-3	-3.868699E-3
5.075000E-3	-3.239453E-3
5.080000E-3	-5.918205E-3
5.085000E-3	-7.897794E-3
5.090000E-3	-6.177306E-3
5.095000E-3	-6.281495E-3
5.100000E-3	-8.978069E-3
5.105000E-3	-1.013649E-2
5.110000E-3	-1.093572E-2
5.115000E-3	-1.146626E-2
5.120000E-3	-1.040107E-2
5.125000E-3	-9.978831E-3
5.130000E-3	-1.223123E-2
5.135000E-3	-1.305789E-2
5.140000E-3	-1.184738E-2
5.145000E-3	-1.312232E-2
5.150000E-3	-1.504022E-2
5.155000E-3	-1.411349E-2
5.160000E-3	-1.155400E-2
5.165000E-3	-1.054227E-2
5.170000E-3	-8.858800E-3
5.175000E-3	-5.434275E-3
5.180000E-3	-5.716681E-3
5.185000E-3	-7.398784E-3
5.190000E-3	-7.264435E-3
5.195000E-3	-8.692920E-3
5.200000E-3	-1.063138E-2
5.205000E-3	-1.049292E-2
5.210000E-3	-9.841740E-3
5.215000E-3	-8.605182E-3
5.220000E-3	-5.563140E-3
5.225000E-3	-4.181266E-3
5.230000E-3	-6.722927E-3
5.235000E-3	-9.360552E-3
5.240000E-3	-1.218736E-2
5.245000E-3	-1.441509E-2
5.250000E-3	-1.388454E-2
5.255000E-3	-1.234365E-2
5.260000E-3	-1.283991E-2
5.265000E-3	-1.290160E-2
5.270000E-3	-1.071090E-2
5.275000E-3	-1.060671E-2
5.280000E-3	-1.162803E-2
5.285000E-3	-1.182956E-2
5.290000E-3	-1.315933E-2
5.295000E-3	-1.434106E-2
5.300000E-3	-1.218325E-2
5.305000E-3	-8.529782E-3
5.310000E-3	-5.434275E-3
5.315000E-3	-3.440976E-3
5.320000E-3	-3.658950E-3
5.325000E-3	-4.582942E-3
5.330000E-3	-4.885912E-3
5.335000E-3	-5.796194E-3
5.340000E-3	-7.132828E-3
5.345000E-3	-7.043719E-3
5.350000E-3	-7.420719E-3
5.355000E-3	-8.697033E-3
5.360000E-3	-7.845700E-3
5.365000E-3	-8.361161E-3
5.370000E-3	-1.082605E-2
5.375000E-3	-1.211607E-2
5.380000E-3	-1.459742E-2
5.385000E-3	-1.886916E-2
5.390000E-3	-1.885408E-2
5.395000E-3	-1.652491E-2
5.400000E-3	-1.670998E-2
5.405000E-3	-1.529795E-2
5.410000E-3	-9.356439E-3
5.415000E-3	-5.361617E-3
5.420000E-3	-3.175020E-3
5.425000E-3	4.236102E-4
5.430000E-3	4.619956E-4
5.435000E-3	-2.697945E-3
5.440000E-3	-5.028486E-3
5.445000E-3	-8.506477E-3
5.450000E-3	-1.326901E-2
5.455000E-3	-1.512247E-2
5.460000E-3	-1.593405E-2
5.465000E-3	-1.806992E-2
5.470000E-3	-1.791912E-2
5.475000E-3	-1.582164E-2
5.480000E-3	-1.630694E-2
5.485000E-3	-1.526231E-2
5.490000E-3	-1.315659E-2
5.495000E-3	-1.255614E-2
5.500000E-3	-1.102346E-2
5.505000E-3	-8.003354E-3
5.510000E-3	-6.351411E-3
5.515000E-3	-6.621480E-3
5.520000E-3	-6.413102E-3
5.525000E-3	-6.953239E-3
5.530000E-3	-7.075250E-3
5.535000E-3	-3.569841E-3
5.540000E-3	-4.537702E-4
5.545000E-3	1.087129E-3
5.550000E-3	2.023458E-3
5.555000E-3	-9.637475E-4
5.560000E-3	-5.997717E-3
5.565000E-3	-9.834886E-3
5.570000E-3	-1.414365E-2
5.575000E-3	-1.745027E-2
5.580000E-3	-1.569414E-2
5.585000E-3	-1.461798E-2
5.590000E-3	-1.624113E-2
5.595000E-3	-1.524723E-2
5.600000E-3	-1.398188E-2
5.605000E-3	-1.463991E-2
5.610000E-3	-1.229841E-2
5.615000E-3	-8.533895E-3
5.620000E-3	-7.874489E-3
5.625000E-3	-7.420719E-3
5.630000E-3	-6.104648E-3
5.635000E-3	-7.401526E-3
5.640000E-3	-8.633971E-3
5.645000E-3	-8.380353E-3
5.650000E-3	-1.046824E-2
5.655000E-3	-1.292354E-2
5.660000E-3	-1.219422E-2
5.665000E-3	-1.100838E-2
5.670000E-3	-1.106048E-2
5.675000E-3	-1.030922E-2
5.680000E-3	-1.138949E-2
5.685000E-3	-1.522803E-2
5.690000E-3	-1.638097E-2
5.695000E-3	-1.345408E-2
5.700000E-3	-1.076573E-2
5.705000E-3	-8.466721E-3
5.710000E-3	-7.526278E-3
5.715000E-3	-8.810818E-3
5.720000E-3	-8.901298E-3
5.725000E-3	-7.502973E-3
5.730000E-3	-7.164359E-3
5.735000E-3	-6.531000E-3
5.740000E-3	-4.948974E-3
5.745000E-3	-5.933285E-3
5.750000E-3	-6.821632E-3
5.755000E-3	-6.118357E-3
5.760000E-3	-6.450117E-3
5.765000E-3	-8.298099E-3
5.770000E-3	-9.407163E-3
5.775000E-3	-1.048744E-2
5.780000E-3	-1.194334E-2
5.785000E-3	-1.198173E-2
5.790000E-3	-1.217777E-2
5.795000E-3	-1.240534E-2
5.800000E-3	-1.060534E-2
5.805000E-3	-8.972585E-3
5.810000E-3	-9.453773E-3
5.815000E-3	-9.379745E-3
5.820000E-3	-8.708000E-3
5.825000E-3	-1.015157E-2
5.830000E-3	-1.151013E-2
5.835000E-3	-1.228607E-2
5.840000E-3	-1.365149E-2
5.845000E-3	-1.340884E-2
5.850000E-3	-1.174730E-2
5.855000E-3	-1.136208E-2
5.860000E-3	-1.058888E-2
5.865000E-3	-8.739531E-3
5.870000E-3	-8.683324E-3
5.875000E-3	-9.649813E-3
5.880000E-3	-8.991778E-3
5.885000E-3	-8.742273E-3
5.890000E-3	-9.159029E-3
5.895000E-3	-8.802593E-3
5.900000E-3	-8.708000E-3
5.905000E-3	-8.784771E-3
5.910000E-3	-8.691549E-3
5.915000E-3	-8.496881E-3
5.920000E-3	-7.967710E-3
5.925000E-3	-6.776392E-3
5.930000E-3	-6.642044E-3
5.935000E-3	-8.202136E-3
5.940000E-3	-9.741664E-3
5.945000E-3	-1.071501E-2
5.950000E-3	-1.226825E-2
5.955000E-3	-1.356101E-2
5.960000E-3	-1.365697E-2
5.965000E-3	-1.348561E-2
5.970000E-3	-1.321691E-2
5.975000E-3	-1.263154E-2
5.980000E-3	-1.230115E-2
5.985000E-3	-1.161569E-2
5.990000E-3	-1.011729E-2
5.995000E-3	-8.457124E-3
6.000000E-3	-5.962074E-3
6.005000E-3	-3.443718E-3
6.010000E-3	-3.423154E-3
6.015000E-3	-5.258799E-3
6.020000E-3	-7.141054E-3
6.025000E-3	-8.425593E-3
6.030000E-3	-8.697033E-3
6.035000E-3	-7.542729E-3
6.040000E-3	-6.180048E-3
6.045000E-3	-5.217671E-3
6.050000E-3	-5.316377E-3
6.055000E-3	-6.330848E-3
6.060000E-3	-8.436561E-3
6.065000E-3	-1.105499E-2
6.070000E-3	-1.372278E-2
6.075000E-3	-1.562423E-2
6.080000E-3	-1.556939E-2
6.085000E-3	-1.436025E-2
6.090000E-3	-1.405728E-2
6.095000E-3	-1.534593E-2
6.100000E-3	-1.561600E-2
6.105000E-3	-1.423275E-2
6.110000E-3	-1.229429E-2
6.115000E-3	-1.048881E-2
6.120000E-3	-8.802593E-3
6.125000E-3	-7.901907E-3
6.130000E-3	-7.413864E-3
6.135000E-3	-6.935418E-3
6.140000E-3	-6.884694E-3
6.145000E-3	-7.104039E-3
6.150000E-3	-7.124603E-3
6.155000E-3	-6.552935E-3
6.160000E-3	-5.711198E-3
6.165000E-3	-4.884541E-3
6.170000E-3	-5.086064E-3
6.175000E-3	-6.779134E-3
6.180000E-3	-8.555830E-3
6.185000E-3	-9.778678E-3
6.190000E-3	-1.098508E-2
6.195000E-3	-1.207769E-2
6.200000E-3	-1.256847E-2
6.205000E-3	-1.350206E-2
6.210000E-3	-1.387632E-2
6.215000E-3	-1.304829E-2
6.220000E-3	-1.148409E-2
6.225000E-3	-9.398937E-3
6.230000E-3	-7.816911E-3
6.235000E-3	-8.152783E-3
6.240000E-3	-1.009536E-2
6.245000E-3	-1.247525E-2
6.250000E-3	-1.434106E-2
6.255000E-3	-1.450557E-2
6.260000E-3	-1.287830E-2
6.265000E-3	-1.076984E-2
6.270000E-3	-9.265959E-3
6.275000E-3	-8.070529E-3
6.280000E-3	-8.295357E-3
6.285000E-3	-9.732068E-3
6.290000E-3	-1.076573E-2
6.295000E-3	-1.076710E-2
6.300000E-3	-1.010084E-2
6.305000E-3	-9.252250E-3
6.310000E-3	-9.052098E-3
6.315000E-3	-1.018721E-2
6.320000E-3	-1.208317E-2
6.325000E-3	-1.326901E-2
6.330000E-3	-1.386946E-2
6.335000E-3	-1.348698E-2
6.340000E-3	-1.178432E-2
6.345000E-3	-9.897947E-3
6.350000E-3	-8.718967E-3
6.355000E-3	-7.951260E-3
6.360000E-3	-7.284999E-3
6.365000E-3	-6.917596E-3
6.370000E-3	-6.880581E-3
6.375000E-3	-6.626964E-3
6.380000E-3	-6.382942E-3
6.385000E-3	-7.128716E-3
6.390000E-3	-8.488655E-3
6.395000E-3	-9.819806E-3
6.400000E-3	-1.012552E-2
6.405000E-3	-9.361923E-3
6.410000E-3	-8.344710E-3
6.415000E-3	-7.500231E-3
6.420000E-3	-6.942272E-3
6.425000E-3	-6.758571E-3
6.430000E-3	-7.006705E-3
6.435000E-3	-7.431686E-3
6.440000E-3	-7.605791E-3
6.445000E-3	-7.529020E-3
6.450000E-3	-7.323384E-3
6.455000E-3	-7.164359E-3
6.460000E-3	-7.722318E-3
6.465000E-3	-8.340597E-3
6.470000E-3	-8.431077E-3
6.475000E-3	-8.237779E-3
6.480000E-3	-8.369386E-3
6.485000E-3	-9.331763E-3
6.490000E-3	-1.050663E-2
6.495000E-3	-1.138675E-2
6.500000E-3	-1.183915E-2
6.505000E-3	-1.183915E-2
6.510000E-3	-1.124692E-2
6.515000E-3	-9.951413E-3
6.520000E-3	-9.072661E-3
6.525000E-3	-9.227574E-3
6.530000E-3	-9.711504E-3
6.535000E-3	-1.117700E-2
6.540000E-3	-1.301676E-2
6.545000E-3	-1.421905E-2
6.550000E-3	-1.401615E-2
6.555000E-3	-1.338005E-2
6.560000E-3	-1.252186E-2
6.565000E-3	-1.093847E-2
6.570000E-3	-9.101450E-3
6.575000E-3	-6.965578E-3
6.580000E-3	-4.355371E-3
6.585000E-3	-2.400458E-3
6.590000E-3	-1.451790E-3
6.595000E-3	-1.749277E-3
6.600000E-3	-2.961159E-3
6.605000E-3	-4.433513E-3
6.610000E-3	-5.803049E-3
6.615000E-3	-6.888807E-3
6.620000E-3	-8.244634E-3
6.625000E-3	-1.008713E-2
6.630000E-3	-1.224631E-2
6.635000E-3	-1.433694E-2
6.640000E-3	-1.591486E-2
6.645000E-3	-1.673192E-2
6.650000E-3	-1.634943E-2
6.655000E-3	-1.551729E-2
6.660000E-3	-1.418203E-2
6.665000E-3	-1.226825E-2
6.670000E-3	-1.113451E-2
6.675000E-3	-1.113588E-2
6.680000E-3	-1.158279E-2
6.685000E-3	-1.137030E-2
6.690000E-3	-1.076573E-2
6.695000E-3	-9.623766E-3
6.700000E-3	-8.237779E-3
6.705000E-3	-7.239759E-3
6.710000E-3	-6.653011E-3
6.715000E-3	-6.116986E-3
6.720000E-3	-6.093681E-3
6.725000E-3	-6.514549E-3
6.730000E-3	-7.368624E-3
6.735000E-3	-9.238541E-3
6.740000E-3	-1.152110E-2
6.745000E-3	-1.319498E-2
6.750000E-3	-1.336223E-2
6.755000E-3	-1.251364E-2
6.760000E-3	-1.126748E-2
6.765000E-3	-1.029277E-2
6.770000E-3	-1.058477E-2
6.775000E-3	-1.146764E-2
6.780000E-3	-1.285499E-2
6.785000E-3	-1.358843E-2
6.790000E-3	-1.374197E-2
6.795000E-3	-1.397502E-2
6.800000E-3	-1.412994E-2
6.805000E-3	-1.393527E-2
6.810000E-3	-1.343626E-2
6.815000E-3	-1.278371E-2
6.820000E-3	-1.103991E-2
6.825000E-3	-8.854687E-3
6.830000E-3	-6.973803E-3
6.835000E-3	-5.054533E-3
6.840000E-3	-3.975630E-3
6.845000E-3	-3.853619E-3
6.850000E-3	-3.985226E-3
6.855000E-3	-4.337549E-3
6.860000E-3	-5.062759E-3
6.865000E-3	-6.014168E-3
6.870000E-3	-7.335722E-3
6.875000E-3	-9.279668E-3
6.880000E-3	-1.147312E-2
6.885000E-3	-1.347601E-2
6.890000E-3	-1.481813E-2
6.895000E-3	-1.535416E-2
6.900000E-3	-1.448226E-2
6.905000E-3	-1.299483E-2
6.910000E-3	-1.086169E-2
6.915000E-3	-8.969843E-3
6.920000E-3	-7.877231E-3
6.925000E-3	-7.874489E-3
6.930000E-3	-8.792996E-3
6.935000E-3	-1.025712E-2
6.940000E-3	-1.223671E-2
6.945000E-3	-1.420671E-2
6.950000E-3	-1.529109E-2
6.955000E-3	-1.538295E-2
6.960000E-3	-1.438767E-2
6.965000E-3	-1.223671E-2
6.970000E-3	-1.027495E-2
6.975000E-3	-9.316683E-3
6.980000E-3	-9.256363E-3
6.985000E-3	-9.507239E-3
6.990000E-3	-9.760857E-3
6.995000E-3	-9.111047E-3
7.000000E-3	-8.089721E-3
7.005000E-3	-6.707847E-3
7.010000E-3	-5.490482E-3
7.015000E-3	-4.925668E-3
7.020000E-3	-5.484998E-3
7.025000E-3	-6.644785E-3
7.030000E-3	-8.187056E-3
7.035000E-3	-9.444177E-3
7.040000E-3	-1.035172E-2
7.045000E-3	-1.123458E-2
7.050000E-3	-1.202422E-2
7.055000E-3	-1.196253E-2
7.060000E-3	-1.131684E-2
7.065000E-3	-1.020640E-2
7.070000E-3	-9.268701E-3
7.075000E-3	-9.061694E-3
7.080000E-3	-9.191930E-3
7.085000E-3	-9.973347E-3
7.090000E-3	-1.028317E-2
7.095000E-3	-1.012141E-2
7.100000E-3	-9.359181E-3
7.105000E-3	-8.457124E-3
7.110000E-3	-7.700384E-3
7.115000E-3	-8.221328E-3
7.120000E-3	-9.119272E-3
7.125000E-3	-1.036131E-2
7.130000E-3	-1.085621E-2
7.135000E-3	-1.017487E-2
7.140000E-3	-8.718967E-3
7.145000E-3	-7.125974E-3
7.150000E-3	-5.516529E-3
7.155000E-3	-4.249811E-3
7.160000E-3	-3.409445E-3
7.165000E-3	-3.124297E-3
7.170000E-3	-3.257275E-3
7.175000E-3	-4.051030E-3
7.180000E-3	-5.338311E-3
7.185000E-3	-6.935418E-3
7.190000E-3	-8.454382E-3
7.195000E-3	-9.819806E-3
7.200000E-3	-1.075751E-2
7.205000E-3	-1.080137E-2
7.210000E-3	-1.030236E-2
7.215000E-3	-9.592235E-3
7.220000E-3	-9.504497E-3
7.225000E-3	-1.006931E-2
7.230000E-3	-1.105636E-2
7.235000E-3	-1.270831E-2
7.240000E-3	-1.449049E-2
7.245000E-3	-1.551318E-2
7.250000E-3	-1.589018E-2
7.255000E-3	-1.595461E-2
7.260000E-3	-1.521569E-2
7.265000E-3	-1.402986E-2
7.270000E-3	-1.268226E-2
7.275000E-3	-1.140046E-2
7.280000E-3	-1.012141E-2
7.285000E-3	-9.276927E-3
7.290000E-3	-8.588731E-3
7.295000E-3	-8.036256E-3
7.300000E-3	-7.922471E-3
7.305000E-3	-8.113027E-3
7.310000E-3	-8.332372E-3
7.315000E-3	-9.009600E-3
7.320000E-3	-9.662151E-3
7.325000E-3	-1.027632E-2
7.330000E-3	-1.052856E-2
7.335000E-3	-1.002818E-2
7.340000E-3	-8.739531E-3
7.345000E-3	-6.748974E-3
7.350000E-3	-4.984617E-3
7.355000E-3	-4.277229E-3
7.360000E-3	-4.467785E-3
7.365000E-3	-5.760550E-3
7.370000E-3	-7.504344E-3
7.375000E-3	-9.224832E-3
7.380000E-3	-1.053816E-2
7.385000E-3	-1.171440E-2
7.390000E-3	-1.248485E-2
7.395000E-3	-1.291668E-2
7.400000E-3	-1.271242E-2
7.405000E-3	-1.215994E-2
7.410000E-3	-1.148820E-2
7.415000E-3	-1.077944E-2
7.420000E-3	-1.047784E-2
7.425000E-3	-1.049703E-2
7.430000E-3	-1.112902E-2
7.435000E-3	-1.210237E-2
7.440000E-3	-1.300168E-2
7.445000E-3	-1.334989E-2
7.450000E-3	-1.342118E-2
7.455000E-3	-1.287967E-2
7.460000E-3	-1.205438E-2
7.465000E-3	-1.106733E-2
7.470000E-3	-1.022422E-2
7.475000E-3	-9.392083E-3
7.480000E-3	-9.146690E-3
7.485000E-3	-8.817673E-3
7.490000E-3	-8.570910E-3
7.495000E-3	-8.074641E-3
7.500000E-3	-7.697642E-3
7.505000E-3	-6.857276E-3
7.510000E-3	-6.036103E-3
7.515000E-3	-5.737245E-3
7.520000E-3	-5.840063E-3
7.525000E-3	-6.507695E-3
7.530000E-3	-7.812798E-3
7.535000E-3	-9.220719E-3
7.540000E-3	-1.047373E-2
7.545000E-3	-1.120168E-2
7.550000E-3	-1.152384E-2
7.555000E-3	-1.121402E-2
7.560000E-3	-1.055324E-2
7.565000E-3	-1.023108E-2
7.570000E-3	-1.032841E-2
7.575000E-3	-1.077396E-2
7.580000E-3	-1.127982E-2
7.585000E-3	-1.195979E-2
7.590000E-3	-1.227647E-2
7.595000E-3	-1.263839E-2
7.600000E-3	-1.266581E-2
7.605000E-3	-1.269734E-2
7.610000E-3	-1.292217E-2
7.615000E-3	-1.285225E-2
7.620000E-3	-1.242316E-2
7.625000E-3	-1.168287E-2
7.630000E-3	-1.109612E-2
7.635000E-3	-1.017213E-2
7.640000E-3	-9.414017E-3
7.645000E-3	-8.705258E-3
7.650000E-3	-7.672966E-3
7.655000E-3	-6.451488E-3
7.660000E-3	-5.505562E-3
7.665000E-3	-4.884541E-3
7.670000E-3	-4.628181E-3
7.675000E-3	-4.968166E-3
7.680000E-3	-5.286217E-3
7.685000E-3	-5.482256E-3
7.690000E-3	-5.727649E-3
7.695000E-3	-6.045699E-3
7.700000E-3	-6.581724E-3
7.705000E-3	-7.401526E-3
7.710000E-3	-8.886218E-3
7.715000E-3	-1.073146E-2
7.720000E-3	-1.214623E-2
7.725000E-3	-1.285225E-2
7.730000E-3	-1.306885E-2
7.735000E-3	-1.284677E-2
7.740000E-3	-1.282620E-2
7.745000E-3	-1.297152E-2
7.750000E-3	-1.351029E-2
7.755000E-3	-1.340199E-2
7.760000E-3	-1.243824E-2
7.765000E-3	-1.075202E-2
7.770000E-3	-8.507848E-3
7.775000E-3	-6.738007E-3
7.780000E-3	-6.003201E-3
7.785000E-3	-6.084085E-3
7.790000E-3	-6.717443E-3
7.795000E-3	-7.777154E-3
7.800000E-3	-8.450270E-3
7.805000E-3	-8.968472E-3
7.810000E-3	-9.448290E-3
7.815000E-3	-9.614170E-3
7.820000E-3	-9.744406E-3
7.825000E-3	-9.701908E-3
7.830000E-3	-9.686828E-3
7.835000E-3	-9.806097E-3
7.840000E-3	-9.392083E-3
7.845000E-3	-8.639455E-3
7.850000E-3	-7.442653E-3
7.855000E-3	-6.384313E-3
7.860000E-3	-5.404115E-3
7.865000E-3	-5.250573E-3
7.870000E-3	-5.794823E-3
7.875000E-3	-7.082105E-3
7.880000E-3	-8.533895E-3
7.885000E-3	-9.785533E-3
7.890000E-3	-1.069719E-2
7.895000E-3	-1.121950E-2
7.900000E-3	-1.154578E-2
7.905000E-3	-1.167327E-2
7.910000E-3	-1.143610E-2
7.915000E-3	-1.089323E-2
7.920000E-3	-1.052719E-2
7.925000E-3	-1.018447E-2
7.930000E-3	-9.897947E-3
7.935000E-3	-9.446919E-3
7.940000E-3	-9.571671E-3
7.945000E-3	-9.792387E-3
7.950000E-3	-1.017213E-2
7.955000E-3	-1.032019E-2
7.960000E-3	-1.009125E-2
7.965000E-3	-9.902060E-3
7.970000E-3	-9.553850E-3
7.975000E-3	-8.967102E-3
7.980000E-3	-8.510590E-3
7.985000E-3	-8.189797E-3
7.990000E-3	-8.352935E-3
7.995000E-3	-8.448899E-3
8.000000E-3	-8.705258E-3
8.005000E-3	-8.547604E-3
8.010000E-3	-8.156896E-3
8.015000E-3	-7.376850E-3
8.020000E-3	-6.972432E-3
8.025000E-3	-6.835341E-3
8.030000E-3	-7.190406E-3
8.035000E-3	-8.041739E-3
8.040000E-3	-9.196043E-3
8.045000E-3	-1.074791E-2
8.050000E-3	-1.208317E-2
8.055000E-3	-1.324433E-2
8.060000E-3	-1.409155E-2
8.065000E-3	-1.501966E-2
8.070000E-3	-1.553923E-2
8.075000E-3	-1.541585E-2
8.080000E-3	-1.467144E-2
8.085000E-3	-1.363641E-2
8.090000E-3	-1.231074E-2
8.095000E-3	-1.146901E-2
8.100000E-3	-1.082605E-2
8.105000E-3	-1.042300E-2
8.110000E-3	-9.832144E-3
8.115000E-3	-9.355068E-3
8.120000E-3	-9.028792E-3
8.125000E-3	-8.876622E-3
8.130000E-3	-8.835495E-3
8.135000E-3	-9.138465E-3
8.140000E-3	-9.231687E-3
8.145000E-3	-9.357810E-3
8.150000E-3	-9.397566E-3
8.155000E-3	-9.308457E-3
8.160000E-3	-8.994520E-3
8.165000E-3	-8.554459E-3
8.170000E-3	-8.170605E-3
8.175000E-3	-7.864892E-3
8.180000E-3	-7.932067E-3
8.185000E-3	-8.307695E-3
8.190000E-3	-8.840978E-3
8.195000E-3	-9.102821E-3
8.200000E-3	-9.161770E-3
8.205000E-3	-9.000003E-3
8.210000E-3	-9.023309E-3
8.215000E-3	-9.296119E-3
8.220000E-3	-9.737551E-3
8.225000E-3	-1.031333E-2
8.230000E-3	-1.082742E-2
8.235000E-3	-1.079863E-2
8.240000E-3	-1.024067E-2
8.245000E-3	-9.416759E-3
8.250000E-3	-8.505106E-3
8.255000E-3	-7.945776E-3
8.260000E-3	-8.062303E-3
8.265000E-3	-8.255601E-3
8.270000E-3	-8.717597E-3
8.275000E-3	-8.917749E-3
8.280000E-3	-8.883476E-3
8.285000E-3	-8.928716E-3
8.290000E-3	-9.323537E-3
8.295000E-3	-9.527802E-3
8.300000E-3	-9.961009E-3
8.305000E-3	-1.028180E-2
8.310000E-3	-1.037365E-2
8.315000E-3	-1.030785E-2
8.320000E-3	-1.065606E-2
8.325000E-3	-1.124418E-2
8.330000E-3	-1.176786E-2
8.335000E-3	-1.269734E-2
8.340000E-3	-1.340610E-2
8.345000E-3	-1.386261E-2
8.350000E-3	-1.381052E-2
8.355000E-3	-1.338965E-2
8.360000E-3	-1.261920E-2
8.365000E-3	-1.165271E-2
8.370000E-3	-1.048607E-2
8.375000E-3	-9.294748E-3
8.380000E-3	-8.126736E-3
8.385000E-3	-7.324755E-3
8.390000E-3	-6.890178E-3
8.395000E-3	-6.788731E-3
8.400000E-3	-7.057428E-3
8.405000E-3	-7.402897E-3
8.410000E-3	-7.745624E-3
8.415000E-3	-7.980049E-3
8.420000E-3	-8.121252E-3
8.425000E-3	-7.943034E-3
8.430000E-3	-7.671595E-3
8.435000E-3	-7.072508E-3
8.440000E-3	-6.578982E-3
8.445000E-3	-6.248593E-3
8.450000E-3	-6.319880E-3
8.455000E-3	-6.755829E-3
8.460000E-3	-7.452250E-3
8.465000E-3	-7.985532E-3
8.470000E-3	-8.529782E-3
8.475000E-3	-8.757353E-3
8.480000E-3	-9.331763E-3
8.485000E-3	-9.882867E-3
8.490000E-3	-1.059848E-2
8.495000E-3	-1.136619E-2
8.500000E-3	-1.174867E-2
8.505000E-3	-1.177746E-2
8.510000E-3	-1.159924E-2
8.515000E-3	-1.110572E-2
8.520000E-3	-1.015157E-2
8.525000E-3	-9.592235E-3
8.530000E-3	-9.337246E-3
8.535000E-3	-9.279668E-3
8.540000E-3	-9.416759E-3
8.545000E-3	-9.969234E-3
8.550000E-3	-1.021326E-2
8.555000E-3	-1.026398E-2
8.560000E-3	-1.025027E-2
8.565000E-3	-1.001996E-2
8.570000E-3	-9.970605E-3
8.575000E-3	-9.914398E-3
8.580000E-3	-9.696424E-3
8.585000E-3	-9.363294E-3
8.590000E-3	-8.987665E-3
8.595000E-3	-8.463979E-3
8.600000E-3	-8.317292E-3
8.605000E-3	-8.158267E-3
8.610000E-3	-8.104801E-3
8.615000E-3	-8.306324E-3
8.620000E-3	-8.669615E-3
8.625000E-3	-9.008229E-3
8.630000E-3	-9.486675E-3
8.635000E-3	-1.025301E-2
8.640000E-3	-1.117563E-2
8.645000E-3	-1.228744E-2
8.650000E-3	-1.262879E-2
8.655000E-3	-1.242453E-2
8.660000E-3	-1.228195E-2
8.665000E-3	-1.181859E-2
8.670000E-3	-1.168150E-2
8.675000E-3	-1.163352E-2
8.680000E-3	-1.151562E-2
8.685000E-3	-1.146489E-2
8.690000E-3	-1.153207E-2
8.695000E-3	-1.157182E-2
8.700000E-3	-1.107830E-2
8.705000E-3	-1.050526E-2
8.710000E-3	-9.767711E-3
8.715000E-3	-8.915007E-3
8.720000E-3	-8.511961E-3
8.725000E-3	-8.247375E-3
8.730000E-3	-8.021176E-3
8.735000E-3	-7.753849E-3
8.740000E-3	-7.544100E-3
8.745000E-3	-7.356286E-3
8.750000E-3	-7.402897E-3
8.755000E-3	-7.598937E-3
8.760000E-3	-8.395433E-3
8.765000E-3	-9.080887E-3
8.770000E-3	-9.880126E-3
8.775000E-3	-1.074791E-2
8.780000E-3	-1.142240E-2
8.785000E-3	-1.213390E-2
8.790000E-3	-1.248348E-2
8.795000E-3	-1.269323E-2
8.800000E-3	-1.259041E-2
8.805000E-3	-1.235598E-2
8.810000E-3	-1.201874E-2
8.815000E-3	-1.158005E-2
8.820000E-3	-1.120716E-2
8.825000E-3	-1.077121E-2
8.830000E-3	-1.048332E-2
8.835000E-3	-1.012415E-2
8.840000E-3	-9.822547E-3
8.845000E-3	-9.508610E-3
8.850000E-3	-8.998632E-3
8.855000E-3	-8.320034E-3
8.860000E-3	-7.633209E-3
8.865000E-3	-7.221937E-3
8.870000E-3	-6.946385E-3
8.875000E-3	-6.650269E-3
8.880000E-3	-6.247222E-3
8.885000E-3	-6.548822E-3
8.890000E-3	-7.009447E-3
8.895000E-3	-7.901907E-3
8.900000E-3	-8.986294E-3
8.905000E-3	-9.819806E-3
8.910000E-3	-1.061219E-2
8.915000E-3	-1.108927E-2
8.920000E-3	-1.116741E-2
8.925000E-3	-1.126885E-2
8.930000E-3	-1.095629E-2
8.935000E-3	-1.041478E-2
8.940000E-3	-1.002133E-2
8.945000E-3	-9.686828E-3
8.950000E-3	-9.234428E-3
8.955000E-3	-9.119272E-3
8.960000E-3	-9.318054E-3
8.965000E-3	-9.363294E-3
8.970000E-3	-9.211123E-3
8.975000E-3	-9.191930E-3
8.980000E-3	-9.057581E-3
8.985000E-3	-8.979440E-3
8.990000E-3	-8.987665E-3
8.995000E-3	-8.936942E-3
9.000000E-3	-8.679211E-3
9.005000E-3	-8.410513E-3
9.010000E-3	-7.996500E-3
9.015000E-3	-7.759333E-3
9.020000E-3	-7.899165E-3
9.025000E-3	-8.014321E-3
9.030000E-3	-8.581877E-3
9.035000E-3	-8.717597E-3
9.040000E-3	-8.936942E-3
9.045000E-3	-9.171367E-3
9.050000E-3	-9.464741E-3
9.055000E-3	-1.008850E-2
9.060000E-3	-1.081097E-2
9.065000E-3	-1.150054E-2
9.070000E-3	-1.188439E-2
9.075000E-3	-1.188713E-2
9.080000E-3	-1.161432E-2
9.085000E-3	-1.130176E-2
9.090000E-3	-1.079863E-2
9.095000E-3	-1.057929E-2
9.100000E-3	-1.024616E-2
9.105000E-3	-9.941816E-3
9.110000E-3	-9.404421E-3
9.115000E-3	-8.843720E-3
9.120000E-3	-8.383095E-3
9.125000E-3	-7.908762E-3
9.130000E-3	-7.932067E-3
9.135000E-3	-8.108914E-3
9.140000E-3	-8.144557E-3
9.145000E-3	-8.226812E-3
9.150000E-3	-8.250117E-3
9.155000E-3	-8.306324E-3
9.160000E-3	-8.351564E-3
9.165000E-3	-8.502364E-3
9.170000E-3	-8.710742E-3
9.175000E-3	-8.703887E-3
9.180000E-3	-8.860171E-3
9.185000E-3	-9.242654E-3
9.190000E-3	-9.577155E-3
9.195000E-3	-9.911656E-3
9.200000E-3	-1.027358E-2
9.205000E-3	-1.032704E-2
9.210000E-3	-1.030648E-2
9.215000E-3	-1.046413E-2
9.220000E-3	-1.074517E-2
9.225000E-3	-1.122773E-2
9.230000E-3	-1.174456E-2
9.235000E-3	-1.214075E-2
9.240000E-3	-1.222301E-2
9.245000E-3	-1.234090E-2
9.250000E-3	-1.223534E-2
9.255000E-3	-1.228470E-2
9.260000E-3	-1.232034E-2
9.265000E-3	-1.223123E-2
9.270000E-3	-1.191729E-2
9.275000E-3	-1.129079E-2
9.280000E-3	-1.052034E-2
9.285000E-3	-9.630620E-3
9.290000E-3	-9.069920E-3
9.295000E-3	-8.602440E-3
9.300000E-3	-8.176088E-3
9.305000E-3	-8.021176E-3
9.310000E-3	-7.932067E-3
9.315000E-3	-8.021176E-3
9.320000E-3	-7.847071E-3
9.325000E-3	-7.622242E-3
9.330000E-3	-7.479668E-3
9.335000E-3	-7.464588E-3
9.340000E-3	-7.393301E-3
9.345000E-3	-7.700384E-3
9.350000E-3	-7.984161E-3
9.355000E-3	-8.599699E-3
9.360000E-3	-9.153545E-3
9.365000E-3	-9.778678E-3
9.370000E-3	-1.017624E-2
9.375000E-3	-1.039147E-2
9.380000E-3	-1.056147E-2
9.385000E-3	-1.054090E-2
9.390000E-3	-1.040655E-2
9.395000E-3	-9.860933E-3
9.400000E-3	-9.703279E-3
9.405000E-3	-9.370148E-3
9.410000E-3	-9.261847E-3
9.415000E-3	-9.208381E-3
9.420000E-3	-9.500384E-3
9.425000E-3	-9.834886E-3
9.430000E-3	-1.024753E-2
9.435000E-3	-1.076299E-2
9.440000E-3	-1.082057E-2
9.445000E-3	-1.044905E-2
9.450000E-3	-1.035583E-2
9.455000E-3	-9.923995E-3
9.460000E-3	-9.475708E-3
9.465000E-3	-9.128869E-3
9.470000E-3	-9.101450E-3
9.475000E-3	-9.301603E-3
9.480000E-3	-9.658039E-3
9.485000E-3	-1.040107E-2
9.490000E-3	-1.108378E-2
9.495000E-3	-1.130450E-2
9.500000E-3	-1.141143E-2
9.505000E-3	-1.109338E-2
9.510000E-3	-1.051760E-2
9.515000E-3	-9.871900E-3
9.520000E-3	-9.109676E-3
9.525000E-3	-8.304954E-3
9.530000E-3	-7.305562E-3
9.535000E-3	-6.818891E-3
9.540000E-3	-6.483018E-3
9.545000E-3	-6.827116E-3
9.550000E-3	-7.356286E-3
9.555000E-3	-7.822394E-3
9.560000E-3	-8.339226E-3
9.565000E-3	-8.817673E-3
9.570000E-3	-9.430468E-3
9.575000E-3	-9.878755E-3
9.580000E-3	-1.011866E-2
9.585000E-3	-1.048881E-2
9.590000E-3	-1.063001E-2
9.595000E-3	-1.092750E-2
9.600000E-3	-1.096863E-2
9.605000E-3	-1.130176E-2
9.610000E-3	-1.155263E-2
9.615000E-3	-1.178980E-2
9.620000E-3	-1.148272E-2
9.625000E-3	-1.099193E-2
9.630000E-3	-1.029962E-2
9.635000E-3	-9.297490E-3
9.640000E-3	-8.366644E-3
9.645000E-3	-7.720947E-3
9.650000E-3	-7.210970E-3
9.655000E-3	-7.268548E-3
9.660000E-3	-7.526278E-3
9.665000E-3	-8.030772E-3
9.670000E-3	-8.473575E-3
9.675000E-3	-9.016454E-3
9.680000E-3	-9.457886E-3
9.685000E-3	-9.607315E-3
9.690000E-3	-9.483933E-3
9.695000E-3	-9.663522E-3
9.700000E-3	-9.803355E-3
9.705000E-3	-9.851336E-3
9.710000E-3	-9.989798E-3
9.715000E-3	-1.011866E-2
9.720000E-3	-1.052582E-2
9.725000E-3	-1.055735E-2
9.730000E-3	-1.059711E-2
9.735000E-3	-1.053679E-2
9.740000E-3	-1.052994E-2
9.745000E-3	-1.065606E-2
9.750000E-3	-1.051623E-2
9.755000E-3	-1.022422E-2
9.760000E-3	-1.009673E-2
9.765000E-3	-9.623766E-3
9.770000E-3	-9.128869E-3
9.775000E-3	-8.788884E-3
9.780000E-3	-8.402288E-3
9.785000E-3	-8.188426E-3
9.790000E-3	-8.089721E-3
9.795000E-3	-7.903278E-3
9.800000E-3	-7.740140E-3
9.805000E-3	-7.886827E-3
9.810000E-3	-8.034885E-3
9.815000E-3	-8.662760E-3
9.820000E-3	-9.392083E-3
9.825000E-3	-1.000351E-2
9.830000E-3	-1.057792E-2
9.835000E-3	-1.049978E-2
9.840000E-3	-1.000899E-2
9.845000E-3	-9.618282E-3
9.850000E-3	-9.259105E-3
9.855000E-3	-9.127498E-3
9.860000E-3	-9.339988E-3
9.865000E-3	-9.509981E-3
9.870000E-3	-9.626508E-3
9.875000E-3	-9.515464E-3
9.880000E-3	-9.468853E-3
9.885000E-3	-9.100080E-3
9.890000E-3	-8.468091E-3
9.895000E-3	-8.084238E-3
9.900000E-3	-7.910132E-3
9.905000E-3	-7.533133E-3
9.910000E-3	-7.737398E-3
9.915000E-3	-8.096576E-3
9.920000E-3	-8.543491E-3
9.925000E-3	-9.017825E-3
9.930000E-3	-9.614170E-3
9.935000E-3	-1.010221E-2
9.940000E-3	-1.046687E-2
9.945000E-3	-1.093161E-2
9.950000E-3	-1.118112E-2
9.955000E-3	-1.131135E-2
9.960000E-3	-1.121128E-2
9.965000E-3	-1.114684E-2
9.970000E-3	-1.103169E-2
9.975000E-3	-1.106870E-2
9.980000E-3	-1.145393E-2
9.985000E-3	-1.177472E-2
9.990000E-3	-1.174593E-2
9.995000E-3	-1.177609E-2
