0.000000E+0	-8.458495E-4
5.000000E-6	-8.225441E-4
1.000000E-5	-6.950498E-4
1.500000E-5	-6.772280E-4
2.000000E-5	-8.910894E-4
2.500000E-5	-7.402897E-4
3.000000E-5	-8.074641E-4
3.500000E-5	-6.402135E-4
4.000000E-5	-6.402135E-4
4.500000E-5	-7.539988E-4
5.000000E-5	-7.759333E-4
5.500000E-5	-7.649660E-4
6.000000E-5	-8.499622E-4
6.500000E-5	-9.034276E-4
7.000000E-5	-8.801222E-4
7.500000E-5	-7.210970E-4
8.000000E-5	-6.964207E-4
8.500000E-5	-7.375479E-4
9.000000E-5	-8.417368E-4
9.500000E-5	-8.472204E-4
1.000000E-4	-9.281039E-4
1.050000E-4	-9.774566E-4
1.100000E-4	-9.664893E-4
1.150000E-4	-8.527040E-4
1.200000E-4	-6.319880E-4
1.250000E-4	-7.690787E-4
1.300000E-4	-8.129478E-4
1.350000E-4	-8.211732E-4
1.400000E-4	-7.581115E-4
1.450000E-4	-7.827878E-4
1.500000E-4	-8.252859E-4
1.550000E-4	-6.525517E-4
1.600000E-4	-7.992387E-4
1.650000E-4	-9.939075E-4
1.700000E-4	-9.843111E-4
1.750000E-4	-8.979440E-4
1.800000E-4	-7.430315E-4
1.850000E-4	-7.101297E-4
1.900000E-4	-6.690025E-4
1.950000E-4	-6.662607E-4
2.000000E-4	-6.703734E-4
2.050000E-4	-7.210970E-4
2.100000E-4	-7.649660E-4
2.150000E-4	-7.375479E-4
2.200000E-4	-9.500384E-4
2.250000E-4	-9.239912E-4
2.300000E-4	-7.841587E-4
2.350000E-4	-9.075403E-4
2.400000E-4	-9.801984E-4
2.450000E-4	-9.911656E-4
2.500000E-4	-9.514093E-4
2.550000E-4	-7.635951E-4
2.600000E-4	-6.662607E-4
2.650000E-4	-6.991625E-4
2.700000E-4	-7.361770E-4
2.750000E-4	-8.060932E-4
2.800000E-4	-7.594824E-4
2.850000E-4	-7.197261E-4
2.900000E-4	-8.718967E-4
2.950000E-4	-8.225441E-4
3.000000E-4	-7.827878E-4
3.050000E-4	-8.664131E-4
3.100000E-4	-9.363294E-4
3.150000E-4	-8.444786E-4
3.200000E-4	-7.539988E-4
3.250000E-4	-8.184314E-4
3.300000E-4	-8.910894E-4
3.350000E-4	-9.116530E-4
3.400000E-4	-8.897185E-4
3.450000E-4	-9.486675E-4
3.500000E-4	-7.937551E-4
3.550000E-4	-8.801222E-4
3.600000E-4	-7.964969E-4
3.650000E-4	-8.664131E-4
3.700000E-4	-7.361770E-4
3.750000E-4	-7.964969E-4
3.800000E-4	-7.677078E-4
3.850000E-4	-8.102059E-4
3.900000E-4	-8.389950E-4
3.950000E-4	-8.472204E-4
4.000000E-4	-8.472204E-4
4.050000E-4	-8.239150E-4
4.100000E-4	-8.952022E-4
4.150000E-4	-9.185076E-4
4.200000E-4	-8.883476E-4
4.250000E-4	-9.843111E-4
4.300000E-4	-9.130239E-4
4.350000E-4	-8.924603E-4
4.400000E-4	-9.061694E-4
4.450000E-4	-7.910132E-4
4.500000E-4	-8.211732E-4
4.550000E-4	-7.032752E-4
4.600000E-4	-6.607771E-4
4.650000E-4	-9.815693E-4
4.700000E-4	-8.883476E-4
4.750000E-4	-8.321404E-4
4.800000E-4	-9.239912E-4
4.850000E-4	-9.568930E-4
4.900000E-4	-8.787513E-4
4.950000E-4	-9.678602E-4
5.000000E-4	-9.993911E-4
5.050000E-4	-9.610057E-4
5.100000E-4	-7.210970E-4
5.150000E-4	-5.401373E-4
5.200000E-4	-6.456971E-4
5.250000E-4	-6.141663E-4
5.300000E-4	-7.238388E-4
5.350000E-4	-8.033514E-4
5.400000E-4	-8.266568E-4
5.450000E-4	-7.937551E-4
5.500000E-4	-9.500384E-4
5.550000E-4	-7.581115E-4
5.600000E-4	-7.060170E-4
5.650000E-4	-1.011729E-3
5.700000E-4	-8.225441E-4
5.750000E-4	-7.430315E-4
5.800000E-4	-6.251335E-4
5.850000E-4	-8.856058E-4
5.900000E-4	-9.500384E-4
5.950000E-4	-7.594824E-4
6.000000E-4	-9.486675E-4
6.050000E-4	-9.212494E-4
6.100000E-4	-7.485151E-4
6.150000E-4	-7.444024E-4
6.200000E-4	-7.964969E-4
6.250000E-4	-8.198023E-4
6.300000E-4	-7.142425E-4
6.350000E-4	-8.019805E-4
6.400000E-4	-9.020567E-4
6.450000E-4	-8.444786E-4
6.500000E-4	-8.499622E-4
6.550000E-4	-8.842349E-4
6.600000E-4	-8.910894E-4
6.650000E-4	-1.025438E-3
6.700000E-4	-8.485913E-4
6.750000E-4	-8.266568E-4
6.800000E-4	-8.321404E-4
6.850000E-4	-8.047223E-4
6.900000E-4	-8.938313E-4
6.950000E-4	-7.169843E-4
7.000000E-4	-9.445548E-4
7.050000E-4	-9.089112E-4
7.100000E-4	-1.080275E-3
7.150000E-4	-9.952784E-4
7.200000E-4	-8.472204E-4
7.250000E-4	-7.402897E-4
7.300000E-4	-7.649660E-4
7.350000E-4	-8.307695E-4
7.400000E-4	-7.773042E-4
7.450000E-4	-7.567406E-4
7.500000E-4	-7.348061E-4
7.550000E-4	-7.827878E-4
7.600000E-4	-9.198785E-4
7.650000E-4	-8.362532E-4
7.700000E-4	-7.567406E-4
7.750000E-4	-9.527802E-4
7.800000E-4	-9.774566E-4
7.850000E-4	-7.361770E-4
7.900000E-4	-5.675554E-4
7.950000E-4	-7.320642E-4
8.000000E-4	-8.513331E-4
8.050000E-4	-7.923841E-4
8.100000E-4	-8.718967E-4
8.150000E-4	-9.089112E-4
8.200000E-4	-9.267330E-4
8.250000E-4	-1.015842E-3
8.300000E-4	-8.856058E-4
8.350000E-4	-8.033514E-4
8.400000E-4	-7.032752E-4
8.450000E-4	-7.169843E-4
8.500000E-4	-7.252097E-4
8.550000E-4	-9.815693E-4
8.600000E-4	-7.622242E-4
8.650000E-4	-7.827878E-4
8.700000E-4	-8.088350E-4
8.750000E-4	-7.786751E-4
8.800000E-4	-7.649660E-4
8.850000E-4	-8.623004E-4
8.900000E-4	-1.063824E-3
8.950000E-4	-1.069307E-3
9.000000E-4	-9.322166E-4
9.050000E-4	-9.486675E-4
9.100000E-4	-9.801984E-4
9.150000E-4	-8.115768E-4
9.200000E-4	-8.444786E-4
9.250000E-4	-9.801984E-4
9.300000E-4	-7.416606E-4
9.350000E-4	-8.650422E-4
9.400000E-4	-1.065195E-3
9.450000E-4	-9.404421E-4
9.500000E-4	-9.706020E-4
9.550000E-4	-9.377003E-4
9.600000E-4	-9.459257E-4
9.650000E-4	-6.648898E-4
9.700000E-4	-8.293986E-4
9.750000E-4	-8.198023E-4
9.800000E-4	-9.102821E-4
9.850000E-4	-7.978678E-4
9.900000E-4	-7.238388E-4
9.950000E-4	-7.992387E-4
1.000000E-3	-7.252097E-4
1.005000E-3	-7.032752E-4
1.010000E-3	-7.361770E-4
1.015000E-3	-7.444024E-4
1.020000E-3	-8.540750E-4
1.025000E-3	-8.225441E-4
1.030000E-3	-7.704496E-4
1.035000E-3	-8.266568E-4
1.040000E-3	-8.869767E-4
1.045000E-3	-8.444786E-4
1.050000E-3	-9.925365E-4
1.055000E-3	-1.081645E-3
1.060000E-3	-1.055598E-3
1.065000E-3	-8.129478E-4
1.070000E-3	-6.717443E-4
1.075000E-3	-6.155372E-4
1.080000E-3	-7.704496E-4
1.085000E-3	-9.472966E-4
1.090000E-3	-8.280277E-4
1.095000E-3	-8.417368E-4
1.100000E-3	-8.691549E-4
1.105000E-3	-9.281039E-4
1.110000E-3	-9.801984E-4
1.115000E-3	-1.083016E-3
1.120000E-3	-1.014471E-3
1.125000E-3	-9.815693E-4
1.130000E-3	-9.281039E-4
1.135000E-3	-1.046002E-3
1.140000E-3	-9.281039E-4
1.145000E-3	-7.457733E-4
1.150000E-3	-7.594824E-4
1.155000E-3	-8.444786E-4
1.160000E-3	-7.142425E-4
1.165000E-3	-6.731153E-4
1.170000E-3	-7.334352E-4
1.175000E-3	-6.388426E-4
1.180000E-3	-7.526278E-4
1.185000E-3	-8.293986E-4
1.190000E-3	-8.527040E-4
1.195000E-3	-9.006858E-4
1.200000E-3	-1.008987E-3
1.205000E-3	-8.348823E-4
1.210000E-3	-9.377003E-4
1.215000E-3	-8.883476E-4
1.220000E-3	-7.210970E-4
1.225000E-3	-5.840063E-4
1.230000E-3	-6.182790E-4
1.235000E-3	-7.800460E-4
1.240000E-3	-9.239912E-4
1.245000E-3	-8.444786E-4
1.250000E-3	-9.349585E-4
1.255000E-3	-9.267330E-4
1.260000E-3	-8.993149E-4
1.265000E-3	-7.827878E-4
1.270000E-3	-8.814931E-4
1.275000E-3	-9.472966E-4
1.280000E-3	-8.266568E-4
1.285000E-3	-8.266568E-4
1.290000E-3	-9.843111E-4
1.295000E-3	-9.952784E-4
1.300000E-3	-8.472204E-4
1.305000E-3	-9.527802E-4
1.310000E-3	-1.059711E-3
1.315000E-3	-9.952784E-4
1.320000E-3	-8.746386E-4
1.325000E-3	-8.664131E-4
1.330000E-3	-8.444786E-4
1.335000E-3	-7.882714E-4
1.340000E-3	-8.184314E-4
1.345000E-3	-9.377003E-4
1.350000E-3	-7.690787E-4
1.355000E-3	-7.210970E-4
1.360000E-3	-9.157658E-4
1.365000E-3	-1.055598E-3
1.370000E-3	-9.116530E-4
1.375000E-3	-8.664131E-4
1.380000E-3	-8.952022E-4
1.385000E-3	-8.143187E-4
1.390000E-3	-7.567406E-4
1.395000E-3	-7.416606E-4
1.400000E-3	-8.225441E-4
1.405000E-3	-8.650422E-4
1.410000E-3	-8.677840E-4
1.415000E-3	-9.363294E-4
1.420000E-3	-8.156896E-4
1.425000E-3	-9.075403E-4
1.430000E-3	-7.923841E-4
1.435000E-3	-7.375479E-4
1.440000E-3	-8.718967E-4
1.445000E-3	-7.622242E-4
1.450000E-3	-7.937551E-4
1.455000E-3	-8.198023E-4
1.460000E-3	-8.335114E-4
1.465000E-3	-7.060170E-4
1.470000E-3	-7.759333E-4
1.475000E-3	-7.512569E-4
1.480000E-3	-7.910132E-4
1.485000E-3	-8.006096E-4
1.490000E-3	-8.623004E-4
1.495000E-3	-6.991625E-4
1.500000E-3	-7.348061E-4
1.505000E-3	-6.923079E-4
1.510000E-3	-7.334352E-4
1.515000E-3	-6.292462E-4
1.520000E-3	-7.485151E-4
1.525000E-3	-6.881952E-4
1.530000E-3	-7.115006E-4
1.535000E-3	-6.731153E-4
1.540000E-3	-6.059408E-4
1.545000E-3	-7.827878E-4
1.550000E-3	-8.732677E-4
1.555000E-3	-8.746386E-4
1.560000E-3	-7.841587E-4
1.565000E-3	-7.183552E-4
1.570000E-3	-7.279515E-4
1.575000E-3	-8.664131E-4
1.580000E-3	-8.801222E-4
1.585000E-3	-7.704496E-4
1.590000E-3	-7.745624E-4
1.595000E-3	-9.719729E-4
1.600000E-3	-8.307695E-4
1.605000E-3	-7.594824E-4
1.610000E-3	-7.197261E-4
1.615000E-3	-8.403659E-4
1.620000E-3	-7.142425E-4
1.625000E-3	-6.868243E-4
1.630000E-3	-6.265044E-4
1.635000E-3	-8.499622E-4
1.640000E-3	-8.485913E-4
1.645000E-3	-7.087588E-4
1.650000E-3	-6.813407E-4
1.655000E-3	-7.073879E-4
1.660000E-3	-8.102059E-4
1.665000E-3	-8.307695E-4
1.670000E-3	-8.060932E-4
1.675000E-3	-8.760095E-4
1.680000E-3	-7.731915E-4
1.685000E-3	-8.499622E-4
1.690000E-3	-7.951260E-4
1.695000E-3	-9.980202E-4
1.700000E-3	-8.650422E-4
1.705000E-3	-8.787513E-4
1.710000E-3	-9.788275E-4
1.715000E-3	-8.814931E-4
1.720000E-3	-8.746386E-4
1.725000E-3	-8.019805E-4
1.730000E-3	-8.760095E-4
1.735000E-3	-9.349585E-4
1.740000E-3	-9.596348E-4
1.745000E-3	-8.156896E-4
1.750000E-3	-8.252859E-4
1.755000E-3	-8.403659E-4
1.760000E-3	-6.881952E-4
1.765000E-3	-6.470680E-4
1.770000E-3	-7.279515E-4
1.775000E-3	-7.306933E-4
1.780000E-3	-7.101297E-4
1.785000E-3	-7.101297E-4
1.790000E-3	-7.430315E-4
1.795000E-3	-5.853772E-4
1.800000E-3	-6.827116E-4
1.805000E-3	-7.101297E-4
1.810000E-3	-7.348061E-4
1.815000E-3	-8.006096E-4
1.820000E-3	-7.814169E-4
1.825000E-3	-1.000762E-3
1.830000E-3	-1.063824E-3
1.835000E-3	-8.746386E-4
1.840000E-3	-7.348061E-4
1.845000E-3	-8.389950E-4
1.850000E-3	-7.814169E-4
1.855000E-3	-6.429553E-4
1.860000E-3	-6.539226E-4
1.865000E-3	-7.485151E-4
1.870000E-3	-8.170605E-4
1.875000E-3	-7.923841E-4
1.880000E-3	-7.485151E-4
1.885000E-3	-7.224679E-4
1.890000E-3	-8.691549E-4
1.895000E-3	-8.074641E-4
1.900000E-3	-6.840825E-4
1.905000E-3	-6.977916E-4
1.910000E-3	-6.347299E-4
1.915000E-3	-9.006858E-4
1.920000E-3	-8.924603E-4
1.925000E-3	-9.226203E-4
1.930000E-3	-7.320642E-4
1.935000E-3	-7.814169E-4
1.940000E-3	-7.402897E-4
1.945000E-3	-8.910894E-4
1.950000E-3	-8.540750E-4
1.955000E-3	-7.402897E-4
1.960000E-3	-6.758571E-4
1.965000E-3	-7.471442E-4
1.970000E-3	-6.936789E-4
1.975000E-3	-8.102059E-4
1.980000E-3	-7.800460E-4
1.985000E-3	-8.431077E-4
1.990000E-3	-9.486675E-4
1.995000E-3	-8.664131E-4
2.000000E-3	-7.293224E-4
2.005000E-3	-7.786751E-4
2.010000E-3	-7.539988E-4
2.015000E-3	-5.387664E-4
2.020000E-3	-8.335114E-4
2.025000E-3	-9.294748E-4
2.030000E-3	-1.078904E-3
2.035000E-3	-9.623766E-4
2.040000E-3	-8.650422E-4
2.045000E-3	-8.019805E-4
2.050000E-3	-6.744862E-4
2.055000E-3	-7.827878E-4
2.060000E-3	-8.540750E-4
2.065000E-3	-7.471442E-4
2.070000E-3	-7.402897E-4
2.075000E-3	-7.019043E-4
2.080000E-3	-9.226203E-4
2.085000E-3	-8.732677E-4
2.090000E-3	-7.142425E-4
2.095000E-3	-6.758571E-4
2.100000E-3	-7.238388E-4
2.105000E-3	-8.623004E-4
2.110000E-3	-7.827878E-4
2.115000E-3	-7.800460E-4
2.120000E-3	-7.786751E-4
2.125000E-3	-8.472204E-4
2.130000E-3	-8.773804E-4
2.135000E-3	-7.526278E-4
2.140000E-3	-7.142425E-4
2.145000E-3	-8.636713E-4
2.150000E-3	-6.799698E-4
2.155000E-3	-7.402897E-4
2.160000E-3	-8.335114E-4
2.165000E-3	-8.458495E-4
2.170000E-3	-8.307695E-4
2.175000E-3	-9.719729E-4
2.180000E-3	-8.773804E-4
2.185000E-3	-8.814931E-4
2.190000E-3	-9.143949E-4
2.195000E-3	-6.923079E-4
2.200000E-3	-7.142425E-4
2.205000E-3	-7.361770E-4
2.210000E-3	-8.102059E-4
2.215000E-3	-8.979440E-4
2.220000E-3	-8.156896E-4
2.225000E-3	-8.883476E-4
2.230000E-3	-6.484389E-4
2.235000E-3	-5.744100E-4
2.240000E-3	-6.580353E-4
2.245000E-3	-9.952784E-4
2.250000E-3	-9.281039E-4
2.255000E-3	-8.307695E-4
2.260000E-3	-9.596348E-4
2.265000E-3	-9.884238E-4
2.270000E-3	-7.690787E-4
2.275000E-3	-5.661845E-4
2.280000E-3	-7.032752E-4
2.285000E-3	-7.320642E-4
2.290000E-3	-6.895661E-4
2.295000E-3	-6.950498E-4
2.300000E-3	-8.198023E-4
2.305000E-3	-8.047223E-4
2.310000E-3	-7.978678E-4
2.315000E-3	-7.581115E-4
2.320000E-3	-9.719729E-4
2.325000E-3	-1.011729E-3
2.330000E-3	-9.130239E-4
2.335000E-3	-7.210970E-4
2.340000E-3	-6.840825E-4
2.345000E-3	-8.156896E-4
2.350000E-3	-7.279515E-4
2.355000E-3	-9.034276E-4
2.360000E-3	-8.732677E-4
2.365000E-3	-9.157658E-4
2.370000E-3	-5.195737E-4
2.375000E-3	-8.718967E-4
2.380000E-3	-6.881952E-4
2.385000E-3	-1.121402E-3
2.390000E-3	-6.566644E-4
2.395000E-3	-1.232445E-3
2.400000E-3	-3.098249E-4
2.405000E-3	-1.141965E-3
2.410000E-3	-1.795888E-4
2.415000E-3	-1.491547E-3
2.420000E-3	7.539988E-5
2.425000E-3	-1.800001E-3
2.430000E-3	3.619194E-4
2.435000E-3	-2.244174E-3
2.440000E-3	1.111805E-3
2.445000E-3	-2.800763E-3
2.450000E-3	1.883626E-3
2.455000E-3	-3.977001E-3
2.460000E-3	3.986597E-3
2.465000E-3	-1.112217E-2
2.470000E-3	-3.947663E-2
2.475000E-3	-2.520426E-1
2.480000E-3	-5.507481E-1
2.485000E-3	-3.393584E-1
2.490000E-3	-6.946111E-2
2.495000E-3	-1.574884E-1
2.500000E-3	5.858776E-1
2.505000E-3	7.838311E-1
2.510000E-3	-4.098545E-1
2.515000E-3	4.013604E-2
2.520000E-3	6.646910E-1
2.525000E-3	-3.667560E-1
2.530000E-3	-2.712079E-1
2.535000E-3	6.365367E-1
2.540000E-3	-3.766155E-2
2.545000E-3	-2.495105E-1
2.550000E-3	7.048833E-1
2.555000E-3	7.920551E-2
2.560000E-3	-5.414122E-1
2.565000E-3	3.967432E-1
2.570000E-3	8.283156E-2
2.575000E-3	-4.875836E-1
2.580000E-3	3.023562E-1
2.585000E-3	9.707803E-2
2.590000E-3	-5.635757E-1
2.595000E-3	1.953049E-1
2.600000E-3	2.371532E-1
2.605000E-3	-5.197272E-1
2.610000E-3	1.114451E-1
2.615000E-3	3.232283E-1
2.620000E-3	-5.086613E-1
2.625000E-3	-9.593469E-2
2.630000E-3	3.283719E-1
2.635000E-3	-3.034475E-1
2.640000E-3	-7.068121E-2
2.645000E-3	3.383590E-1
2.650000E-3	-2.903101E-1
2.655000E-3	-1.321746E-1
2.660000E-3	3.068926E-1
2.665000E-3	-2.355684E-1
2.670000E-3	-1.569894E-1
2.675000E-3	3.428076E-1
2.680000E-3	-9.993774E-2
2.685000E-3	-1.976779E-1
2.690000E-3	2.744693E-1
2.695000E-3	-5.980444E-2
2.700000E-3	-2.454609E-1
2.705000E-3	2.045283E-1
2.710000E-3	4.327267E-2
2.715000E-3	-2.324057E-1
2.720000E-3	1.844377E-1
2.725000E-3	1.676043E-1
2.730000E-3	-1.746138E-1
2.735000E-3	1.173935E-1
2.740000E-3	1.370729E-1
2.745000E-3	-2.063228E-1
2.750000E-3	6.801480E-2
2.755000E-3	1.919763E-1
2.760000E-3	-1.186396E-1
2.765000E-3	2.795279E-2
2.770000E-3	1.301909E-1
2.775000E-3	-1.916953E-1
2.780000E-3	-8.657414E-2
2.785000E-3	1.663815E-1
2.790000E-3	-8.308792E-2
2.795000E-3	-5.961388E-2
2.800000E-3	1.551853E-1
2.805000E-3	-5.903262E-2
2.810000E-3	-1.143227E-1
2.815000E-3	7.688594E-2
2.820000E-3	-2.828592E-2
2.825000E-3	-1.142486E-1
2.830000E-3	6.185669E-2
2.835000E-3	9.165883E-3
2.840000E-3	-1.028564E-1
2.845000E-3	7.669950E-2
2.850000E-3	5.348456E-2
2.855000E-3	-8.802456E-2
2.860000E-3	3.307039E-2
2.865000E-3	3.346932E-2
2.870000E-3	-8.114535E-2
2.875000E-3	3.214228E-2
2.880000E-3	7.779896E-2
2.885000E-3	-6.726354E-2
2.890000E-3	5.498707E-3
2.895000E-3	7.218647E-2
2.900000E-3	-7.638556E-2
2.905000E-3	-2.198660E-2
2.910000E-3	5.372310E-2
2.915000E-3	-7.091290E-2
2.920000E-3	-2.997214E-2
2.925000E-3	5.041236E-2
2.930000E-3	-4.952812E-2
2.935000E-3	-3.482652E-2
2.940000E-3	5.325699E-2
2.945000E-3	1.052994E-2
2.950000E-3	-7.167101E-3
2.955000E-3	6.460124E-2
2.960000E-3	1.405865E-2
2.965000E-3	-4.399240E-2
2.970000E-3	4.859316E-2
2.975000E-3	3.273177E-2
2.980000E-3	-3.825790E-2
2.985000E-3	2.483946E-2
2.990000E-3	1.348835E-2
2.995000E-3	-6.438053E-2
3.000000E-3	-1.133329E-2
3.005000E-3	1.094669E-2
3.010000E-3	-5.092782E-2
3.015000E-3	-5.343795E-3
3.020000E-3	3.607816E-2
3.025000E-3	-1.894045E-2
3.030000E-3	-1.942575E-3
3.035000E-3	2.883840E-2
3.040000E-3	-3.498006E-2
3.045000E-3	-3.385317E-2
3.050000E-3	2.813786E-2
3.055000E-3	-1.409703E-2
3.060000E-3	-1.899529E-2
3.065000E-3	5.355996E-2
3.070000E-3	9.492159E-3
3.075000E-3	-2.083778E-2
3.080000E-3	3.870893E-2
3.085000E-3	5.472660E-3
3.090000E-3	-1.580518E-2
3.095000E-3	4.529887E-2
3.100000E-3	2.590466E-2
3.105000E-3	-2.151364E-2
3.110000E-3	1.016116E-2
3.115000E-3	4.578829E-3
3.120000E-3	-3.134167E-2
3.125000E-3	-7.331610E-3
3.130000E-3	-1.206809E-2
3.135000E-3	-3.784251E-2
3.140000E-3	-9.034276E-3
3.145000E-3	-6.339073E-3
3.150000E-3	-2.490252E-2
3.155000E-3	4.674792E-4
3.160000E-3	6.788731E-3
3.165000E-3	-9.674489E-3
3.170000E-3	8.280277E-3
3.175000E-3	1.378584E-2
3.180000E-3	-7.523537E-3
3.185000E-3	9.747148E-4
3.190000E-3	1.447678E-3
3.195000E-3	-1.802057E-2
3.200000E-3	3.022850E-3
3.205000E-3	1.317441E-2
3.210000E-3	6.854534E-6
3.215000E-3	2.645439E-2
3.220000E-3	3.173101E-2
3.225000E-3	3.586292E-3
3.230000E-3	5.397260E-3
3.235000E-3	-1.381874E-3
3.240000E-3	-2.044433E-2
3.245000E-3	1.672506E-3
3.250000E-3	2.243626E-2
3.255000E-3	6.509066E-3
3.260000E-3	3.232598E-3
3.265000E-3	7.549584E-3
3.270000E-3	-1.346231E-2
3.275000E-3	-1.133192E-2
3.280000E-3	1.092339E-2
3.285000E-3	-1.701295E-3
3.290000E-3	-1.139772E-2
3.295000E-3	6.507695E-3
3.300000E-3	-5.620718E-4
3.305000E-3	-2.352613E-2
3.310000E-3	-1.056284E-2
3.315000E-3	-5.268395E-3
3.320000E-3	-2.230465E-2
3.325000E-3	-7.601678E-3
3.330000E-3	3.036559E-3
3.335000E-3	-3.069460E-3
3.340000E-3	1.093572E-2
3.345000E-3	1.128393E-2
3.350000E-3	-1.834273E-2
3.355000E-3	-2.504098E-2
3.360000E-3	-1.916802E-2
3.365000E-3	-2.694654E-2
3.370000E-3	-1.174045E-2
3.375000E-3	1.609582E-2
3.380000E-3	1.259452E-2
3.385000E-3	8.592844E-3
3.390000E-3	1.875538E-2
3.395000E-3	2.467632E-5
3.400000E-3	-1.777381E-2
3.405000E-3	-5.748212E-3
3.410000E-3	8.266568E-4
3.415000E-3	-4.757047E-4
3.420000E-3	1.084661E-2
3.425000E-3	1.842636E-2
3.430000E-3	1.134974E-2
3.435000E-3	1.584631E-2
3.440000E-3	2.161235E-2
3.445000E-3	1.290709E-2
3.450000E-3	1.060808E-2
3.455000E-3	5.857885E-3
3.460000E-3	-9.755373E-3
3.465000E-3	-6.381571E-3
3.470000E-3	5.864739E-3
3.475000E-3	-4.114091E-3
3.480000E-3	-9.560704E-3
3.485000E-3	-5.702972E-4
3.490000E-3	-1.044083E-2
3.495000E-3	-1.871699E-2
3.500000E-3	-3.687739E-3
3.505000E-3	-1.067251E-2
3.510000E-3	-2.312034E-2
3.515000E-3	-1.247525E-2
3.520000E-3	-1.403534E-2
3.525000E-3	-2.208942E-2
3.530000E-3	-8.435190E-3
3.535000E-3	6.558418E-3
3.540000E-3	1.726246E-2
3.545000E-3	2.964723E-2
3.550000E-3	2.223063E-2
3.555000E-3	-3.542423E-3
3.560000E-3	-6.966949E-3
3.565000E-3	5.242348E-3
3.570000E-3	1.731455E-3
3.575000E-3	5.681038E-3
3.580000E-3	1.085758E-2
3.585000E-3	2.782941E-3
3.590000E-3	4.630923E-3
3.595000E-3	5.379438E-3
3.600000E-3	-8.762836E-3
3.605000E-3	-1.608348E-2
3.610000E-3	-1.073146E-2
3.615000E-3	-1.598752E-2
3.620000E-3	-1.592582E-2
3.625000E-3	7.113636E-3
3.630000E-3	1.464814E-2
3.635000E-3	1.538980E-2
3.640000E-3	2.046216E-2
3.645000E-3	5.982637E-3
3.650000E-3	-7.553697E-3
3.655000E-3	-4.561007E-3
3.660000E-3	-5.443871E-3
3.665000E-3	-6.393909E-3
3.670000E-3	1.473725E-3
3.675000E-3	-1.269460E-3
3.680000E-3	-9.747148E-3
3.685000E-3	-3.737092E-3
3.690000E-3	-4.763901E-3
3.695000E-3	-1.161432E-2
3.700000E-3	-2.166033E-3
3.705000E-3	-1.575172E-3
3.710000E-3	-1.796848E-2
3.715000E-3	-1.947099E-2
3.720000E-3	-1.607662E-2
3.725000E-3	-2.977884E-2
3.730000E-3	-2.909338E-2
3.735000E-3	-9.178221E-3
3.740000E-3	-1.957655E-3
3.745000E-3	3.218889E-3
3.750000E-3	1.304418E-2
3.755000E-3	5.149126E-3
3.760000E-3	1.329780E-3
3.765000E-3	1.140594E-2
3.770000E-3	1.185286E-2
3.775000E-3	1.952034E-2
3.780000E-3	3.081936E-2
3.785000E-3	2.324921E-2
3.790000E-3	1.974243E-2
3.795000E-3	2.600884E-2
3.800000E-3	1.501554E-2
3.805000E-3	5.310893E-3
3.810000E-3	9.854078E-3
3.815000E-3	-1.727343E-3
3.820000E-3	-1.123732E-2
3.825000E-3	-3.934503E-4
3.830000E-3	-3.262758E-3
3.835000E-3	-1.253283E-2
3.840000E-3	-2.918661E-3
3.845000E-3	2.704799E-3
3.850000E-3	-3.150344E-3
3.855000E-3	4.277229E-3
3.860000E-3	5.066872E-3
3.865000E-3	-9.737551E-3
3.870000E-3	-2.730846E-3
3.875000E-3	4.196346E-3
3.880000E-3	-9.836257E-3
3.885000E-3	-1.954913E-3
3.890000E-3	1.011318E-2
3.895000E-3	-3.922164E-3
3.900000E-3	-1.200640E-2
3.905000E-3	-1.200092E-2
3.910000E-3	-2.914137E-2
3.915000E-3	-3.765196E-2
3.920000E-3	-2.178508E-2
3.925000E-3	-1.516497E-2
3.930000E-3	-1.287419E-2
3.935000E-3	2.895355E-3
3.940000E-3	4.142880E-3
3.945000E-3	-7.642806E-3
3.950000E-3	-5.014777E-3
3.955000E-3	-2.178371E-3
3.960000E-3	-9.259105E-3
3.965000E-3	-7.339835E-3
3.970000E-3	1.028180E-4
3.975000E-3	-2.139986E-3
3.980000E-3	1.063824E-2
3.985000E-3	3.069186E-2
3.990000E-3	2.393740E-2
3.995000E-3	1.909810E-2
4.000000E-3	2.004814E-2
4.005000E-3	-5.840063E-4
4.010000E-3	-1.259452E-2
4.015000E-3	-7.420719E-3
4.020000E-3	-1.075339E-2
4.025000E-3	-1.124555E-2
4.030000E-3	1.435339E-3
4.035000E-3	6.169081E-5
4.040000E-3	-9.570301E-3
4.045000E-3	-4.051030E-3
4.050000E-3	-3.782332E-3
4.055000E-3	-7.435799E-3
4.060000E-3	2.654076E-3
4.065000E-3	3.934503E-3
4.070000E-3	-2.145469E-3
4.075000E-3	6.373346E-3
4.080000E-3	1.262605E-2
4.085000E-3	8.609295E-3
4.090000E-3	1.122361E-2
4.095000E-3	1.064235E-2
4.100000E-3	-3.605485E-3
4.105000E-3	-8.688807E-3
4.110000E-3	-3.228486E-3
4.115000E-3	-4.920185E-3
4.120000E-3	-4.284084E-3
4.125000E-3	1.608074E-3
4.130000E-3	2.961159E-4
4.135000E-3	3.221631E-4
4.140000E-3	6.174564E-3
4.145000E-3	4.736483E-3
4.150000E-3	-1.347601E-3
4.155000E-3	-7.786751E-4
4.160000E-3	-4.966795E-3
4.165000E-3	-1.296878E-2
4.170000E-3	-6.718814E-3
4.175000E-3	7.019043E-4
4.180000E-3	1.895964E-3
4.185000E-3	8.317292E-3
4.190000E-3	8.862913E-3
4.195000E-3	-3.207922E-4
4.200000E-3	-1.736939E-3
4.205000E-3	1.893222E-3
4.210000E-3	-3.353238E-3
4.215000E-3	-4.658341E-3
4.220000E-3	-2.275705E-4
4.225000E-3	-5.474031E-3
4.230000E-3	-8.310437E-3
4.235000E-3	-2.821326E-3
4.240000E-3	-4.085302E-3
4.245000E-3	-2.940595E-3
4.250000E-3	4.744709E-3
4.255000E-3	1.847982E-3
4.260000E-3	-3.504038E-3
4.265000E-3	2.157807E-3
4.270000E-3	5.797565E-3
4.275000E-3	4.940748E-3
4.280000E-3	1.050252E-2
4.285000E-3	9.423614E-3
4.290000E-3	1.069307E-3
4.295000E-3	2.989948E-3
4.300000E-3	4.430771E-3
4.305000E-3	1.806855E-3
4.310000E-3	6.840825E-3
4.315000E-3	7.474184E-3
4.320000E-3	-1.979589E-3
4.325000E-3	-7.646918E-3
4.330000E-3	-9.360552E-3
4.335000E-3	-1.421905E-2
4.340000E-3	-1.172811E-2
4.345000E-3	-6.116986E-3
4.350000E-3	-7.767558E-3
4.355000E-3	-4.928410E-3
4.360000E-3	-1.590252E-4
4.365000E-3	-4.931152E-3
4.370000E-3	-8.145928E-3
4.375000E-3	-6.393909E-3
4.380000E-3	-6.531000E-3
4.385000E-3	-3.218889E-3
4.390000E-3	3.272355E-3
4.395000E-3	1.560092E-3
4.400000E-3	-2.896726E-3
4.405000E-3	-3.313482E-3
4.410000E-3	-8.624375E-3
4.415000E-3	-9.745777E-3
4.420000E-3	2.961159E-4
4.425000E-3	6.724298E-3
4.430000E-3	8.987665E-3
4.435000E-3	1.210785E-2
4.440000E-3	9.688199E-3
4.445000E-3	6.234884E-3
4.450000E-3	8.891702E-3
4.455000E-3	6.738007E-3
4.460000E-3	-2.734959E-3
4.465000E-3	-7.982790E-3
4.470000E-3	-1.333618E-2
4.475000E-3	-1.798767E-2
4.480000E-3	-1.293999E-2
4.485000E-3	-7.087588E-3
4.490000E-3	-5.452096E-3
4.495000E-3	-2.612948E-3
4.500000E-3	-1.780808E-3
4.505000E-3	-3.617823E-3
4.510000E-3	-1.037776E-3
4.515000E-3	4.388273E-3
4.520000E-3	4.737854E-3
4.525000E-3	3.974259E-3
4.530000E-3	5.208075E-3
4.535000E-3	3.431380E-3
4.540000E-3	1.782179E-3
4.545000E-3	1.458645E-3
4.550000E-3	-4.866719E-4
4.555000E-3	-2.235949E-3
4.560000E-3	-3.531456E-3
4.565000E-3	-4.899621E-3
4.570000E-3	-6.313026E-3
4.575000E-3	-6.317139E-3
4.580000E-3	-4.658341E-3
4.585000E-3	-3.318965E-3
4.590000E-3	-2.808988E-3
4.595000E-3	-2.744555E-3
4.600000E-3	-3.357351E-3
4.605000E-3	-4.436255E-3
4.610000E-3	-4.184008E-3
4.615000E-3	-4.496574E-4
4.620000E-3	4.371822E-3
4.625000E-3	8.902669E-3
4.630000E-3	1.242316E-2
4.635000E-3	1.196390E-2
4.640000E-3	9.475708E-3
4.645000E-3	6.318510E-3
4.650000E-3	1.510739E-3
4.655000E-3	-2.902210E-3
4.660000E-3	-3.353238E-3
4.665000E-3	2.111197E-4
4.670000E-3	2.175629E-3
4.675000E-3	1.667023E-3
4.680000E-3	1.065195E-3
4.685000E-3	5.058646E-4
4.690000E-3	5.236864E-4
4.695000E-3	1.553237E-3
4.700000E-3	4.824221E-3
4.705000E-3	6.325364E-3
4.710000E-3	5.039454E-3
4.715000E-3	4.931152E-3
4.720000E-3	2.684236E-3
4.725000E-3	-2.353847E-3
4.730000E-3	-5.912721E-3
4.735000E-3	-8.495510E-3
4.740000E-3	-8.368015E-3
4.745000E-3	-4.430771E-3
4.750000E-3	-5.977154E-4
4.755000E-3	2.218127E-3
4.760000E-3	3.510892E-3
4.765000E-3	1.191318E-3
4.770000E-3	-2.950191E-3
4.775000E-3	-4.562378E-3
4.780000E-3	-5.050421E-3
4.785000E-3	-5.002439E-3
4.790000E-3	-4.596651E-3
4.795000E-3	-4.443109E-3
4.800000E-3	-4.185379E-3
4.805000E-3	-8.129478E-4
4.810000E-3	1.769841E-3
4.815000E-3	2.519727E-3
4.820000E-3	2.469003E-3
4.825000E-3	2.449811E-3
4.830000E-3	-1.975477E-3
4.835000E-3	-7.289112E-3
4.840000E-3	-7.487893E-3
4.845000E-3	-1.940382E-2
4.850000E-3	-5.325836E-2
4.855000E-3	-5.225211E-2
4.860000E-3	-3.828532E-2
4.865000E-3	-2.814746E-2
4.870000E-3	-2.863824E-2
4.875000E-3	-1.733786E-2
4.880000E-3	3.775477E-3
4.885000E-3	1.467967E-2
4.890000E-3	5.767542E-2
4.895000E-3	6.259286E-2
4.900000E-3	2.412522E-2
4.905000E-3	3.055477E-2
4.910000E-3	3.701037E-2
4.915000E-3	1.752430E-2
4.920000E-3	2.235675E-2
4.925000E-3	2.798021E-2
4.930000E-3	1.328135E-2
4.935000E-3	1.019955E-2
4.940000E-3	2.371669E-2
4.945000E-3	-4.164815E-3
4.950000E-3	-1.775050E-2
4.955000E-3	-5.068243E-3
4.960000E-3	-1.779574E-2
4.965000E-3	-2.549201E-2
4.970000E-3	-5.890787E-3
4.975000E-3	-1.527739E-2
4.980000E-3	-2.714396E-2
4.985000E-3	-1.272339E-2
4.990000E-3	-1.726931E-2
4.995000E-3	-2.581418E-2
5.000000E-3	-5.641282E-3
5.005000E-3	-3.838539E-3
5.010000E-3	-1.467007E-2
5.015000E-3	-3.839910E-3
5.020000E-3	2.019346E-3
5.025000E-3	-8.894444E-3
5.030000E-3	3.390253E-3
5.035000E-3	7.581115E-3
5.040000E-3	-4.290938E-3
5.045000E-3	7.526278E-3
5.050000E-3	1.444662E-2
5.055000E-3	2.878904E-3
5.060000E-3	7.559180E-3
5.065000E-3	1.360351E-2
5.070000E-3	-1.002133E-3
5.075000E-3	-2.340138E-3
5.080000E-3	4.345775E-4
5.085000E-3	-1.028728E-2
5.090000E-3	-8.439302E-3
5.095000E-3	4.495203E-3
5.100000E-3	1.376390E-3
5.105000E-3	9.047985E-4
5.110000E-3	7.572889E-3
5.115000E-3	1.688957E-3
5.120000E-3	-5.687892E-3
5.125000E-3	2.378523E-3
5.130000E-3	2.261996E-4
5.135000E-3	-4.954457E-3
5.140000E-3	6.155372E-4
5.145000E-3	-1.449049E-3
5.150000E-3	-7.247984E-3
5.155000E-3	-5.265653E-3
5.160000E-3	-6.059408E-3
5.165000E-3	-1.145667E-2
5.170000E-3	-4.581571E-3
5.175000E-3	4.256666E-3
5.180000E-3	4.293680E-3
5.185000E-3	8.777916E-3
5.190000E-3	1.069307E-2
5.195000E-3	3.737092E-3
5.200000E-3	7.882714E-4
5.205000E-3	-1.385987E-3
5.210000E-3	-4.384160E-3
5.215000E-3	-3.938615E-3
5.220000E-3	2.207160E-4
5.225000E-3	-1.728714E-3
5.230000E-3	-1.110435E-3
5.235000E-3	5.977154E-4
5.240000E-3	-2.516985E-3
5.245000E-3	-3.536940E-3
5.250000E-3	-6.452858E-3
5.255000E-3	-5.513787E-3
5.260000E-3	-2.068698E-3
5.265000E-3	4.920185E-3
5.270000E-3	5.690634E-3
5.275000E-3	4.563749E-3
5.280000E-3	2.555370E-3
5.285000E-3	2.677381E-3
5.290000E-3	4.345775E-4
5.295000E-3	-5.569994E-3
5.300000E-3	-4.943490E-3
5.305000E-3	-4.552782E-3
5.310000E-3	-3.583550E-3
5.315000E-3	-7.142425E-4
5.320000E-3	1.244783E-3
5.325000E-3	2.235949E-3
5.330000E-3	2.364814E-3
5.335000E-3	6.063521E-3
5.340000E-3	3.457427E-3
5.345000E-3	-1.782179E-5
5.350000E-3	-6.895661E-4
5.355000E-3	-3.950953E-3
5.360000E-3	-3.704190E-3
5.365000E-3	-1.262605E-3
5.370000E-3	-2.053618E-3
5.375000E-3	-2.881646E-3
5.380000E-3	-1.828790E-3
5.385000E-3	-2.108455E-3
5.390000E-3	-4.964054E-3
5.395000E-3	-2.670527E-3
5.400000E-3	-5.472660E-3
5.405000E-3	-1.038462E-2
5.410000E-3	-8.358419E-3
5.415000E-3	-6.982028E-3
5.420000E-3	-5.622089E-3
5.425000E-3	-1.111805E-3
5.430000E-3	1.106322E-3
5.435000E-3	-8.047223E-4
5.440000E-3	2.837777E-4
5.445000E-3	-5.977154E-4
5.450000E-3	-2.360702E-3
5.455000E-3	1.647830E-3
5.460000E-3	4.429400E-3
5.465000E-3	2.264738E-3
5.470000E-3	3.956437E-3
5.475000E-3	6.777763E-3
5.480000E-3	7.027268E-3
5.485000E-3	7.460475E-3
5.490000E-3	6.681800E-3
5.495000E-3	6.031990E-5
5.500000E-3	-5.511045E-3
5.505000E-3	-6.251335E-3
5.510000E-3	-7.600307E-3
5.515000E-3	-7.242501E-3
5.520000E-3	-5.426049E-3
5.525000E-3	-6.898403E-3
5.530000E-3	-8.108914E-3
5.535000E-3	-5.763292E-3
5.540000E-3	-4.222393E-3
5.545000E-3	-2.722621E-3
5.550000E-3	1.279056E-3
5.555000E-3	4.796803E-3
5.560000E-3	6.026506E-3
5.565000E-3	7.101297E-3
5.570000E-3	6.451488E-3
5.575000E-3	4.111350E-3
5.580000E-3	3.276467E-3
5.585000E-3	4.001677E-3
5.590000E-3	4.522622E-3
5.595000E-3	5.720794E-3
5.600000E-3	5.778372E-3
5.605000E-3	4.273117E-3
5.610000E-3	3.609598E-3
5.615000E-3	2.606094E-3
5.620000E-3	-9.281039E-4
5.625000E-3	-5.054533E-3
5.630000E-3	-7.020414E-3
5.635000E-3	-7.723689E-3
5.640000E-3	-7.945776E-3
5.645000E-3	-7.693529E-3
5.650000E-3	-8.651793E-3
5.655000E-3	-9.440064E-3
5.660000E-3	-8.337855E-3
5.665000E-3	-6.592691E-3
5.670000E-3	-3.892004E-3
5.675000E-3	-9.966493E-4
5.680000E-3	-2.700686E-4
5.685000E-3	-4.003048E-4
5.690000E-3	-8.787513E-4
5.695000E-3	-1.587510E-3
5.700000E-3	-1.946688E-3
5.705000E-3	-4.290938E-4
5.710000E-3	1.827419E-3
5.715000E-3	3.578067E-3
5.720000E-3	4.966795E-3
5.725000E-3	4.896879E-3
5.730000E-3	3.580809E-3
5.735000E-3	1.025438E-3
5.740000E-3	-6.470680E-4
5.745000E-3	-9.198785E-4
5.750000E-3	4.674792E-4
5.755000E-3	1.968622E-3
5.760000E-3	5.908608E-4
5.765000E-3	-1.657426E-3
5.770000E-3	-3.402591E-3
5.775000E-3	-4.543185E-3
5.780000E-3	-3.811121E-3
5.785000E-3	-2.818584E-3
5.790000E-3	-2.811730E-3
5.795000E-3	-2.965271E-3
5.800000E-3	-2.186596E-3
5.805000E-3	-1.557350E-3
5.810000E-3	-2.297640E-3
5.815000E-3	-2.891243E-3
5.820000E-3	-3.232598E-3
5.825000E-3	-3.026962E-3
5.830000E-3	-8.170605E-4
5.835000E-3	1.165271E-3
5.840000E-3	1.290023E-3
5.845000E-3	6.977916E-4
5.850000E-3	1.425743E-4
5.855000E-3	-5.634427E-4
5.860000E-3	-5.387664E-4
5.865000E-3	5.511045E-4
5.870000E-3	6.210208E-4
5.875000E-3	8.143187E-4
5.880000E-3	2.330542E-4
5.885000E-3	-2.680123E-3
5.890000E-3	-5.718052E-3
5.895000E-3	-8.221328E-3
5.900000E-3	-9.260476E-3
5.905000E-3	-7.433057E-3
5.910000E-3	-3.621936E-3
5.915000E-3	1.040518E-3
5.920000E-3	4.903734E-3
5.925000E-3	7.869005E-3
5.930000E-3	8.335114E-3
5.935000E-3	6.163597E-3
5.940000E-3	2.924144E-3
5.945000E-3	-5.963445E-4
5.950000E-3	-1.784921E-3
5.955000E-3	-2.015233E-4
5.960000E-3	5.428791E-4
5.965000E-3	7.471442E-4
5.970000E-3	7.677078E-5
5.975000E-3	-1.317441E-3
5.980000E-3	-3.409445E-3
5.985000E-3	-5.140901E-3
5.990000E-3	-5.768776E-3
5.995000E-3	-5.772889E-3
6.000000E-3	-3.493071E-3
6.005000E-3	-8.718967E-4
6.010000E-3	1.000762E-3
6.015000E-3	3.510892E-3
6.020000E-3	5.194366E-3
6.025000E-3	5.689263E-3
6.030000E-3	5.798936E-3
6.035000E-3	5.343795E-3
6.040000E-3	4.256666E-3
6.045000E-3	2.981722E-3
6.050000E-3	1.886368E-3
6.055000E-3	-1.028180E-4
6.060000E-3	-2.442956E-3
6.065000E-3	-4.747450E-3
6.070000E-3	-7.393301E-3
6.075000E-3	-8.148670E-3
6.080000E-3	-6.618738E-3
6.085000E-3	-4.628181E-3
6.090000E-3	-2.739072E-3
6.095000E-3	-1.497030E-3
6.100000E-3	-2.305865E-3
6.105000E-3	-3.642499E-3
6.110000E-3	-4.577458E-3
6.115000E-3	-5.044937E-3
6.120000E-3	-4.555523E-3
6.125000E-3	-2.360702E-3
6.130000E-3	3.180504E-4
6.135000E-3	2.833664E-3
6.140000E-3	5.006552E-3
6.145000E-3	5.670071E-3
6.150000E-3	5.432904E-3
6.155000E-3	5.050421E-3
6.160000E-3	4.757047E-3
6.165000E-3	4.676163E-3
6.170000E-3	4.275858E-3
6.175000E-3	2.732217E-3
6.180000E-3	3.660321E-4
6.185000E-3	-1.775324E-3
6.190000E-3	-3.302515E-3
6.195000E-3	-4.304647E-3
6.200000E-3	-4.726887E-3
6.205000E-3	-5.393147E-3
6.210000E-3	-5.368471E-3
6.215000E-3	-4.440367E-3
6.220000E-3	-3.892004E-3
6.225000E-3	-3.499925E-3
6.230000E-3	-2.807617E-3
6.235000E-3	-2.307236E-3
6.240000E-3	-1.817822E-3
6.245000E-3	-3.221631E-4
6.250000E-3	1.928866E-3
6.255000E-3	3.867328E-3
6.260000E-3	5.645394E-3
6.265000E-3	5.713940E-3
6.270000E-3	3.368318E-3
6.275000E-3	5.250573E-4
6.280000E-3	-2.205789E-3
6.285000E-3	-4.005790E-3
6.290000E-3	-4.105866E-3
6.295000E-3	-2.726734E-3
6.300000E-3	-1.339376E-3
6.305000E-3	-4.853010E-4
6.310000E-3	-1.000762E-4
6.315000E-3	-1.118660E-3
6.320000E-3	-2.331913E-3
6.325000E-3	-2.998173E-3
6.330000E-3	-4.377306E-3
6.335000E-3	-6.328106E-3
6.340000E-3	-7.697642E-3
6.345000E-3	-8.429706E-3
6.350000E-3	-8.014321E-3
6.355000E-3	-6.404877E-3
6.360000E-3	-4.556894E-3
6.365000E-3	-3.022850E-3
6.370000E-3	-1.251638E-3
6.375000E-3	9.075403E-4
6.380000E-3	1.773953E-3
6.385000E-3	1.996040E-3
6.390000E-3	1.242042E-3
6.395000E-3	-8.280277E-4
6.400000E-3	-3.022850E-3
6.405000E-3	-4.428029E-3
6.410000E-3	-4.366338E-3
6.415000E-3	-3.092766E-3
6.420000E-3	-1.320183E-3
6.425000E-3	-3.153086E-5
6.430000E-3	7.416606E-4
6.435000E-3	1.235187E-3
6.440000E-3	9.692311E-4
6.445000E-3	7.663369E-4
6.450000E-3	1.346231E-3
6.455000E-3	2.386749E-3
6.460000E-3	4.034579E-3
6.465000E-3	5.763292E-3
6.470000E-3	6.463826E-3
6.475000E-3	6.322622E-3
6.480000E-3	4.980505E-3
6.485000E-3	2.638996E-3
6.490000E-3	7.265806E-5
6.495000E-3	-2.326429E-3
6.500000E-3	-3.664434E-3
6.505000E-3	-3.560245E-3
6.510000E-3	-2.116680E-3
6.515000E-3	-8.102059E-4
6.520000E-3	-3.290176E-5
6.525000E-3	-2.878904E-5
6.530000E-3	-6.758571E-4
6.535000E-3	-1.843870E-3
6.540000E-3	-3.187358E-3
6.545000E-3	-4.528105E-3
6.550000E-3	-5.589187E-3
6.555000E-3	-5.907238E-3
6.560000E-3	-5.027115E-3
6.565000E-3	-3.569841E-3
6.570000E-3	-1.660168E-3
6.575000E-3	3.468394E-4
6.580000E-3	1.842499E-3
6.585000E-3	2.752781E-3
6.590000E-3	2.822697E-3
6.595000E-3	2.411425E-3
6.600000E-3	1.658797E-3
6.605000E-3	1.148820E-3
6.610000E-3	1.638234E-3
6.615000E-3	2.462149E-3
6.620000E-3	2.965271E-3
6.625000E-3	2.980351E-3
6.630000E-3	2.148211E-3
6.635000E-3	1.473725E-3
6.640000E-3	7.869005E-4
6.645000E-3	5.648136E-4
6.650000E-3	6.909370E-4
6.655000E-3	1.316071E-3
6.660000E-3	1.911044E-3
6.665000E-3	2.569079E-3
6.670000E-3	3.264129E-3
6.675000E-3	3.161311E-3
6.680000E-3	2.374411E-3
6.685000E-3	1.183093E-3
6.690000E-3	-1.137853E-4
6.695000E-3	-1.233816E-3
6.700000E-3	-1.642346E-3
6.705000E-3	-1.558721E-3
6.710000E-3	-1.584768E-3
6.715000E-3	-1.632750E-3
6.720000E-3	-1.798630E-3
6.725000E-3	-2.506018E-3
6.730000E-3	-3.663063E-3
6.735000E-3	-4.837930E-3
6.740000E-3	-5.298555E-3
6.745000E-3	-5.153239E-3
6.750000E-3	-4.714549E-3
6.755000E-3	-4.415691E-3
6.760000E-3	-4.726887E-3
6.765000E-3	-5.195737E-3
6.770000E-3	-5.299926E-3
6.775000E-3	-5.169690E-3
6.780000E-3	-4.739225E-3
6.785000E-3	-3.805637E-3
6.790000E-3	-2.869308E-3
6.795000E-3	-1.608074E-3
6.800000E-3	3.454685E-4
6.805000E-3	3.057122E-3
6.810000E-3	5.630314E-3
6.815000E-3	7.294595E-3
6.820000E-3	7.093072E-3
6.825000E-3	5.475402E-3
6.830000E-3	3.192842E-3
6.835000E-3	9.541512E-4
6.840000E-3	-7.210970E-4
6.845000E-3	-1.650572E-3
6.850000E-3	-2.371669E-3
6.855000E-3	-2.840519E-3
6.860000E-3	-3.307998E-3
6.865000E-3	-3.671288E-3
6.870000E-3	-3.918052E-3
6.875000E-3	-4.290938E-3
6.880000E-3	-5.146384E-3
6.885000E-3	-5.564511E-3
6.890000E-3	-5.469918E-3
6.895000E-3	-4.144251E-3
6.900000E-3	-2.207160E-3
6.905000E-3	-3.207922E-4
6.910000E-3	6.388426E-4
6.915000E-3	6.086826E-4
6.920000E-3	-7.019043E-4
6.925000E-3	-2.719879E-3
6.930000E-3	-4.433513E-3
6.935000E-3	-5.315006E-3
6.940000E-3	-5.145013E-3
6.945000E-3	-4.119575E-3
6.950000E-3	-2.737701E-3
6.955000E-3	-1.357198E-3
6.960000E-3	-5.319118E-4
6.965000E-3	-4.853010E-4
6.970000E-3	-1.073420E-3
6.975000E-3	-2.204418E-3
6.980000E-3	-3.291547E-3
6.985000E-3	-3.571212E-3
6.990000E-3	-3.213406E-3
6.995000E-3	-2.330542E-3
7.000000E-3	-9.418130E-4
7.005000E-3	4.112720E-5
7.010000E-3	5.442500E-4
7.015000E-3	1.144707E-3
7.020000E-3	1.668394E-3
7.025000E-3	2.318203E-3
7.030000E-3	2.780199E-3
7.035000E-3	3.021479E-3
7.040000E-3	2.334654E-3
7.045000E-3	1.329780E-3
7.050000E-3	5.483627E-4
7.055000E-3	1.370907E-4
7.060000E-3	2.618432E-4
7.065000E-3	2.851486E-4
7.070000E-3	-2.673268E-4
7.075000E-3	-9.719729E-4
7.080000E-3	-1.435339E-3
7.085000E-3	-2.024829E-3
7.090000E-3	-2.410054E-3
7.095000E-3	-2.316833E-3
7.100000E-3	-2.371669E-3
7.105000E-3	-2.379894E-3
7.110000E-3	-2.079666E-3
7.115000E-3	-1.834273E-3
7.120000E-3	-1.483321E-3
7.125000E-3	-1.150191E-3
7.130000E-3	-7.128716E-4
7.135000E-3	-3.975630E-5
7.140000E-3	8.664131E-4
7.145000E-3	1.979589E-3
7.150000E-3	2.676010E-3
7.155000E-3	2.743185E-3
7.160000E-3	2.146840E-3
7.165000E-3	1.287282E-3
7.170000E-3	3.605485E-4
7.175000E-3	-3.207922E-4
7.180000E-3	-6.251335E-4
7.185000E-3	-6.347299E-4
7.190000E-3	-6.333590E-4
7.195000E-3	-1.152933E-3
7.200000E-3	-2.083778E-3
7.205000E-3	-3.120184E-3
7.210000E-3	-3.978372E-3
7.215000E-3	-4.136026E-3
7.220000E-3	-3.409445E-3
7.225000E-3	-1.771212E-3
7.230000E-3	7.210970E-4
7.235000E-3	3.105104E-3
7.240000E-3	5.166948E-3
7.245000E-3	6.609142E-3
7.250000E-3	6.902516E-3
7.255000E-3	5.628943E-3
7.260000E-3	3.568470E-3
7.265000E-3	1.837015E-3
7.270000E-3	6.210208E-4
7.275000E-3	4.290938E-4
7.280000E-3	1.244783E-3
7.285000E-3	2.194822E-3
7.290000E-3	2.957046E-3
7.295000E-3	3.217518E-3
7.300000E-3	2.551258E-3
7.305000E-3	1.425743E-3
7.310000E-3	-9.596348E-6
7.315000E-3	-1.603961E-3
7.320000E-3	-3.283322E-3
7.325000E-3	-4.279971E-3
7.330000E-3	-4.480124E-3
7.335000E-3	-4.462302E-3
7.340000E-3	-3.879666E-3
7.345000E-3	-2.978981E-3
7.350000E-3	-2.876163E-3
7.355000E-3	-3.336787E-3
7.360000E-3	-4.089415E-3
7.365000E-3	-4.735112E-3
7.370000E-3	-5.400002E-3
7.375000E-3	-5.646765E-3
7.380000E-3	-5.550802E-3
7.385000E-3	-5.195737E-3
7.390000E-3	-5.033970E-3
7.395000E-3	-4.902363E-3
7.400000E-3	-4.984617E-3
7.405000E-3	-4.580200E-3
7.410000E-3	-4.034579E-3
7.415000E-3	-3.074944E-3
7.420000E-3	-1.927495E-3
7.425000E-3	-1.092613E-3
7.430000E-3	-7.594824E-4
7.435000E-3	-1.347601E-3
7.440000E-3	-2.430618E-3
7.445000E-3	-3.837168E-3
7.450000E-3	-4.308760E-3
7.455000E-3	-4.012644E-3
7.460000E-3	-3.066719E-3
7.465000E-3	-1.627266E-3
7.470000E-3	-2.261996E-4
7.475000E-3	8.170605E-4
7.480000E-3	1.658797E-3
7.485000E-3	2.455294E-3
7.490000E-3	3.020108E-3
7.495000E-3	3.859103E-3
7.500000E-3	4.578829E-3
7.505000E-3	5.065501E-3
7.510000E-3	4.898250E-3
7.515000E-3	4.322469E-3
7.520000E-3	3.632903E-3
7.525000E-3	2.503276E-3
7.530000E-3	1.298249E-3
7.535000E-3	-1.137853E-4
7.540000E-3	-1.202285E-3
7.545000E-3	-2.041280E-3
7.550000E-3	-2.408683E-3
7.555000E-3	-2.518356E-3
7.560000E-3	-2.478600E-3
7.565000E-3	-2.678752E-3
7.570000E-3	-3.074944E-3
7.575000E-3	-3.593147E-3
7.580000E-3	-4.155219E-3
7.585000E-3	-4.445851E-3
7.590000E-3	-4.419804E-3
7.595000E-3	-3.972888E-3
7.600000E-3	-3.527343E-3
7.605000E-3	-3.094137E-3
7.610000E-3	-3.058493E-3
7.615000E-3	-3.254533E-3
7.620000E-3	-2.995431E-3
7.625000E-3	-2.327800E-3
7.630000E-3	-1.135111E-3
7.635000E-3	9.047985E-5
7.640000E-3	1.372278E-3
7.645000E-3	2.501905E-3
7.650000E-3	3.553391E-3
7.655000E-3	4.273117E-3
7.660000E-3	4.566491E-3
7.665000E-3	4.528105E-3
7.670000E-3	4.304647E-3
7.675000E-3	4.107237E-3
7.680000E-3	4.175782E-3
7.685000E-3	4.131913E-3
7.690000E-3	3.727496E-3
7.695000E-3	3.284693E-3
7.700000E-3	2.728105E-3
7.705000E-3	2.120793E-3
7.710000E-3	1.505256E-3
7.715000E-3	9.034276E-4
7.720000E-3	1.905560E-4
7.725000E-3	-4.661083E-4
7.730000E-3	-1.292765E-3
7.735000E-3	-1.983702E-3
7.740000E-3	-2.560854E-3
7.745000E-3	-3.205180E-3
7.750000E-3	-3.327191E-3
7.755000E-3	-3.458798E-3
7.760000E-3	-3.717899E-3
7.765000E-3	-4.137397E-3
7.770000E-3	-4.571974E-3
7.775000E-3	-4.907846E-3
7.780000E-3	-4.891396E-3
7.785000E-3	-4.696727E-3
7.790000E-3	-4.174411E-3
7.795000E-3	-3.412187E-3
7.800000E-3	-2.947450E-3
7.805000E-3	-2.519727E-3
7.810000E-3	-2.264738E-3
7.815000E-3	-1.778066E-3
7.820000E-3	-1.518965E-3
7.825000E-3	-1.019955E-3
7.830000E-3	-5.908608E-4
7.835000E-3	0.000000E+0
7.840000E-3	6.484389E-4
7.845000E-3	1.346231E-3
7.850000E-3	2.009749E-3
7.855000E-3	2.829552E-3
7.860000E-3	2.907693E-3
7.865000E-3	2.139986E-3
7.870000E-3	8.198023E-4
7.875000E-3	-1.063824E-3
7.880000E-3	-3.155828E-3
7.885000E-3	-4.998326E-3
7.890000E-3	-5.900383E-3
7.895000E-3	-5.882561E-3
7.900000E-3	-5.416453E-3
7.905000E-3	-4.589796E-3
7.910000E-3	-3.907084E-3
7.915000E-3	-3.550649E-3
7.920000E-3	-3.214777E-3
7.925000E-3	-2.588272E-3
7.930000E-3	-1.719117E-3
7.935000E-3	-8.910894E-4
7.940000E-3	2.111197E-4
7.945000E-3	1.124144E-3
7.950000E-3	1.725972E-3
7.955000E-3	1.787663E-3
7.960000E-3	1.080275E-3
7.965000E-3	1.014471E-4
7.970000E-3	-7.224679E-4
7.975000E-3	-1.239300E-3
7.980000E-3	-9.102821E-4
7.985000E-3	1.274943E-4
7.990000E-3	1.211882E-3
7.995000E-3	2.166033E-3
8.000000E-3	2.693832E-3
8.005000E-3	2.737701E-3
8.010000E-3	2.057731E-3
8.015000E-3	1.220107E-3
8.020000E-3	7.759333E-4
8.025000E-3	5.936027E-4
8.030000E-3	9.829402E-4
8.035000E-3	1.732826E-3
8.040000E-3	2.351105E-3
8.045000E-3	3.139377E-3
8.050000E-3	3.641129E-3
8.055000E-3	3.597260E-3
8.060000E-3	3.105104E-3
8.065000E-3	2.292156E-3
8.070000E-3	1.235187E-3
8.075000E-3	3.495812E-4
8.080000E-3	-6.498098E-4
8.085000E-3	-1.144707E-3
8.090000E-3	-1.699924E-3
8.095000E-3	-1.919270E-3
8.100000E-3	-2.133131E-3
8.105000E-3	-2.349734E-3
8.110000E-3	-2.129018E-3
8.115000E-3	-2.150953E-3
8.120000E-3	-2.290785E-3
8.125000E-3	-2.589643E-3
8.130000E-3	-2.784312E-3
8.135000E-3	-2.662301E-3
8.140000E-3	-2.123535E-3
8.145000E-3	-1.125515E-3
8.150000E-3	4.386902E-5
8.155000E-3	1.151562E-3
8.160000E-3	2.174258E-3
8.165000E-3	2.743185E-3
8.170000E-3	2.643108E-3
8.175000E-3	2.231836E-3
8.180000E-3	1.369536E-3
8.185000E-3	4.194975E-4
8.190000E-3	-2.152324E-4
8.195000E-3	-7.786751E-4
8.200000E-3	-1.110435E-3
8.205000E-3	-1.453161E-3
8.210000E-3	-1.558721E-3
8.215000E-3	-1.842499E-3
8.220000E-3	-1.915157E-3
8.225000E-3	-1.775324E-3
8.230000E-3	-1.817822E-3
8.235000E-3	-2.153695E-3
8.240000E-3	-2.734959E-3
8.245000E-3	-3.613710E-3
8.250000E-3	-4.295051E-3
8.255000E-3	-4.865348E-3
8.260000E-3	-4.892766E-3
8.265000E-3	-4.928410E-3
8.270000E-3	-4.730999E-3
8.275000E-3	-4.245698E-3
8.280000E-3	-3.908455E-3
8.285000E-3	-3.357351E-3
8.290000E-3	-2.925515E-3
8.295000E-3	-2.518356E-3
8.300000E-3	-1.960397E-3
8.305000E-3	-1.092613E-3
8.310000E-3	-4.935265E-5
8.315000E-3	1.095355E-3
8.320000E-3	2.237320E-3
8.325000E-3	3.116071E-3
8.330000E-3	3.421783E-3
8.335000E-3	3.439605E-3
8.340000E-3	3.501296E-3
8.345000E-3	3.473878E-3
8.350000E-3	3.294289E-3
8.355000E-3	3.020108E-3
8.360000E-3	2.670527E-3
8.365000E-3	2.351105E-3
8.370000E-3	1.961768E-3
8.375000E-3	1.133740E-3
8.380000E-3	2.097487E-4
8.385000E-3	-8.952022E-4
8.390000E-3	-2.275705E-3
8.395000E-3	-3.886521E-3
8.400000E-3	-5.445242E-3
8.405000E-3	-6.794214E-3
8.410000E-3	-7.922471E-3
8.415000E-3	-8.943796E-3
8.420000E-3	-9.163141E-3
8.425000E-3	-8.564055E-3
8.430000E-3	-7.386446E-3
8.435000E-3	-5.814016E-3
8.440000E-3	-4.384160E-3
8.445000E-3	-3.377914E-3
8.450000E-3	-2.802134E-3
8.455000E-3	-2.551258E-3
8.460000E-3	-2.481341E-3
8.465000E-3	-2.104342E-3
8.470000E-3	-1.322925E-3
8.475000E-3	-1.316071E-4
8.480000E-3	9.472966E-4
8.485000E-3	1.952171E-3
8.490000E-3	2.874792E-3
8.495000E-3	3.177762E-3
8.500000E-3	3.053010E-3
8.505000E-3	2.928257E-3
8.510000E-3	2.769232E-3
8.515000E-3	2.603352E-3
8.520000E-3	2.617061E-3
8.525000E-3	3.150344E-3
8.530000E-3	3.439605E-3
8.535000E-3	3.501296E-3
8.540000E-3	3.362834E-3
8.545000E-3	2.804875E-3
8.550000E-3	2.189338E-3
8.555000E-3	1.458645E-3
8.560000E-3	9.034276E-4
8.565000E-3	4.167557E-4
8.570000E-3	-1.631379E-4
8.575000E-3	-6.936789E-4
8.580000E-3	-1.196802E-3
8.585000E-3	-1.628637E-3
8.590000E-3	-2.363443E-3
8.595000E-3	-3.318965E-3
8.600000E-3	-3.972888E-3
8.605000E-3	-4.415691E-3
8.610000E-3	-4.417062E-3
8.615000E-3	-4.031837E-3
8.620000E-3	-3.654838E-3
8.625000E-3	-3.297031E-3
8.630000E-3	-2.769232E-3
8.635000E-3	-2.419651E-3
8.640000E-3	-1.831532E-3
8.645000E-3	-1.285911E-3
8.650000E-3	-5.319118E-4
8.655000E-3	1.507998E-5
8.660000E-3	5.949736E-4
8.665000E-3	8.924603E-4
8.670000E-3	1.022696E-3
8.675000E-3	1.083016E-3
8.680000E-3	1.222849E-3
8.685000E-3	1.214623E-3
8.690000E-3	1.039147E-3
8.695000E-3	6.045699E-4
8.700000E-3	7.265806E-5
8.705000E-3	-4.619956E-4
8.710000E-3	-6.662607E-4
8.715000E-3	-8.047223E-4
8.720000E-3	-5.223155E-4
8.725000E-3	-1.672506E-4
8.730000E-3	2.577305E-4
8.735000E-3	8.321404E-4
8.740000E-3	1.450419E-3
8.745000E-3	2.081037E-3
8.750000E-3	2.574563E-3
8.755000E-3	2.867937E-3
8.760000E-3	2.994061E-3
8.765000E-3	3.512263E-3
8.770000E-3	3.351867E-3
8.775000E-3	3.066719E-3
8.780000E-3	2.274334E-3
8.785000E-3	1.246154E-3
8.790000E-3	-1.096725E-5
8.795000E-3	-1.299620E-3
8.800000E-3	-2.711654E-3
8.805000E-3	-3.724754E-3
8.810000E-3	-4.319727E-3
8.815000E-3	-4.787207E-3
8.820000E-3	-4.874945E-3
8.825000E-3	-4.851639E-3
8.830000E-3	-4.582942E-3
8.835000E-3	-4.396498E-3
8.840000E-3	-3.852248E-3
8.845000E-3	-3.003657E-3
8.850000E-3	-2.013862E-3
8.855000E-3	-1.242042E-3
8.860000E-3	-6.169081E-4
8.865000E-3	2.193451E-5
8.870000E-3	5.990863E-4
8.875000E-3	1.111805E-3
8.880000E-3	1.503885E-3
8.885000E-3	1.555979E-3
8.890000E-3	1.364052E-3
8.895000E-3	1.084387E-3
8.900000E-3	6.498098E-4
8.905000E-3	5.620718E-5
8.910000E-3	-5.483627E-4
8.915000E-3	-8.910894E-4
8.920000E-3	-9.541512E-4
8.925000E-3	-9.226203E-4
8.930000E-3	-1.014471E-3
8.935000E-3	-1.181722E-3
8.940000E-3	-8.746386E-4
8.945000E-3	-8.705258E-4
8.950000E-3	-9.157658E-4
8.955000E-3	-8.910894E-4
8.960000E-3	-1.087129E-3
8.965000E-3	-1.244783E-3
8.970000E-3	-1.380503E-3
8.975000E-3	-1.623154E-3
8.980000E-3	-1.990557E-3
8.985000E-3	-2.148211E-3
8.990000E-3	-2.355218E-3
8.995000E-3	-2.278447E-3
9.000000E-3	-2.251029E-3
9.005000E-3	-2.242804E-3
9.010000E-3	-2.251029E-3
9.015000E-3	-2.049506E-3
9.020000E-3	-1.721859E-3
9.025000E-3	-1.287282E-3
9.030000E-3	-1.029551E-3
9.035000E-3	-6.498098E-4
9.040000E-3	-8.485913E-4
9.045000E-3	-1.299620E-3
9.050000E-3	-1.801372E-3
9.055000E-3	-2.334654E-3
9.060000E-3	-3.147602E-3
9.065000E-3	-3.379285E-3
9.070000E-3	-3.077686E-3
9.075000E-3	-2.315462E-3
9.080000E-3	-1.450419E-3
9.085000E-3	-6.100535E-4
9.090000E-3	4.126430E-4
9.095000E-3	1.081645E-3
9.100000E-3	1.488805E-3
9.105000E-3	1.846611E-3
9.110000E-3	1.953542E-3
9.115000E-3	1.816452E-3
9.120000E-3	1.476467E-3
9.125000E-3	1.173496E-3
9.130000E-3	7.471442E-4
9.135000E-3	1.096725E-4
9.140000E-3	-6.045699E-4
9.145000E-3	-1.214623E-3
9.150000E-3	-1.883626E-3
9.155000E-3	-2.563596E-3
9.160000E-3	-2.748668E-3
9.165000E-3	-2.708912E-3
9.170000E-3	-2.290785E-3
9.175000E-3	-1.895964E-3
9.180000E-3	-1.040518E-3
9.185000E-3	-3.811121E-4
9.190000E-3	3.070831E-4
9.195000E-3	1.026809E-3
9.200000E-3	1.686215E-3
9.205000E-3	2.094746E-3
9.210000E-3	2.311349E-3
9.215000E-3	2.331913E-3
9.220000E-3	1.974106E-3
9.225000E-3	1.943946E-3
9.230000E-3	1.609445E-3
9.235000E-3	1.115918E-3
9.240000E-3	7.375479E-4
9.245000E-3	4.866719E-4
9.250000E-3	1.165271E-4
9.255000E-3	-3.605485E-4
9.260000E-3	-6.813407E-4
9.265000E-3	-9.459257E-4
9.270000E-3	-1.113176E-3
9.275000E-3	-1.239300E-3
9.280000E-3	-1.243412E-3
9.285000E-3	-1.136482E-3
9.290000E-3	-1.111805E-3
9.295000E-3	-1.018584E-3
9.300000E-3	-9.239912E-4
9.305000E-3	-8.252859E-4
9.310000E-3	-6.813407E-4
9.315000E-3	-5.785227E-4
9.320000E-3	-2.508759E-4
9.325000E-3	-2.124906E-4
9.330000E-3	-1.562834E-4
9.335000E-3	2.741814E-6
9.340000E-3	1.864433E-4
9.345000E-3	4.263520E-4
9.350000E-3	4.770756E-4
9.355000E-3	1.288652E-4
9.360000E-3	-3.235340E-4
9.365000E-3	-1.046002E-3
9.370000E-3	-1.742423E-3
9.375000E-3	-2.414167E-3
9.380000E-3	-3.128409E-3
9.385000E-3	-3.772736E-3
9.390000E-3	-3.994823E-3
9.395000E-3	-4.351258E-3
9.400000E-3	-4.456818E-3
9.405000E-3	-4.574716E-3
9.410000E-3	-4.412949E-3
9.415000E-3	-4.256666E-3
9.420000E-3	-3.683627E-3
9.425000E-3	-2.792537E-3
9.430000E-3	-1.904190E-3
9.435000E-3	-9.897947E-4
9.440000E-3	-2.015233E-4
9.445000E-3	5.511045E-4
9.450000E-3	6.744862E-4
9.455000E-3	6.127954E-4
9.460000E-3	4.373193E-4
9.465000E-3	2.481341E-4
9.470000E-3	2.563596E-4
9.475000E-3	2.810359E-4
9.480000E-3	2.453923E-4
9.485000E-3	1.220107E-4
9.490000E-3	-1.617670E-4
9.495000E-3	2.330542E-5
9.500000E-3	1.302361E-4
9.505000E-3	1.617670E-4
9.510000E-3	5.017519E-4
9.515000E-3	7.622242E-4
9.520000E-3	1.065195E-3
9.525000E-3	1.232445E-3
9.530000E-3	1.124144E-3
9.535000E-3	1.133740E-3
9.540000E-3	9.404421E-4
9.545000E-3	7.101297E-4
9.550000E-3	3.907084E-4
9.555000E-3	-3.427267E-5
9.560000E-3	-5.127192E-4
9.565000E-3	-1.078904E-3
9.570000E-3	-1.592994E-3
9.575000E-3	-2.325058E-3
9.580000E-3	-2.936482E-3
9.585000E-3	-3.589034E-3
9.590000E-3	-3.738463E-3
9.595000E-3	-3.567100E-3
9.600000E-3	-3.143489E-3
9.605000E-3	-2.800763E-3
9.610000E-3	-2.093375E-3
9.615000E-3	-1.121402E-3
9.620000E-3	-1.727343E-4
9.625000E-3	5.387664E-4
9.630000E-3	1.137853E-3
9.635000E-3	1.487434E-3
9.640000E-3	1.742423E-3
9.645000E-3	1.671135E-3
9.650000E-3	1.427114E-3
9.655000E-3	1.396954E-3
9.660000E-3	1.221478E-3
9.665000E-3	1.169384E-3
9.670000E-3	1.221478E-3
9.675000E-3	1.420259E-3
9.680000E-3	1.125515E-3
9.685000E-3	7.594824E-4
9.690000E-3	3.920794E-4
9.695000E-3	-2.248287E-4
9.700000E-3	-1.087129E-3
9.705000E-3	-1.377761E-3
9.710000E-3	-1.247525E-3
9.715000E-3	-1.202285E-3
9.720000E-3	-9.747148E-4
9.725000E-3	-6.525517E-4
9.730000E-3	-5.360246E-4
9.735000E-3	-7.279515E-4
9.740000E-3	-9.116530E-4
9.745000E-3	-1.157045E-3
9.750000E-3	-9.843111E-4
9.755000E-3	-7.910132E-4
9.760000E-3	-3.262758E-4
9.765000E-3	-3.482103E-4
9.770000E-3	-1.206398E-4
9.775000E-3	-3.701448E-5
9.780000E-3	-2.234578E-4
9.785000E-3	-3.591776E-4
9.790000E-3	-5.634427E-4
9.795000E-3	-6.854534E-4
9.800000E-3	-8.225441E-4
9.805000E-3	-7.759333E-4
9.810000E-3	-1.033664E-3
9.815000E-3	-1.148820E-3
9.820000E-3	-1.486063E-3
9.825000E-3	-2.083778E-3
9.830000E-3	-2.544403E-3
9.835000E-3	-2.858341E-3
9.840000E-3	-3.139377E-3
9.845000E-3	-3.007770E-3
9.850000E-3	-2.732217E-3
9.855000E-3	-2.392232E-3
9.860000E-3	-1.954913E-3
9.865000E-3	-1.625896E-3
9.870000E-3	-1.263976E-3
9.875000E-3	-1.025438E-3
9.880000E-3	-5.785227E-4
9.885000E-3	-5.894899E-5
9.890000E-3	5.840063E-4
9.895000E-3	1.036406E-3
9.900000E-3	1.576543E-3
9.905000E-3	1.646459E-3
9.910000E-3	1.436710E-3
9.915000E-3	7.197261E-4
9.920000E-3	-1.124144E-4
9.925000E-3	-7.238388E-4
9.930000E-3	-1.553237E-3
9.935000E-3	-2.525210E-3
9.940000E-3	-3.502667E-3
9.945000E-3	-3.959179E-3
9.950000E-3	-4.182637E-3
9.955000E-3	-4.322469E-3
9.960000E-3	-3.882408E-3
9.965000E-3	-3.246307E-3
9.970000E-3	-2.666414E-3
9.975000E-3	-1.876771E-3
9.980000E-3	-1.037776E-3
9.985000E-3	-2.083778E-4
9.990000E-3	6.018281E-4
9.995000E-3	1.550496E-3
