0.000000E+0	-5.682409E-3
5.000000E-6	-5.745471E-3
1.000000E-5	-5.863369E-3
1.500000E-5	-5.819499E-3
2.000000E-5	-5.532980E-3
2.500000E-5	-5.412340E-3
3.000000E-5	-5.554914E-3
3.500000E-5	-5.617976E-3
4.000000E-5	-5.705714E-3
4.500000E-5	-5.863369E-3
5.000000E-5	-5.838692E-3
5.500000E-5	-5.727649E-3
6.000000E-5	-5.744100E-3
6.500000E-5	-5.792081E-3
7.000000E-5	-5.757809E-3
7.500000E-5	-5.794823E-3
8.000000E-5	-5.870223E-3
8.500000E-5	-5.824983E-3
9.000000E-5	-5.715311E-3
9.500000E-5	-5.727649E-3
1.000000E-4	-5.741358E-3
1.050000E-4	-5.790710E-3
1.100000E-4	-5.707085E-3
1.150000E-4	-5.593300E-3
1.200000E-4	-5.657732E-3
1.250000E-4	-5.889416E-3
1.300000E-4	-5.771518E-3
1.350000E-4	-5.764663E-3
1.400000E-4	-5.718052E-3
1.450000E-4	-5.693376E-3
1.500000E-4	-5.757809E-3
1.550000E-4	-5.685151E-3
1.600000E-4	-5.634427E-3
1.650000E-4	-5.593300E-3
1.700000E-4	-5.626202E-3
1.750000E-4	-5.719423E-3
1.800000E-4	-5.796194E-3
1.850000E-4	-5.768776E-3
1.900000E-4	-5.770147E-3
1.950000E-4	-5.609751E-3
2.000000E-4	-5.746841E-3
2.050000E-4	-5.973041E-3
2.100000E-4	-6.008685E-3
2.150000E-4	-5.962074E-3
2.200000E-4	-5.752325E-3
2.250000E-4	-5.712569E-3
2.300000E-4	-5.668700E-3
2.350000E-4	-5.774260E-3
2.400000E-4	-5.867481E-3
2.450000E-4	-5.708456E-3
2.500000E-4	-5.763292E-3
2.550000E-4	-5.756438E-3
2.600000E-4	-5.535722E-3
2.650000E-4	-5.616605E-3
2.700000E-4	-5.670071E-3
2.750000E-4	-5.663216E-3
2.800000E-4	-5.815387E-3
2.850000E-4	-5.877078E-3
2.900000E-4	-5.894899E-3
2.950000E-4	-5.916834E-3
3.000000E-4	-5.841434E-3
3.050000E-4	-5.759180E-3
3.100000E-4	-5.775630E-3
3.150000E-4	-5.697489E-3
3.200000E-4	-5.715311E-3
3.250000E-4	-5.624831E-3
3.300000E-4	-5.493224E-3
3.350000E-4	-5.646765E-3
3.400000E-4	-5.539834E-3
3.450000E-4	-5.623460E-3
3.500000E-4	-5.792081E-3
3.550000E-4	-5.683780E-3
3.600000E-4	-5.683780E-3
3.650000E-4	-5.716681E-3
3.700000E-4	-5.812645E-3
3.750000E-4	-5.712569E-3
3.800000E-4	-5.727649E-3
3.850000E-4	-5.671442E-3
3.900000E-4	-5.597413E-3
3.950000E-4	-5.682409E-3
4.000000E-4	-5.837321E-3
4.050000E-4	-5.753696E-3
4.100000E-4	-5.738616E-3
4.150000E-4	-5.653620E-3
4.200000E-4	-5.778372E-3
4.250000E-4	-5.885303E-3
4.300000E-4	-5.749583E-3
4.350000E-4	-5.768776E-3
4.400000E-4	-5.687892E-3
4.450000E-4	-5.726278E-3
4.500000E-4	-5.560398E-3
4.550000E-4	-5.681038E-3
4.600000E-4	-5.790710E-3
4.650000E-4	-5.750954E-3
4.700000E-4	-5.709827E-3
4.750000E-4	-5.546689E-3
4.800000E-4	-5.707085E-3
4.850000E-4	-5.933285E-3
4.900000E-4	-5.744100E-3
4.950000E-4	-5.778372E-3
5.000000E-4	-5.612493E-3
5.050000E-4	-5.711198E-3
5.100000E-4	-5.597413E-3
5.150000E-4	-5.648136E-3
5.200000E-4	-5.766034E-3
5.250000E-4	-5.671442E-3
5.300000E-4	-5.720794E-3
5.350000E-4	-5.654991E-3
5.400000E-4	-5.701602E-3
5.450000E-4	-5.752325E-3
5.500000E-4	-5.601525E-3
5.550000E-4	-5.512416E-3
5.600000E-4	-5.531609E-3
5.650000E-4	-5.526125E-3
5.700000E-4	-5.698860E-3
5.750000E-4	-5.798936E-3
5.800000E-4	-5.676925E-3
5.850000E-4	-5.693376E-3
5.900000E-4	-5.729020E-3
5.950000E-4	-5.707085E-3
6.000000E-4	-5.929172E-3
6.050000E-4	-5.963445E-3
6.100000E-4	-5.698860E-3
6.150000E-4	-5.593300E-3
6.200000E-4	-5.759180E-3
6.250000E-4	-5.823612E-3
6.300000E-4	-5.778372E-3
6.350000E-4	-5.594671E-3
6.400000E-4	-5.764663E-3
6.450000E-4	-5.798936E-3
6.500000E-4	-5.716681E-3
6.550000E-4	-5.665958E-3
6.600000E-4	-5.659103E-3
6.650000E-4	-5.819499E-3
6.700000E-4	-5.901754E-3
6.750000E-4	-5.829096E-3
6.800000E-4	-5.849659E-3
6.850000E-4	-5.779743E-3
6.900000E-4	-5.619347E-3
6.950000E-4	-5.702972E-3
7.000000E-4	-5.871594E-3
7.050000E-4	-5.864739E-3
7.100000E-4	-5.800307E-3
7.150000E-4	-5.661845E-3
7.200000E-4	-5.631685E-3
7.250000E-4	-5.730391E-3
7.300000E-4	-5.715311E-3
7.350000E-4	-5.794823E-3
7.400000E-4	-5.787969E-3
7.450000E-4	-5.824983E-3
7.500000E-4	-5.852401E-3
7.550000E-4	-5.907238E-3
7.600000E-4	-5.759180E-3
7.650000E-4	-5.766034E-3
7.700000E-4	-5.690634E-3
7.750000E-4	-5.778372E-3
7.800000E-4	-5.949736E-3
7.850000E-4	-5.936027E-3
7.900000E-4	-5.800307E-3
7.950000E-4	-5.759180E-3
8.000000E-4	-5.826354E-3
8.050000E-4	-5.842805E-3
8.100000E-4	-5.783856E-3
8.150000E-4	-5.786598E-3
8.200000E-4	-5.578220E-3
8.250000E-4	-5.561769E-3
8.300000E-4	-5.879819E-3
8.350000E-4	-5.849659E-3
8.400000E-4	-5.941510E-3
8.450000E-4	-5.650878E-3
8.500000E-4	-5.513787E-3
8.550000E-4	-5.645394E-3
8.600000E-4	-5.853772E-3
8.650000E-4	-5.896270E-3
8.700000E-4	-5.783856E-3
8.750000E-4	-5.819499E-3
8.800000E-4	-5.709827E-3
8.850000E-4	-5.715311E-3
8.900000E-4	-5.720794E-3
8.950000E-4	-5.637169E-3
9.000000E-4	-5.708456E-3
9.050000E-4	-5.748212E-3
9.100000E-4	-5.744100E-3
9.150000E-4	-5.778372E-3
9.200000E-4	-5.734503E-3
9.250000E-4	-5.602896E-3
9.300000E-4	-5.587816E-3
9.350000E-4	-5.687892E-3
9.400000E-4	-5.733132E-3
9.450000E-4	-5.568624E-3
9.500000E-4	-5.750954E-3
9.550000E-4	-5.793452E-3
9.600000E-4	-5.692005E-3
9.650000E-4	-5.612493E-3
9.700000E-4	-5.568624E-3
9.750000E-4	-5.719423E-3
9.800000E-4	-5.820870E-3
9.850000E-4	-5.752325E-3
9.900000E-4	-5.572736E-3
9.950000E-4	-5.790710E-3
1.000000E-3	-5.849659E-3
1.005000E-3	-5.767405E-3
1.010000E-3	-5.727649E-3
1.015000E-3	-5.859256E-3
1.020000E-3	-5.664587E-3
1.025000E-3	-5.709827E-3
1.030000E-3	-5.602896E-3
1.035000E-3	-5.798936E-3
1.040000E-3	-5.823612E-3
1.045000E-3	-5.552173E-3
1.050000E-3	-5.591929E-3
1.055000E-3	-5.696118E-3
1.060000E-3	-5.779743E-3
1.065000E-3	-5.687892E-3
1.070000E-3	-5.809903E-3
1.075000E-3	-5.974412E-3
1.080000E-3	-5.940139E-3
1.085000E-3	-5.690634E-3
1.090000E-3	-5.741358E-3
1.095000E-3	-5.798936E-3
1.100000E-3	-6.025136E-3
1.105000E-3	-6.101906E-3
1.110000E-3	-6.018281E-3
1.115000E-3	-5.787969E-3
1.120000E-3	-5.735874E-3
1.125000E-3	-5.637169E-3
1.130000E-3	-5.734503E-3
1.135000E-3	-5.848289E-3
1.140000E-3	-5.964816E-3
1.145000E-3	-5.786598E-3
1.150000E-3	-5.731761E-3
1.155000E-3	-5.938768E-3
1.160000E-3	-5.923688E-3
1.165000E-3	-5.997717E-3
1.170000E-3	-6.048441E-3
1.175000E-3	-6.060779E-3
1.180000E-3	-5.856514E-3
1.185000E-3	-5.757809E-3
1.190000E-3	-5.575478E-3
1.195000E-3	-5.739987E-3
1.200000E-3	-5.737245E-3
1.205000E-3	-5.955219E-3
1.210000E-3	-5.920947E-3
1.215000E-3	-5.872965E-3
1.220000E-3	-5.733132E-3
1.225000E-3	-5.681038E-3
1.230000E-3	-5.671442E-3
1.235000E-3	-5.442500E-3
1.240000E-3	-5.450726E-3
1.245000E-3	-5.693376E-3
1.250000E-3	-5.816758E-3
1.255000E-3	-5.590558E-3
1.260000E-3	-5.663216E-3
1.265000E-3	-5.681038E-3
1.270000E-3	-5.811274E-3
1.275000E-3	-5.771518E-3
1.280000E-3	-5.678296E-3
1.285000E-3	-5.793452E-3
1.290000E-3	-5.664587E-3
1.295000E-3	-5.745471E-3
1.300000E-3	-5.712569E-3
1.305000E-3	-5.834579E-3
1.310000E-3	-5.761921E-3
1.315000E-3	-5.792081E-3
1.320000E-3	-5.841434E-3
1.325000E-3	-5.863369E-3
1.330000E-3	-5.730391E-3
1.335000E-3	-5.624831E-3
1.340000E-3	-5.622089E-3
1.345000E-3	-5.654991E-3
1.350000E-3	-5.860627E-3
1.355000E-3	-5.807161E-3
1.360000E-3	-5.634427E-3
1.365000E-3	-5.790710E-3
1.370000E-3	-6.045699E-3
1.375000E-3	-5.944252E-3
1.380000E-3	-5.733132E-3
1.385000E-3	-5.781114E-3
1.390000E-3	-5.659103E-3
1.395000E-3	-5.681038E-3
1.400000E-3	-5.694747E-3
1.405000E-3	-5.797565E-3
1.410000E-3	-5.608380E-3
1.415000E-3	-5.707085E-3
1.420000E-3	-5.783856E-3
1.425000E-3	-5.709827E-3
1.430000E-3	-5.612493E-3
1.435000E-3	-5.729020E-3
1.440000E-3	-5.790710E-3
1.445000E-3	-5.737245E-3
1.450000E-3	-5.670071E-3
1.455000E-3	-5.690634E-3
1.460000E-3	-5.597413E-3
1.465000E-3	-5.668700E-3
1.470000E-3	-5.764663E-3
1.475000E-3	-5.877078E-3
1.480000E-3	-5.823612E-3
1.485000E-3	-5.805790E-3
1.490000E-3	-5.685151E-3
1.495000E-3	-5.637169E-3
1.500000E-3	-5.745471E-3
1.505000E-3	-5.803049E-3
1.510000E-3	-5.793452E-3
1.515000E-3	-5.768776E-3
1.520000E-3	-5.704343E-3
1.525000E-3	-5.620718E-3
1.530000E-3	-5.713940E-3
1.535000E-3	-5.764663E-3
1.540000E-3	-5.871594E-3
1.545000E-3	-5.787969E-3
1.550000E-3	-5.857885E-3
1.555000E-3	-5.807161E-3
1.560000E-3	-5.914092E-3
1.565000E-3	-5.772889E-3
1.570000E-3	-5.756438E-3
1.575000E-3	-5.709827E-3
1.580000E-3	-5.770147E-3
1.585000E-3	-5.787969E-3
1.590000E-3	-5.713940E-3
1.595000E-3	-5.557656E-3
1.600000E-3	-5.467176E-3
1.605000E-3	-5.585074E-3
1.610000E-3	-5.675554E-3
1.615000E-3	-5.686522E-3
1.620000E-3	-5.702972E-3
1.625000E-3	-5.812645E-3
1.630000E-3	-5.996346E-3
1.635000E-3	-5.966187E-3
1.640000E-3	-5.707085E-3
1.645000E-3	-5.793452E-3
1.650000E-3	-5.718052E-3
1.655000E-3	-5.608380E-3
1.660000E-3	-5.624831E-3
1.665000E-3	-5.745471E-3
1.670000E-3	-5.650878E-3
1.675000E-3	-5.730391E-3
1.680000E-3	-5.812645E-3
1.685000E-3	-5.905867E-3
1.690000E-3	-5.900383E-3
1.695000E-3	-5.857885E-3
1.700000E-3	-5.722165E-3
1.705000E-3	-5.805790E-3
1.710000E-3	-5.748212E-3
1.715000E-3	-5.664587E-3
1.720000E-3	-5.739987E-3
1.725000E-3	-5.809903E-3
1.730000E-3	-5.957961E-3
1.735000E-3	-5.962074E-3
1.740000E-3	-5.793452E-3
1.745000E-3	-5.609751E-3
1.750000E-3	-5.737245E-3
1.755000E-3	-5.798936E-3
1.760000E-3	-5.750954E-3
1.765000E-3	-5.596042E-3
1.770000E-3	-5.670071E-3
1.775000E-3	-5.867481E-3
1.780000E-3	-5.842805E-3
1.785000E-3	-5.841434E-3
1.790000E-3	-6.016910E-3
1.795000E-3	-5.792081E-3
1.800000E-3	-5.668700E-3
1.805000E-3	-5.803049E-3
1.810000E-3	-5.742729E-3
1.815000E-3	-5.863369E-3
1.820000E-3	-5.949736E-3
1.825000E-3	-5.886674E-3
1.830000E-3	-5.801678E-3
1.835000E-3	-5.816758E-3
1.840000E-3	-5.833209E-3
1.845000E-3	-5.716681E-3
1.850000E-3	-5.789340E-3
1.855000E-3	-5.964816E-3
1.860000E-3	-5.879819E-3
1.865000E-3	-5.912721E-3
1.870000E-3	-5.864739E-3
1.875000E-3	-5.959332E-3
1.880000E-3	-5.778372E-3
1.885000E-3	-5.589187E-3
1.890000E-3	-5.568624E-3
1.895000E-3	-5.796194E-3
1.900000E-3	-5.927801E-3
1.905000E-3	-5.689263E-3
1.910000E-3	-5.749583E-3
1.915000E-3	-5.959332E-3
1.920000E-3	-5.856514E-3
1.925000E-3	-5.775630E-3
1.930000E-3	-5.687892E-3
1.935000E-3	-5.741358E-3
1.940000E-3	-5.727649E-3
1.945000E-3	-5.889416E-3
1.950000E-3	-5.878448E-3
1.955000E-3	-5.941510E-3
1.960000E-3	-5.977154E-3
1.965000E-3	-6.029248E-3
1.970000E-3	-5.999088E-3
1.975000E-3	-5.793452E-3
1.980000E-3	-5.967557E-3
1.985000E-3	-5.793452E-3
1.990000E-3	-5.679667E-3
1.995000E-3	-5.903125E-3
2.000000E-3	-5.818129E-3
2.005000E-3	-5.752325E-3
2.010000E-3	-5.840063E-3
2.015000E-3	-5.808532E-3
2.020000E-3	-5.864739E-3
2.025000E-3	-5.631685E-3
2.030000E-3	-5.720794E-3
2.035000E-3	-5.678296E-3
2.040000E-3	-5.708456E-3
2.045000E-3	-5.767405E-3
2.050000E-3	-5.814016E-3
2.055000E-3	-5.644023E-3
2.060000E-3	-5.611122E-3
2.065000E-3	-5.808532E-3
2.070000E-3	-5.824983E-3
2.075000E-3	-5.744100E-3
2.080000E-3	-5.775630E-3
2.085000E-3	-5.909979E-3
2.090000E-3	-5.637169E-3
2.095000E-3	-5.815387E-3
2.100000E-3	-5.904496E-3
2.105000E-3	-5.944252E-3
2.110000E-3	-5.771518E-3
2.115000E-3	-5.820870E-3
2.120000E-3	-5.905867E-3
2.125000E-3	-5.739987E-3
2.130000E-3	-5.689263E-3
2.135000E-3	-5.915463E-3
2.140000E-3	-5.716681E-3
2.145000E-3	-5.712569E-3
2.150000E-3	-5.883932E-3
2.155000E-3	-5.883932E-3
2.160000E-3	-5.942881E-3
2.165000E-3	-5.842805E-3
2.170000E-3	-5.724907E-3
2.175000E-3	-5.820870E-3
2.180000E-3	-5.919576E-3
2.185000E-3	-5.930543E-3
2.190000E-3	-5.737245E-3
2.195000E-3	-5.781114E-3
2.200000E-3	-5.800307E-3
2.205000E-3	-5.849659E-3
2.210000E-3	-5.959332E-3
2.215000E-3	-5.772889E-3
2.220000E-3	-5.596042E-3
2.225000E-3	-5.622089E-3
2.230000E-3	-5.755067E-3
2.235000E-3	-5.849659E-3
2.240000E-3	-5.804420E-3
2.245000E-3	-5.748212E-3
2.250000E-3	-5.859256E-3
2.255000E-3	-5.786598E-3
2.260000E-3	-5.775630E-3
2.265000E-3	-5.648136E-3
2.270000E-3	-5.678296E-3
2.275000E-3	-5.761921E-3
2.280000E-3	-5.745471E-3
2.285000E-3	-5.925059E-3
2.290000E-3	-5.755067E-3
2.295000E-3	-5.670071E-3
2.300000E-3	-5.755067E-3
2.305000E-3	-5.589187E-3
2.310000E-3	-5.798936E-3
2.315000E-3	-5.967557E-3
2.320000E-3	-5.790710E-3
2.325000E-3	-5.700231E-3
2.330000E-3	-5.726278E-3
2.335000E-3	-5.955219E-3
2.340000E-3	-5.893528E-3
2.345000E-3	-5.808532E-3
2.350000E-3	-5.764663E-3
2.355000E-3	-5.753696E-3
2.360000E-3	-5.804420E-3
2.365000E-3	-5.815387E-3
2.370000E-3	-5.715311E-3
2.375000E-3	-5.648136E-3
2.380000E-3	-5.863369E-3
2.385000E-3	-5.787969E-3
2.390000E-3	-5.637169E-3
2.395000E-3	-5.781114E-3
2.400000E-3	-5.708456E-3
2.405000E-3	-6.018281E-3
2.410000E-3	-5.698860E-3
2.415000E-3	-5.834579E-3
2.420000E-3	-5.709827E-3
2.425000E-3	-6.136179E-3
2.430000E-3	-5.713940E-3
2.435000E-3	-6.108761E-3
2.440000E-3	-5.321860E-3
2.445000E-3	-6.244481E-3
2.450000E-3	-5.334198E-3
2.455000E-3	-6.463826E-3
2.460000E-3	-5.117595E-3
2.465000E-3	-6.692767E-3
2.470000E-3	-3.166795E-3
2.475000E-3	-3.007770E-3
2.480000E-3	5.948365E-3
2.485000E-3	1.560503E-2
2.490000E-3	-2.264642E-1
2.495000E-3	-3.517322E-1
2.500000E-3	1.046495E-1
2.505000E-3	-2.200086E-1
2.510000E-3	-3.012184E-1
2.515000E-3	4.273446E-1
2.520000E-3	3.410199E-1
2.525000E-3	1.232185E-1
2.530000E-3	2.670897E-1
2.535000E-3	7.216179E-2
2.540000E-3	-1.435148E-1
2.545000E-3	4.497534E-2
2.550000E-3	3.967541E-2
2.555000E-3	-9.727407E-2
2.560000E-3	-8.015692E-3
2.565000E-3	2.845454E-2
2.570000E-3	-2.006761E-1
2.575000E-3	-1.320704E-1
2.580000E-3	1.285239E-1
2.585000E-3	-1.311917E-1
2.590000E-3	-1.192141E-1
2.595000E-3	1.661196E-1
2.600000E-3	-9.190011E-2
2.605000E-3	-1.163722E-1
2.610000E-3	2.137230E-1
2.615000E-3	1.188302E-2
2.620000E-3	-3.915995E-2
2.625000E-3	1.227716E-1
2.630000E-3	1.797944E-2
2.635000E-3	-9.718221E-2
2.640000E-3	5.860901E-2
2.645000E-3	3.773284E-2
2.650000E-3	-1.166902E-1
2.655000E-3	-1.639467E-2
2.660000E-3	-4.514396E-2
2.665000E-3	-1.197103E-1
2.670000E-3	-1.847023E-2
2.675000E-3	1.400656E-2
2.680000E-3	-7.014245E-2
2.685000E-3	-4.890025E-3
2.690000E-3	1.260713E-1
2.695000E-3	-6.901282E-2
2.700000E-3	-4.064739E-2
2.705000E-3	1.161967E-1
2.710000E-3	-3.137732E-2
2.715000E-3	8.746386E-3
2.720000E-3	1.242357E-1
2.725000E-3	2.834624E-2
2.730000E-3	-3.263992E-2
2.735000E-3	2.152598E-2
2.740000E-3	7.539988E-3
2.745000E-3	-6.541145E-2
2.750000E-3	2.500945E-2
2.755000E-3	-1.817411E-2
2.760000E-3	-1.128078E-1
2.765000E-3	-6.277382E-3
2.770000E-3	-2.813512E-2
2.775000E-3	-7.679135E-2
2.780000E-3	-6.732523E-3
2.785000E-3	2.869856E-2
2.790000E-3	-4.566628E-2
2.795000E-3	1.361448E-2
2.800000E-3	4.866582E-2
2.805000E-3	-2.999955E-2
2.810000E-3	6.624222E-3
2.815000E-3	4.676163E-2
2.820000E-3	-4.412401E-2
2.825000E-3	-9.338617E-3
2.830000E-3	5.680490E-2
2.835000E-3	-2.156299E-2
2.840000E-3	-2.959925E-2
2.845000E-3	6.217062E-2
2.850000E-3	-2.508897E-2
2.855000E-3	-8.799714E-2
2.860000E-3	1.490450E-2
2.865000E-3	-3.273177E-2
2.870000E-3	-5.564511E-2
2.875000E-3	3.986734E-2
2.880000E-3	1.541859E-2
2.885000E-3	-4.888242E-2
2.890000E-3	4.904145E-2
2.895000E-3	3.861433E-2
2.900000E-3	-8.097947E-2
2.905000E-3	-4.404724E-3
2.910000E-3	1.851410E-2
2.915000E-3	-5.626613E-2
2.920000E-3	2.112430E-2
2.925000E-3	5.065638E-2
2.930000E-3	-1.666337E-2
2.935000E-3	1.089185E-2
2.940000E-3	3.043550E-2
2.945000E-3	-3.051227E-2
2.950000E-3	-1.538843E-2
2.955000E-3	4.636955E-2
2.960000E-3	-6.895661E-3
2.965000E-3	-2.126002E-2
2.970000E-3	7.350802E-3
2.975000E-3	-6.303704E-2
2.980000E-3	-7.778388E-2
2.985000E-3	-7.614017E-3
2.990000E-3	-2.852446E-2
2.995000E-3	-2.984601E-2
3.000000E-3	3.015310E-2
3.005000E-3	2.877533E-3
3.010000E-3	-2.637076E-2
3.015000E-3	3.527343E-2
3.020000E-3	2.999133E-2
3.025000E-3	-2.255005E-2
3.030000E-3	1.303732E-3
3.035000E-3	-1.486063E-3
3.040000E-3	-3.425211E-2
3.045000E-3	-3.035051E-2
3.050000E-3	-9.117901E-3
3.055000E-3	-2.839422E-2
3.060000E-3	-2.051425E-2
3.065000E-3	6.444633E-3
3.070000E-3	-2.480793E-2
3.075000E-3	-3.519392E-2
3.080000E-3	1.097822E-2
3.085000E-3	8.962989E-3
3.090000E-3	9.748518E-3
3.095000E-3	2.889735E-2
3.100000E-3	1.610267E-2
3.105000E-3	-4.780352E-3
3.110000E-3	1.297975E-2
3.115000E-3	8.972585E-3
3.120000E-3	-5.098403E-3
3.125000E-3	1.817685E-2
3.130000E-3	1.676893E-2
3.135000E-3	-1.117975E-2
3.140000E-3	-5.376697E-3
3.145000E-3	1.070130E-2
3.150000E-3	-1.162118E-2
3.155000E-3	-1.293314E-2
3.160000E-3	-4.359484E-3
3.165000E-3	-3.237396E-2
3.170000E-3	-3.314030E-2
3.175000E-3	-1.255888E-2
3.180000E-3	-3.031898E-2
3.185000E-3	-4.934716E-2
3.190000E-3	-8.627117E-3
3.195000E-3	6.835341E-3
3.200000E-3	5.408227E-3
3.205000E-3	1.339376E-2
3.210000E-3	1.663184E-2
3.215000E-3	2.077061E-2
3.220000E-3	1.173770E-2
3.225000E-3	-2.200305E-3
3.230000E-3	-1.407510E-2
3.235000E-3	-2.000290E-2
3.240000E-3	-2.775401E-2
3.245000E-3	-3.223550E-2
3.250000E-3	-2.038813E-2
3.255000E-3	-8.887589E-3
3.260000E-3	-1.099604E-2
3.265000E-3	3.451943E-3
3.270000E-3	8.802593E-3
3.275000E-3	3.102362E-3
3.280000E-3	1.503062E-2
3.285000E-3	2.528363E-2
3.290000E-3	1.062453E-2
3.295000E-3	8.986294E-3
3.300000E-3	9.352326E-3
3.305000E-3	-6.343186E-3
3.310000E-3	-1.787663E-2
3.315000E-3	-2.447343E-2
3.320000E-3	-3.615081E-2
3.325000E-3	-2.840245E-2
3.330000E-3	-1.649612E-2
3.335000E-3	-1.391745E-2
3.340000E-3	-1.487434E-3
3.345000E-3	1.101112E-2
3.350000E-3	9.472966E-4
3.355000E-3	-8.214474E-3
3.360000E-3	6.014168E-3
3.365000E-3	-1.265347E-3
3.370000E-3	-1.533771E-2
3.375000E-3	-7.886827E-3
3.380000E-3	-1.098233E-2
3.385000E-3	-2.685606E-2
3.390000E-3	-1.209551E-2
3.395000E-3	-2.451181E-3
3.400000E-3	-5.225897E-3
3.405000E-3	8.727193E-3
3.410000E-3	9.669006E-3
3.415000E-3	-3.556132E-3
3.420000E-3	2.553999E-3
3.425000E-3	3.822088E-3
3.430000E-3	-1.161706E-2
3.435000E-3	-1.355827E-2
3.440000E-3	-1.191866E-2
3.445000E-3	-1.770389E-2
3.450000E-3	-1.290983E-2
3.455000E-3	3.621936E-3
3.460000E-3	7.083476E-3
3.465000E-3	-5.305409E-3
3.470000E-3	-7.359028E-3
3.475000E-3	-7.973194E-3
3.480000E-3	-1.338142E-2
3.485000E-3	-1.884174E-2
3.490000E-3	-1.736528E-2
3.495000E-3	-5.434275E-3
3.500000E-3	1.025575E-2
3.505000E-3	1.424372E-2
3.510000E-3	1.485515E-2
3.515000E-3	2.114487E-2
3.520000E-3	1.146352E-2
3.525000E-3	-7.736027E-3
3.530000E-3	-2.099818E-2
3.535000E-3	-3.310740E-2
3.540000E-3	-3.871578E-2
3.545000E-3	-3.190374E-2
3.550000E-3	-2.066231E-2
3.555000E-3	-7.805943E-3
3.560000E-3	2.371669E-3
3.565000E-3	4.295051E-3
3.570000E-3	1.576543E-3
3.575000E-3	-2.582788E-3
3.580000E-3	-1.344174E-2
3.585000E-3	-1.504707E-2
3.590000E-3	-2.296269E-3
3.595000E-3	-2.357960E-4
3.600000E-3	-5.334198E-3
3.605000E-3	-3.454685E-3
3.610000E-3	-1.553237E-3
3.615000E-3	-8.417368E-4
3.620000E-3	-8.422852E-3
3.625000E-3	-1.272064E-2
3.630000E-3	-9.446919E-3
3.635000E-3	-9.396195E-3
3.640000E-3	-6.742120E-3
3.645000E-3	-9.568930E-4
3.650000E-3	4.312873E-3
3.655000E-3	4.521251E-3
3.660000E-3	1.937091E-3
3.665000E-3	3.445089E-3
3.670000E-3	4.444480E-3
3.675000E-3	7.938921E-3
3.680000E-3	9.150803E-3
3.685000E-3	2.654076E-3
3.690000E-3	-4.134655E-3
3.695000E-3	-6.676316E-3
3.700000E-3	-7.874489E-3
3.705000E-3	-1.608485E-2
3.710000E-3	-2.208531E-2
3.715000E-3	-2.265561E-2
3.720000E-3	-2.389354E-2
3.725000E-3	-1.510054E-2
3.730000E-3	-6.873727E-3
3.735000E-3	-1.000488E-2
3.740000E-3	-3.802896E-3
3.745000E-3	8.705258E-4
3.750000E-3	-1.227784E-2
3.755000E-3	-1.812339E-2
3.760000E-3	-1.224494E-2
3.765000E-3	-1.968622E-2
3.770000E-3	-2.161372E-2
3.775000E-3	-7.966340E-3
3.780000E-3	-8.858800E-3
3.785000E-3	-1.158142E-2
3.790000E-3	-4.318357E-4
3.795000E-3	1.076162E-3
3.800000E-3	-3.780961E-3
3.805000E-3	2.485454E-3
3.810000E-3	9.855449E-3
3.815000E-3	1.251775E-2
3.820000E-3	1.647830E-2
3.825000E-3	1.902819E-2
3.830000E-3	4.985988E-3
3.835000E-3	-1.038462E-2
3.840000E-3	-1.761067E-2
3.845000E-3	-2.553862E-2
3.850000E-3	-2.563733E-2
3.855000E-3	-2.085698E-2
3.860000E-3	-1.811242E-2
3.865000E-3	-1.241082E-2
3.870000E-3	-1.010770E-2
3.875000E-3	-9.190559E-3
3.880000E-3	-1.852095E-3
3.885000E-3	1.856208E-3
3.890000E-3	5.117595E-3
3.895000E-3	9.466112E-3
3.900000E-3	9.105563E-3
3.905000E-3	1.113862E-2
3.910000E-3	1.454258E-2
3.915000E-3	1.280427E-2
3.920000E-3	9.947300E-3
3.925000E-3	-4.085302E-4
3.930000E-3	-1.785332E-2
3.935000E-3	-2.613360E-2
3.940000E-3	-2.395523E-2
3.945000E-3	-2.443093E-2
3.950000E-3	-2.452826E-2
3.955000E-3	-2.135050E-2
3.960000E-3	-2.187693E-2
3.965000E-3	-2.171791E-2
3.970000E-3	-1.182681E-2
3.975000E-3	-2.285302E-3
3.980000E-3	4.854381E-3
3.985000E-3	1.502514E-2
3.990000E-3	1.767099E-2
3.995000E-3	1.063412E-2
4.000000E-3	4.591167E-3
4.005000E-3	-2.950191E-3
4.010000E-3	-7.417977E-3
4.015000E-3	-4.958570E-3
4.020000E-3	-2.926886E-3
4.025000E-3	-7.396042E-3
4.030000E-3	-1.178157E-2
4.035000E-3	-1.394898E-2
4.040000E-3	-2.303261E-2
4.045000E-3	-2.657366E-2
4.050000E-3	-2.003580E-2
4.055000E-3	-1.453573E-2
4.060000E-3	-7.123232E-3
4.065000E-3	-3.015995E-4
4.070000E-3	-1.745164E-3
4.075000E-3	-3.745317E-3
4.080000E-3	1.645088E-5
4.085000E-3	1.909673E-3
4.090000E-3	2.553999E-3
4.095000E-3	6.976545E-3
4.100000E-3	6.690025E-3
4.105000E-3	3.663063E-3
4.110000E-3	2.008379E-3
4.115000E-3	-3.865957E-3
4.120000E-3	-9.519577E-3
4.125000E-3	-1.397365E-2
4.130000E-3	-2.025241E-2
4.135000E-3	-2.248836E-2
4.140000E-3	-1.761204E-2
4.145000E-3	-8.380353E-3
4.150000E-3	-3.728867E-4
4.155000E-3	8.687437E-3
4.160000E-3	1.382834E-2
4.165000E-3	9.157658E-3
4.170000E-3	3.769994E-3
4.175000E-3	6.114244E-4
4.180000E-3	-2.327800E-3
4.185000E-3	-5.493224E-3
4.190000E-3	-5.247831E-3
4.195000E-3	-4.571974E-3
4.200000E-3	-6.913483E-3
4.205000E-3	-1.009262E-2
4.210000E-3	-1.373237E-2
4.215000E-3	-1.355278E-2
4.220000E-3	-1.090968E-2
4.225000E-3	-1.281524E-2
4.230000E-3	-1.329231E-2
4.235000E-3	-1.120853E-2
4.240000E-3	-1.143336E-2
4.245000E-3	-1.301265E-2
4.250000E-3	-1.079863E-2
4.255000E-3	-7.226050E-3
4.260000E-3	-7.265806E-3
4.265000E-3	-2.486825E-3
4.270000E-3	4.281342E-3
4.275000E-3	3.897488E-3
4.280000E-3	1.631379E-3
4.285000E-3	-1.536787E-3
4.290000E-3	-5.777001E-3
4.295000E-3	-9.377003E-3
4.300000E-3	-1.351029E-2
4.305000E-3	-1.744068E-2
4.310000E-3	-2.011120E-2
4.315000E-3	-1.959437E-2
4.320000E-3	-1.910633E-2
4.325000E-3	-1.483732E-2
4.330000E-3	-4.980505E-3
4.335000E-3	2.194822E-3
4.340000E-3	6.282866E-3
4.345000E-3	7.940292E-3
4.350000E-3	3.997564E-3
4.355000E-3	-1.209140E-3
4.360000E-3	-5.430162E-3
4.365000E-3	-8.014321E-3
4.370000E-3	-7.464588E-3
4.375000E-3	-2.466261E-3
4.380000E-3	1.333892E-3
4.385000E-3	2.305865E-3
4.390000E-3	3.391623E-3
4.395000E-3	2.156436E-3
4.400000E-3	-8.129478E-4
4.405000E-3	-2.756894E-3
4.410000E-3	-3.362834E-3
4.415000E-3	-4.899621E-3
4.420000E-3	-9.870529E-3
4.425000E-3	-1.305926E-2
4.430000E-3	-1.457685E-2
4.435000E-3	-1.640153E-2
4.440000E-3	-1.423824E-2
4.445000E-3	-1.008439E-2
4.450000E-3	-5.450726E-3
4.455000E-3	-5.195737E-4
4.460000E-3	2.384007E-3
4.465000E-3	1.491547E-3
4.470000E-3	-5.236864E-4
4.475000E-3	-1.037776E-3
4.480000E-3	-4.443109E-3
4.485000E-3	-9.636104E-3
4.490000E-3	-1.345545E-2
4.495000E-3	-1.558584E-2
4.500000E-3	-1.305377E-2
4.505000E-3	-7.142425E-3
4.510000E-3	-4.078448E-3
4.515000E-3	-3.439605E-3
4.520000E-3	-2.817214E-3
4.525000E-3	-6.354153E-3
4.530000E-3	-1.109886E-2
4.535000E-3	-1.229429E-2
4.540000E-3	-1.218599E-2
4.545000E-3	-1.164860E-2
4.550000E-3	-8.256972E-3
4.555000E-3	-6.384313E-3
4.560000E-3	-6.569386E-3
4.565000E-3	-4.582942E-3
4.570000E-3	-1.913786E-3
4.575000E-3	-8.527040E-4
4.580000E-3	3.893375E-4
4.585000E-3	4.249811E-5
4.590000E-3	-2.367556E-3
4.595000E-3	-2.414167E-3
4.600000E-3	-7.498860E-4
4.605000E-3	-1.311958E-3
4.610000E-3	-3.165424E-3
4.615000E-3	-4.730999E-3
4.620000E-3	-6.690025E-3
4.625000E-3	-9.999394E-3
4.630000E-3	-1.625621E-2
4.635000E-3	-2.058965E-2
4.640000E-3	-1.994669E-2
4.645000E-3	-1.809734E-2
4.650000E-3	-1.434517E-2
4.655000E-3	-6.424069E-3
4.660000E-3	1.468241E-3
4.665000E-3	6.036103E-3
4.670000E-3	8.198023E-3
4.675000E-3	7.906020E-3
4.680000E-3	3.235340E-3
4.685000E-3	-1.572430E-3
4.690000E-3	-3.058493E-3
4.695000E-3	-4.621327E-3
4.700000E-3	-6.041586E-3
4.705000E-3	-3.431380E-3
4.710000E-3	2.522469E-4
4.715000E-3	4.592538E-4
4.720000E-3	-1.706779E-3
4.725000E-3	-3.188729E-3
4.730000E-3	-5.427420E-3
4.735000E-3	-9.045243E-3
4.740000E-3	-9.696424E-3
4.745000E-3	-6.663978E-3
4.750000E-3	-3.387511E-3
4.755000E-3	-1.173496E-3
4.760000E-3	5.894899E-5
4.765000E-3	-1.616299E-3
4.770000E-3	-4.085302E-3
4.775000E-3	-6.574869E-3
4.780000E-3	-8.938313E-3
4.785000E-3	-8.919120E-3
4.790000E-3	-9.119272E-3
4.795000E-3	-1.063001E-2
4.800000E-3	-1.209962E-2
4.805000E-3	-1.229703E-2
4.810000E-3	-1.087540E-2
4.815000E-3	-9.175479E-3
4.820000E-3	-8.058190E-3
4.825000E-3	-6.525517E-3
4.830000E-3	-4.769385E-3
4.835000E-3	-5.384922E-3
4.840000E-3	-8.143187E-3
4.845000E-3	-9.564817E-3
4.850000E-3	-9.610057E-3
4.855000E-3	-9.363294E-3
4.860000E-3	-7.444024E-3
4.865000E-3	-4.917443E-3
4.870000E-3	-4.425287E-3
4.875000E-3	-5.741358E-3
4.880000E-3	-8.239150E-3
4.885000E-3	-1.222712E-2
4.890000E-3	-1.477975E-2
4.895000E-3	-1.382011E-2
4.900000E-3	-1.034349E-2
4.905000E-3	-6.396651E-3
4.910000E-3	-3.824830E-3
4.915000E-3	-1.909673E-3
4.920000E-3	-4.112720E-6
4.925000E-3	1.713634E-4
4.930000E-3	-1.586139E-3
4.935000E-3	-7.320642E-4
4.940000E-3	1.523077E-3
4.945000E-3	1.550496E-3
4.950000E-3	5.798936E-4
4.955000E-3	3.975630E-5
4.960000E-3	-3.665805E-3
4.965000E-3	-9.573042E-3
4.970000E-3	-1.319498E-2
4.975000E-3	-1.587373E-2
4.980000E-3	-1.708150E-2
4.985000E-3	-1.559269E-2
4.990000E-3	-1.239163E-2
4.995000E-3	-9.274185E-3
5.000000E-3	-4.234731E-3
5.005000E-3	-5.493224E-3
5.010000E-3	-1.983428E-2
5.015000E-3	-3.935188E-2
5.020000E-3	-2.101874E-2
5.025000E-3	-8.250117E-3
5.030000E-3	-2.153558E-2
5.035000E-3	8.660018E-3
5.040000E-3	8.295357E-3
5.045000E-3	8.547604E-3
5.050000E-3	4.936635E-2
5.055000E-3	4.724693E-2
5.060000E-3	2.187830E-2
5.065000E-3	1.247114E-2
5.070000E-3	-1.039970E-2
5.075000E-3	-2.880275E-2
5.080000E-3	-2.089262E-2
5.085000E-3	-2.040321E-2
5.090000E-3	-2.693558E-2
5.095000E-3	-2.476406E-2
5.100000E-3	-2.019483E-2
5.105000E-3	-3.509384E-2
5.110000E-3	-2.074182E-2
5.115000E-3	3.283322E-3
5.120000E-3	-1.170069E-2
5.125000E-3	-1.856208E-3
5.130000E-3	1.492369E-2
5.135000E-3	4.554152E-3
5.140000E-3	1.449734E-2
5.145000E-3	3.061372E-2
5.150000E-3	1.695400E-2
5.155000E-3	3.431380E-3
5.160000E-3	3.401220E-3
5.165000E-3	-1.557899E-2
5.170000E-3	-2.988714E-2
5.175000E-3	-1.815081E-2
5.180000E-3	-2.807891E-2
5.185000E-3	-3.290725E-2
5.190000E-3	-1.683199E-2
5.195000E-3	-1.519924E-2
5.200000E-3	-1.865530E-2
5.205000E-3	-6.101906E-3
5.210000E-3	-1.342118E-3
5.215000E-3	-5.707085E-3
5.220000E-3	1.033801E-2
5.225000E-3	9.736180E-3
5.230000E-3	-9.656668E-3
5.235000E-3	1.150191E-3
5.240000E-3	7.275403E-3
5.245000E-3	-1.849353E-3
5.250000E-3	5.951107E-3
5.255000E-3	6.315768E-3
5.260000E-3	-3.590405E-3
5.265000E-3	-2.149582E-3
5.270000E-3	3.158569E-3
5.275000E-3	-5.420566E-3
5.280000E-3	-1.079315E-2
5.285000E-3	-5.501449E-3
5.290000E-3	-1.716375E-2
5.295000E-3	-1.512933E-2
5.300000E-3	6.977916E-4
5.305000E-3	-1.745164E-3
5.310000E-3	-1.643717E-3
5.315000E-3	1.203793E-2
5.320000E-3	6.535113E-3
5.325000E-3	-4.356742E-3
5.330000E-3	2.427876E-3
5.335000E-3	-3.427267E-4
5.340000E-3	-9.848595E-3
5.345000E-3	-3.223002E-3
5.350000E-3	-6.717443E-3
5.355000E-3	-1.788348E-2
5.360000E-3	-1.524997E-2
5.365000E-3	-1.526642E-2
5.370000E-3	-2.390724E-2
5.375000E-3	-2.173573E-2
5.380000E-3	-1.660854E-2
5.385000E-3	-2.388805E-2
5.390000E-3	-1.890755E-2
5.395000E-3	-6.753087E-3
5.400000E-3	-1.108652E-2
5.405000E-3	-1.017076E-2
5.410000E-3	-1.194060E-3
5.415000E-3	-5.516529E-3
5.420000E-3	-6.425440E-3
5.425000E-3	4.184008E-3
5.430000E-3	2.290785E-3
5.435000E-3	-4.155219E-3
5.440000E-3	2.445698E-3
5.445000E-3	-9.870529E-4
5.450000E-3	-1.068622E-2
5.455000E-3	-3.334045E-3
5.460000E-3	2.237320E-3
5.465000E-3	-3.719270E-3
5.470000E-3	1.660168E-3
5.475000E-3	3.007770E-3
5.480000E-3	-7.933438E-3
5.485000E-3	-7.487893E-3
5.490000E-3	-4.628181E-3
5.495000E-3	-7.996500E-3
5.500000E-3	-8.739531E-3
5.505000E-3	-3.066719E-3
5.510000E-3	-7.626355E-3
5.515000E-3	-1.439315E-2
5.520000E-3	-5.616605E-3
5.525000E-3	-9.237170E-3
5.530000E-3	-1.255888E-2
5.535000E-3	-3.519118E-3
5.540000E-3	-2.393603E-3
5.545000E-3	-5.456209E-3
5.550000E-3	-1.392841E-3
5.555000E-3	-1.747906E-3
5.560000E-3	-9.474337E-3
5.565000E-3	-1.021874E-2
5.570000E-3	-7.982790E-3
5.575000E-3	-1.345819E-2
5.580000E-3	-1.400793E-2
5.585000E-3	-8.428335E-3
5.590000E-3	-1.048195E-2
5.595000E-3	-1.149094E-2
5.600000E-3	-8.773804E-3
5.605000E-3	-1.010221E-2
5.610000E-3	-1.170480E-2
5.615000E-3	-4.965425E-3
5.620000E-3	-1.575172E-3
5.625000E-3	-8.239150E-4
5.630000E-3	6.306171E-4
5.635000E-3	-8.239150E-4
5.640000E-3	-2.655447E-3
5.645000E-3	2.570450E-3
5.650000E-3	4.987359E-3
5.655000E-3	1.205027E-3
5.660000E-3	-2.056360E-5
5.665000E-3	-1.176238E-3
5.670000E-3	-6.361008E-3
5.675000E-3	-6.506324E-3
5.680000E-3	-5.327344E-3
5.685000E-3	-8.670986E-3
5.690000E-3	-7.305562E-3
5.695000E-3	-3.018737E-3
5.700000E-3	-4.363596E-3
5.705000E-3	-4.359484E-3
5.710000E-3	-2.056360E-3
5.715000E-3	-7.626355E-3
5.720000E-3	-9.027421E-3
5.725000E-3	-4.151106E-3
5.730000E-3	-6.674945E-3
5.735000E-3	-8.465350E-3
5.740000E-3	-6.115615E-3
5.745000E-3	-8.915007E-3
5.750000E-3	-1.287556E-2
5.755000E-3	-1.019818E-2
5.760000E-3	-1.084250E-2
5.765000E-3	-1.418751E-2
5.770000E-3	-1.079315E-2
5.775000E-3	-8.990407E-3
5.780000E-3	-1.014197E-2
5.785000E-3	-5.155981E-3
5.790000E-3	-7.156134E-4
5.795000E-3	-2.489567E-3
5.800000E-3	1.723230E-3
5.805000E-3	5.977154E-3
5.810000E-3	4.038692E-3
5.815000E-3	4.890025E-3
5.820000E-3	4.678905E-3
5.825000E-3	-3.229856E-3
5.830000E-3	-8.857429E-3
5.835000E-3	-1.071912E-2
5.840000E-3	-1.540762E-2
5.845000E-3	-1.719254E-2
5.850000E-3	-1.234639E-2
5.855000E-3	-9.686828E-3
5.860000E-3	-8.389950E-3
5.865000E-3	-1.972735E-3
5.870000E-3	1.052856E-3
5.875000E-3	-1.837015E-4
5.880000E-3	1.850724E-4
5.885000E-3	-1.279056E-3
5.890000E-3	-5.426049E-3
5.895000E-3	-5.235493E-3
5.900000E-3	-4.773498E-3
5.905000E-3	-8.122623E-3
5.910000E-3	-8.542120E-3
5.915000E-3	-8.528411E-3
5.920000E-3	-1.103580E-2
5.925000E-3	-1.003915E-2
5.930000E-3	-8.043110E-3
5.935000E-3	-9.219348E-3
5.940000E-3	-9.671748E-3
5.945000E-3	-7.841587E-3
5.950000E-3	-8.661389E-3
5.955000E-3	-8.065045E-3
5.960000E-3	-5.441129E-3
5.965000E-3	-6.847680E-3
5.970000E-3	-7.102668E-3
5.975000E-3	-3.730237E-3
5.980000E-3	-2.718508E-3
5.985000E-3	-2.048135E-3
5.990000E-3	1.004875E-3
5.995000E-3	1.122773E-3
6.000000E-3	-4.866719E-4
6.005000E-3	6.306171E-5
6.010000E-3	-1.734197E-3
6.015000E-3	-5.663216E-3
6.020000E-3	-7.200003E-3
6.025000E-3	-8.646309E-3
6.030000E-3	-1.083153E-2
6.035000E-3	-1.078767E-2
6.040000E-3	-1.001310E-2
6.045000E-3	-8.968472E-3
6.050000E-3	-5.617976E-3
6.055000E-3	-1.963139E-3
6.060000E-3	-1.631379E-3
6.065000E-3	-1.838386E-3
6.070000E-3	-4.222393E-4
6.075000E-3	-1.675248E-3
6.080000E-3	-3.757656E-3
6.085000E-3	-3.968775E-3
6.090000E-3	-6.223917E-3
6.095000E-3	-9.504497E-3
6.100000E-3	-1.164860E-2
6.105000E-3	-1.418340E-2
6.110000E-3	-1.604646E-2
6.115000E-3	-1.325393E-2
6.120000E-3	-9.656668E-3
6.125000E-3	-8.958876E-3
6.130000E-3	-8.214474E-3
6.135000E-3	-6.481647E-3
6.140000E-3	-6.270528E-3
6.145000E-3	-5.619347E-3
6.150000E-3	-3.572583E-3
6.155000E-3	-3.874183E-3
6.160000E-3	-3.998935E-3
6.165000E-3	-1.621783E-3
6.170000E-3	-1.895964E-3
6.175000E-3	-3.044784E-3
6.180000E-3	-1.702666E-3
6.185000E-3	-1.688957E-3
6.190000E-3	-4.327953E-3
6.195000E-3	-4.177153E-3
6.200000E-3	-3.288805E-3
6.205000E-3	-3.413558E-3
6.210000E-3	-2.918661E-3
6.215000E-3	-3.738463E-3
6.220000E-3	-6.685913E-3
6.225000E-3	-8.385837E-3
6.230000E-3	-9.017825E-3
6.235000E-3	-1.074243E-2
6.240000E-3	-1.172811E-2
6.245000E-3	-1.039559E-2
6.250000E-3	-8.991778E-3
6.255000E-3	-7.550955E-3
6.260000E-3	-4.418433E-3
6.265000E-3	-1.898706E-3
6.270000E-3	-6.265044E-4
6.275000E-3	7.265806E-5
6.280000E-3	-7.814169E-4
6.285000E-3	-3.287435E-3
6.290000E-3	-4.354000E-3
6.295000E-3	-5.103886E-3
6.300000E-3	-7.608533E-3
6.305000E-3	-8.871138E-3
6.310000E-3	-9.060323E-3
6.315000E-3	-1.040381E-2
6.320000E-3	-1.077533E-2
6.325000E-3	-1.048195E-2
6.330000E-3	-1.032156E-2
6.335000E-3	-8.710742E-3
6.340000E-3	-6.917596E-3
6.345000E-3	-6.090939E-3
6.350000E-3	-5.644023E-3
6.355000E-3	-5.313635E-3
6.360000E-3	-6.573498E-3
6.365000E-3	-8.614779E-3
6.370000E-3	-8.984923E-3
6.375000E-3	-8.798480E-3
6.380000E-3	-7.394671E-3
6.385000E-3	-4.237473E-3
6.390000E-3	-1.699924E-3
6.395000E-3	1.343489E-4
6.400000E-3	1.011729E-3
6.405000E-3	4.263520E-4
6.410000E-3	-1.185834E-3
6.415000E-3	-2.031684E-3
6.420000E-3	-2.707541E-3
6.425000E-3	-3.950953E-3
6.430000E-3	-4.772127E-3
6.435000E-3	-6.278753E-3
6.440000E-3	-8.066416E-3
6.445000E-3	-8.492768E-3
6.450000E-3	-9.180963E-3
6.455000E-3	-1.027632E-2
6.460000E-3	-1.113588E-2
6.465000E-3	-1.074791E-2
6.470000E-3	-9.183705E-3
6.475000E-3	-7.062912E-3
6.480000E-3	-4.607618E-3
6.485000E-3	-2.146840E-3
6.490000E-3	-7.539988E-5
6.495000E-3	9.747148E-4
6.500000E-3	1.051486E-3
6.505000E-3	4.208684E-4
6.510000E-3	-1.937091E-3
6.515000E-3	-4.529476E-3
6.520000E-3	-6.910741E-3
6.525000E-3	-9.364665E-3
6.530000E-3	-1.002407E-2
6.535000E-3	-8.808076E-3
6.540000E-3	-7.290483E-3
6.545000E-3	-5.458951E-3
6.550000E-3	-4.031837E-3
6.555000E-3	-3.959179E-3
6.560000E-3	-4.674792E-3
6.565000E-3	-5.752325E-3
6.570000E-3	-7.391930E-3
6.575000E-3	-8.331001E-3
6.580000E-3	-7.790864E-3
6.585000E-3	-7.268548E-3
6.590000E-3	-6.169081E-3
6.595000E-3	-5.009294E-3
6.600000E-3	-4.846156E-3
6.605000E-3	-4.757047E-3
6.610000E-3	-3.695965E-3
6.615000E-3	-3.458798E-3
6.620000E-3	-4.099011E-3
6.625000E-3	-4.711807E-3
6.630000E-3	-5.912721E-3
6.635000E-3	-7.614017E-3
6.640000E-3	-7.949889E-3
6.645000E-3	-7.672966E-3
6.650000E-3	-7.720947E-3
6.655000E-3	-6.418586E-3
6.660000E-3	-4.561007E-3
6.665000E-3	-2.802134E-3
6.670000E-3	-1.220107E-3
6.675000E-3	-4.016757E-4
6.680000E-3	-1.189947E-3
6.685000E-3	-2.774715E-3
6.690000E-3	-4.458189E-3
6.695000E-3	-6.245852E-3
6.700000E-3	-7.158875E-3
6.705000E-3	-7.605791E-3
6.710000E-3	-7.870376E-3
6.715000E-3	-7.646918E-3
6.720000E-3	-7.331610E-3
6.725000E-3	-8.088350E-3
6.730000E-3	-9.311199E-3
6.735000E-3	-1.041067E-2
6.740000E-3	-1.077396E-2
6.745000E-3	-1.035035E-2
6.750000E-3	-8.945167E-3
6.755000E-3	-7.474184E-3
6.760000E-3	-6.203353E-3
6.765000E-3	-4.746079E-3
6.770000E-3	-3.388882E-3
6.775000E-3	-2.710283E-3
6.780000E-3	-2.342880E-3
6.785000E-3	-2.340138E-3
6.790000E-3	-2.822697E-3
6.795000E-3	-3.357351E-3
6.800000E-3	-3.545165E-3
6.805000E-3	-4.408836E-3
6.810000E-3	-5.386293E-3
6.815000E-3	-6.203353E-3
6.820000E-3	-7.912874E-3
6.825000E-3	-9.213865E-3
6.830000E-3	-1.022834E-2
6.835000E-3	-1.115507E-2
6.840000E-3	-1.139086E-2
6.845000E-3	-1.072186E-2
6.850000E-3	-9.700537E-3
6.855000E-3	-8.283019E-3
6.860000E-3	-6.371975E-3
6.865000E-3	-5.203962E-3
6.870000E-3	-4.732370E-3
6.875000E-3	-4.269004E-3
6.880000E-3	-4.278600E-3
6.885000E-3	-4.662454E-3
6.890000E-3	-4.892766E-3
6.895000E-3	-5.587816E-3
6.900000E-3	-6.880581E-3
6.905000E-3	-7.465959E-3
6.910000E-3	-8.133590E-3
6.915000E-3	-8.768320E-3
6.920000E-3	-8.310437E-3
6.925000E-3	-7.768929E-3
6.930000E-3	-7.627726E-3
6.935000E-3	-6.552935E-3
6.940000E-3	-5.741358E-3
6.945000E-3	-5.502820E-3
6.950000E-3	-4.936635E-3
6.955000E-3	-4.704952E-3
6.960000E-3	-4.577458E-3
6.965000E-3	-4.219651E-3
6.970000E-3	-3.624678E-3
6.975000E-3	-2.729475E-3
6.980000E-3	-1.435339E-3
6.985000E-3	-6.484389E-4
6.990000E-3	-1.333892E-3
6.995000E-3	-2.961159E-3
7.000000E-3	-4.836559E-3
7.005000E-3	-6.595433E-3
7.010000E-3	-8.428335E-3
7.015000E-3	-9.607315E-3
7.020000E-3	-1.007342E-2
7.025000E-3	-1.082742E-2
7.030000E-3	-1.100290E-2
7.035000E-3	-1.089597E-2
7.040000E-3	-9.433210E-3
7.045000E-3	-7.498860E-3
7.050000E-3	-4.883170E-3
7.055000E-3	-2.726734E-3
7.060000E-3	-1.624525E-3
7.065000E-3	-1.612186E-3
7.070000E-3	-2.178371E-3
7.075000E-3	-3.542423E-3
7.080000E-3	-5.114853E-3
7.085000E-3	-6.315768E-3
7.090000E-3	-6.762683E-3
7.095000E-3	-5.929172E-3
7.100000E-3	-4.204571E-3
7.105000E-3	-2.702057E-3
7.110000E-3	-2.219498E-3
7.115000E-3	-2.316833E-3
7.120000E-3	-3.802896E-3
7.125000E-3	-5.907238E-3
7.130000E-3	-8.099318E-3
7.135000E-3	-1.021463E-2
7.140000E-3	-1.105911E-2
7.145000E-3	-1.079589E-2
7.150000E-3	-9.564817E-3
7.155000E-3	-7.519424E-3
7.160000E-3	-5.390406E-3
7.165000E-3	-3.870070E-3
7.170000E-3	-3.284693E-3
7.175000E-3	-3.217518E-3
7.180000E-3	-3.595889E-3
7.185000E-3	-4.008532E-3
7.190000E-3	-4.367709E-3
7.195000E-3	-4.741967E-3
7.200000E-3	-4.822850E-3
7.205000E-3	-5.035341E-3
7.210000E-3	-5.598783E-3
7.215000E-3	-6.541967E-3
7.220000E-3	-7.345319E-3
7.225000E-3	-7.341206E-3
7.230000E-3	-6.865501E-3
7.235000E-3	-5.752325E-3
7.240000E-3	-4.656971E-3
7.245000E-3	-3.996193E-3
7.250000E-3	-3.790557E-3
7.255000E-3	-4.514396E-3
7.260000E-3	-5.504191E-3
7.265000E-3	-6.323993E-3
7.270000E-3	-6.531000E-3
7.275000E-3	-6.180048E-3
7.280000E-3	-5.345166E-3
7.285000E-3	-3.746688E-3
7.290000E-3	-3.007770E-3
7.295000E-3	-3.490329E-3
7.300000E-3	-5.214930E-3
7.305000E-3	-7.352173E-3
7.310000E-3	-9.494901E-3
7.315000E-3	-1.099467E-2
7.320000E-3	-1.155812E-2
7.325000E-3	-1.077533E-2
7.330000E-3	-9.459257E-3
7.335000E-3	-8.118510E-3
7.340000E-3	-7.371366E-3
7.345000E-3	-6.764054E-3
7.350000E-3	-5.823612E-3
7.355000E-3	-4.828334E-3
7.360000E-3	-3.676772E-3
7.365000E-3	-2.467632E-3
7.370000E-3	-1.750648E-3
7.375000E-3	-1.453161E-3
7.380000E-3	-2.318203E-3
7.385000E-3	-4.060626E-3
7.390000E-3	-6.684542E-3
7.395000E-3	-9.294748E-3
7.400000E-3	-1.133054E-2
7.405000E-3	-1.226002E-2
7.410000E-3	-1.170754E-2
7.415000E-3	-1.017213E-2
7.420000E-3	-8.454382E-3
7.425000E-3	-6.517291E-3
7.430000E-3	-4.802287E-3
7.435000E-3	-3.233969E-3
7.440000E-3	-2.375782E-3
7.445000E-3	-1.699924E-3
7.450000E-3	-1.051486E-3
7.455000E-3	-5.113482E-4
7.460000E-3	-4.578829E-4
7.465000E-3	-9.102821E-4
7.470000E-3	-1.653314E-3
7.475000E-3	-3.175020E-3
7.480000E-3	-5.820870E-3
7.485000E-3	-8.755982E-3
7.490000E-3	-1.142788E-2
7.495000E-3	-1.335949E-2
7.500000E-3	-1.372141E-2
7.505000E-3	-1.249582E-2
7.510000E-3	-1.034898E-2
7.515000E-3	-7.849813E-3
7.520000E-3	-5.538464E-3
7.525000E-3	-3.527343E-3
7.530000E-3	-1.756132E-3
7.535000E-3	-4.811883E-4
7.540000E-3	7.539988E-5
7.545000E-3	-6.210208E-4
7.550000E-3	-1.850724E-3
7.555000E-3	-3.759027E-3
7.560000E-3	-5.723536E-3
7.565000E-3	-7.505715E-3
7.570000E-3	-9.111047E-3
7.575000E-3	-9.958267E-3
7.580000E-3	-1.009536E-2
7.585000E-3	-9.828031E-3
7.590000E-3	-9.666264E-3
7.595000E-3	-9.800613E-3
7.600000E-3	-1.063550E-2
7.605000E-3	-1.156497E-2
7.610000E-3	-1.173770E-2
7.615000E-3	-1.079315E-2
7.620000E-3	-8.890331E-3
7.625000E-3	-6.552935E-3
7.630000E-3	-4.434884E-3
7.635000E-3	-2.414167E-3
7.640000E-3	-6.402135E-4
7.645000E-3	3.029704E-4
7.650000E-3	3.413558E-4
7.655000E-3	-3.660321E-4
7.660000E-3	-1.698554E-3
7.665000E-3	-3.057122E-3
7.670000E-3	-4.318357E-3
7.675000E-3	-5.367100E-3
7.680000E-3	-6.236255E-3
7.685000E-3	-7.423460E-3
7.690000E-3	-8.451641E-3
7.695000E-3	-8.921862E-3
7.700000E-3	-8.669615E-3
7.705000E-3	-8.119881E-3
7.710000E-3	-7.164359E-3
7.715000E-3	-6.668091E-3
7.720000E-3	-6.476164E-3
7.725000E-3	-6.502211E-3
7.730000E-3	-6.385684E-3
7.735000E-3	-6.334960E-3
7.740000E-3	-6.522775E-3
7.745000E-3	-6.695509E-3
7.750000E-3	-6.968319E-3
7.755000E-3	-6.973803E-3
7.760000E-3	-6.458342E-3
7.765000E-3	-5.412340E-3
7.770000E-3	-3.753543E-3
7.775000E-3	-2.193451E-3
7.780000E-3	-1.307845E-3
7.785000E-3	-8.499622E-4
7.790000E-3	-8.677840E-4
7.795000E-3	-1.874030E-3
7.800000E-3	-3.409445E-3
7.805000E-3	-4.591167E-3
7.810000E-3	-5.457580E-3
7.815000E-3	-5.683780E-3
7.820000E-3	-5.406857E-3
7.825000E-3	-5.029857E-3
7.830000E-3	-4.477382E-3
7.835000E-3	-4.099011E-3
7.840000E-3	-4.081190E-3
7.845000E-3	-4.391015E-3
7.850000E-3	-4.720032E-3
7.855000E-3	-5.025744E-3
7.860000E-3	-5.321860E-3
7.865000E-3	-5.718052E-3
7.870000E-3	-5.996346E-3
7.875000E-3	-6.700993E-3
7.880000E-3	-7.590711E-3
7.885000E-3	-8.203506E-3
7.890000E-3	-8.546233E-3
7.895000E-3	-8.596957E-3
7.900000E-3	-8.468091E-3
7.905000E-3	-8.073270E-3
7.910000E-3	-7.452250E-3
7.915000E-3	-6.402135E-3
7.920000E-3	-5.168319E-3
7.925000E-3	-4.145622E-3
7.930000E-3	-3.798783E-3
7.935000E-3	-3.643870E-3
7.940000E-3	-3.955066E-3
7.945000E-3	-4.226506E-3
7.950000E-3	-4.665196E-3
7.955000E-3	-5.018890E-3
7.960000E-3	-5.681038E-3
7.965000E-3	-6.344557E-3
7.970000E-3	-7.161617E-3
7.975000E-3	-7.884085E-3
7.980000E-3	-8.839607E-3
7.985000E-3	-9.758115E-3
7.990000E-3	-1.018858E-2
7.995000E-3	-1.028180E-2
8.000000E-3	-9.987056E-3
8.005000E-3	-9.290636E-3
8.010000E-3	-7.963598E-3
8.015000E-3	-6.248593E-3
8.020000E-3	-4.504800E-3
8.025000E-3	-2.748668E-3
8.030000E-3	-1.250267E-3
8.035000E-3	-9.349585E-4
8.040000E-3	-1.209140E-3
8.045000E-3	-2.455294E-3
8.050000E-3	-4.049659E-3
8.055000E-3	-5.197108E-3
8.060000E-3	-5.831838E-3
8.065000E-3	-5.723536E-3
8.070000E-3	-5.458951E-3
8.075000E-3	-5.007923E-3
8.080000E-3	-4.706323E-3
8.085000E-3	-5.033970E-3
8.090000E-3	-5.452096E-3
8.095000E-3	-5.901754E-3
8.100000E-3	-6.229401E-3
8.105000E-3	-6.110132E-3
8.110000E-3	-5.798936E-3
8.115000E-3	-5.343795E-3
8.120000E-3	-5.400002E-3
8.125000E-3	-5.770147E-3
8.130000E-3	-6.322622E-3
8.135000E-3	-7.263064E-3
8.140000E-3	-7.871747E-3
8.145000E-3	-8.616149E-3
8.150000E-3	-9.108305E-3
8.155000E-3	-9.785533E-3
8.160000E-3	-1.008165E-2
8.165000E-3	-1.016253E-2
8.170000E-3	-1.004463E-2
8.175000E-3	-9.442806E-3
8.180000E-3	-8.340597E-3
8.185000E-3	-7.020414E-3
8.190000E-3	-5.612493E-3
8.195000E-3	-4.177153E-3
8.200000E-3	-3.305256E-3
8.205000E-3	-2.671897E-3
8.210000E-3	-2.407312E-3
8.215000E-3	-2.530694E-3
8.220000E-3	-2.649963E-3
8.225000E-3	-3.015995E-3
8.230000E-3	-3.195584E-3
8.235000E-3	-3.604114E-3
8.240000E-3	-4.199088E-3
8.245000E-3	-4.822850E-3
8.250000E-3	-5.420566E-3
8.255000E-3	-6.084085E-3
8.260000E-3	-6.636560E-3
8.265000E-3	-7.065654E-3
8.270000E-3	-7.123232E-3
8.275000E-3	-6.861389E-3
8.280000E-3	-6.085455E-3
8.285000E-3	-5.517900E-3
8.290000E-3	-5.125821E-3
8.295000E-3	-4.891396E-3
8.300000E-3	-5.046308E-3
8.305000E-3	-5.480886E-3
8.310000E-3	-5.909979E-3
8.315000E-3	-6.399393E-3
8.320000E-3	-6.510437E-3
8.325000E-3	-6.382942E-3
8.330000E-3	-6.192386E-3
8.335000E-3	-5.900383E-3
8.340000E-3	-5.797565E-3
8.345000E-3	-5.923688E-3
8.350000E-3	-6.123841E-3
8.355000E-3	-6.626964E-3
8.360000E-3	-6.980658E-3
8.365000E-3	-6.898403E-3
8.370000E-3	-6.646156E-3
8.375000E-3	-6.175935E-3
8.380000E-3	-5.460322E-3
8.385000E-3	-4.800916E-3
8.390000E-3	-4.673421E-3
8.395000E-3	-4.948974E-3
8.400000E-3	-5.867481E-3
8.405000E-3	-6.939530E-3
8.410000E-3	-7.897794E-3
8.415000E-3	-8.292615E-3
8.420000E-3	-8.239150E-3
8.425000E-3	-8.085608E-3
8.430000E-3	-7.452250E-3
8.435000E-3	-6.894290E-3
8.440000E-3	-6.044328E-3
8.445000E-3	-5.378067E-3
8.450000E-3	-4.426658E-3
8.455000E-3	-3.753543E-3
8.460000E-3	-3.462911E-3
8.465000E-3	-3.454685E-3
8.470000E-3	-3.822088E-3
8.475000E-3	-4.724145E-3
8.480000E-3	-5.435646E-3
8.485000E-3	-6.472051E-3
8.490000E-3	-7.848442E-3
8.495000E-3	-9.052098E-3
8.500000E-3	-9.744406E-3
8.505000E-3	-1.017213E-2
8.510000E-3	-9.923995E-3
8.515000E-3	-9.378374E-3
8.520000E-3	-8.538008E-3
8.525000E-3	-7.572889E-3
8.530000E-3	-6.680429E-3
8.535000E-3	-5.722165E-3
8.540000E-3	-4.758418E-3
8.545000E-3	-4.194975E-3
8.550000E-3	-4.060626E-3
8.555000E-3	-3.979743E-3
8.560000E-3	-4.037321E-3
8.565000E-3	-3.937244E-3
8.570000E-3	-3.583550E-3
8.575000E-3	-3.084540E-3
8.580000E-3	-2.447069E-3
8.585000E-3	-2.187967E-3
8.590000E-3	-2.142727E-3
8.595000E-3	-2.537549E-3
8.600000E-3	-3.336787E-3
8.605000E-3	-4.433513E-3
8.610000E-3	-5.663216E-3
8.615000E-3	-6.653011E-3
8.620000E-3	-7.319272E-3
8.625000E-3	-7.064283E-3
8.630000E-3	-6.748974E-3
8.635000E-3	-5.977154E-3
8.640000E-3	-5.356133E-3
8.645000E-3	-4.896879E-3
8.650000E-3	-4.857123E-3
8.655000E-3	-5.380809E-3
8.660000E-3	-6.311655E-3
8.665000E-3	-6.986141E-3
8.670000E-3	-7.526278E-3
8.675000E-3	-7.631838E-3
8.680000E-3	-7.331610E-3
8.685000E-3	-6.699622E-3
8.690000E-3	-6.200612E-3
8.695000E-3	-6.195128E-3
8.700000E-3	-6.173193E-3
8.705000E-3	-6.415844E-3
8.710000E-3	-6.748974E-3
8.715000E-3	-6.835341E-3
8.720000E-3	-6.485760E-3
8.725000E-3	-5.868852E-3
8.730000E-3	-4.713178E-3
8.735000E-3	-3.817976E-3
8.740000E-3	-3.260016E-3
8.745000E-3	-3.147602E-3
8.750000E-3	-3.562987E-3
8.755000E-3	-4.737854E-3
8.760000E-3	-5.986750E-3
8.765000E-3	-7.243872E-3
8.770000E-3	-7.985532E-3
8.775000E-3	-8.171976E-3
8.780000E-3	-7.660627E-3
8.785000E-3	-6.576240E-3
8.790000E-3	-5.315006E-3
8.795000E-3	-4.044175E-3
8.800000E-3	-3.165424E-3
8.805000E-3	-3.005028E-3
8.810000E-3	-3.358722E-3
8.815000E-3	-3.879666E-3
8.820000E-3	-4.931152E-3
8.825000E-3	-5.951107E-3
8.830000E-3	-6.626964E-3
8.835000E-3	-7.180810E-3
8.840000E-3	-7.353544E-3
8.845000E-3	-7.187665E-3
8.850000E-3	-6.570756E-3
8.855000E-3	-6.417215E-3
8.860000E-3	-6.373346E-3
8.865000E-3	-6.011426E-3
8.870000E-3	-6.147146E-3
8.875000E-3	-6.302059E-3
8.880000E-3	-6.492615E-3
8.885000E-3	-6.265044E-3
8.890000E-3	-6.222546E-3
8.895000E-3	-5.933285E-3
8.900000E-3	-5.579591E-3
8.905000E-3	-5.209446E-3
8.910000E-3	-5.197108E-3
8.915000E-3	-5.334198E-3
8.920000E-3	-5.406857E-3
8.925000E-3	-5.395889E-3
8.930000E-3	-5.608380E-3
8.935000E-3	-6.214321E-3
8.940000E-3	-6.703734E-3
8.945000E-3	-7.433057E-3
8.950000E-3	-8.224070E-3
8.955000E-3	-9.239912E-3
8.960000E-3	-9.703279E-3
8.965000E-3	-9.607315E-3
8.970000E-3	-9.182334E-3
8.975000E-3	-8.402288E-3
8.980000E-3	-6.946385E-3
8.985000E-3	-5.446613E-3
8.990000E-3	-3.759027E-3
8.995000E-3	-2.585530E-3
9.000000E-3	-1.610816E-3
9.005000E-3	-1.300991E-3
9.010000E-3	-1.535416E-3
9.015000E-3	-2.168775E-3
9.020000E-3	-3.207922E-3
9.025000E-3	-4.674792E-3
9.030000E-3	-5.905867E-3
9.035000E-3	-6.655753E-3
9.040000E-3	-7.352173E-3
9.045000E-3	-8.008838E-3
9.050000E-3	-8.302212E-3
9.055000E-3	-7.714093E-3
9.060000E-3	-7.359028E-3
9.065000E-3	-6.966949E-3
9.070000E-3	-6.578982E-3
9.075000E-3	-6.648898E-3
9.080000E-3	-6.754458E-3
9.085000E-3	-6.980658E-3
9.090000E-3	-7.010818E-3
9.095000E-3	-6.899774E-3
9.100000E-3	-6.548822E-3
9.105000E-3	-6.282866E-3
9.110000E-3	-6.197870E-3
9.115000E-3	-5.990863E-3
9.120000E-3	-5.759180E-3
9.125000E-3	-6.101906E-3
9.130000E-3	-6.513178E-3
9.135000E-3	-6.661236E-3
9.140000E-3	-6.780505E-3
9.145000E-3	-6.617367E-3
9.150000E-3	-6.022394E-3
9.155000E-3	-5.490482E-3
9.160000E-3	-4.859865E-3
9.165000E-3	-4.303277E-3
9.170000E-3	-3.863215E-3
9.175000E-3	-3.713787E-3
9.180000E-3	-3.398478E-3
9.185000E-3	-2.924144E-3
9.190000E-3	-2.941966E-3
9.195000E-3	-3.059864E-3
9.200000E-3	-3.312111E-3
9.205000E-3	-3.856361E-3
9.210000E-3	-4.399240E-3
9.215000E-3	-4.932523E-3
9.220000E-3	-5.568624E-3
9.225000E-3	-6.079972E-3
9.230000E-3	-6.348670E-3
9.235000E-3	-6.720185E-3
9.240000E-3	-7.099926E-3
9.245000E-3	-7.184923E-3
9.250000E-3	-7.238388E-3
9.255000E-3	-7.060170E-3
9.260000E-3	-6.687284E-3
9.265000E-3	-6.089568E-3
9.270000E-3	-5.685151E-3
9.275000E-3	-5.861998E-3
9.280000E-3	-6.097794E-3
9.285000E-3	-6.437778E-3
9.290000E-3	-7.017672E-3
9.295000E-3	-7.231534E-3
9.300000E-3	-7.086217E-3
9.305000E-3	-6.561160E-3
9.310000E-3	-5.859256E-3
9.315000E-3	-5.028486E-3
9.320000E-3	-4.898250E-3
9.325000E-3	-4.687130E-3
9.330000E-3	-4.711807E-3
9.335000E-3	-5.343795E-3
9.340000E-3	-5.897641E-3
9.345000E-3	-6.422698E-3
9.350000E-3	-6.876469E-3
9.355000E-3	-6.997108E-3
9.360000E-3	-7.206857E-3
9.365000E-3	-7.101297E-3
9.370000E-3	-6.851792E-3
9.375000E-3	-6.302059E-3
9.380000E-3	-5.667329E-3
9.385000E-3	-5.062759E-3
9.390000E-3	-4.190862E-3
9.395000E-3	-3.388882E-3
9.400000E-3	-2.977610E-3
9.405000E-3	-3.032446E-3
9.410000E-3	-3.362834E-3
9.415000E-3	-3.902972E-3
9.420000E-3	-4.758418E-3
9.425000E-3	-5.505562E-3
9.430000E-3	-6.543338E-3
9.435000E-3	-7.438540E-3
9.440000E-3	-7.886827E-3
9.445000E-3	-8.321404E-3
9.450000E-3	-8.399546E-3
9.455000E-3	-8.140445E-3
9.460000E-3	-8.329630E-3
9.465000E-3	-8.411884E-3
9.470000E-3	-8.444786E-3
9.475000E-3	-8.333743E-3
9.480000E-3	-8.147299E-3
9.485000E-3	-7.705867E-3
9.490000E-3	-6.696880E-3
9.495000E-3	-5.745471E-3
9.500000E-3	-4.617214E-3
9.505000E-3	-3.565729E-3
9.510000E-3	-3.148973E-3
9.515000E-3	-3.077686E-3
9.520000E-3	-3.314853E-3
9.525000E-3	-3.462911E-3
9.530000E-3	-3.823459E-3
9.535000E-3	-4.273117E-3
9.540000E-3	-4.667938E-3
9.545000E-3	-4.872203E-3
9.550000E-3	-4.859865E-3
9.555000E-3	-4.902363E-3
9.560000E-3	-5.003810E-3
9.565000E-3	-5.033970E-3
9.570000E-3	-5.091548E-3
9.575000E-3	-5.467176E-3
9.580000E-3	-5.849659E-3
9.585000E-3	-5.962074E-3
9.590000E-3	-5.930543E-3
9.595000E-3	-5.667329E-3
9.600000E-3	-5.720794E-3
9.605000E-3	-5.879819E-3
9.610000E-3	-6.318510E-3
9.615000E-3	-6.400764E-3
9.620000E-3	-6.515920E-3
9.625000E-3	-6.465197E-3
9.630000E-3	-6.266415E-3
9.635000E-3	-5.835950E-3
9.640000E-3	-5.978525E-3
9.645000E-3	-6.016910E-3
9.650000E-3	-5.896270E-3
9.655000E-3	-6.055295E-3
9.660000E-3	-6.610513E-3
9.665000E-3	-6.884694E-3
9.670000E-3	-6.820261E-3
9.675000E-3	-6.636560E-3
9.680000E-3	-6.175935E-3
9.685000E-3	-5.818129E-3
9.690000E-3	-5.602896E-3
9.695000E-3	-5.373955E-3
9.700000E-3	-5.240977E-3
9.705000E-3	-5.482256E-3
9.710000E-3	-5.454838E-3
9.715000E-3	-5.349278E-3
9.720000E-3	-5.297184E-3
9.725000E-3	-5.663216E-3
9.730000E-3	-6.125212E-3
9.735000E-3	-6.805182E-3
9.740000E-3	-7.537246E-3
9.745000E-3	-8.285761E-3
9.750000E-3	-8.450270E-3
9.755000E-3	-8.431077E-3
9.760000E-3	-7.859409E-3
9.765000E-3	-7.121861E-3
9.770000E-3	-6.436408E-3
9.775000E-3	-5.841434E-3
9.780000E-3	-5.761921E-3
9.785000E-3	-5.848289E-3
9.790000E-3	-5.905867E-3
9.795000E-3	-5.871594E-3
9.800000E-3	-5.543947E-3
9.805000E-3	-4.988730E-3
9.810000E-3	-4.249811E-3
9.815000E-3	-3.471136E-3
9.820000E-3	-2.920032E-3
9.825000E-3	-2.925515E-3
9.830000E-3	-3.660321E-3
9.835000E-3	-4.370451E-3
9.840000E-3	-5.519271E-3
9.845000E-3	-6.618738E-3
9.850000E-3	-7.804573E-3
9.855000E-3	-8.320034E-3
9.860000E-3	-8.407772E-3
9.865000E-3	-8.011580E-3
9.870000E-3	-7.472813E-3
9.875000E-3	-6.924450E-3
9.880000E-3	-6.073117E-3
9.885000E-3	-5.223155E-3
9.890000E-3	-4.646003E-3
9.895000E-3	-4.231989E-3
9.900000E-3	-3.882408E-3
9.905000E-3	-3.631532E-3
9.910000E-3	-3.878295E-3
9.915000E-3	-4.162073E-3
9.920000E-3	-4.238844E-3
9.925000E-3	-4.755676E-3
9.930000E-3	-5.302668E-3
9.935000E-3	-5.690634E-3
9.940000E-3	-6.254077E-3
9.945000E-3	-6.727040E-3
9.950000E-3	-6.747603E-3
9.955000E-3	-7.006705E-3
9.960000E-3	-7.327497E-3
9.965000E-3	-7.220566E-3
9.970000E-3	-6.935418E-3
9.975000E-3	-6.805182E-3
9.980000E-3	-6.425440E-3
9.985000E-3	-6.229401E-3
9.990000E-3	-6.081343E-3
9.995000E-3	-6.011426E-3
