0.000000E+0	2.012998E-1
5.000000E-6	1.134768E-1
1.000000E-5	-1.681801E-1
1.500000E-5	1.800371E-1
2.000000E-5	7.958388E-2
2.500000E-5	-1.706477E-1
3.000000E-5	1.363106E-1
3.500000E-5	5.203277E-2
4.000000E-5	-1.859375E-1
4.500000E-5	3.889126E-2
5.000000E-5	4.438722E-2
5.500000E-5	-2.074374E-1
6.000000E-5	-6.900734E-2
6.500000E-5	4.229933E-2
7.000000E-5	-1.762054E-1
7.500000E-5	-2.809948E-2
8.000000E-5	1.539734E-1
8.500000E-5	-1.122937E-1
9.000000E-5	-4.931015E-2
9.500000E-5	1.644677E-1
1.000000E-4	-7.034945E-2
1.050000E-4	-6.181556E-2
1.100000E-4	1.391457E-1
1.150000E-4	-4.453117E-2
1.200000E-4	-8.140582E-2
1.250000E-4	1.399422E-1
1.300000E-4	3.314853E-3
1.350000E-4	-1.374389E-1
1.400000E-4	7.048243E-2
1.450000E-4	2.422255E-2
1.500000E-4	-1.020599E-1
1.550000E-4	5.193543E-2
1.600000E-4	4.279149E-2
1.650000E-4	-6.912935E-2
1.700000E-4	4.834914E-2
1.750000E-4	7.613605E-2
1.800000E-4	-6.814504E-2
1.850000E-4	-4.050344E-2
1.900000E-4	5.062759E-3
1.950000E-4	-1.093147E-1
2.000000E-4	-4.116148E-2
2.050000E-4	6.557733E-2
2.100000E-4	-4.996407E-2
2.150000E-4	5.908608E-4
2.200000E-4	9.806919E-2
2.250000E-4	-4.096407E-2
2.300000E-4	-5.570269E-2
2.350000E-4	-4.471898E-3
2.400000E-4	-7.769066E-2
2.450000E-4	-6.196636E-2
2.500000E-4	1.316071E-2
2.550000E-4	-4.500002E-2
2.600000E-4	-4.253513E-2
2.650000E-4	5.450451E-2
2.700000E-4	4.204023E-2
2.750000E-4	4.955006E-2
2.800000E-4	6.073117E-2
2.850000E-4	-1.040792E-2
2.900000E-4	1.219147E-2
2.950000E-4	5.386841E-2
3.000000E-4	-3.915310E-3
3.050000E-4	-2.188653E-2
3.100000E-4	-4.226506E-3
3.150000E-4	-8.688807E-3
3.200000E-4	-1.268500E-2
3.250000E-4	1.087952E-2
3.300000E-4	9.700537E-3
3.350000E-4	-3.408486E-2
3.400000E-4	-1.330054E-2
3.450000E-4	-1.564479E-2
3.500000E-4	-6.454641E-2
3.550000E-4	-4.010588E-2
3.600000E-4	1.108241E-2
3.650000E-4	1.017624E-2
3.700000E-4	-4.471898E-3
3.750000E-4	2.648729E-2
3.800000E-4	-5.406994E-2
3.850000E-4	-1.016198E-1
3.900000E-4	1.449049E-2
3.950000E-4	-2.839148E-3
4.000000E-4	-5.266613E-2
4.050000E-4	2.851075E-2
4.100000E-4	-1.240122E-2
4.150000E-4	-4.370177E-2
4.200000E-4	4.986948E-2
4.250000E-4	3.300458E-2
4.300000E-4	-2.233344E-2
4.350000E-4	2.291197E-2
4.400000E-4	5.338585E-2
4.450000E-4	-2.056360E-4
4.500000E-4	1.548439E-2
4.550000E-4	2.463382E-2
4.600000E-4	-3.825653E-2
4.650000E-4	3.083169E-3
4.700000E-4	3.403139E-2
4.750000E-4	-4.168242E-2
4.800000E-4	-4.949796E-2
4.850000E-4	-1.351577E-2
4.900000E-4	-8.534855E-2
4.950000E-4	-8.521283E-2
5.000000E-4	-1.254380E-3
5.050000E-4	-6.101358E-2
5.100000E-4	-3.020930E-2
5.150000E-4	7.286918E-2
5.200000E-4	-1.717061E-2
5.250000E-4	-1.827967E-2
5.300000E-4	5.538464E-2
5.350000E-4	-1.110846E-2
5.400000E-4	2.226353E-3
5.450000E-4	5.908883E-2
5.500000E-4	-1.469475E-2
5.550000E-4	-4.021555E-2
5.600000E-4	3.692675E-2
5.650000E-4	2.365911E-2
5.700000E-4	-2.535081E-2
5.750000E-4	2.097762E-2
5.800000E-4	-5.202591E-3
5.850000E-4	-5.632919E-2
5.900000E-4	1.122773E-2
5.950000E-4	1.268226E-2
6.000000E-4	-4.181540E-2
6.050000E-4	-1.789308E-2
6.100000E-4	-1.527190E-3
6.150000E-4	-2.303123E-2
6.200000E-4	5.656362E-3
6.250000E-4	3.915447E-2
6.300000E-4	-1.028180E-4
6.350000E-4	-1.351303E-2
6.400000E-4	-3.209156E-2
6.450000E-4	-6.138510E-2
6.500000E-4	-2.366048E-2
6.550000E-4	-1.879650E-2
6.600000E-4	-2.689719E-2
6.650000E-4	9.925365E-4
6.700000E-4	-2.090907E-2
6.750000E-4	-3.210527E-2
6.800000E-4	2.923733E-2
6.850000E-4	5.829507E-2
6.900000E-4	1.840717E-2
6.950000E-4	1.932979E-2
7.000000E-4	1.904738E-2
7.050000E-4	-4.256254E-2
7.100000E-4	-1.792872E-2
7.150000E-4	3.841966E-2
7.200000E-4	2.074182E-3
7.250000E-4	-4.813254E-3
7.300000E-4	1.005971E-2
7.350000E-4	-2.471334E-2
7.400000E-4	-2.569491E-2
7.450000E-4	-7.176697E-3
7.500000E-4	-2.564418E-2
7.550000E-4	-3.024906E-2
7.600000E-4	-2.374411E-3
7.650000E-4	-2.380580E-2
7.700000E-4	-4.133147E-2
7.750000E-4	-3.420413E-3
7.800000E-4	-1.667023E-2
7.850000E-4	-1.785469E-2
7.900000E-4	3.212583E-2
7.950000E-4	6.683171E-3
8.000000E-4	-2.925104E-2
8.050000E-4	1.175690E-2
8.100000E-4	1.115644E-2
8.150000E-4	-2.896041E-2
8.200000E-4	3.531456E-3
8.250000E-4	4.618585E-3
8.300000E-4	-4.466140E-2
8.350000E-4	-3.764510E-3
8.400000E-4	8.899927E-3
8.450000E-4	-3.503078E-2
8.500000E-4	-4.613101E-3
8.550000E-4	1.047784E-2
8.600000E-4	-1.302636E-2
8.650000E-4	9.290636E-3
8.700000E-4	3.289491E-2
8.750000E-4	-1.365423E-3
8.800000E-4	-2.571273E-2
8.850000E-4	5.219042E-3
8.900000E-4	-1.277000E-2
8.950000E-4	-2.730709E-2
9.000000E-4	2.260488E-2
9.050000E-4	3.201067E-3
9.100000E-4	-2.794594E-2
9.150000E-4	-5.088806E-3
9.200000E-4	-2.078980E-2
9.250000E-4	-3.265637E-2
9.300000E-4	-6.096423E-3
9.350000E-4	-2.969384E-3
9.400000E-4	-2.458447E-2
9.450000E-4	-1.954913E-2
9.500000E-4	-5.830467E-3
9.550000E-4	-1.029551E-2
9.600000E-4	1.174045E-2
9.650000E-4	2.478188E-2
9.700000E-4	1.103306E-2
9.750000E-4	1.740366E-2
9.800000E-4	1.707876E-2
9.850000E-4	1.225591E-2
9.900000E-4	3.358722E-3
9.950000E-4	-3.407663E-2
1.000000E-3	-6.212676E-2
1.005000E-3	-7.236743E-2
1.010000E-3	-6.887025E-2
1.015000E-3	-4.273391E-2
1.020000E-3	-1.994532E-2
1.025000E-3	2.004266E-3
1.030000E-3	2.311212E-2
1.035000E-3	2.344114E-2
1.040000E-3	2.251303E-2
1.045000E-3	2.400321E-2
1.050000E-3	1.108789E-2
1.055000E-3	3.342271E-3
1.060000E-3	3.787816E-3
1.065000E-3	-7.105410E-3
1.070000E-3	-1.281250E-2
1.075000E-3	2.618432E-3
1.080000E-3	5.805790E-3
1.085000E-3	-1.035994E-2
1.090000E-3	-1.150465E-2
1.095000E-3	-5.931914E-3
1.100000E-3	-1.415735E-2
1.105000E-3	2.603352E-3
1.110000E-3	2.290237E-2
1.115000E-3	2.619803E-3
1.120000E-3	-5.739987E-3
1.125000E-3	-3.416300E-3
1.130000E-3	-2.749765E-2
1.135000E-3	-3.477991E-2
1.140000E-3	-1.819056E-2
1.145000E-3	-1.977533E-2
1.150000E-3	-2.328211E-2
1.155000E-3	-7.671595E-3
1.160000E-3	-6.595433E-3
1.165000E-3	-1.142377E-2
1.170000E-3	9.651184E-4
1.175000E-3	-6.363750E-3
1.180000E-3	-2.055538E-2
1.185000E-3	-2.451456E-2
1.190000E-3	-3.054929E-2
1.195000E-3	-1.373649E-2
1.200000E-3	9.999394E-3
1.205000E-3	1.381600E-2
1.210000E-3	9.076774E-3
1.215000E-3	7.959485E-3
1.220000E-3	2.078295E-3
1.225000E-3	-2.954304E-3
1.230000E-3	7.810056E-3
1.235000E-3	-5.168319E-4
1.240000E-3	-2.511501E-2
1.245000E-3	-1.787937E-2
1.250000E-3	-5.820870E-3
1.255000E-3	-8.051336E-3
1.260000E-3	1.188576E-3
1.265000E-3	-6.607771E-4
1.270000E-3	-1.654136E-2
1.275000E-3	-4.391015E-3
1.280000E-3	1.085073E-2
1.285000E-3	-5.654991E-3
1.290000E-3	-6.999850E-3
1.295000E-3	1.713634E-4
1.300000E-3	-1.881707E-2
1.305000E-3	-1.764357E-2
1.310000E-3	-6.958723E-3
1.315000E-3	-2.542210E-2
1.320000E-3	-3.626597E-2
1.325000E-3	-2.421981E-2
1.330000E-3	-2.319574E-2
1.335000E-3	-2.550435E-2
1.340000E-3	-2.467632E-3
1.345000E-3	4.300535E-3
1.350000E-3	-1.071775E-2
1.355000E-3	3.092766E-3
1.360000E-3	1.035994E-2
1.365000E-3	2.304494E-3
1.370000E-3	1.947922E-2
1.375000E-3	2.257609E-2
1.380000E-3	4.666567E-3
1.385000E-3	6.044328E-3
1.390000E-3	1.371044E-2
1.395000E-3	6.380200E-3
1.400000E-3	6.008685E-3
1.405000E-3	1.059437E-2
1.410000E-3	-7.904649E-3
1.415000E-3	-1.722819E-2
1.420000E-3	-1.218051E-2
1.425000E-3	-2.589232E-2
1.430000E-3	-3.716803E-2
1.435000E-3	-3.339255E-2
1.440000E-3	-3.086048E-2
1.445000E-3	-2.707130E-2
1.450000E-3	-1.153481E-2
1.455000E-3	2.752781E-3
1.460000E-3	-9.952784E-4
1.465000E-3	3.382027E-3
1.470000E-3	1.002270E-2
1.475000E-3	-2.004266E-3
1.480000E-3	-1.206398E-4
1.485000E-3	4.947603E-3
1.490000E-3	-6.958723E-3
1.495000E-3	-1.581204E-2
1.500000E-3	-2.028531E-2
1.505000E-3	-2.606642E-2
1.510000E-3	-2.489704E-2
1.515000E-3	-8.745015E-3
1.520000E-3	2.161920E-3
1.525000E-3	3.417671E-3
1.530000E-3	9.167254E-3
1.535000E-3	4.968166E-3
1.540000E-3	5.261540E-3
1.545000E-3	1.399970E-2
1.550000E-3	1.021188E-2
1.555000E-3	5.922318E-3
1.560000E-3	-3.277838E-3
1.565000E-3	-1.806992E-2
1.570000E-3	-2.405256E-2
1.575000E-3	-2.659011E-2
1.580000E-3	-2.695477E-2
1.585000E-3	-2.170146E-2
1.590000E-3	-1.498127E-2
1.595000E-3	-1.916528E-2
1.600000E-3	-1.925987E-2
1.605000E-3	-1.039422E-2
1.610000E-3	-1.546657E-2
1.615000E-3	-1.252598E-2
1.620000E-3	3.046155E-3
1.625000E-3	-5.565882E-4
1.630000E-3	-1.645088E-3
1.635000E-3	5.989492E-3
1.640000E-3	-3.288805E-3
1.645000E-3	-1.093847E-2
1.650000E-3	-5.410969E-3
1.655000E-3	-3.746688E-3
1.660000E-3	-1.708150E-3
1.665000E-3	1.230937E-2
1.670000E-3	1.809323E-2
1.675000E-3	1.102346E-2
1.680000E-3	1.047921E-2
1.685000E-3	1.801372E-3
1.690000E-3	-1.854014E-2
1.695000E-3	-2.612537E-2
1.700000E-3	-3.071928E-2
1.705000E-3	-3.961372E-2
1.710000E-3	-2.848744E-2
1.715000E-3	-9.545624E-3
1.720000E-3	-3.987968E-3
1.725000E-3	8.311808E-3
1.730000E-3	1.437533E-2
1.735000E-3	-4.669309E-3
1.740000E-3	-1.465362E-2
1.745000E-3	-1.303184E-2
1.750000E-3	-1.828378E-2
1.755000E-3	-1.333481E-2
1.760000E-3	8.252859E-4
1.765000E-3	1.032293E-3
1.770000E-3	-4.711807E-3
1.775000E-3	-1.547754E-3
1.780000E-3	-2.156436E-3
1.785000E-3	-3.937244E-3
1.790000E-3	7.549584E-3
1.795000E-3	1.412308E-2
1.800000E-3	6.325364E-3
1.805000E-3	-2.755523E-4
1.810000E-3	-8.118510E-3
1.815000E-3	-2.034289E-2
1.820000E-3	-2.263916E-2
1.825000E-3	-1.624799E-2
1.830000E-3	-1.430815E-2
1.835000E-3	-1.145667E-2
1.840000E-3	-6.096423E-3
1.845000E-3	-9.711504E-3
1.850000E-3	-1.258081E-2
1.855000E-3	-1.045728E-2
1.860000E-3	-1.277548E-2
1.865000E-3	-1.123595E-2
1.870000E-3	-7.476926E-3
1.875000E-3	-1.147997E-2
1.880000E-3	-1.127982E-2
1.885000E-3	-4.795432E-3
1.890000E-3	-5.963445E-3
1.895000E-3	-8.043110E-3
1.900000E-3	-5.925059E-3
1.905000E-3	-1.378310E-2
1.910000E-3	-1.763123E-2
1.915000E-3	-5.443871E-3
1.920000E-3	-2.431989E-3
1.925000E-3	-2.510130E-3
1.930000E-3	5.469918E-3
1.935000E-3	9.020567E-4
1.940000E-3	-3.693223E-3
1.945000E-3	6.626964E-3
1.950000E-3	5.338311E-3
1.955000E-3	-5.926430E-3
1.960000E-3	-5.290329E-3
1.965000E-3	-9.970605E-3
1.970000E-3	-2.145058E-2
1.975000E-3	-1.416832E-2
1.980000E-3	-8.388579E-3
1.985000E-3	-1.528561E-2
1.990000E-3	-1.332384E-2
1.995000E-3	-1.366246E-2
2.000000E-3	-2.027434E-2
2.005000E-3	-1.147723E-2
2.010000E-3	2.693832E-3
2.015000E-3	2.980351E-3
2.020000E-3	1.577914E-3
2.025000E-3	-2.726734E-3
2.030000E-3	-1.956832E-2
2.035000E-3	-2.671349E-2
2.040000E-3	-1.726657E-2
2.045000E-3	-1.436985E-2
2.050000E-3	-9.123385E-3
2.055000E-3	3.488958E-3
2.060000E-3	5.539834E-3
2.065000E-3	6.459713E-3
2.070000E-3	1.433969E-2
2.075000E-3	1.304555E-2
2.080000E-3	7.390559E-3
2.085000E-3	9.961009E-3
2.090000E-3	6.580353E-3
2.095000E-3	-2.740443E-3
2.100000E-3	-2.636254E-3
2.105000E-3	-5.120337E-3
2.110000E-3	-1.262331E-2
2.115000E-3	-1.258492E-2
2.120000E-3	-1.415187E-2
2.125000E-3	-1.984388E-2
2.130000E-3	-1.916528E-2
2.135000E-3	-1.752156E-2
2.140000E-3	-2.145606E-2
2.145000E-3	-2.116817E-2
2.150000E-3	-1.692933E-2
2.155000E-3	-1.669353E-2
2.160000E-3	-1.323062E-2
2.165000E-3	-3.118813E-3
2.170000E-3	8.225441E-6
2.175000E-3	-3.373802E-3
2.180000E-3	-4.060626E-3
2.185000E-3	-6.795585E-3
2.190000E-3	-8.958876E-3
2.195000E-3	-2.629399E-3
2.200000E-3	1.405180E-3
2.205000E-3	-1.915157E-3
2.210000E-3	-2.644479E-3
2.215000E-3	-1.081645E-3
2.220000E-3	-1.568317E-3
2.225000E-3	-1.946688E-3
2.230000E-3	-2.331913E-3
2.235000E-3	-4.942119E-3
2.240000E-3	-6.456971E-3
2.245000E-3	-4.146993E-3
2.250000E-3	-3.195584E-3
2.255000E-3	-6.452858E-3
2.260000E-3	-1.002681E-2
2.265000E-3	-1.069444E-2
2.270000E-3	-1.090145E-2
2.275000E-3	-1.161432E-2
2.280000E-3	-1.038873E-2
2.285000E-3	-1.006794E-2
2.290000E-3	-1.289749E-2
2.295000E-3	-1.554197E-2
2.300000E-3	-1.974517E-2
2.305000E-3	-2.538097E-2
2.310000E-3	-2.697670E-2
2.315000E-3	-2.269399E-2
2.320000E-3	-1.553100E-2
2.325000E-3	-7.529020E-3
2.330000E-3	3.752172E-3
2.335000E-3	1.195979E-2
2.340000E-3	1.400930E-2
2.345000E-3	1.606840E-2
2.350000E-3	1.393390E-2
2.355000E-3	5.988121E-3
2.360000E-3	2.771974E-3
2.365000E-3	8.143187E-4
2.370000E-3	-4.641891E-3
2.375000E-3	-7.398784E-3
2.380000E-3	-9.163141E-3
2.385000E-3	-1.332659E-2
2.390000E-3	-1.518828E-2
2.395000E-3	-1.326627E-2
2.400000E-3	-1.579285E-2
2.405000E-3	-1.829749E-2
2.410000E-3	-1.662499E-2
2.415000E-3	-1.469749E-2
2.420000E-3	-1.106459E-2
2.425000E-3	-1.617670E-4
2.430000E-3	6.077230E-3
2.435000E-3	8.602440E-3
2.440000E-3	9.270072E-3
2.445000E-3	5.735874E-3
2.450000E-3	-4.855752E-3
2.455000E-3	-8.387208E-3
2.460000E-3	-1.581204E-2
2.465000E-3	-2.214015E-2
2.470000E-3	-8.397353E-2
2.475000E-3	-1.660758E-1
2.480000E-3	-1.446060E-1
2.485000E-3	-1.015047E-1
2.490000E-3	-6.471503E-2
2.495000E-3	9.008229E-3
2.500000E-3	1.393664E-1
2.505000E-3	2.138656E-1
2.510000E-3	1.484774E-1
2.515000E-3	9.697932E-2
2.520000E-3	7.964557E-2
2.525000E-3	6.406796E-2
2.530000E-3	4.031426E-2
2.535000E-3	-1.537472E-2
2.540000E-3	2.594715E-2
2.545000E-3	3.545165E-2
2.550000E-3	-4.599255E-2
2.555000E-3	-2.572095E-2
2.560000E-3	-6.425440E-2
2.565000E-3	-1.436628E-1
2.570000E-3	-7.787848E-2
2.575000E-3	-7.117885E-2
2.580000E-3	-9.049356E-2
2.585000E-3	-5.043840E-2
2.590000E-3	-5.951107E-2
2.595000E-3	-5.416727E-2
2.600000E-3	-2.574563E-3
2.605000E-3	-2.289140E-2
2.610000E-3	-4.644495E-2
2.615000E-3	2.895081E-2
2.620000E-3	5.719972E-2
2.625000E-3	1.529521E-2
2.630000E-3	3.963429E-2
2.635000E-3	5.336255E-2
2.640000E-3	-1.170206E-2
2.645000E-3	-4.833817E-3
2.650000E-3	2.339727E-2
2.655000E-3	-3.209978E-2
2.660000E-3	-1.251775E-2
2.665000E-3	2.801996E-2
2.670000E-3	-2.528363E-2
2.675000E-3	-3.759027E-3
2.680000E-3	3.820992E-2
2.685000E-3	-1.126337E-2
2.690000E-3	-1.159787E-3
2.695000E-3	3.543657E-2
2.700000E-3	-8.717597E-3
2.705000E-3	2.522469E-4
2.710000E-3	4.051852E-2
2.715000E-3	-7.311046E-3
2.720000E-3	-2.637762E-2
2.725000E-3	1.372141E-2
2.730000E-3	-3.293329E-2
2.735000E-3	-6.474793E-2
2.740000E-3	-2.621448E-2
2.745000E-3	-4.917580E-2
2.750000E-3	-6.524694E-2
2.755000E-3	-9.183705E-3
2.760000E-3	-5.321860E-3
2.765000E-3	-3.351456E-2
2.770000E-3	1.167876E-2
2.775000E-3	1.838386E-2
2.780000E-3	-3.276330E-2
2.785000E-3	1.314837E-2
2.790000E-3	3.277564E-2
2.795000E-3	-2.355218E-2
2.800000E-3	2.880275E-3
2.805000E-3	2.166718E-2
2.810000E-3	-1.932430E-2
2.815000E-3	2.891243E-3
2.820000E-3	1.860046E-2
2.825000E-3	-2.627206E-2
2.830000E-3	-1.906383E-2
2.835000E-3	1.260823E-2
2.840000E-3	-1.979589E-2
2.845000E-3	-2.460778E-2
2.850000E-3	1.743245E-2
2.855000E-3	-2.322316E-3
2.860000E-3	-1.806992E-2
2.865000E-3	1.218736E-2
2.870000E-3	-1.087129E-3
2.875000E-3	-1.891714E-2
2.880000E-3	7.121861E-3
2.885000E-3	3.789186E-3
2.890000E-3	-1.458645E-2
2.895000E-3	-4.909217E-3
2.900000E-3	-2.665865E-2
2.905000E-3	-4.530847E-2
2.910000E-3	-1.481539E-2
2.915000E-3	-1.423275E-2
2.920000E-3	-2.325469E-2
2.925000E-3	1.116192E-2
2.930000E-3	1.629460E-2
2.935000E-3	-9.408534E-3
2.940000E-3	-4.074335E-3
2.945000E-3	-4.611731E-3
2.950000E-3	-2.236772E-2
2.955000E-3	-1.236969E-2
2.960000E-3	1.154304E-3
2.965000E-3	1.143336E-3
2.970000E-3	1.726383E-2
2.975000E-3	2.014136E-2
2.980000E-3	-1.897335E-3
2.985000E-3	3.247678E-3
2.990000E-3	7.789493E-3
2.995000E-3	-1.387632E-2
3.000000E-3	-7.505715E-3
3.005000E-3	1.916528E-3
3.010000E-3	-2.534258E-2
3.015000E-3	-2.644479E-2
3.020000E-3	-1.543230E-2
3.025000E-3	-3.289765E-2
3.030000E-3	-3.046292E-2
3.035000E-3	-1.389140E-2
3.040000E-3	-1.734746E-2
3.045000E-3	-1.005286E-2
3.050000E-3	8.869767E-3
3.055000E-3	6.155372E-3
3.060000E-3	-2.947450E-4
3.065000E-3	3.562987E-3
3.070000E-3	-1.000214E-2
3.075000E-3	-1.628500E-2
3.080000E-3	2.475858E-3
3.085000E-3	2.330542E-4
3.090000E-3	-1.154166E-2
3.095000E-3	2.467632E-4
3.100000E-3	-1.329780E-4
3.105000E-3	-1.310724E-2
3.110000E-3	-9.478450E-3
3.115000E-3	-1.076025E-2
3.120000E-3	-1.827693E-2
3.125000E-3	-7.367253E-3
3.130000E-3	1.109064E-3
3.135000E-3	-2.974868E-4
3.140000E-3	7.812798E-3
3.145000E-3	9.914398E-3
3.150000E-3	-9.130239E-4
3.155000E-3	-4.443109E-3
3.160000E-3	-7.087588E-3
3.165000E-3	-1.743245E-2
3.170000E-3	-1.561463E-2
3.175000E-3	-8.352935E-3
3.180000E-3	-1.408607E-2
3.185000E-3	-1.668531E-2
3.190000E-3	-1.458371E-2
3.195000E-3	-2.028942E-2
3.200000E-3	-2.232522E-2
3.205000E-3	-1.768196E-2
3.210000E-3	-1.943123E-2
3.215000E-3	-1.907480E-2
3.220000E-3	-8.771062E-3
3.225000E-3	4.400611E-4
3.230000E-3	4.403353E-3
3.235000E-3	8.808076E-3
3.240000E-3	9.555221E-3
3.245000E-3	1.088089E-2
3.250000E-3	1.486748E-2
3.255000E-3	9.755373E-3
3.260000E-3	2.878904E-3
3.265000E-3	-2.234578E-4
3.270000E-3	-6.411731E-3
3.275000E-3	-8.834124E-3
3.280000E-3	-8.723080E-3
3.285000E-3	-1.170480E-2
3.290000E-3	-9.131610E-3
3.295000E-3	-3.743947E-3
3.300000E-3	-8.285761E-3
3.305000E-3	-1.509231E-2
3.310000E-3	-1.293588E-2
3.315000E-3	-1.482087E-2
3.320000E-3	-1.643854E-2
3.325000E-3	-8.994520E-3
3.330000E-3	-7.848442E-3
3.335000E-3	-9.782791E-3
3.340000E-3	-7.655144E-3
3.345000E-3	-9.785533E-3
3.350000E-3	-1.170206E-2
3.355000E-3	-1.275903E-2
3.360000E-3	-1.512659E-2
3.365000E-3	-1.520336E-2
3.370000E-3	-1.489490E-2
3.375000E-3	-1.048470E-2
3.380000E-3	-7.688046E-3
3.385000E-3	-1.029277E-2
3.390000E-3	-5.131304E-3
3.395000E-3	5.083323E-3
3.400000E-3	1.183641E-2
3.405000E-3	1.498401E-2
3.410000E-3	1.257396E-2
3.415000E-3	7.977307E-3
3.420000E-3	4.991472E-3
3.425000E-3	1.923382E-3
3.430000E-3	-5.524755E-4
3.435000E-3	-4.386902E-4
3.440000E-3	-2.807617E-3
3.445000E-3	-1.023108E-2
3.450000E-3	-1.609582E-2
3.455000E-3	-2.195370E-2
3.460000E-3	-2.775949E-2
3.465000E-3	-2.712065E-2
3.470000E-3	-2.159590E-2
3.475000E-3	-1.649201E-2
3.480000E-3	-1.472902E-2
3.485000E-3	-1.011729E-2
3.490000E-3	-5.149126E-3
3.495000E-3	-3.683627E-3
3.500000E-3	3.701448E-5
3.505000E-3	-2.810359E-4
3.510000E-3	-3.250420E-3
3.515000E-3	1.640975E-3
3.520000E-3	5.410969E-3
3.525000E-3	3.541052E-3
3.530000E-3	5.591929E-3
3.535000E-3	5.678296E-3
3.540000E-3	-2.134502E-3
3.545000E-3	-6.899774E-3
3.550000E-3	-9.782791E-3
3.555000E-3	-1.794243E-2
3.560000E-3	-1.801372E-2
3.565000E-3	-1.115781E-2
3.570000E-3	-1.098508E-2
3.575000E-3	-9.311199E-3
3.580000E-3	-3.700078E-3
3.585000E-3	-2.902210E-3
3.590000E-3	-4.554152E-3
3.595000E-3	-2.918661E-3
3.600000E-3	-3.693223E-3
3.605000E-3	-9.009600E-3
3.610000E-3	-1.044768E-2
3.615000E-3	-1.179940E-2
3.620000E-3	-1.590252E-2
3.625000E-3	-1.659346E-2
3.630000E-3	-1.614654E-2
3.635000E-3	-1.556528E-2
3.640000E-3	-1.215309E-2
3.645000E-3	-8.919120E-3
3.650000E-3	-5.624831E-3
3.655000E-3	-1.262605E-3
3.660000E-3	-6.662607E-4
3.665000E-3	-4.016757E-3
3.670000E-3	-3.069460E-3
3.675000E-3	-1.185834E-3
3.680000E-3	-2.785683E-3
3.685000E-3	6.045699E-4
3.690000E-3	5.971670E-3
3.695000E-3	6.344557E-3
3.700000E-3	4.647374E-3
3.705000E-3	1.594365E-3
3.710000E-3	-3.223002E-3
3.715000E-3	-6.308913E-3
3.720000E-3	-7.332981E-3
3.725000E-3	-1.014471E-2
3.730000E-3	-1.539528E-2
3.735000E-3	-1.792735E-2
3.740000E-3	-1.837975E-2
3.745000E-3	-1.866764E-2
3.750000E-3	-1.667023E-2
3.755000E-3	-1.304692E-2
3.760000E-3	-1.078492E-2
3.765000E-3	-8.315921E-3
3.770000E-3	-6.591320E-3
3.775000E-3	-6.173193E-3
3.780000E-3	-4.809141E-3
3.785000E-3	-4.148364E-3
3.790000E-3	-5.829096E-3
3.795000E-3	-6.270528E-3
3.800000E-3	-7.257581E-3
3.805000E-3	-9.666264E-3
3.810000E-3	-9.134352E-3
3.815000E-3	-8.295357E-3
3.820000E-3	-8.067787E-3
3.825000E-3	-5.894899E-3
3.830000E-3	-3.966033E-3
3.835000E-3	-3.579438E-3
3.840000E-3	-4.170299E-3
3.845000E-3	-5.548060E-3
3.850000E-3	-8.623004E-3
3.855000E-3	-1.064235E-2
3.860000E-3	-8.998632E-3
3.865000E-3	-7.136941E-3
3.870000E-3	-5.158722E-3
3.875000E-3	-2.560854E-3
3.880000E-3	-2.756894E-3
3.885000E-3	-5.442500E-3
3.890000E-3	-7.661998E-3
3.895000E-3	-1.011044E-2
3.900000E-3	-1.192003E-2
3.905000E-3	-1.130861E-2
3.910000E-3	-9.950042E-3
3.915000E-3	-8.613408E-3
3.920000E-3	-5.882561E-3
3.925000E-3	-3.276467E-3
3.930000E-3	-2.118051E-3
3.935000E-3	-1.566947E-3
3.940000E-3	-1.195431E-3
3.945000E-3	-2.603352E-3
3.950000E-3	-6.174564E-3
3.955000E-3	-1.066428E-2
3.960000E-3	-1.369399E-2
3.965000E-3	-1.584494E-2
3.970000E-3	-1.870054E-2
3.975000E-3	-1.884723E-2
3.980000E-3	-1.571059E-2
3.985000E-3	-1.139224E-2
3.990000E-3	-6.180048E-3
3.995000E-3	-1.503885E-3
4.000000E-3	-4.523993E-4
4.005000E-3	-9.952784E-4
4.010000E-3	-1.303732E-3
4.015000E-3	-2.734959E-3
4.020000E-3	-4.835188E-3
4.025000E-3	-4.408836E-3
4.030000E-3	-2.425134E-3
4.035000E-3	-2.999544E-3
4.040000E-3	-4.118204E-3
4.045000E-3	-5.191624E-3
4.050000E-3	-7.757962E-3
4.055000E-3	-8.839607E-3
4.060000E-3	-7.359028E-3
4.065000E-3	-6.351411E-3
4.070000E-3	-5.153239E-3
4.075000E-3	-3.479362E-3
4.080000E-3	-4.061997E-3
4.085000E-3	-7.672966E-3
4.090000E-3	-1.106733E-2
4.095000E-3	-1.435339E-2
4.100000E-3	-1.693892E-2
4.105000E-3	-1.653451E-2
4.110000E-3	-1.409155E-2
4.115000E-3	-1.197350E-2
4.120000E-3	-8.224070E-3
4.125000E-3	-4.448593E-3
4.130000E-3	-2.283931E-3
4.135000E-3	-8.376241E-4
4.140000E-3	-4.277229E-4
4.145000E-3	-2.129018E-3
4.150000E-3	-4.222393E-3
4.155000E-3	-5.282104E-3
4.160000E-3	-7.297337E-3
4.165000E-3	-7.479668E-3
4.170000E-3	-6.491244E-3
4.175000E-3	-7.590711E-3
4.180000E-3	-8.043110E-3
4.185000E-3	-6.943643E-3
4.190000E-3	-7.534504E-3
4.195000E-3	-7.892311E-3
4.200000E-3	-5.611122E-3
4.205000E-3	-3.545165E-3
4.210000E-3	-2.551258E-3
4.215000E-3	-1.166642E-3
4.220000E-3	-1.649201E-3
4.225000E-3	-4.513025E-3
4.230000E-3	-5.724907E-3
4.235000E-3	-6.463826E-3
4.240000E-3	-8.139074E-3
4.245000E-3	-7.933438E-3
4.250000E-3	-5.888045E-3
4.255000E-3	-4.011273E-3
4.260000E-3	-1.879513E-3
4.265000E-3	-5.661845E-4
4.270000E-3	-3.140748E-3
4.275000E-3	-6.090939E-3
4.280000E-3	-8.931458E-3
4.285000E-3	-1.437259E-2
4.290000E-3	-1.852232E-2
4.295000E-3	-1.850861E-2
4.300000E-3	-1.716512E-2
4.305000E-3	-1.419711E-2
4.310000E-3	-9.641588E-3
4.315000E-3	-6.406248E-3
4.320000E-3	-5.040824E-3
4.325000E-3	-4.507542E-3
4.330000E-3	-4.932523E-3
4.335000E-3	-7.104039E-3
4.340000E-3	-8.302212E-3
4.345000E-3	-8.861542E-3
4.350000E-3	-9.854078E-3
4.355000E-3	-8.565426E-3
4.360000E-3	-5.605638E-3
4.365000E-3	-2.741814E-3
4.370000E-3	6.361008E-4
4.375000E-3	2.562225E-3
4.380000E-3	1.414776E-3
4.385000E-3	-1.362681E-3
4.390000E-3	-3.730237E-3
4.395000E-3	-6.573498E-3
4.400000E-3	-8.743644E-3
4.405000E-3	-8.820415E-3
4.410000E-3	-8.230925E-3
4.415000E-3	-6.931305E-3
4.420000E-3	-5.273879E-3
4.425000E-3	-4.699469E-3
4.430000E-3	-5.461693E-3
4.435000E-3	-6.555676E-3
4.440000E-3	-7.138312E-3
4.445000E-3	-7.705867E-3
4.450000E-3	-8.462608E-3
4.455000E-3	-8.320034E-3
4.460000E-3	-9.049356E-3
4.465000E-3	-1.080686E-2
4.470000E-3	-1.185971E-2
4.475000E-3	-1.215994E-2
4.480000E-3	-1.148409E-2
4.485000E-3	-8.699775E-3
4.490000E-3	-4.554152E-3
4.495000E-3	-3.660321E-4
4.500000E-3	3.316224E-3
4.505000E-3	5.523384E-3
4.510000E-3	5.247831E-3
4.515000E-3	3.911197E-3
4.520000E-3	1.121402E-3
4.525000E-3	-4.088044E-3
4.530000E-3	-9.749889E-3
4.535000E-3	-1.467693E-2
4.540000E-3	-1.856208E-2
4.545000E-3	-2.014959E-2
4.550000E-3	-1.917213E-2
4.555000E-3	-1.641524E-2
4.560000E-3	-1.265073E-2
4.565000E-3	-9.016454E-3
4.570000E-3	-6.344557E-3
4.575000E-3	-4.369080E-3
4.580000E-3	-2.970755E-3
4.585000E-3	-2.235949E-3
4.590000E-3	-9.925365E-4
4.595000E-3	1.316071E-4
4.600000E-3	-1.043260E-3
4.605000E-3	-3.571212E-3
4.610000E-3	-7.300079E-3
4.615000E-3	-1.209688E-2
4.620000E-3	-1.517320E-2
4.625000E-3	-1.585591E-2
4.630000E-3	-1.430404E-2
4.635000E-3	-1.070267E-2
4.640000E-3	-5.996346E-3
4.645000E-3	-3.320336E-3
4.650000E-3	-2.914548E-3
4.655000E-3	-4.432142E-3
4.660000E-3	-7.269919E-3
4.665000E-3	-9.962380E-3
4.670000E-3	-1.114136E-2
4.675000E-3	-1.017350E-2
4.680000E-3	-7.893682E-3
4.685000E-3	-4.814625E-3
4.690000E-3	-2.671897E-3
4.695000E-3	-1.976848E-3
4.700000E-3	-2.538919E-3
4.705000E-3	-5.060017E-3
4.710000E-3	-8.435190E-3
4.715000E-3	-1.038051E-2
4.720000E-3	-1.113588E-2
4.725000E-3	-1.141143E-2
4.730000E-3	-1.040518E-2
4.735000E-3	-8.632600E-3
4.740000E-3	-7.153392E-3
4.745000E-3	-5.232751E-3
4.750000E-3	-2.452552E-3
4.755000E-3	-1.686215E-4
4.760000E-3	1.517594E-3
4.765000E-3	2.473116E-3
4.770000E-3	1.228333E-3
4.775000E-3	-1.568317E-3
4.780000E-3	-5.123079E-3
4.785000E-3	-8.845091E-3
4.790000E-3	-1.211059E-2
4.795000E-3	-1.383519E-2
4.800000E-3	-1.406687E-2
4.805000E-3	-1.365697E-2
4.810000E-3	-1.244372E-2
4.815000E-3	-1.044357E-2
4.820000E-3	-8.787513E-3
4.825000E-3	-7.603049E-3
4.830000E-3	-6.452858E-3
4.835000E-3	-5.709827E-3
4.840000E-3	-5.117595E-3
4.845000E-3	-4.780352E-3
4.850000E-3	-4.253924E-3
4.855000E-3	-4.347146E-3
4.860000E-3	-5.486369E-3
4.865000E-3	-7.448137E-3
4.870000E-3	-9.504497E-3
4.875000E-3	-1.063412E-2
4.880000E-3	-1.074928E-2
4.885000E-3	-1.015157E-2
4.890000E-3	-8.562684E-3
4.895000E-3	-6.783247E-3
4.900000E-3	-5.188882E-3
4.905000E-3	-4.278600E-3
4.910000E-3	-3.700078E-3
4.915000E-3	-2.922773E-3
4.920000E-3	-2.676010E-3
4.925000E-3	-3.735721E-3
4.930000E-3	-5.092919E-3
4.935000E-3	-6.175935E-3
4.940000E-3	-7.312417E-3
4.945000E-3	-7.649660E-3
4.950000E-3	-7.677078E-3
4.955000E-3	-8.422852E-3
4.960000E-3	-9.424984E-3
4.965000E-3	-1.022422E-2
4.970000E-3	-1.085210E-2
4.975000E-3	-1.046687E-2
4.980000E-3	-9.237170E-3
4.985000E-3	-8.654535E-3
4.990000E-3	-8.802593E-3
4.995000E-3	-9.638846E-3
5.000000E-3	-1.103991E-2
5.005000E-3	-1.192415E-2
5.010000E-3	-1.089185E-2
5.015000E-3	-8.250117E-3
5.020000E-3	-4.951715E-3
5.025000E-3	-1.646459E-3
5.030000E-3	9.143949E-4
5.035000E-3	2.251029E-3
5.040000E-3	2.325058E-3
5.045000E-3	1.584768E-3
5.050000E-3	-2.988577E-4
5.055000E-3	-2.404571E-3
5.060000E-3	-4.127800E-3
5.065000E-3	-5.664587E-3
5.070000E-3	-6.232142E-3
5.075000E-3	-6.162226E-3
5.080000E-3	-6.455600E-3
5.085000E-3	-7.110894E-3
5.090000E-3	-7.496119E-3
5.095000E-3	-7.927954E-3
5.100000E-3	-7.653773E-3
5.105000E-3	-7.156134E-3
5.110000E-3	-7.332981E-3
5.115000E-3	-7.651031E-3
5.120000E-3	-7.788122E-3
5.125000E-3	-7.733285E-3
5.130000E-3	-7.415235E-3
5.135000E-3	-7.051945E-3
5.140000E-3	-7.422090E-3
5.145000E-3	-8.251488E-3
5.150000E-3	-8.945167E-3
5.155000E-3	-9.612799E-3
5.160000E-3	-1.009536E-2
5.165000E-3	-9.622395E-3
5.170000E-3	-8.363903E-3
5.175000E-3	-7.124603E-3
5.180000E-3	-5.694747E-3
5.185000E-3	-4.004419E-3
5.190000E-3	-2.678752E-3
5.195000E-3	-1.545012E-3
5.200000E-3	-7.115006E-4
5.205000E-3	-4.798174E-4
5.210000E-3	-1.536787E-3
5.215000E-3	-3.109217E-3
5.220000E-3	-4.833817E-3
5.225000E-3	-6.669462E-3
5.230000E-3	-8.322775E-3
5.235000E-3	-9.313941E-3
5.240000E-3	-9.457886E-3
5.245000E-3	-9.002745E-3
5.250000E-3	-8.096576E-3
5.255000E-3	-7.283628E-3
5.260000E-3	-7.234275E-3
5.265000E-3	-7.645547E-3
5.270000E-3	-7.885456E-3
5.275000E-3	-8.269310E-3
5.280000E-3	-8.384466E-3
5.285000E-3	-7.693529E-3
5.290000E-3	-7.152021E-3
5.295000E-3	-7.020414E-3
5.300000E-3	-7.182181E-3
5.305000E-3	-7.873118E-3
5.310000E-3	-9.445548E-3
5.315000E-3	-1.027769E-2
5.320000E-3	-1.025712E-2
5.325000E-3	-1.003230E-2
5.330000E-3	-9.120643E-3
5.335000E-3	-8.008838E-3
5.340000E-3	-7.511199E-3
5.345000E-3	-7.487893E-3
5.350000E-3	-7.822394E-3
5.355000E-3	-8.692920E-3
5.360000E-3	-9.254992E-3
5.365000E-3	-9.320796E-3
5.370000E-3	-8.577764E-3
5.375000E-3	-7.785380E-3
5.380000E-3	-6.238997E-3
5.385000E-3	-4.323840E-3
5.390000E-3	-2.829552E-3
5.395000E-3	-1.102209E-3
5.400000E-3	-1.137853E-4
5.405000E-3	-2.385378E-4
5.410000E-3	-1.645088E-3
5.415000E-3	-4.200459E-3
5.420000E-3	-7.220566E-3
5.425000E-3	-9.815693E-3
5.430000E-3	-1.226687E-2
5.435000E-3	-1.415050E-2
5.440000E-3	-1.484829E-2
5.445000E-3	-1.453435E-2
5.450000E-3	-1.364052E-2
5.455000E-3	-1.212430E-2
5.460000E-3	-1.035035E-2
5.465000E-3	-8.666873E-3
5.470000E-3	-7.094443E-3
5.475000E-3	-5.777001E-3
5.480000E-3	-5.387664E-3
5.485000E-3	-4.947603E-3
5.490000E-3	-4.503429E-3
5.495000E-3	-4.174411E-3
5.500000E-3	-4.274487E-3
5.505000E-3	-4.174411E-3
5.510000E-3	-4.892766E-3
5.515000E-3	-5.949736E-3
5.520000E-3	-6.913483E-3
5.525000E-3	-8.012950E-3
5.530000E-3	-8.806705E-3
5.535000E-3	-9.577155E-3
5.540000E-3	-1.046139E-2
5.545000E-3	-1.127708E-2
5.550000E-3	-1.179665E-2
5.555000E-3	-1.155126E-2
5.560000E-3	-1.040792E-2
5.565000E-3	-8.380353E-3
5.570000E-3	-6.229401E-3
5.575000E-3	-4.078448E-3
5.580000E-3	-2.325058E-3
5.585000E-3	-1.602590E-3
5.590000E-3	-2.185225E-3
5.595000E-3	-3.480732E-3
5.600000E-3	-5.409598E-3
5.605000E-3	-7.529020E-3
5.610000E-3	-9.027421E-3
5.615000E-3	-9.774566E-3
5.620000E-3	-9.482563E-3
5.625000E-3	-8.610666E-3
5.630000E-3	-6.728411E-3
5.635000E-3	-5.556285E-3
5.640000E-3	-4.288197E-3
5.645000E-3	-3.510892E-3
5.650000E-3	-3.406703E-3
5.655000E-3	-3.926277E-3
5.660000E-3	-4.683018E-3
5.665000E-3	-5.624831E-3
5.670000E-3	-6.975174E-3
5.675000E-3	-8.553088E-3
5.680000E-3	-1.017624E-2
5.685000E-3	-1.150054E-2
5.690000E-3	-1.217502E-2
5.695000E-3	-1.255751E-2
5.700000E-3	-1.236832E-2
5.705000E-3	-1.180625E-2
5.710000E-3	-1.136208E-2
5.715000E-3	-1.093024E-2
5.720000E-3	-1.011318E-2
5.725000E-3	-8.997262E-3
5.730000E-3	-7.461846E-3
5.735000E-3	-5.216300E-3
5.740000E-3	-3.036559E-3
5.745000E-3	-1.203656E-3
5.750000E-3	1.028180E-4
5.755000E-3	6.676316E-4
5.760000E-3	4.208684E-4
5.765000E-3	-6.648898E-4
5.770000E-3	-1.773953E-3
5.775000E-3	-3.334045E-3
5.780000E-3	-4.759789E-3
5.785000E-3	-5.945623E-3
5.790000E-3	-6.461084E-3
5.795000E-3	-6.669462E-3
5.800000E-3	-7.391930E-3
5.805000E-3	-7.982790E-3
5.810000E-3	-8.285761E-3
5.815000E-3	-8.350194E-3
5.820000E-3	-8.284390E-3
5.825000E-3	-7.986903E-3
5.830000E-3	-7.208228E-3
5.835000E-3	-7.400155E-3
5.840000E-3	-8.200765E-3
5.845000E-3	-9.619653E-3
5.850000E-3	-1.118660E-2
5.855000E-3	-1.225865E-2
5.860000E-3	-1.255065E-2
5.865000E-3	-1.170892E-2
5.870000E-3	-9.431839E-3
5.875000E-3	-6.894290E-3
5.880000E-3	-4.462302E-3
5.885000E-3	-2.662301E-3
5.890000E-3	-1.787663E-3
5.895000E-3	-1.687586E-3
5.900000E-3	-2.377152E-3
5.905000E-3	-3.202438E-3
5.910000E-3	-4.310131E-3
5.915000E-3	-5.171061E-3
5.920000E-3	-5.633056E-3
5.925000E-3	-5.786598E-3
5.930000E-3	-5.968928E-3
5.935000E-3	-6.299317E-3
5.940000E-3	-7.057428E-3
5.945000E-3	-7.878602E-3
5.950000E-3	-8.824527E-3
5.955000E-3	-9.822547E-3
5.960000E-3	-1.031059E-2
5.965000E-3	-1.026809E-2
5.970000E-3	-9.729326E-3
5.975000E-3	-8.872509E-3
5.980000E-3	-8.178830E-3
5.985000E-3	-7.912874E-3
5.990000E-3	-7.848442E-3
5.995000E-3	-7.811427E-3
6.000000E-3	-7.784009E-3
6.005000E-3	-7.660627E-3
6.010000E-3	-7.465959E-3
6.015000E-3	-7.575631E-3
6.020000E-3	-8.123994E-3
6.025000E-3	-8.803964E-3
6.030000E-3	-9.597719E-3
6.035000E-3	-1.002407E-2
6.040000E-3	-9.832144E-3
6.045000E-3	-9.095967E-3
6.050000E-3	-7.376850E-3
6.055000E-3	-5.548060E-3
6.060000E-3	-3.600001E-3
6.065000E-3	-2.246916E-3
6.070000E-3	-1.518965E-3
6.075000E-3	-1.761615E-3
6.080000E-3	-2.854228E-3
6.085000E-3	-4.273117E-3
6.090000E-3	-5.641282E-3
6.095000E-3	-6.983399E-3
6.100000E-3	-7.907391E-3
6.105000E-3	-8.407772E-3
6.110000E-3	-8.898556E-3
6.115000E-3	-9.000003E-3
6.120000E-3	-8.751869E-3
6.125000E-3	-8.536637E-3
6.130000E-3	-8.211732E-3
6.135000E-3	-8.198023E-3
6.140000E-3	-8.633971E-3
6.145000E-3	-8.897185E-3
6.150000E-3	-8.849204E-3
6.155000E-3	-8.093834E-3
6.160000E-3	-7.323384E-3
6.165000E-3	-6.145775E-3
6.170000E-3	-5.206704E-3
6.175000E-3	-4.935265E-3
6.180000E-3	-4.990101E-3
6.185000E-3	-5.269766E-3
6.190000E-3	-5.931914E-3
6.195000E-3	-6.495357E-3
6.200000E-3	-6.688654E-3
6.205000E-3	-6.626964E-3
6.210000E-3	-6.609142E-3
6.215000E-3	-6.419957E-3
6.220000E-3	-6.355524E-3
6.225000E-3	-6.021023E-3
6.230000E-3	-5.623460E-3
6.235000E-3	-5.128562E-3
6.240000E-3	-4.598022E-3
6.245000E-3	-4.016757E-3
6.250000E-3	-3.797412E-3
6.255000E-3	-4.096270E-3
6.260000E-3	-5.487740E-3
6.265000E-3	-7.076621E-3
6.270000E-3	-9.101450E-3
6.275000E-3	-1.086718E-2
6.280000E-3	-1.174319E-2
6.285000E-3	-1.168835E-2
6.290000E-3	-1.105088E-2
6.295000E-3	-1.008165E-2
6.300000E-3	-9.534657E-3
6.305000E-3	-8.982182E-3
6.310000E-3	-8.288503E-3
6.315000E-3	-7.190406E-3
6.320000E-3	-5.763292E-3
6.325000E-3	-4.229248E-3
6.330000E-3	-2.869308E-3
6.335000E-3	-2.119422E-3
6.340000E-3	-1.994669E-3
6.345000E-3	-2.411425E-3
6.350000E-3	-3.233969E-3
6.355000E-3	-4.136026E-3
6.360000E-3	-5.066872E-3
6.365000E-3	-6.070375E-3
6.370000E-3	-6.992996E-3
6.375000E-3	-8.089721E-3
6.380000E-3	-9.331763E-3
6.385000E-3	-1.066428E-2
6.390000E-3	-1.150602E-2
6.395000E-3	-1.177061E-2
6.400000E-3	-1.128119E-2
6.405000E-3	-9.764969E-3
6.410000E-3	-8.166492E-3
6.415000E-3	-6.588578E-3
6.420000E-3	-5.708456E-3
6.425000E-3	-5.761921E-3
6.430000E-3	-6.273270E-3
6.435000E-3	-6.651640E-3
6.440000E-3	-7.158875E-3
6.445000E-3	-7.785380E-3
6.450000E-3	-8.102059E-3
6.455000E-3	-7.969081E-3
6.460000E-3	-7.796347E-3
6.465000E-3	-7.201374E-3
6.470000E-3	-6.440520E-3
6.475000E-3	-5.508304E-3
6.480000E-3	-4.703581E-3
6.485000E-3	-3.641129E-3
6.490000E-3	-3.161311E-3
6.495000E-3	-3.273726E-3
6.500000E-3	-3.756285E-3
6.505000E-3	-4.588425E-3
6.510000E-3	-5.781114E-3
6.515000E-3	-6.976545E-3
6.520000E-3	-7.966340E-3
6.525000E-3	-8.453012E-3
6.530000E-3	-8.642197E-3
6.535000E-3	-8.587360E-3
6.540000E-3	-8.246005E-3
6.545000E-3	-7.845700E-3
6.550000E-3	-7.341206E-3
6.555000E-3	-7.093072E-3
6.560000E-3	-7.338464E-3
6.565000E-3	-7.803202E-3
6.570000E-3	-8.007467E-3
6.575000E-3	-8.500993E-3
6.580000E-3	-8.339226E-3
6.585000E-3	-7.943034E-3
6.590000E-3	-7.415235E-3
6.595000E-3	-6.958723E-3
6.600000E-3	-6.466568E-3
6.605000E-3	-5.727649E-3
6.610000E-3	-4.890025E-3
6.615000E-3	-4.418433E-3
6.620000E-3	-4.078448E-3
6.625000E-3	-3.704190E-3
6.630000E-3	-3.913939E-3
6.635000E-3	-4.247069E-3
6.640000E-3	-4.639149E-3
6.645000E-3	-4.873574E-3
6.650000E-3	-5.166948E-3
6.655000E-3	-5.537093E-3
6.660000E-3	-5.974412E-3
6.665000E-3	-6.585836E-3
6.670000E-3	-7.341206E-3
6.675000E-3	-8.070529E-3
6.680000E-3	-8.658648E-3
6.685000E-3	-9.101450E-3
6.690000E-3	-9.178221E-3
6.695000E-3	-8.925974E-3
6.700000E-3	-8.821785E-3
6.705000E-3	-8.638084E-3
6.710000E-3	-8.533895E-3
6.715000E-3	-7.833362E-3
6.720000E-3	-7.087588E-3
6.725000E-3	-6.099164E-3
6.730000E-3	-4.975021E-3
6.735000E-3	-4.214168E-3
6.740000E-3	-3.864586E-3
6.745000E-3	-3.534198E-3
6.750000E-3	-3.650725E-3
6.755000E-3	-4.090786E-3
6.760000E-3	-4.865348E-3
6.765000E-3	-5.654991E-3
6.770000E-3	-6.326735E-3
6.775000E-3	-6.805182E-3
6.780000E-3	-7.087588E-3
6.785000E-3	-7.416606E-3
6.790000E-3	-7.790864E-3
6.795000E-3	-8.313179E-3
6.800000E-3	-8.585989E-3
6.805000E-3	-8.946538E-3
6.810000E-3	-8.932829E-3
6.815000E-3	-8.535266E-3
6.820000E-3	-7.667482E-3
6.825000E-3	-6.992996E-3
6.830000E-3	-6.258190E-3
6.835000E-3	-5.400002E-3
6.840000E-3	-5.018890E-3
6.845000E-3	-4.736483E-3
6.850000E-3	-4.803658E-3
6.855000E-3	-5.161464E-3
6.860000E-3	-5.719423E-3
6.865000E-3	-6.503582E-3
6.870000E-3	-6.929934E-3
6.875000E-3	-7.441282E-3
6.880000E-3	-7.493377E-3
6.885000E-3	-7.227421E-3
6.890000E-3	-6.914854E-3
6.895000E-3	-6.439149E-3
6.900000E-3	-6.354153E-3
6.905000E-3	-6.236255E-3
6.910000E-3	-6.289721E-3
6.915000E-3	-6.244481E-3
6.920000E-3	-6.576240E-3
6.925000E-3	-6.713331E-3
6.930000E-3	-6.651640E-3
6.935000E-3	-6.330848E-3
6.940000E-3	-5.896270E-3
6.945000E-3	-5.321860E-3
6.950000E-3	-5.040824E-3
6.955000E-3	-5.373955E-3
6.960000E-3	-5.723536E-3
6.965000E-3	-6.617367E-3
6.970000E-3	-7.808685E-3
6.975000E-3	-8.817673E-3
6.980000E-3	-9.505868E-3
6.985000E-3	-1.009399E-2
6.990000E-3	-1.007205E-2
6.995000E-3	-9.075403E-3
7.000000E-3	-8.440673E-3
7.005000E-3	-7.661998E-3
7.010000E-3	-6.873727E-3
7.015000E-3	-6.214321E-3
7.020000E-3	-6.016910E-3
7.025000E-3	-5.892158E-3
7.030000E-3	-5.545318E-3
7.035000E-3	-5.438387E-3
7.040000E-3	-5.416453E-3
7.045000E-3	-5.437016E-3
7.050000E-3	-5.546689E-3
7.055000E-3	-6.100535E-3
7.060000E-3	-6.679058E-3
7.065000E-3	-6.990254E-3
7.070000E-3	-7.234275E-3
7.075000E-3	-7.045090E-3
7.080000E-3	-6.642044E-3
7.085000E-3	-6.118357E-3
7.090000E-3	-6.063521E-3
7.095000E-3	-6.541967E-3
7.100000E-3	-7.077992E-3
7.105000E-3	-7.753849E-3
7.110000E-3	-8.287132E-3
7.115000E-3	-8.272052E-3
7.120000E-3	-7.927954E-3
7.125000E-3	-8.082867E-3
7.130000E-3	-8.143187E-3
7.135000E-3	-8.539379E-3
7.140000E-3	-9.438694E-3
7.145000E-3	-1.015842E-2
7.150000E-3	-1.084936E-2
7.155000E-3	-1.059300E-2
7.160000E-3	-9.926736E-3
7.165000E-3	-8.686066E-3
7.170000E-3	-6.666720E-3
7.175000E-3	-5.007923E-3
7.180000E-3	-3.458798E-3
7.185000E-3	-2.323687E-3
7.190000E-3	-1.734197E-3
7.195000E-3	-1.908302E-3
7.200000E-3	-2.516985E-3
7.205000E-3	-2.932370E-3
7.210000E-3	-3.861845E-3
7.215000E-3	-4.515767E-3
7.220000E-3	-5.069613E-3
7.225000E-3	-5.541205E-3
7.230000E-3	-6.291091E-3
7.235000E-3	-6.973803E-3
7.240000E-3	-7.472813E-3
7.245000E-3	-7.997870E-3
7.250000E-3	-8.666873E-3
7.255000E-3	-8.880734E-3
7.260000E-3	-9.141207E-3
7.265000E-3	-9.135723E-3
7.270000E-3	-9.050727E-3
7.275000E-3	-8.561313E-3
7.280000E-3	-7.947147E-3
7.285000E-3	-7.572889E-3
7.290000E-3	-7.260323E-3
7.295000E-3	-7.247984E-3
7.300000E-3	-7.298708E-3
7.305000E-3	-7.893682E-3
7.310000E-3	-8.399546E-3
7.315000E-3	-8.928716E-3
7.320000E-3	-8.938313E-3
7.325000E-3	-8.498251E-3
7.330000E-3	-7.797718E-3
7.335000E-3	-7.127345E-3
7.340000E-3	-6.541967E-3
7.345000E-3	-5.989492E-3
7.350000E-3	-5.517900E-3
7.355000E-3	-5.043566E-3
7.360000E-3	-4.611731E-3
7.365000E-3	-4.326582E-3
7.370000E-3	-4.201829E-3
7.375000E-3	-4.330695E-3
7.380000E-3	-4.565120E-3
7.385000E-3	-4.939377E-3
7.390000E-3	-5.345166E-3
7.395000E-3	-6.019652E-3
7.400000E-3	-6.776392E-3
7.405000E-3	-7.774413E-3
7.410000E-3	-8.654535E-3
7.415000E-3	-9.086370E-3
7.420000E-3	-9.318054E-3
7.425000E-3	-9.387970E-3
7.430000E-3	-9.397566E-3
7.435000E-3	-9.152174E-3
7.440000E-3	-8.724451E-3
7.445000E-3	-8.158267E-3
7.450000E-3	-7.461846E-3
7.455000E-3	-6.496727E-3
7.460000E-3	-5.548060E-3
7.465000E-3	-4.670680E-3
7.470000E-3	-4.288197E-3
7.475000E-3	-4.193604E-3
7.480000E-3	-4.507542E-3
7.485000E-3	-5.077839E-3
7.490000E-3	-5.764663E-3
7.495000E-3	-7.027268E-3
7.500000E-3	-8.148670E-3
7.505000E-3	-9.167254E-3
7.510000E-3	-9.596348E-3
7.515000E-3	-9.936333E-3
7.520000E-3	-9.856820E-3
7.525000E-3	-9.500384E-3
7.530000E-3	-8.779287E-3
7.535000E-3	-7.977307E-3
7.540000E-3	-7.132828E-3
7.545000E-3	-6.144404E-3
7.550000E-3	-5.169690E-3
7.555000E-3	-4.580200E-3
7.560000E-3	-4.105866E-3
7.565000E-3	-3.905714E-3
7.570000E-3	-4.155219E-3
7.575000E-3	-4.401982E-3
7.580000E-3	-4.746079E-3
7.585000E-3	-4.813254E-3
7.590000E-3	-4.676163E-3
7.595000E-3	-4.251182E-3
7.600000E-3	-3.493071E-3
7.605000E-3	-2.695203E-3
7.610000E-3	-2.227724E-3
7.615000E-3	-2.346992E-3
7.620000E-3	-2.614319E-3
7.625000E-3	-3.438234E-3
7.630000E-3	-4.463673E-3
7.635000E-3	-5.667329E-3
7.640000E-3	-7.254839E-3
7.645000E-3	-8.942425E-3
7.650000E-3	-1.035720E-2
7.655000E-3	-1.141143E-2
7.660000E-3	-1.228058E-2
7.665000E-3	-1.300716E-2
7.670000E-3	-1.315111E-2
7.675000E-3	-1.287967E-2
7.680000E-3	-1.247251E-2
7.685000E-3	-1.161021E-2
7.690000E-3	-1.053816E-2
7.695000E-3	-9.196043E-3
7.700000E-3	-7.779896E-3
7.705000E-3	-6.297946E-3
7.710000E-3	-5.124450E-3
7.715000E-3	-4.374564E-3
7.720000E-3	-3.945470E-3
7.725000E-3	-4.048288E-3
7.730000E-3	-4.637778E-3
7.735000E-3	-5.431533E-3
7.740000E-3	-6.484389E-3
7.745000E-3	-7.548213E-3
7.750000E-3	-8.339226E-3
7.755000E-3	-8.825898E-3
7.760000E-3	-8.936942E-3
7.765000E-3	-8.787513E-3
7.770000E-3	-8.325517E-3
7.775000E-3	-7.533133E-3
7.780000E-3	-6.589949E-3
7.785000E-3	-5.432904E-3
7.790000E-3	-4.666567E-3
7.795000E-3	-4.255295E-3
7.800000E-3	-4.090786E-3
7.805000E-3	-4.281342E-3
7.810000E-3	-4.928410E-3
7.815000E-3	-5.700231E-3
7.820000E-3	-6.898403E-3
7.825000E-3	-8.265197E-3
7.830000E-3	-9.420872E-3
7.835000E-3	-1.035994E-2
7.840000E-3	-1.123321E-2
7.845000E-3	-1.158690E-2
7.850000E-3	-1.140183E-2
7.855000E-3	-1.073831E-2
7.860000E-3	-9.822547E-3
7.865000E-3	-8.633971E-3
7.870000E-3	-7.001221E-3
7.875000E-3	-5.635798E-3
7.880000E-3	-4.212797E-3
7.885000E-3	-2.888501E-3
7.890000E-3	-1.954913E-3
7.895000E-3	-1.368165E-3
7.900000E-3	-1.152933E-3
7.905000E-3	-1.575172E-3
7.910000E-3	-2.453923E-3
7.915000E-3	-3.568470E-3
7.920000E-3	-4.892766E-3
7.925000E-3	-6.254077E-3
7.930000E-3	-7.762074E-3
7.935000E-3	-9.071290E-3
7.940000E-3	-9.869158E-3
7.945000E-3	-1.046139E-2
7.950000E-3	-1.045591E-2
7.955000E-3	-1.016665E-2
7.960000E-3	-9.293377E-3
7.965000E-3	-8.587360E-3
7.970000E-3	-7.578373E-3
7.975000E-3	-6.382942E-3
7.980000E-3	-5.384922E-3
7.985000E-3	-4.706323E-3
7.990000E-3	-4.288197E-3
7.995000E-3	-4.208684E-3
8.000000E-3	-4.395127E-3
8.005000E-3	-4.972279E-3
8.010000E-3	-5.864739E-3
8.015000E-3	-6.526887E-3
8.020000E-3	-7.072508E-3
8.025000E-3	-7.171214E-3
8.030000E-3	-7.036865E-3
8.035000E-3	-6.632447E-3
8.040000E-3	-6.000459E-3
8.045000E-3	-5.172431E-3
8.050000E-3	-4.721403E-3
8.055000E-3	-4.386902E-3
8.060000E-3	-4.286826E-3
8.065000E-3	-4.611731E-3
8.070000E-3	-5.548060E-3
8.075000E-3	-6.588578E-3
8.080000E-3	-7.874489E-3
8.085000E-3	-9.426355E-3
8.090000E-3	-1.087129E-2
8.095000E-3	-1.198858E-2
8.100000E-3	-1.277000E-2
8.105000E-3	-1.290846E-2
8.110000E-3	-1.255751E-2
8.115000E-3	-1.174045E-2
8.120000E-3	-1.086169E-2
8.125000E-3	-9.329021E-3
8.130000E-3	-7.534504E-3
8.135000E-3	-5.808532E-3
8.140000E-3	-4.134655E-3
8.145000E-3	-2.541661E-3
8.150000E-3	-1.285911E-3
8.155000E-3	-6.580353E-4
8.160000E-3	-3.578067E-4
8.165000E-3	-5.264282E-4
8.170000E-3	-1.327038E-3
8.175000E-3	-2.474487E-3
8.180000E-3	-4.072964E-3
8.185000E-3	-5.890787E-3
8.190000E-3	-7.770300E-3
8.195000E-3	-9.397566E-3
8.200000E-3	-1.033801E-2
8.205000E-3	-1.103991E-2
8.210000E-3	-1.122910E-2
8.215000E-3	-1.130176E-2
8.220000E-3	-1.088089E-2
8.225000E-3	-1.025987E-2
8.230000E-3	-9.119272E-3
8.235000E-3	-8.029401E-3
8.240000E-3	-6.847680E-3
8.245000E-3	-5.637169E-3
8.250000E-3	-4.858494E-3
8.255000E-3	-4.521251E-3
8.260000E-3	-4.428029E-3
8.265000E-3	-4.744709E-3
8.270000E-3	-5.531609E-3
8.275000E-3	-6.352782E-3
8.280000E-3	-6.733894E-3
8.285000E-3	-6.980658E-3
8.290000E-3	-6.810665E-3
8.295000E-3	-6.302059E-3
8.300000E-3	-5.456209E-3
8.305000E-3	-4.916072E-3
8.310000E-3	-4.548669E-3
8.315000E-3	-4.231989E-3
8.320000E-3	-4.277229E-3
8.325000E-3	-4.561007E-3
8.330000E-3	-5.140901E-3
8.335000E-3	-5.720794E-3
8.340000E-3	-6.252706E-3
8.345000E-3	-6.585836E-3
8.350000E-3	-6.903887E-3
8.355000E-3	-7.361770E-3
8.360000E-3	-7.951260E-3
8.365000E-3	-8.857429E-3
8.370000E-3	-9.424984E-3
8.375000E-3	-1.009399E-2
8.380000E-3	-1.073968E-2
8.385000E-3	-1.103032E-2
8.390000E-3	-1.104814E-2
8.395000E-3	-1.070130E-2
8.400000E-3	-1.044905E-2
8.405000E-3	-9.838998E-3
8.410000E-3	-8.784771E-3
8.415000E-3	-7.856667E-3
8.420000E-3	-6.810665E-3
8.425000E-3	-5.959332E-3
8.430000E-3	-5.240977E-3
8.435000E-3	-5.192995E-3
8.440000E-3	-5.283475E-3
8.445000E-3	-5.575478E-3
8.450000E-3	-6.008685E-3
8.455000E-3	-6.576240E-3
8.460000E-3	-6.975174E-3
8.465000E-3	-7.171214E-3
8.470000E-3	-7.072508E-3
8.475000E-3	-7.061541E-3
8.480000E-3	-7.053316E-3
8.485000E-3	-7.280886E-3
8.490000E-3	-7.393301E-3
8.495000E-3	-7.417977E-3
8.500000E-3	-7.593453E-3
8.505000E-3	-7.634580E-3
8.510000E-3	-7.545471E-3
8.515000E-3	-7.618129E-3
8.520000E-3	-7.380962E-3
8.525000E-3	-7.012188E-3
8.530000E-3	-6.495357E-3
8.535000E-3	-6.100535E-3
8.540000E-3	-5.596042E-3
8.545000E-3	-5.361617E-3
8.550000E-3	-5.232751E-3
8.555000E-3	-5.297184E-3
8.560000E-3	-5.471289E-3
8.565000E-3	-5.453467E-3
8.570000E-3	-5.837321E-3
8.575000E-3	-6.130695E-3
8.580000E-3	-6.185532E-3
8.585000E-3	-6.263673E-3
8.590000E-3	-6.197870E-3
8.595000E-3	-6.071746E-3
8.600000E-3	-5.979896E-3
8.605000E-3	-5.830467E-3
8.610000E-3	-5.820870E-3
8.615000E-3	-5.722165E-3
8.620000E-3	-5.894899E-3
8.625000E-3	-6.093681E-3
8.630000E-3	-6.566644E-3
8.635000E-3	-6.691396E-3
8.640000E-3	-7.301450E-3
8.645000E-3	-7.720947E-3
8.650000E-3	-8.335114E-3
8.655000E-3	-8.717597E-3
8.660000E-3	-9.015083E-3
8.665000E-3	-9.394825E-3
8.670000E-3	-9.645700E-3
8.675000E-3	-9.586751E-3
8.680000E-3	-9.290636E-3
8.685000E-3	-9.060323E-3
8.690000E-3	-8.378983E-3
8.695000E-3	-7.844329E-3
8.700000E-3	-7.453620E-3
8.705000E-3	-6.846309E-3
8.710000E-3	-6.237626E-3
8.715000E-3	-5.593300E-3
8.720000E-3	-5.134046E-3
8.725000E-3	-4.724145E-3
8.730000E-3	-4.485607E-3
8.735000E-3	-4.599392E-3
8.740000E-3	-4.865348E-3
8.745000E-3	-5.282104E-3
8.750000E-3	-5.652249E-3
8.755000E-3	-5.978525E-3
8.760000E-3	-6.167710E-3
8.765000E-3	-6.594062E-3
8.770000E-3	-6.964207E-3
8.775000E-3	-7.470071E-3
8.780000E-3	-7.686675E-3
8.785000E-3	-8.315921E-3
8.790000E-3	-8.511961E-3
8.795000E-3	-8.669615E-3
8.800000E-3	-8.676469E-3
8.805000E-3	-8.605182E-3
8.810000E-3	-8.510590E-3
8.815000E-3	-8.531153E-3
8.820000E-3	-8.465350E-3
8.825000E-3	-8.343339E-3
8.830000E-3	-8.243263E-3
8.835000E-3	-7.810056E-3
8.840000E-3	-7.065654E-3
8.845000E-3	-6.012797E-3
8.850000E-3	-4.991472E-3
8.855000E-3	-4.009902E-3
8.860000E-3	-3.151715E-3
8.865000E-3	-2.490938E-3
8.870000E-3	-2.281189E-3
8.875000E-3	-2.403200E-3
8.880000E-3	-2.729475E-3
8.885000E-3	-3.512263E-3
8.890000E-3	-4.632294E-3
8.895000E-3	-5.729020E-3
8.900000E-3	-7.012188E-3
8.905000E-3	-7.997870E-3
8.910000E-3	-8.706629E-3
8.915000E-3	-9.171367E-3
8.920000E-3	-9.519577E-3
8.925000E-3	-9.475708E-3
8.930000E-3	-9.090483E-3
8.935000E-3	-8.621633E-3
8.940000E-3	-8.204877E-3
8.945000E-3	-7.417977E-3
8.950000E-3	-7.087588E-3
8.955000E-3	-6.894290E-3
8.960000E-3	-6.945014E-3
8.965000E-3	-7.143795E-3
8.970000E-3	-7.453620E-3
8.975000E-3	-8.121252E-3
8.980000E-3	-8.942425E-3
8.985000E-3	-9.553850E-3
8.990000E-3	-9.993911E-3
8.995000E-3	-1.031196E-2
9.000000E-3	-1.015979E-2
9.005000E-3	-1.002818E-2
9.010000E-3	-9.444177E-3
9.015000E-3	-8.772433E-3
9.020000E-3	-8.032143E-3
9.025000E-3	-7.467330E-3
9.030000E-3	-6.854534E-3
9.035000E-3	-6.433666E-3
9.040000E-3	-5.835950E-3
9.045000E-3	-5.257428E-3
9.050000E-3	-4.824221E-3
9.055000E-3	-4.665196E-3
9.060000E-3	-4.503429E-3
9.065000E-3	-4.725516E-3
9.070000E-3	-5.327344E-3
9.075000E-3	-6.276011E-3
9.080000E-3	-7.023156E-3
9.085000E-3	-7.731915E-3
9.090000E-3	-8.086979E-3
9.095000E-3	-8.060932E-3
9.100000E-3	-7.792234E-3
9.105000E-3	-7.073879E-3
9.110000E-3	-6.402135E-3
9.115000E-3	-5.567253E-3
9.120000E-3	-4.987359E-3
9.125000E-3	-4.397869E-3
9.130000E-3	-4.137397E-3
9.135000E-3	-4.336178E-3
9.140000E-3	-4.890025E-3
9.145000E-3	-5.410969E-3
9.150000E-3	-6.526887E-3
9.155000E-3	-7.474184E-3
9.160000E-3	-8.740902E-3
9.165000E-3	-9.730697E-3
9.170000E-3	-1.035994E-2
9.175000E-3	-1.057106E-2
9.180000E-3	-1.084799E-2
9.185000E-3	-1.063138E-2
9.190000E-3	-9.941816E-3
9.195000E-3	-9.254992E-3
9.200000E-3	-8.424222E-3
9.205000E-3	-7.323384E-3
9.210000E-3	-6.491244E-3
9.215000E-3	-5.851030E-3
9.220000E-3	-5.569994E-3
9.225000E-3	-5.464435E-3
9.230000E-3	-5.923688E-3
9.235000E-3	-6.605029E-3
9.240000E-3	-7.116377E-3
9.245000E-3	-7.423460E-3
9.250000E-3	-7.605791E-3
9.255000E-3	-7.786751E-3
9.260000E-3	-7.688046E-3
9.265000E-3	-7.696271E-3
9.270000E-3	-7.690787E-3
9.275000E-3	-7.689416E-3
9.280000E-3	-7.438540E-3
9.285000E-3	-7.028639E-3
9.290000E-3	-6.426811E-3
9.295000E-3	-5.920947E-3
9.300000E-3	-5.279362E-3
9.305000E-3	-4.836559E-3
9.310000E-3	-4.569232E-3
9.315000E-3	-4.595280E-3
9.320000E-3	-4.803658E-3
9.325000E-3	-5.213559E-3
9.330000E-3	-5.692005E-3
9.335000E-3	-6.440520E-3
9.340000E-3	-7.382333E-3
9.345000E-3	-7.915616E-3
9.350000E-3	-8.511961E-3
9.355000E-3	-8.828640E-3
9.360000E-3	-8.802593E-3
9.365000E-3	-8.516073E-3
9.370000E-3	-8.036256E-3
9.375000E-3	-7.416606E-3
9.380000E-3	-6.648898E-3
9.385000E-3	-6.229401E-3
9.390000E-3	-6.048441E-3
9.395000E-3	-5.783856E-3
9.400000E-3	-5.785227E-3
9.405000E-3	-5.922318E-3
9.410000E-3	-6.446004E-3
9.415000E-3	-6.761312E-3
9.420000E-3	-6.888807E-3
9.425000E-3	-6.939530E-3
9.430000E-3	-7.046461E-3
9.435000E-3	-7.157505E-3
9.440000E-3	-6.932676E-3
9.445000E-3	-6.677687E-3
9.450000E-3	-6.733894E-3
9.455000E-3	-6.775022E-3
9.460000E-3	-6.928563E-3
9.465000E-3	-7.023156E-3
9.470000E-3	-7.002592E-3
9.475000E-3	-6.939530E-3
9.480000E-3	-6.748974E-3
9.485000E-3	-6.694138E-3
9.490000E-3	-6.411731E-3
9.495000E-3	-6.181419E-3
9.500000E-3	-6.243110E-3
9.505000E-3	-6.398022E-3
9.510000E-3	-6.524146E-3
9.515000E-3	-6.605029E-3
9.520000E-3	-6.846309E-3
9.525000E-3	-7.082105E-3
9.530000E-3	-7.252097E-3
9.535000E-3	-7.422090E-3
9.540000E-3	-7.692158E-3
9.545000E-3	-7.980049E-3
9.550000E-3	-7.934809E-3
9.555000E-3	-7.944405E-3
9.560000E-3	-7.919729E-3
9.565000E-3	-7.893682E-3
9.570000E-3	-7.578373E-3
9.575000E-3	-7.304192E-3
9.580000E-3	-6.931305E-3
9.585000E-3	-6.622851E-3
9.590000E-3	-6.362379E-3
9.595000E-3	-6.307542E-3
9.600000E-3	-6.252706E-3
9.605000E-3	-6.222546E-3
9.610000E-3	-6.232142E-3
9.615000E-3	-6.166339E-3
9.620000E-3	-5.845547E-3
9.625000E-3	-5.770147E-3
9.630000E-3	-5.989492E-3
9.635000E-3	-6.441891E-3
9.640000E-3	-6.661236E-3
9.645000E-3	-6.992996E-3
9.650000E-3	-7.385075E-3
9.655000E-3	-7.548213E-3
9.660000E-3	-7.701755E-3
9.665000E-3	-7.896423E-3
9.670000E-3	-7.726431E-3
9.675000E-3	-7.339835E-3
9.680000E-3	-7.121861E-3
9.685000E-3	-6.754458E-3
9.690000E-3	-6.274641E-3
9.695000E-3	-6.058037E-3
9.700000E-3	-5.602896E-3
9.705000E-3	-5.092919E-3
9.710000E-3	-4.955828E-3
9.715000E-3	-4.758418E-3
9.720000E-3	-4.898250E-3
9.725000E-3	-5.077839E-3
9.730000E-3	-5.291700E-3
9.735000E-3	-5.500078E-3
9.740000E-3	-5.793452E-3
9.745000E-3	-5.867481E-3
9.750000E-3	-6.398022E-3
9.755000E-3	-6.795585E-3
9.760000E-3	-7.254839E-3
9.765000E-3	-7.789493E-3
9.770000E-3	-8.018434E-3
9.775000E-3	-8.036256E-3
9.780000E-3	-7.746994E-3
9.785000E-3	-7.550955E-3
9.790000E-3	-7.359028E-3
9.795000E-3	-6.754458E-3
9.800000E-3	-6.199241E-3
9.805000E-3	-6.038845E-3
9.810000E-3	-5.803049E-3
9.815000E-3	-5.759180E-3
9.820000E-3	-5.830467E-3
9.825000E-3	-6.090939E-3
9.830000E-3	-6.041586E-3
9.835000E-3	-6.592691E-3
9.840000E-3	-6.844938E-3
9.845000E-3	-7.012188E-3
9.850000E-3	-7.119119E-3
9.855000E-3	-7.091701E-3
9.860000E-3	-7.143795E-3
9.865000E-3	-7.145166E-3
9.870000E-3	-7.139683E-3
9.875000E-3	-6.984770E-3
9.880000E-3	-6.961465E-3
9.885000E-3	-7.117748E-3
9.890000E-3	-7.113636E-3
9.895000E-3	-7.317901E-3
9.900000E-3	-7.437170E-3
9.905000E-3	-7.298708E-3
9.910000E-3	-7.227421E-3
9.915000E-3	-7.254839E-3
9.920000E-3	-7.283628E-3
9.925000E-3	-7.320642E-3
9.930000E-3	-7.534504E-3
9.935000E-3	-7.785380E-3
9.940000E-3	-8.207619E-3
9.945000E-3	-8.527040E-3
9.950000E-3	-8.802593E-3
9.955000E-3	-8.857429E-3
9.960000E-3	-9.031534E-3
9.965000E-3	-9.111047E-3
9.970000E-3	-8.969843E-3
9.975000E-3	-8.623004E-3
9.980000E-3	-8.292615E-3
9.985000E-3	-7.742882E-3
9.990000E-3	-7.529020E-3
9.995000E-3	-7.264435E-3
