0.000000E+0	5.044937E-3
5.000000E-6	4.877687E-3
1.000000E-5	4.948974E-3
1.500000E-5	4.939377E-3
2.000000E-5	5.150497E-3
2.500000E-5	5.151868E-3
3.000000E-5	4.999697E-3
3.500000E-5	4.888654E-3
4.000000E-5	4.766643E-3
4.500000E-5	4.896879E-3
5.000000E-5	5.005181E-3
5.500000E-5	4.799545E-3
6.000000E-5	4.872203E-3
6.500000E-5	5.079210E-3
7.000000E-5	5.028486E-3
7.500000E-5	4.891396E-3
8.000000E-5	5.105257E-3
8.500000E-5	5.016148E-3
9.000000E-5	4.921556E-3
9.500000E-5	5.016148E-3
1.000000E-4	4.940748E-3
1.050000E-4	4.758418E-3
1.100000E-4	4.983246E-3
1.150000E-4	5.121708E-3
1.200000E-4	5.065501E-3
1.250000E-4	4.898250E-3
1.300000E-4	5.013406E-3
1.350000E-4	5.002439E-3
1.400000E-4	5.032599E-3
1.450000E-4	5.047679E-3
1.500000E-4	5.012035E-3
1.550000E-4	5.243719E-3
1.600000E-4	5.173802E-3
1.650000E-4	5.256057E-3
1.700000E-4	4.996955E-3
1.750000E-4	4.903734E-3
1.800000E-4	4.999697E-3
1.850000E-4	4.973650E-3
1.900000E-4	4.973650E-3
1.950000E-4	5.006552E-3
2.000000E-4	5.106628E-3
2.050000E-4	5.208075E-3
2.100000E-4	5.050421E-3
2.150000E-4	5.005181E-3
2.200000E-4	4.891396E-3
2.250000E-4	4.957199E-3
2.300000E-4	5.110741E-3
2.350000E-4	5.151868E-3
2.400000E-4	5.224526E-3
2.450000E-4	5.095661E-3
2.500000E-4	4.879057E-3
2.550000E-4	4.938006E-3
2.600000E-4	4.975021E-3
2.650000E-4	5.213559E-3
2.700000E-4	5.242348E-3
2.750000E-4	5.230010E-3
2.800000E-4	5.197108E-3
2.850000E-4	5.014777E-3
2.900000E-4	5.075097E-3
2.950000E-4	5.050421E-3
3.000000E-4	4.916072E-3
3.050000E-4	4.813254E-3
3.100000E-4	5.036712E-3
3.150000E-4	5.145013E-3
3.200000E-4	4.994214E-3
3.250000E-4	5.047679E-3
3.300000E-4	5.091548E-3
3.350000E-4	5.023003E-3
3.400000E-4	5.054533E-3
3.450000E-4	4.863977E-3
3.500000E-4	4.910588E-3
3.550000E-4	4.975021E-3
3.600000E-4	5.066872E-3
3.650000E-4	5.060017E-3
3.700000E-4	5.010664E-3
3.750000E-4	4.962683E-3
3.800000E-4	5.027115E-3
3.850000E-4	4.975021E-3
3.900000E-4	4.964054E-3
3.950000E-4	5.192995E-3
4.000000E-4	5.088806E-3
4.050000E-4	5.166948E-3
4.100000E-4	5.051792E-3
4.150000E-4	5.124450E-3
4.200000E-4	4.881799E-3
4.250000E-4	5.040824E-3
4.300000E-4	5.012035E-3
4.350000E-4	5.072355E-3
4.400000E-4	4.958570E-3
4.450000E-4	4.873574E-3
4.500000E-4	5.070984E-3
4.550000E-4	5.138159E-3
4.600000E-4	5.179286E-3
4.650000E-4	5.175173E-3
4.700000E-4	5.186141E-3
4.750000E-4	5.061388E-3
4.800000E-4	5.029857E-3
4.850000E-4	4.851639E-3
4.900000E-4	4.977763E-3
4.950000E-4	4.874945E-3
5.000000E-4	4.922926E-3
5.050000E-4	4.924297E-3
5.100000E-4	5.094290E-3
5.150000E-4	5.049050E-3
5.200000E-4	5.031228E-3
5.250000E-4	5.035341E-3
5.300000E-4	5.081952E-3
5.350000E-4	5.236864E-3
5.400000E-4	5.191624E-3
5.450000E-4	5.239606E-3
5.500000E-4	5.257428E-3
5.550000E-4	5.060017E-3
5.600000E-4	5.029857E-3
5.650000E-4	5.113482E-3
5.700000E-4	5.107999E-3
5.750000E-4	5.060017E-3
5.800000E-4	5.114853E-3
5.850000E-4	4.954457E-3
5.900000E-4	4.900992E-3
5.950000E-4	4.869461E-3
6.000000E-4	5.232751E-3
6.050000E-4	5.305409E-3
6.100000E-4	5.139530E-3
6.150000E-4	5.005181E-3
6.200000E-4	4.969537E-3
6.250000E-4	4.917443E-3
6.300000E-4	4.876316E-3
6.350000E-4	5.046308E-3
6.400000E-4	5.102515E-3
6.450000E-4	5.125821E-3
6.500000E-4	5.017519E-3
6.550000E-4	5.083323E-3
6.600000E-4	5.035341E-3
6.650000E-4	4.976392E-3
6.700000E-4	4.903734E-3
6.750000E-4	4.879057E-3
6.800000E-4	4.932523E-3
6.850000E-4	4.973650E-3
6.900000E-4	4.992843E-3
6.950000E-4	5.060017E-3
7.000000E-4	4.905105E-3
7.050000E-4	4.938006E-3
7.100000E-4	5.092919E-3
7.150000E-4	4.966795E-3
7.200000E-4	4.905105E-3
7.250000E-4	4.858494E-3
7.300000E-4	4.942119E-3
7.350000E-4	4.906476E-3
7.400000E-4	4.768014E-3
7.450000E-4	4.651487E-3
7.500000E-4	4.810512E-3
7.550000E-4	5.035341E-3
7.600000E-4	5.001068E-3
7.650000E-4	5.081952E-3
7.700000E-4	5.053163E-3
7.750000E-4	4.905105E-3
7.800000E-4	5.079210E-3
7.850000E-4	5.058646E-3
7.900000E-4	5.061388E-3
7.950000E-4	4.966795E-3
8.000000E-4	5.076468E-3
8.050000E-4	5.147755E-3
8.100000E-4	5.079210E-3
8.150000E-4	5.114853E-3
8.200000E-4	5.161464E-3
8.250000E-4	5.129933E-3
8.300000E-4	4.994214E-3
8.350000E-4	5.054533E-3
8.400000E-4	5.001068E-3
8.450000E-4	5.002439E-3
8.500000E-4	5.066872E-3
8.550000E-4	5.124450E-3
8.600000E-4	5.002439E-3
8.650000E-4	5.090177E-3
8.700000E-4	5.131304E-3
8.750000E-4	5.068243E-3
8.800000E-4	4.980505E-3
8.850000E-4	4.988730E-3
8.900000E-4	5.046308E-3
8.950000E-4	5.057275E-3
9.000000E-4	4.999697E-3
9.050000E-4	4.939377E-3
9.100000E-4	4.959941E-3
9.150000E-4	5.006552E-3
9.200000E-4	5.020261E-3
9.250000E-4	4.943490E-3
9.300000E-4	5.023003E-3
9.350000E-4	5.160093E-3
9.400000E-4	5.194366E-3
9.450000E-4	5.032599E-3
9.500000E-4	5.042195E-3
9.550000E-4	5.164206E-3
9.600000E-4	5.162835E-3
9.650000E-4	5.036712E-3
9.700000E-4	4.932523E-3
9.750000E-4	4.979134E-3
9.800000E-4	5.075097E-3
9.850000E-4	4.955828E-3
9.900000E-4	4.925668E-3
9.950000E-4	4.861236E-3
1.000000E-3	4.831076E-3
1.005000E-3	4.905105E-3
1.010000E-3	5.029857E-3
1.015000E-3	4.762530E-3
1.020000E-3	4.831076E-3
1.025000E-3	5.079210E-3
1.030000E-3	5.033970E-3
1.035000E-3	4.891396E-3
1.040000E-3	4.918814E-3
1.045000E-3	4.829705E-3
1.050000E-3	4.828334E-3
1.055000E-3	4.995584E-3
1.060000E-3	5.029857E-3
1.065000E-3	4.979134E-3
1.070000E-3	4.795432E-3
1.075000E-3	4.817367E-3
1.080000E-3	4.981875E-3
1.085000E-3	4.976392E-3
1.090000E-3	5.070984E-3
1.095000E-3	5.121708E-3
1.100000E-3	4.955828E-3
1.105000E-3	4.961312E-3
1.110000E-3	5.017519E-3
1.115000E-3	5.113482E-3
1.120000E-3	5.061388E-3
1.125000E-3	4.938006E-3
1.130000E-3	4.953086E-3
1.135000E-3	4.938006E-3
1.140000E-3	4.826963E-3
1.145000E-3	4.884541E-3
1.150000E-3	5.113482E-3
1.155000E-3	5.155981E-3
1.160000E-3	4.966795E-3
1.165000E-3	4.814625E-3
1.170000E-3	4.826963E-3
1.175000E-3	4.891396E-3
1.180000E-3	4.935265E-3
1.185000E-3	4.872203E-3
1.190000E-3	4.858494E-3
1.195000E-3	4.722774E-3
1.200000E-3	4.837930E-3
1.205000E-3	4.984617E-3
1.210000E-3	4.939377E-3
1.215000E-3	5.001068E-3
1.220000E-3	5.025744E-3
1.225000E-3	4.887283E-3
1.230000E-3	4.985988E-3
1.235000E-3	4.994214E-3
1.240000E-3	5.131304E-3
1.245000E-3	5.169690E-3
1.250000E-3	5.327344E-3
1.255000E-3	5.088806E-3
1.260000E-3	4.998326E-3
1.265000E-3	4.728258E-3
1.270000E-3	4.839301E-3
1.275000E-3	4.836559E-3
1.280000E-3	4.820108E-3
1.285000E-3	4.877687E-3
1.290000E-3	4.933894E-3
1.295000E-3	4.935265E-3
1.300000E-3	4.883170E-3
1.305000E-3	5.110741E-3
1.310000E-3	5.101144E-3
1.315000E-3	4.879057E-3
1.320000E-3	5.033970E-3
1.325000E-3	5.109370E-3
1.330000E-3	5.065501E-3
1.335000E-3	4.840672E-3
1.340000E-3	5.050421E-3
1.345000E-3	5.128562E-3
1.350000E-3	4.953086E-3
1.355000E-3	4.863977E-3
1.360000E-3	4.794061E-3
1.365000E-3	4.906476E-3
1.370000E-3	4.947603E-3
1.375000E-3	5.064130E-3
1.380000E-3	5.107999E-3
1.385000E-3	5.092919E-3
1.390000E-3	5.101144E-3
1.395000E-3	4.822850E-3
1.400000E-3	4.774868E-3
1.405000E-3	4.924297E-3
1.410000E-3	4.865348E-3
1.415000E-3	4.903734E-3
1.420000E-3	4.988730E-3
1.425000E-3	4.950345E-3
1.430000E-3	4.954457E-3
1.435000E-3	5.012035E-3
1.440000E-3	5.013406E-3
1.445000E-3	4.920185E-3
1.450000E-3	4.789948E-3
1.455000E-3	4.933894E-3
1.460000E-3	4.999697E-3
1.465000E-3	5.112112E-3
1.470000E-3	4.981875E-3
1.475000E-3	5.086064E-3
1.480000E-3	5.060017E-3
1.485000E-3	5.138159E-3
1.490000E-3	5.088806E-3
1.495000E-3	4.964054E-3
1.500000E-3	5.021632E-3
1.505000E-3	5.038083E-3
1.510000E-3	4.953086E-3
1.515000E-3	5.033970E-3
1.520000E-3	5.154610E-3
1.525000E-3	4.947603E-3
1.530000E-3	4.887283E-3
1.535000E-3	4.944861E-3
1.540000E-3	5.088806E-3
1.545000E-3	5.102515E-3
1.550000E-3	5.157351E-3
1.555000E-3	5.005181E-3
1.560000E-3	5.009294E-3
1.565000E-3	5.047679E-3
1.570000E-3	5.257428E-3
1.575000E-3	5.155981E-3
1.580000E-3	4.939377E-3
1.585000E-3	4.973650E-3
1.590000E-3	5.021632E-3
1.595000E-3	4.907846E-3
1.600000E-3	5.001068E-3
1.605000E-3	5.086064E-3
1.610000E-3	4.907846E-3
1.615000E-3	4.824221E-3
1.620000E-3	4.924297E-3
1.625000E-3	5.032599E-3
1.630000E-3	5.001068E-3
1.635000E-3	4.970908E-3
1.640000E-3	4.732370E-3
1.645000E-3	4.736483E-3
1.650000E-3	4.854381E-3
1.655000E-3	4.991472E-3
1.660000E-3	4.935265E-3
1.665000E-3	4.795432E-3
1.670000E-3	4.755676E-3
1.675000E-3	4.948974E-3
1.680000E-3	4.981875E-3
1.685000E-3	4.846156E-3
1.690000E-3	5.084693E-3
1.695000E-3	4.972279E-3
1.700000E-3	5.064130E-3
1.705000E-3	5.180657E-3
1.710000E-3	5.043566E-3
1.715000E-3	4.955828E-3
1.720000E-3	4.873574E-3
1.725000E-3	5.146384E-3
1.730000E-3	5.033970E-3
1.735000E-3	4.992843E-3
1.740000E-3	4.942119E-3
1.745000E-3	4.955828E-3
1.750000E-3	5.023003E-3
1.755000E-3	5.032599E-3
1.760000E-3	4.999697E-3
1.765000E-3	4.825592E-3
1.770000E-3	4.973650E-3
1.775000E-3	5.042195E-3
1.780000E-3	5.106628E-3
1.785000E-3	5.032599E-3
1.790000E-3	5.032599E-3
1.795000E-3	4.911959E-3
1.800000E-3	4.693985E-3
1.805000E-3	4.890025E-3
1.810000E-3	5.001068E-3
1.815000E-3	5.171061E-3
1.820000E-3	5.172431E-3
1.825000E-3	5.080581E-3
1.830000E-3	5.061388E-3
1.835000E-3	4.988730E-3
1.840000E-3	4.859865E-3
1.845000E-3	4.773498E-3
1.850000E-3	4.855752E-3
1.855000E-3	4.920185E-3
1.860000E-3	4.891396E-3
1.865000E-3	4.920185E-3
1.870000E-3	5.012035E-3
1.875000E-3	5.006552E-3
1.880000E-3	5.177915E-3
1.885000E-3	4.895508E-3
1.890000E-3	4.998326E-3
1.895000E-3	4.942119E-3
1.900000E-3	4.920185E-3
1.905000E-3	4.884541E-3
1.910000E-3	4.732370E-3
1.915000E-3	4.887283E-3
1.920000E-3	4.946232E-3
1.925000E-3	4.899621E-3
1.930000E-3	4.957199E-3
1.935000E-3	5.177915E-3
1.940000E-3	4.988730E-3
1.945000E-3	4.778981E-3
1.950000E-3	4.806399E-3
1.955000E-3	4.953086E-3
1.960000E-3	4.955828E-3
1.965000E-3	4.947603E-3
1.970000E-3	5.047679E-3
1.975000E-3	4.981875E-3
1.980000E-3	4.835188E-3
1.985000E-3	5.010664E-3
1.990000E-3	5.075097E-3
1.995000E-3	5.035341E-3
2.000000E-3	4.998326E-3
2.005000E-3	5.006552E-3
2.010000E-3	4.951715E-3
2.015000E-3	5.020261E-3
2.020000E-3	4.891396E-3
2.025000E-3	4.968166E-3
2.030000E-3	4.942119E-3
2.035000E-3	5.007923E-3
2.040000E-3	4.992843E-3
2.045000E-3	4.896879E-3
2.050000E-3	5.051792E-3
2.055000E-3	5.020261E-3
2.060000E-3	4.939377E-3
2.065000E-3	4.895508E-3
2.070000E-3	4.862607E-3
2.075000E-3	4.922926E-3
2.080000E-3	4.994214E-3
2.085000E-3	5.009294E-3
2.090000E-3	4.783094E-3
2.095000E-3	4.805028E-3
2.100000E-3	5.035341E-3
2.105000E-3	4.863977E-3
2.110000E-3	4.957199E-3
2.115000E-3	4.992843E-3
2.120000E-3	5.117595E-3
2.125000E-3	5.065501E-3
2.130000E-3	5.003810E-3
2.135000E-3	4.946232E-3
2.140000E-3	4.814625E-3
2.145000E-3	4.942119E-3
2.150000E-3	4.988730E-3
2.155000E-3	5.042195E-3
2.160000E-3	4.920185E-3
2.165000E-3	5.033970E-3
2.170000E-3	4.958570E-3
2.175000E-3	4.979134E-3
2.180000E-3	4.981875E-3
2.185000E-3	4.920185E-3
2.190000E-3	4.891396E-3
2.195000E-3	4.853010E-3
2.200000E-3	4.957199E-3
2.205000E-3	5.016148E-3
2.210000E-3	5.088806E-3
2.215000E-3	4.950345E-3
2.220000E-3	5.020261E-3
2.225000E-3	4.759789E-3
2.230000E-3	4.835188E-3
2.235000E-3	4.828334E-3
2.240000E-3	4.876316E-3
2.245000E-3	4.999697E-3
2.250000E-3	5.046308E-3
2.255000E-3	5.070984E-3
2.260000E-3	4.861236E-3
2.265000E-3	4.863977E-3
2.270000E-3	4.907846E-3
2.275000E-3	4.863977E-3
2.280000E-3	4.939377E-3
2.285000E-3	5.143642E-3
2.290000E-3	5.032599E-3
2.295000E-3	4.996955E-3
2.300000E-3	4.920185E-3
2.305000E-3	4.831076E-3
2.310000E-3	4.774868E-3
2.315000E-3	4.765272E-3
2.320000E-3	4.842043E-3
2.325000E-3	4.972279E-3
2.330000E-3	5.005181E-3
2.335000E-3	5.142272E-3
2.340000E-3	4.951715E-3
2.345000E-3	5.246460E-3
2.350000E-3	4.677534E-3
2.355000E-3	5.321860E-3
2.360000E-3	4.508913E-3
2.365000E-3	5.184770E-3
2.370000E-3	4.377306E-3
2.375000E-3	5.393147E-3
2.380000E-3	4.149735E-3
2.385000E-3	5.848289E-3
2.390000E-3	4.096270E-3
2.395000E-3	6.195128E-3
2.400000E-3	3.383398E-3
2.405000E-3	6.456971E-3
2.410000E-3	2.855599E-3
2.415000E-3	7.335722E-3
2.420000E-3	1.852095E-3
2.425000E-3	8.505106E-3
2.430000E-3	6.621480E-4
2.435000E-3	1.044357E-2
2.440000E-3	-1.872659E-3
2.445000E-3	1.559407E-2
2.450000E-3	-1.234227E-2
2.455000E-3	3.009415E-2
2.460000E-3	-9.282959E-2
2.465000E-3	-1.464828E-1
2.470000E-3	7.466096E-2
2.475000E-3	-1.339116E-1
2.480000E-3	-2.632594E-1
2.485000E-3	6.728137E-2
2.490000E-3	-1.264333E-1
2.495000E-3	-2.610755E-1
2.500000E-3	1.471490E-1
2.505000E-3	1.633710E-2
2.510000E-3	1.034939E-1
2.515000E-3	7.458775E-1
2.520000E-3	3.778809E-1
2.525000E-3	-1.066963E-1
2.530000E-3	3.010662E-1
2.535000E-3	1.487927E-1
2.540000E-3	-2.258912E-1
2.545000E-3	1.342406E-1
2.550000E-3	1.468748E-1
2.555000E-3	-2.893888E-1
2.560000E-3	-2.343017E-2
2.565000E-3	8.618206E-2
2.570000E-3	-3.145409E-1
2.575000E-3	-1.916747E-1
2.580000E-3	1.754212E-2
2.585000E-3	-2.758717E-1
2.590000E-3	-1.644691E-1
2.595000E-3	1.443318E-1
2.600000E-3	-1.080439E-1
2.605000E-3	-1.633874E-1
2.610000E-3	1.288748E-1
2.615000E-3	2.060199E-2
2.620000E-3	-4.009902E-2
2.625000E-3	2.371984E-1
2.630000E-3	9.072936E-2
2.635000E-3	-5.444694E-2
2.640000E-3	2.114912E-1
2.645000E-3	1.104553E-1
2.650000E-3	-8.565563E-2
2.655000E-3	1.081097E-1
2.660000E-3	3.613299E-2
2.665000E-3	-1.195280E-1
2.670000E-3	6.090802E-2
2.675000E-3	1.459879E-2
2.680000E-3	-1.443606E-1
2.685000E-3	3.850877E-2
2.690000E-3	4.057884E-4
2.695000E-3	-1.412281E-1
2.700000E-3	5.287999E-2
2.705000E-3	8.560354E-2
2.710000E-3	-7.404131E-2
2.715000E-3	5.587131E-2
2.720000E-3	8.232844E-2
2.725000E-3	-1.072186E-1
2.730000E-3	-2.183717E-2
2.735000E-3	1.010674E-1
2.740000E-3	-4.558265E-2
2.745000E-3	-4.266948E-2
2.750000E-3	5.932051E-2
2.755000E-3	-3.468531E-2
2.760000E-3	-2.982134E-2
2.765000E-3	9.518617E-2
2.770000E-3	-1.732004E-2
2.775000E-3	-6.051594E-2
2.780000E-3	7.985944E-2
2.785000E-3	1.593542E-2
2.790000E-3	-6.181556E-2
2.795000E-3	6.664801E-2
2.800000E-3	2.565789E-2
2.805000E-3	-6.138647E-2
2.810000E-3	6.073391E-2
2.815000E-3	3.465515E-2
2.820000E-3	-4.052401E-2
2.825000E-3	6.814092E-2
2.830000E-3	3.235888E-2
2.835000E-3	-5.392188E-2
2.840000E-3	4.313695E-2
2.845000E-3	2.507526E-2
2.850000E-3	-6.973118E-2
2.855000E-3	8.350194E-3
2.860000E-3	2.471745E-2
2.865000E-3	-6.220353E-2
2.870000E-3	5.413711E-3
2.875000E-3	3.205317E-2
2.880000E-3	-5.599195E-2
2.885000E-3	5.560398E-3
2.890000E-3	3.832781E-2
2.895000E-3	-6.644648E-2
2.900000E-3	-5.956590E-3
2.905000E-3	6.730604E-2
2.910000E-3	-2.447891E-2
2.915000E-3	1.407921E-2
2.920000E-3	9.686553E-2
2.925000E-3	-2.503276E-3
2.930000E-3	3.231227E-3
2.935000E-3	8.323735E-2
2.940000E-3	-2.937031E-2
2.945000E-3	-3.779590E-2
2.950000E-3	8.391595E-2
2.955000E-3	-4.193604E-3
2.960000E-3	-5.134457E-2
2.965000E-3	5.611259E-2
2.970000E-3	-4.066110E-3
2.975000E-3	-5.625653E-2
2.980000E-3	3.651547E-2
2.985000E-3	-1.588881E-3
2.990000E-3	-6.953925E-2
2.995000E-3	1.356375E-2
3.000000E-3	5.564511E-3
3.005000E-3	-5.848974E-2
3.010000E-3	2.514106E-2
3.015000E-3	4.448318E-2
3.020000E-3	-2.345484E-2
3.025000E-3	3.828532E-2
3.030000E-3	6.067908E-2
3.035000E-3	-2.902073E-2
3.040000E-3	-1.370907E-5
3.045000E-3	4.856300E-2
3.050000E-3	-1.757503E-2
3.055000E-3	4.607618E-3
3.060000E-3	5.687892E-2
3.065000E-3	-9.552479E-3
3.070000E-3	-9.030163E-3
3.075000E-3	3.860474E-2
3.080000E-3	-8.760095E-3
3.085000E-3	-1.285911E-2
3.090000E-3	3.950131E-2
3.095000E-3	3.759027E-3
3.100000E-3	-2.106947E-2
3.105000E-3	1.621372E-2
3.110000E-3	-9.626508E-3
3.115000E-3	-4.011410E-2
3.120000E-3	5.120337E-3
3.125000E-3	7.845700E-3
3.130000E-3	-1.740777E-2
3.135000E-3	2.164114E-2
3.140000E-3	1.880884E-2
3.145000E-3	-3.208470E-2
3.150000E-3	-8.819044E-3
3.155000E-3	1.555020E-2
3.160000E-3	-2.004129E-2
3.165000E-3	-2.626657E-3
3.170000E-3	1.827830E-2
3.175000E-3	-2.204281E-2
3.180000E-3	-3.487587E-3
3.185000E-3	3.337610E-2
3.190000E-3	3.116071E-3
3.195000E-3	1.506490E-2
3.200000E-3	4.714411E-2
3.205000E-3	8.952022E-3
3.210000E-3	-4.831076E-3
3.215000E-3	3.020245E-2
3.220000E-3	5.271137E-3
3.225000E-3	-1.696223E-2
3.230000E-3	2.647495E-2
3.235000E-3	2.505469E-2
3.240000E-3	-1.059026E-2
3.245000E-3	1.870465E-2
3.250000E-3	2.301615E-2
3.255000E-3	-1.926947E-2
3.260000E-3	-9.067178E-3
3.265000E-3	-6.642044E-3
3.270000E-3	-3.902286E-2
3.275000E-3	-7.010818E-3
3.280000E-3	2.011532E-2
3.285000E-3	-8.044481E-3
3.290000E-3	1.987815E-2
3.295000E-3	4.562652E-2
3.300000E-3	3.942728E-3
3.305000E-3	8.409142E-3
3.310000E-3	3.225195E-2
3.315000E-3	6.676316E-3
3.320000E-3	8.919120E-3
3.325000E-3	2.937168E-2
3.330000E-3	7.893682E-3
3.335000E-3	3.691852E-3
3.340000E-3	1.433420E-2
3.345000E-3	-1.200914E-2
3.350000E-3	-1.553923E-2
3.355000E-3	2.388120E-3
3.360000E-3	-1.009536E-2
3.365000E-3	-8.169234E-3
3.370000E-3	8.034885E-3
3.375000E-3	-4.503429E-3
3.380000E-3	-9.854078E-3
3.385000E-3	5.663216E-3
3.390000E-3	7.844329E-3
3.395000E-3	1.303732E-3
3.400000E-3	6.557047E-3
3.405000E-3	9.301603E-3
3.410000E-3	9.478450E-3
3.415000E-3	1.947922E-2
3.420000E-3	1.588058E-2
3.425000E-3	6.669462E-3
3.430000E-3	1.567632E-2
3.435000E-3	1.572841E-2
3.440000E-3	-7.581115E-4
3.445000E-3	-5.583704E-3
3.450000E-3	-3.909826E-3
3.455000E-3	-1.324296E-2
3.460000E-3	-1.069444E-2
3.465000E-3	2.985835E-3
3.470000E-3	-1.077533E-3
3.475000E-3	-1.407921E-3
3.480000E-3	1.074517E-2
3.485000E-3	1.299483E-2
3.490000E-3	3.266871E-3
3.495000E-3	1.737624E-2
3.500000E-3	2.673954E-2
3.505000E-3	6.155372E-3
3.510000E-3	4.433513E-3
3.515000E-3	9.080887E-3
3.520000E-3	-8.953393E-3
3.525000E-3	-1.531577E-2
3.530000E-3	-2.873421E-3
3.535000E-3	-6.496727E-3
3.540000E-3	-2.877533E-3
3.545000E-3	1.356924E-2
3.550000E-3	8.069158E-3
3.555000E-3	1.230115E-2
3.560000E-3	2.949095E-2
3.565000E-3	2.341783E-2
3.570000E-3	1.415873E-2
3.575000E-3	1.956010E-2
3.580000E-3	1.273847E-2
3.585000E-3	3.029704E-4
3.590000E-3	5.369842E-3
3.595000E-3	1.057243E-2
3.600000E-3	6.129324E-3
3.605000E-3	1.157045E-3
3.610000E-3	-1.861691E-3
3.615000E-3	-6.895661E-3
3.620000E-3	-6.062150E-3
3.625000E-3	-6.306171E-4
3.630000E-3	-1.210511E-3
3.635000E-3	1.841128E-3
3.640000E-3	7.012188E-3
3.645000E-3	1.063824E-3
3.650000E-3	-5.977154E-4
3.655000E-3	5.294442E-3
3.660000E-3	-2.357960E-4
3.665000E-3	2.649963E-3
3.670000E-3	9.063065E-3
3.675000E-3	7.365882E-3
3.680000E-3	1.185560E-2
3.685000E-3	1.564890E-2
3.690000E-3	8.794367E-3
3.695000E-3	2.119422E-3
3.700000E-3	5.753696E-3
3.705000E-3	4.482865E-3
3.710000E-3	1.915157E-3
3.715000E-3	8.340597E-3
3.720000E-3	5.223155E-3
3.725000E-3	-3.525972E-3
3.730000E-3	-1.864433E-4
3.735000E-3	-1.905560E-4
3.740000E-3	-1.248896E-3
3.745000E-3	7.183552E-3
3.750000E-3	6.212950E-3
3.755000E-3	5.705714E-3
3.760000E-3	9.423614E-3
3.765000E-3	7.734656E-3
3.770000E-3	5.971670E-3
3.775000E-3	1.240259E-2
3.780000E-3	1.580930E-2
3.785000E-3	1.313192E-2
3.790000E-3	9.068549E-3
3.795000E-3	4.196346E-3
3.800000E-3	-1.762986E-3
3.805000E-3	-5.066872E-3
3.810000E-3	-8.679211E-3
3.815000E-3	-1.182133E-2
3.820000E-3	-7.971823E-3
3.825000E-3	-1.431227E-3
3.830000E-3	6.456971E-4
3.835000E-3	9.095967E-3
3.840000E-3	7.836103E-3
3.845000E-3	6.827116E-4
3.850000E-3	1.256299E-2
3.855000E-3	1.934898E-2
3.860000E-3	1.191455E-2
3.865000E-3	1.894182E-2
3.870000E-3	2.298874E-2
3.875000E-3	1.035309E-2
3.880000E-3	6.776392E-3
3.885000E-3	6.053925E-3
3.890000E-3	-3.785074E-3
3.895000E-3	-4.255295E-3
3.900000E-3	-2.630770E-3
3.905000E-3	-1.243687E-2
3.910000E-3	-7.047832E-3
3.915000E-3	8.505106E-3
3.920000E-3	1.032841E-2
3.925000E-3	1.060259E-2
3.930000E-3	1.091653E-2
3.935000E-3	8.228183E-3
3.940000E-3	1.108652E-2
3.945000E-3	1.656878E-2
3.950000E-3	1.442879E-2
3.955000E-3	1.270419E-2
3.960000E-3	1.323336E-2
3.965000E-3	3.556132E-3
3.970000E-3	-1.764357E-3
3.975000E-3	1.394212E-3
3.980000E-3	-5.183399E-3
3.985000E-3	-1.019406E-2
3.990000E-3	-5.579591E-3
3.995000E-3	-7.892311E-3
4.000000E-3	-8.038998E-3
4.005000E-3	-3.687739E-4
4.010000E-3	5.620718E-4
4.015000E-3	2.404571E-3
4.020000E-3	1.202559E-2
4.025000E-3	1.358020E-2
4.030000E-3	9.452403E-3
4.035000E-3	1.339376E-2
4.040000E-3	1.343626E-2
4.045000E-3	7.115006E-3
4.050000E-3	6.945014E-3
4.055000E-3	5.870223E-3
4.060000E-3	3.678143E-3
4.065000E-3	9.987056E-3
4.070000E-3	1.633573E-2
4.075000E-3	1.280975E-2
4.080000E-3	8.388579E-3
4.085000E-3	5.299926E-3
4.090000E-3	-2.333283E-3
4.095000E-3	-3.395736E-3
4.100000E-3	1.813710E-3
4.105000E-3	3.262758E-4
4.110000E-3	4.578829E-4
4.115000E-3	4.166186E-3
4.120000E-3	2.538919E-3
4.125000E-3	4.983246E-3
4.130000E-3	9.053469E-3
4.135000E-3	6.145775E-3
4.140000E-3	7.062912E-3
4.145000E-3	9.307086E-3
4.150000E-3	3.845394E-3
4.155000E-3	3.131151E-3
4.160000E-3	5.154610E-3
4.165000E-3	1.036406E-3
4.170000E-3	2.518356E-3
4.175000E-3	4.652858E-3
4.180000E-3	7.498860E-4
4.185000E-3	2.640367E-3
4.190000E-3	6.240368E-3
4.195000E-3	4.462302E-3
4.200000E-3	4.131913E-3
4.205000E-3	6.474793E-3
4.210000E-3	3.682256E-3
4.215000E-3	-7.731915E-4
4.220000E-3	1.576543E-4
4.225000E-3	-7.704496E-4
4.230000E-3	-1.490176E-3
4.235000E-3	6.200612E-3
4.240000E-3	1.128805E-2
4.245000E-3	1.075339E-2
4.250000E-3	1.395309E-2
4.255000E-3	1.339102E-2
4.260000E-3	6.378829E-3
4.265000E-3	4.188120E-3
4.270000E-3	5.286217E-3
4.275000E-3	5.763292E-3
4.280000E-3	9.060323E-3
4.285000E-3	1.189947E-2
4.290000E-3	9.785533E-3
4.295000E-3	8.011580E-3
4.300000E-3	7.215083E-3
4.305000E-3	4.236102E-3
4.310000E-3	1.265347E-3
4.315000E-3	5.277991E-4
4.320000E-3	7.265806E-4
4.325000E-3	4.208684E-4
4.330000E-3	3.132522E-3
4.335000E-3	6.918967E-3
4.340000E-3	8.890331E-3
4.345000E-3	1.130587E-2
4.350000E-3	1.224631E-2
4.355000E-3	1.167053E-2
4.360000E-3	1.313055E-2
4.365000E-3	1.254380E-2
4.370000E-3	9.334505E-3
4.375000E-3	8.474946E-3
4.380000E-3	6.207466E-3
4.385000E-3	7.896423E-4
4.390000E-3	-1.518965E-3
4.395000E-3	-3.519118E-3
4.400000E-3	-7.025898E-3
4.405000E-3	-7.108152E-3
4.410000E-3	-6.499469E-3
4.415000E-3	-7.681191E-3
4.420000E-3	-4.381418E-3
4.425000E-3	1.159787E-3
4.430000E-3	4.666567E-3
4.435000E-3	9.015083E-3
4.440000E-3	1.240259E-2
4.445000E-3	1.138127E-2
4.450000E-3	9.671748E-3
4.455000E-3	9.259105E-3
4.460000E-3	7.128716E-3
4.465000E-3	5.583704E-3
4.470000E-3	5.797565E-3
4.475000E-3	4.581571E-3
4.480000E-3	4.229248E-3
4.485000E-3	6.398022E-3
4.490000E-3	5.523384E-3
4.495000E-3	2.595127E-3
4.500000E-3	2.065957E-3
4.505000E-3	-3.015995E-5
4.510000E-3	-3.284693E-3
4.515000E-3	-8.581877E-4
4.520000E-3	1.830161E-3
4.525000E-3	4.565120E-4
4.530000E-3	3.730237E-3
4.535000E-3	9.244025E-3
4.540000E-3	9.840369E-3
4.545000E-3	1.382422E-2
4.550000E-3	1.936132E-2
4.555000E-3	1.776421E-2
4.560000E-3	1.466733E-2
4.565000E-3	1.166916E-2
4.570000E-3	5.465806E-3
4.575000E-3	3.118813E-3
4.580000E-3	6.066263E-3
4.585000E-3	5.146384E-3
4.590000E-3	2.592385E-3
4.595000E-3	3.017366E-3
4.600000E-3	3.029704E-4
4.605000E-3	-4.598022E-3
4.610000E-3	-5.175173E-3
4.615000E-3	-8.262455E-3
4.620000E-3	-1.399285E-2
4.625000E-3	-1.348150E-2
4.630000E-3	-6.547451E-3
4.635000E-3	-1.178980E-3
4.640000E-3	7.115006E-4
4.645000E-3	7.228792E-3
4.650000E-3	1.409703E-2
4.655000E-3	1.678401E-2
4.660000E-3	2.267069E-2
4.665000E-3	2.814746E-2
4.670000E-3	2.654487E-2
4.675000E-3	2.353710E-2
4.680000E-3	2.114624E-2
4.685000E-3	1.552004E-2
4.690000E-3	1.197350E-2
4.695000E-3	9.795129E-3
4.700000E-3	4.610360E-3
4.705000E-3	1.957655E-3
4.710000E-3	1.096725E-5
4.715000E-3	-5.155981E-3
4.720000E-3	-8.825898E-3
4.725000E-3	-8.745015E-3
4.730000E-3	-1.130450E-2
4.735000E-3	-1.144433E-2
4.740000E-3	-6.489873E-3
4.745000E-3	-5.665958E-3
4.750000E-3	-4.825592E-4
4.755000E-3	9.418130E-3
4.760000E-3	1.361173E-2
4.765000E-3	1.553786E-2
4.770000E-3	1.856756E-2
4.775000E-3	1.471120E-2
4.780000E-3	9.039760E-3
4.785000E-3	7.005334E-3
4.790000E-3	5.179286E-3
4.795000E-3	5.402744E-3
4.800000E-3	8.402288E-3
4.805000E-3	8.697033E-3
4.810000E-3	5.670071E-3
4.815000E-3	5.372584E-3
4.820000E-3	3.643870E-3
4.825000E-3	-9.459257E-4
4.830000E-3	-1.368165E-3
4.835000E-3	-2.686977E-4
4.840000E-3	1.768470E-4
4.845000E-3	4.955828E-3
4.850000E-3	9.996653E-3
4.855000E-3	9.053469E-3
4.860000E-3	8.496881E-3
4.865000E-3	8.096576E-3
4.870000E-3	3.420413E-3
4.875000E-3	1.004875E-3
4.880000E-3	1.468241E-3
4.885000E-3	-4.866719E-4
4.890000E-3	-2.456665E-3
4.895000E-3	-2.384007E-3
4.900000E-3	-5.273879E-3
4.905000E-3	-7.165730E-3
4.910000E-3	-5.914092E-3
4.915000E-3	-6.140292E-3
4.920000E-3	-3.772736E-3
4.925000E-3	2.142727E-3
4.930000E-3	7.583857E-3
4.935000E-3	1.313329E-2
4.940000E-3	1.908576E-2
4.945000E-3	2.071714E-2
4.950000E-3	1.985347E-2
4.955000E-3	1.893085E-2
4.960000E-3	1.492369E-2
4.965000E-3	1.191729E-2
4.970000E-3	1.210922E-2
4.975000E-3	1.039422E-2
4.980000E-3	7.685304E-3
4.985000E-3	6.832600E-3
4.990000E-3	4.511654E-3
4.995000E-3	1.084387E-3
5.000000E-3	-2.810359E-4
5.005000E-3	-1.735568E-3
5.010000E-3	-2.830923E-3
5.015000E-3	-1.510739E-3
5.020000E-3	-1.118660E-3
5.025000E-3	-1.531303E-3
5.030000E-3	1.093984E-3
5.035000E-3	3.902972E-3
5.040000E-3	4.537702E-3
5.045000E-3	6.137550E-3
5.050000E-3	8.361161E-3
5.055000E-3	8.625746E-3
5.060000E-3	9.663522E-3
5.065000E-3	1.065332E-2
5.070000E-3	8.928716E-3
5.075000E-3	7.534504E-3
5.080000E-3	8.047223E-3
5.085000E-3	5.559027E-3
5.090000E-3	2.133131E-3
5.095000E-3	1.302361E-4
5.100000E-3	-8.156896E-4
5.105000E-3	-1.576543E-3
5.110000E-3	-8.691549E-4
5.115000E-3	-9.870529E-4
5.120000E-3	3.372431E-4
5.125000E-3	3.369689E-3
5.130000E-3	5.194366E-3
5.135000E-3	7.320642E-3
5.140000E-3	9.179592E-3
5.145000E-3	9.499013E-3
5.150000E-3	1.015157E-2
5.155000E-3	1.307708E-2
5.160000E-3	1.229566E-2
5.165000E-3	1.156497E-2
5.170000E-3	1.300579E-2
5.175000E-3	1.184738E-2
5.180000E-3	9.699166E-3
5.185000E-3	9.566188E-3
5.190000E-3	7.627726E-3
5.195000E-3	3.103733E-3
5.200000E-3	3.250420E-3
5.205000E-3	2.954304E-3
5.210000E-3	-1.353085E-3
5.215000E-3	-4.227877E-3
5.220000E-3	-6.622851E-3
5.225000E-3	-1.003367E-2
5.230000E-3	-8.370757E-3
5.235000E-3	-3.554761E-3
5.240000E-3	-8.225441E-5
5.245000E-3	7.003963E-3
5.250000E-3	1.331562E-2
5.255000E-3	1.334989E-2
5.260000E-3	1.392156E-2
5.265000E-3	1.416695E-2
5.270000E-3	9.234428E-3
5.275000E-3	6.680429E-3
5.280000E-3	6.234884E-3
5.285000E-3	2.621174E-3
5.290000E-3	8.581877E-4
5.295000E-3	1.982331E-3
5.300000E-3	7.115006E-4
5.305000E-3	-8.225441E-5
5.310000E-3	1.510739E-3
5.315000E-3	6.415844E-4
5.320000E-3	4.222393E-4
5.325000E-3	4.000306E-3
5.330000E-3	5.546689E-3
5.335000E-3	6.570756E-3
5.340000E-3	1.026535E-2
5.345000E-3	1.014060E-2
5.350000E-3	7.999241E-3
5.355000E-3	8.899927E-3
5.360000E-3	9.242654E-3
5.365000E-3	7.767558E-3
5.370000E-3	1.054090E-2
5.375000E-3	9.999394E-3
5.380000E-3	9.053469E-3
5.385000E-3	7.197261E-3
5.390000E-3	4.561007E-3
5.395000E-3	2.301753E-3
5.400000E-3	4.948974E-4
5.405000E-3	-8.910894E-5
5.410000E-3	-1.708150E-3
5.415000E-3	6.347299E-4
5.420000E-3	3.573954E-3
5.425000E-3	3.510892E-3
5.430000E-3	5.541205E-3
5.435000E-3	6.499469E-3
5.440000E-3	3.963292E-3
5.445000E-3	5.290329E-3
5.450000E-3	9.131610E-3
5.455000E-3	7.275403E-3
5.460000E-3	1.028317E-2
5.465000E-3	1.145667E-2
5.470000E-3	5.633056E-3
5.475000E-3	5.811274E-3
5.480000E-3	5.803049E-3
5.485000E-3	3.153086E-5
5.490000E-3	2.001524E-4
5.495000E-3	4.865348E-3
5.500000E-3	1.144707E-3
5.505000E-3	4.870832E-3
5.510000E-3	6.259561E-3
5.515000E-3	3.351867E-3
5.520000E-3	-5.031228E-4
5.525000E-3	1.742423E-3
5.530000E-3	-2.329171E-3
5.535000E-3	-3.768623E-3
5.540000E-3	1.364052E-3
5.545000E-3	1.672506E-3
5.550000E-3	2.122164E-3
5.555000E-3	6.548822E-3
5.560000E-3	7.890940E-3
5.565000E-3	8.265197E-3
5.570000E-3	1.324159E-2
5.575000E-3	1.573527E-2
5.580000E-3	1.605058E-2
5.585000E-3	1.910496E-2
5.590000E-3	1.399285E-2
5.595000E-3	7.893682E-3
5.600000E-3	5.709827E-3
5.605000E-3	4.099011E-4
5.610000E-3	-4.872203E-3
5.615000E-3	-3.314853E-3
5.620000E-3	-3.443718E-3
5.625000E-3	-5.849659E-3
5.630000E-3	-2.137244E-3
5.635000E-3	6.498098E-4
5.640000E-3	-3.961921E-4
5.645000E-3	2.362072E-3
5.650000E-3	5.937397E-3
5.655000E-3	3.107846E-3
5.660000E-3	5.623460E-3
5.665000E-3	8.457124E-3
5.670000E-3	7.086217E-3
5.675000E-3	9.046614E-3
5.680000E-3	1.151836E-2
5.685000E-3	1.026672E-2
5.690000E-3	9.514093E-3
5.695000E-3	1.277411E-2
5.700000E-3	1.117975E-2
5.705000E-3	1.003778E-2
5.710000E-3	1.196802E-2
5.715000E-3	9.065807E-3
5.720000E-3	6.042957E-3
5.725000E-3	4.481494E-3
5.730000E-3	7.649660E-4
5.735000E-3	-3.196955E-3
5.740000E-3	-4.018128E-3
5.745000E-3	-4.384160E-3
5.750000E-3	-4.256666E-3
5.755000E-3	-6.456971E-4
5.760000E-3	2.972126E-3
5.765000E-3	5.283475E-3
5.770000E-3	7.999241E-3
5.775000E-3	8.121252E-3
5.780000E-3	6.502211E-3
5.785000E-3	6.432295E-3
5.790000E-3	5.389035E-3
5.795000E-3	4.646003E-3
5.800000E-3	5.630314E-3
5.805000E-3	5.856514E-3
5.810000E-3	5.173802E-3
5.815000E-3	5.793452E-3
5.820000E-3	5.705714E-3
5.825000E-3	4.454076E-3
5.830000E-3	6.351411E-3
5.835000E-3	7.675707E-3
5.840000E-3	6.935418E-3
5.845000E-3	8.200765E-3
5.850000E-3	8.350194E-3
5.855000E-3	6.777763E-3
5.860000E-3	6.683171E-3
5.865000E-3	6.954610E-3
5.870000E-3	4.940748E-3
5.875000E-3	3.934503E-3
5.880000E-3	4.397869E-3
5.885000E-3	3.358722E-3
5.890000E-3	3.033817E-3
5.895000E-3	4.282713E-3
5.900000E-3	3.165424E-3
5.905000E-3	2.201676E-3
5.910000E-3	4.325211E-3
5.915000E-3	4.659712E-3
5.920000E-3	5.242348E-3
5.925000E-3	6.511807E-3
5.930000E-3	6.470680E-3
5.935000E-3	5.343795E-3
5.940000E-3	5.005181E-3
5.945000E-3	4.322469E-3
5.950000E-3	2.172887E-3
5.955000E-3	1.211882E-3
5.960000E-3	3.811121E-4
5.965000E-3	-1.322925E-3
5.970000E-3	-1.746535E-3
5.975000E-3	-1.443565E-3
5.980000E-3	-1.159787E-3
5.985000E-3	6.594062E-4
5.990000E-3	2.774715E-3
5.995000E-3	4.469156E-3
6.000000E-3	6.311655E-3
6.005000E-3	8.258343E-3
6.010000E-3	9.356439E-3
6.015000E-3	1.027632E-2
6.020000E-3	1.111943E-2
6.025000E-3	1.076573E-2
6.030000E-3	1.095766E-2
6.035000E-3	1.193374E-2
6.040000E-3	1.192552E-2
6.045000E-3	1.143199E-2
6.050000E-3	1.042438E-2
6.055000E-3	8.036256E-3
6.060000E-3	5.091548E-3
6.065000E-3	3.395736E-3
6.070000E-3	1.779437E-3
6.075000E-3	8.828640E-4
6.080000E-3	2.348363E-3
6.085000E-3	3.811121E-3
6.090000E-3	4.720032E-3
6.095000E-3	6.740749E-3
6.100000E-3	7.737398E-3
6.105000E-3	7.759333E-3
6.110000E-3	8.617520E-3
6.115000E-3	9.407163E-3
6.120000E-3	8.396804E-3
6.125000E-3	6.407619E-3
6.130000E-3	3.863215E-3
6.135000E-3	-6.031990E-5
6.140000E-3	-2.536178E-3
6.145000E-3	-3.480732E-3
6.150000E-3	-3.658950E-3
6.155000E-3	-2.030313E-3
6.160000E-3	2.549887E-4
6.165000E-3	1.662910E-3
6.170000E-3	3.033817E-3
6.175000E-3	4.434884E-3
6.180000E-3	5.393147E-3
6.185000E-3	5.328715E-3
6.190000E-3	5.284846E-3
6.195000E-3	4.537702E-3
6.200000E-3	3.748059E-3
6.205000E-3	3.538311E-3
6.210000E-3	3.375173E-3
6.215000E-3	3.933132E-3
6.220000E-3	5.273879E-3
6.225000E-3	6.096423E-3
6.230000E-3	5.904496E-3
6.235000E-3	5.888045E-3
6.240000E-3	5.656362E-3
6.245000E-3	5.465806E-3
6.250000E-3	6.376088E-3
6.255000E-3	7.515311E-3
6.260000E-3	8.191168E-3
6.265000E-3	8.699775E-3
6.270000E-3	8.797109E-3
6.275000E-3	8.012950E-3
6.280000E-3	6.696880E-3
6.285000E-3	5.225897E-3
6.290000E-3	4.049659E-3
6.295000E-3	3.834426E-3
6.300000E-3	3.767252E-3
6.305000E-3	3.759027E-3
6.310000E-3	3.990710E-3
6.315000E-3	4.048288E-3
6.320000E-3	3.122926E-3
6.325000E-3	2.586901E-3
6.330000E-3	3.054380E-3
6.335000E-3	3.694594E-3
6.340000E-3	5.482256E-3
6.345000E-3	7.886827E-3
6.350000E-3	9.215236E-3
6.355000E-3	1.028317E-2
6.360000E-3	1.072872E-2
6.365000E-3	9.647071E-3
6.370000E-3	8.575022E-3
6.375000E-3	7.549584E-3
6.380000E-3	6.252706E-3
6.385000E-3	4.733741E-3
6.390000E-3	4.108608E-3
6.395000E-3	3.343642E-3
6.400000E-3	2.704799E-3
6.405000E-3	2.464890E-3
6.410000E-3	2.366185E-3
6.415000E-3	2.181113E-3
6.420000E-3	1.920640E-3
6.425000E-3	2.031684E-3
6.430000E-3	2.311349E-3
6.435000E-3	2.980351E-3
6.440000E-3	4.855752E-3
6.445000E-3	6.648898E-3
6.450000E-3	8.085608E-3
6.455000E-3	9.420872E-3
6.460000E-3	1.012963E-2
6.465000E-3	1.013237E-2
6.470000E-3	9.355068E-3
6.475000E-3	7.900536E-3
6.480000E-3	5.925059E-3
6.485000E-3	3.797412E-3
6.490000E-3	1.938462E-3
6.495000E-3	0.000000E+0
6.500000E-3	-1.481950E-3
6.505000E-3	-2.094746E-3
6.510000E-3	-1.582026E-3
6.515000E-3	-4.030466E-4
6.520000E-3	1.372278E-3
6.525000E-3	3.405333E-3
6.530000E-3	5.685151E-3
6.535000E-3	8.337855E-3
6.540000E-3	1.030236E-2
6.545000E-3	1.174730E-2
6.550000E-3	1.197898E-2
6.555000E-3	1.118523E-2
6.560000E-3	9.511352E-3
6.565000E-3	7.866263E-3
6.570000E-3	6.277382E-3
6.575000E-3	4.853010E-3
6.580000E-3	3.920794E-3
6.585000E-3	3.365576E-3
6.590000E-3	2.941966E-3
6.595000E-3	2.776086E-3
6.600000E-3	2.248287E-3
6.605000E-3	1.004875E-3
6.610000E-3	1.370907E-4
6.615000E-3	-1.051486E-3
6.620000E-3	-1.924753E-3
6.625000E-3	-1.403809E-3
6.630000E-3	-2.289414E-4
6.635000E-3	9.843111E-4
6.640000E-3	2.475858E-3
6.645000E-3	4.337549E-3
6.650000E-3	6.152630E-3
6.655000E-3	7.932067E-3
6.660000E-3	9.896576E-3
6.665000E-3	1.132232E-2
6.670000E-3	1.223123E-2
6.675000E-3	1.252872E-2
6.680000E-3	1.195979E-2
6.685000E-3	1.022834E-2
6.690000E-3	7.964969E-3
6.695000E-3	5.524755E-3
6.700000E-3	3.656209E-3
6.705000E-3	2.329171E-3
6.710000E-3	1.860321E-3
6.715000E-3	1.930237E-3
6.720000E-3	2.715766E-3
6.725000E-3	3.678143E-3
6.730000E-3	4.554152E-3
6.735000E-3	5.157351E-3
6.740000E-3	4.929781E-3
6.745000E-3	4.474640E-3
6.750000E-3	4.066110E-3
6.755000E-3	3.918052E-3
6.760000E-3	4.460931E-3
6.765000E-3	5.567253E-3
6.770000E-3	6.391168E-3
6.775000E-3	7.149279E-3
6.780000E-3	7.535875E-3
6.785000E-3	6.924450E-3
6.790000E-3	5.579591E-3
6.795000E-3	4.485607E-3
6.800000E-3	3.564358E-3
6.805000E-3	3.002286E-3
6.810000E-3	3.144860E-3
6.815000E-3	3.913939E-3
6.820000E-3	4.591167E-3
6.825000E-3	4.973650E-3
6.830000E-3	4.744709E-3
6.835000E-3	4.395127E-3
6.840000E-3	3.864586E-3
6.845000E-3	3.796041E-3
6.850000E-3	3.649354E-3
6.855000E-3	3.262758E-3
6.860000E-3	2.717137E-3
6.865000E-3	2.098858E-3
6.870000E-3	1.432598E-3
6.875000E-3	1.284540E-3
6.880000E-3	1.800001E-3
6.885000E-3	2.861083E-3
6.890000E-3	4.375935E-3
6.895000E-3	6.296575E-3
6.900000E-3	8.161008E-3
6.905000E-3	9.120643E-3
6.910000E-3	9.275556E-3
6.915000E-3	8.281648E-3
6.920000E-3	6.714702E-3
6.925000E-3	5.224526E-3
6.930000E-3	4.241586E-3
6.935000E-3	3.280580E-3
6.940000E-3	2.122164E-3
6.945000E-3	1.033664E-3
6.950000E-3	-2.070069E-4
6.955000E-3	-1.106322E-3
6.960000E-3	-1.087129E-3
6.965000E-3	-2.810359E-4
6.970000E-3	9.335876E-4
6.975000E-3	2.904952E-3
6.980000E-3	4.948974E-3
6.985000E-3	6.770909E-3
6.990000E-3	8.383095E-3
6.995000E-3	9.281039E-3
7.000000E-3	9.488046E-3
7.005000E-3	8.884847E-3
7.010000E-3	7.864892E-3
7.015000E-3	6.348670E-3
7.020000E-3	4.931152E-3
7.025000E-3	4.109979E-3
7.030000E-3	3.774107E-3
7.035000E-3	3.985226E-3
7.040000E-3	4.717290E-3
7.045000E-3	5.676925E-3
7.050000E-3	6.470680E-3
7.055000E-3	6.635189E-3
7.060000E-3	6.303430E-3
7.065000E-3	6.270528E-3
7.070000E-3	6.663978E-3
7.075000E-3	7.400155E-3
7.080000E-3	7.962227E-3
7.085000E-3	8.011580E-3
7.090000E-3	7.402897E-3
7.095000E-3	6.282866E-3
7.100000E-3	5.069613E-3
7.105000E-3	3.911197E-3
7.110000E-3	3.205180E-3
7.115000E-3	2.787054E-3
7.120000E-3	2.379894E-3
7.125000E-3	1.842499E-3
7.130000E-3	1.723230E-3
7.135000E-3	2.064586E-3
7.140000E-3	2.700686E-3
7.145000E-3	3.309369E-3
7.150000E-3	4.090786E-3
7.155000E-3	5.228639E-3
7.160000E-3	6.212950E-3
7.165000E-3	6.773651E-3
7.170000E-3	7.183552E-3
7.175000E-3	6.968319E-3
7.180000E-3	7.001221E-3
7.185000E-3	7.025898E-3
7.190000E-3	7.139683E-3
7.195000E-3	6.971061E-3
7.200000E-3	6.075859E-3
7.205000E-3	4.894137E-3
7.210000E-3	3.405333E-3
7.215000E-3	2.075553E-3
7.220000E-3	1.532674E-3
7.225000E-3	1.863062E-3
7.230000E-3	2.803504E-3
7.235000E-3	4.240215E-3
7.240000E-3	5.696118E-3
7.245000E-3	6.554306E-3
7.250000E-3	7.265806E-3
7.255000E-3	7.831991E-3
7.260000E-3	8.210361E-3
7.265000E-3	8.235037E-3
7.270000E-3	8.014321E-3
7.275000E-3	6.976545E-3
7.280000E-3	5.506933E-3
7.285000E-3	3.994823E-3
7.290000E-3	2.278447E-3
7.295000E-3	1.058340E-3
7.300000E-3	8.225441E-4
7.305000E-3	1.270831E-3
7.310000E-3	2.263367E-3
7.315000E-3	3.494442E-3
7.320000E-3	4.578829E-3
7.325000E-3	5.087435E-3
7.330000E-3	4.909217E-3
7.335000E-3	4.414320E-3
7.340000E-3	3.615081E-3
7.345000E-3	3.120184E-3
7.350000E-3	3.220260E-3
7.355000E-3	3.812492E-3
7.360000E-3	4.584312E-3
7.365000E-3	5.098403E-3
7.370000E-3	4.994214E-3
7.375000E-3	4.587054E-3
7.380000E-3	4.370451E-3
7.385000E-3	4.164815E-3
7.390000E-3	4.273117E-3
7.395000E-3	4.794061E-3
7.400000E-3	5.672812E-3
7.405000E-3	6.665349E-3
7.410000E-3	7.544100E-3
7.415000E-3	7.879972E-3
7.420000E-3	7.997870E-3
7.425000E-3	7.949889E-3
7.430000E-3	7.992387E-3
7.435000E-3	8.214474E-3
7.440000E-3	8.373499E-3
7.445000E-3	8.505106E-3
7.450000E-3	8.078754E-3
7.455000E-3	6.855905E-3
7.460000E-3	5.002439E-3
7.465000E-3	2.714396E-3
7.470000E-3	8.527040E-4
7.475000E-3	-4.290938E-4
7.480000E-3	-1.137853E-3
7.485000E-3	-9.843111E-4
7.490000E-3	2.083778E-4
7.495000E-3	1.547754E-3
7.500000E-3	2.733588E-3
7.505000E-3	3.887892E-3
7.510000E-3	4.969537E-3
7.515000E-3	5.827725E-3
7.520000E-3	6.387055E-3
7.525000E-3	6.714702E-3
7.530000E-3	6.825745E-3
7.535000E-3	6.888807E-3
7.540000E-3	6.876469E-3
7.545000E-3	6.939530E-3
7.550000E-3	7.164359E-3
7.555000E-3	7.157505E-3
7.560000E-3	6.861389E-3
7.565000E-3	6.518662E-3
7.570000E-3	6.073117E-3
7.575000E-3	5.576849E-3
7.580000E-3	4.672050E-3
7.585000E-3	3.715158E-3
7.590000E-3	2.506018E-3
7.595000E-3	1.546383E-3
7.600000E-3	1.033664E-3
7.605000E-3	8.143187E-4
7.610000E-3	9.185076E-4
7.615000E-3	1.398325E-3
7.620000E-3	2.356589E-3
7.625000E-3	3.172278E-3
7.630000E-3	4.167557E-3
7.635000E-3	5.075097E-3
7.640000E-3	5.331457E-3
7.645000E-3	5.386293E-3
7.650000E-3	5.962074E-3
7.655000E-3	6.489873E-3
7.660000E-3	6.569386E-3
7.665000E-3	6.332219E-3
7.670000E-3	5.848289E-3
7.675000E-3	4.884541E-3
7.680000E-3	4.140139E-3
7.685000E-3	3.882408E-3
7.690000E-3	3.916681E-3
7.695000E-3	4.066110E-3
7.700000E-3	4.355371E-3
7.705000E-3	5.065501E-3
7.710000E-3	5.730391E-3
7.715000E-3	6.729782E-3
7.720000E-3	7.496119E-3
7.725000E-3	7.720947E-3
7.730000E-3	7.574260E-3
7.735000E-3	7.116377E-3
7.740000E-3	6.314397E-3
7.745000E-3	5.231380E-3
7.750000E-3	4.092157E-3
7.755000E-3	3.065348E-3
7.760000E-3	2.394974E-3
7.765000E-3	2.252400E-3
7.770000E-3	2.573192E-3
7.775000E-3	2.970755E-3
7.780000E-3	3.827572E-3
7.785000E-3	4.759789E-3
7.790000E-3	5.683780E-3
7.795000E-3	6.650269E-3
7.800000E-3	7.330239E-3
7.805000E-3	7.678449E-3
7.810000E-3	8.032143E-3
7.815000E-3	8.339226E-3
7.820000E-3	8.394063E-3
7.825000E-3	8.300841E-3
7.830000E-3	7.823765E-3
7.835000E-3	7.175326E-3
7.840000E-3	6.547451E-3
7.845000E-3	5.723536E-3
7.850000E-3	5.018890E-3
7.855000E-3	4.275858E-3
7.860000E-3	3.261387E-3
7.865000E-3	2.071440E-3
7.870000E-3	9.856820E-4
7.875000E-3	5.401373E-4
7.880000E-3	4.099011E-4
7.885000E-3	5.319118E-4
7.890000E-3	1.284540E-3
7.895000E-3	2.440214E-3
7.900000E-3	3.708303E-3
7.905000E-3	5.230010E-3
7.910000E-3	6.382942E-3
7.915000E-3	7.113636E-3
7.920000E-3	7.154763E-3
7.925000E-3	6.809294E-3
7.930000E-3	6.266415E-3
7.935000E-3	5.350649E-3
7.940000E-3	4.964054E-3
7.945000E-3	4.794061E-3
7.950000E-3	4.828334E-3
7.955000E-3	5.001068E-3
7.960000E-3	5.076468E-3
7.965000E-3	4.828334E-3
7.970000E-3	4.641891E-3
7.975000E-3	4.344404E-3
7.980000E-3	4.053771E-3
7.985000E-3	4.001677E-3
7.990000E-3	4.136026E-3
7.995000E-3	4.399240E-3
8.000000E-3	4.755676E-3
8.005000E-3	5.177915E-3
8.010000E-3	5.519271E-3
8.015000E-3	5.572736E-3
8.020000E-3	5.464435E-3
8.025000E-3	5.501449E-3
8.030000E-3	5.519271E-3
8.035000E-3	5.511045E-3
8.040000E-3	5.927801E-3
8.045000E-3	6.195128E-3
8.050000E-3	6.317139E-3
8.055000E-3	6.424069E-3
8.060000E-3	6.443262E-3
8.065000E-3	6.539226E-3
8.070000E-3	6.828487E-3
8.075000E-3	7.228792E-3
8.080000E-3	7.125974E-3
8.085000E-3	6.720185E-3
8.090000E-3	6.145775E-3
8.095000E-3	5.040824E-3
8.100000E-3	3.572583E-3
8.105000E-3	2.235949E-3
8.110000E-3	1.490176E-3
8.115000E-3	1.242042E-3
8.120000E-3	1.180351E-3
8.125000E-3	1.276314E-3
8.130000E-3	1.392841E-3
8.135000E-3	1.780808E-3
8.140000E-3	2.556741E-3
8.145000E-3	3.494442E-3
8.150000E-3	4.726887E-3
8.155000E-3	5.994976E-3
8.160000E-3	7.261693E-3
8.165000E-3	8.103430E-3
8.170000E-3	8.953393E-3
8.175000E-3	9.496272E-3
8.180000E-3	9.551108E-3
8.185000E-3	9.315312E-3
8.190000E-3	8.865654E-3
8.195000E-3	8.439302E-3
8.200000E-3	7.298708E-3
8.205000E-3	6.070375E-3
8.210000E-3	4.942119E-3
8.215000E-3	3.709674E-3
8.220000E-3	2.538919E-3
8.225000E-3	1.564205E-3
8.230000E-3	1.121402E-3
8.235000E-3	1.165271E-3
8.240000E-3	1.454532E-3
8.245000E-3	2.115309E-3
8.250000E-3	2.585530E-3
8.255000E-3	3.361464E-3
8.260000E-3	4.146993E-3
8.265000E-3	4.629552E-3
8.270000E-3	5.154610E-3
8.275000E-3	5.398631E-3
8.280000E-3	5.557656E-3
8.285000E-3	5.480886E-3
8.290000E-3	5.687892E-3
8.295000E-3	5.800307E-3
8.300000E-3	5.531609E-3
8.305000E-3	5.369842E-3
8.310000E-3	5.364358E-3
8.315000E-3	5.280733E-3
8.320000E-3	5.025744E-3
8.325000E-3	4.806399E-3
8.330000E-3	4.550040E-3
8.335000E-3	4.429400E-3
8.340000E-3	4.079819E-3
8.345000E-3	4.012644E-3
8.350000E-3	3.827572E-3
8.355000E-3	3.649354E-3
8.360000E-3	3.177762E-3
8.365000E-3	2.721250E-3
8.370000E-3	2.697945E-3
8.375000E-3	2.782941E-3
8.380000E-3	2.943337E-3
8.385000E-3	3.472507E-3
8.390000E-3	4.020870E-3
8.395000E-3	4.359484E-3
8.400000E-3	4.947603E-3
8.405000E-3	5.378067E-3
8.410000E-3	5.771518E-3
8.415000E-3	6.404877E-3
8.420000E-3	6.838083E-3
8.425000E-3	7.034123E-3
8.430000E-3	6.898403E-3
8.435000E-3	6.895661E-3
8.440000E-3	6.398022E-3
8.445000E-3	5.814016E-3
8.450000E-3	5.384922E-3
8.455000E-3	5.317748E-3
8.460000E-3	5.225897E-3
8.465000E-3	5.401373E-3
8.470000E-3	5.937397E-3
8.475000E-3	6.322622E-3
8.480000E-3	6.635189E-3
8.485000E-3	6.655753E-3
8.490000E-3	6.336331E-3
8.495000E-3	5.426049E-3
8.500000E-3	4.322469E-3
8.505000E-3	3.364205E-3
8.510000E-3	2.744555E-3
8.515000E-3	2.682865E-3
8.520000E-3	2.740443E-3
8.525000E-3	3.014624E-3
8.530000E-3	3.606856E-3
8.535000E-3	3.986597E-3
8.540000E-3	4.249811E-3
8.545000E-3	4.519880E-3
8.550000E-3	4.633665E-3
8.555000E-3	4.759789E-3
8.560000E-3	4.724145E-3
8.565000E-3	4.245698E-3
8.570000E-3	3.823459E-3
8.575000E-3	3.712416E-3
8.580000E-3	3.697336E-3
8.585000E-3	3.930390E-3
8.590000E-3	4.281342E-3
8.595000E-3	5.114853E-3
8.600000E-3	5.748212E-3
8.605000E-3	6.574869E-3
8.610000E-3	7.339835E-3
8.615000E-3	7.708609E-3
8.620000E-3	7.874489E-3
8.625000E-3	7.892311E-3
8.630000E-3	7.631838E-3
8.635000E-3	6.801069E-3
8.640000E-3	5.988121E-3
8.645000E-3	4.906476E-3
8.650000E-3	3.797412E-3
8.655000E-3	2.674639E-3
8.660000E-3	1.876771E-3
8.665000E-3	9.349585E-4
8.670000E-3	6.744862E-4
8.675000E-3	1.148820E-3
8.680000E-3	1.364052E-3
8.685000E-3	1.669765E-3
8.690000E-3	2.330542E-3
8.695000E-3	3.144860E-3
8.700000E-3	4.222393E-3
8.705000E-3	5.534351E-3
8.710000E-3	7.099926E-3
8.715000E-3	8.473575E-3
8.720000E-3	9.740293E-3
8.725000E-3	1.010907E-2
8.730000E-3	1.009262E-2
8.735000E-3	9.461999E-3
8.740000E-3	8.462608E-3
8.745000E-3	7.245243E-3
8.750000E-3	6.112874E-3
8.755000E-3	4.933894E-3
8.760000E-3	3.805637E-3
8.765000E-3	3.088653E-3
8.770000E-3	2.595127E-3
8.775000E-3	2.259254E-3
8.780000E-3	1.820564E-3
8.785000E-3	1.625896E-3
8.790000E-3	1.654685E-3
8.795000E-3	1.985073E-3
8.800000E-3	2.458036E-3
8.805000E-3	2.821326E-3
8.810000E-3	3.003657E-3
8.815000E-3	3.454685E-3
8.820000E-3	3.894746E-3
8.825000E-3	4.273117E-3
8.830000E-3	4.769385E-3
8.835000E-3	5.442500E-3
8.840000E-3	6.133437E-3
8.845000E-3	6.773651E-3
8.850000E-3	7.228792E-3
8.855000E-3	7.592082E-3
8.860000E-3	7.738769E-3
8.865000E-3	7.693529E-3
8.870000E-3	7.693529E-3
8.875000E-3	7.367253E-3
8.880000E-3	7.034123E-3
8.885000E-3	6.448746E-3
8.890000E-3	5.720794E-3
8.895000E-3	4.976392E-3
8.900000E-3	4.295051E-3
8.905000E-3	3.438234E-3
8.910000E-3	2.723992E-3
8.915000E-3	2.363443E-3
8.920000E-3	2.135873E-3
8.925000E-3	2.327800E-3
8.930000E-3	2.619803E-3
8.935000E-3	3.273726E-3
8.940000E-3	3.912568E-3
8.945000E-3	4.417062E-3
8.950000E-3	5.035341E-3
8.955000E-3	5.831838E-3
8.960000E-3	6.725669E-3
8.965000E-3	7.445395E-3
8.970000E-3	8.325517E-3
8.975000E-3	8.539379E-3
8.980000E-3	8.650422E-3
8.985000E-3	8.451641E-3
8.990000E-3	7.763445E-3
8.995000E-3	7.104039E-3
9.000000E-3	6.293833E-3
9.005000E-3	5.371213E-3
9.010000E-3	4.467785E-3
9.015000E-3	3.510892E-3
9.020000E-3	2.782941E-3
9.025000E-3	2.311349E-3
9.030000E-3	1.994669E-3
9.035000E-3	1.747906E-3
9.040000E-3	1.909673E-3
9.045000E-3	2.456665E-3
9.050000E-3	2.885759E-3
9.055000E-3	3.684998E-3
9.060000E-3	4.471898E-3
9.065000E-3	4.858494E-3
9.070000E-3	4.905105E-3
9.075000E-3	4.858494E-3
9.080000E-3	4.680276E-3
9.085000E-3	4.470527E-3
9.090000E-3	4.214168E-3
9.095000E-3	3.987968E-3
9.100000E-3	3.933132E-3
9.105000E-3	3.826201E-3
9.110000E-3	3.908455E-3
9.115000E-3	4.023612E-3
9.120000E-3	4.049659E-3
9.125000E-3	4.177153E-3
9.130000E-3	4.275858E-3
9.135000E-3	4.515767E-3
9.140000E-3	4.979134E-3
9.145000E-3	5.208075E-3
9.150000E-3	5.653620E-3
9.155000E-3	5.973041E-3
9.160000E-3	6.425440E-3
9.165000E-3	6.791472E-3
9.170000E-3	6.902516E-3
9.175000E-3	6.755829E-3
9.180000E-3	6.502211E-3
9.185000E-3	5.871594E-3
9.190000E-3	5.519271E-3
9.195000E-3	5.191624E-3
9.200000E-3	4.802287E-3
9.205000E-3	4.624069E-3
9.210000E-3	4.441738E-3
9.215000E-3	4.343033E-3
9.220000E-3	4.504800E-3
9.225000E-3	4.486978E-3
9.230000E-3	4.563749E-3
9.235000E-3	4.484236E-3
9.240000E-3	4.456818E-3
9.245000E-3	4.683018E-3
9.250000E-3	5.203962E-3
9.255000E-3	5.498707E-3
9.260000E-3	5.953848E-3
9.265000E-3	6.511807E-3
9.270000E-3	6.892920E-3
9.275000E-3	7.073879E-3
9.280000E-3	6.951869E-3
9.285000E-3	6.606400E-3
9.290000E-3	6.031990E-3
9.295000E-3	5.346537E-3
9.300000E-3	4.692614E-3
9.305000E-3	4.462302E-3
9.310000E-3	4.111350E-3
9.315000E-3	4.027724E-3
9.320000E-3	4.203200E-3
9.325000E-3	4.114091E-3
9.330000E-3	4.226506E-3
9.335000E-3	4.523993E-3
9.340000E-3	4.513025E-3
9.345000E-3	4.740596E-3
9.350000E-3	4.541814E-3
9.355000E-3	4.262149E-3
9.360000E-3	4.167557E-3
9.365000E-3	4.175782E-3
9.370000E-3	3.944099E-3
9.375000E-3	3.693223E-3
9.380000E-3	3.719270E-3
9.385000E-3	3.593147E-3
9.390000E-3	3.498554E-3
9.395000E-3	3.523231E-3
9.400000E-3	3.767252E-3
9.405000E-3	4.321098E-3
9.410000E-3	4.898250E-3
9.415000E-3	5.312264E-3
9.420000E-3	5.852401E-3
9.425000E-3	5.999088E-3
9.430000E-3	5.907238E-3
9.435000E-3	5.538464E-3
9.440000E-3	5.070984E-3
9.445000E-3	4.641891E-3
9.450000E-3	4.533589E-3
9.455000E-3	4.544556E-3
9.460000E-3	4.829705E-3
9.465000E-3	5.164206E-3
9.470000E-3	5.497336E-3
9.475000E-3	5.872965E-3
9.480000E-3	6.248593E-3
9.485000E-3	6.465197E-3
9.490000E-3	6.458342E-3
9.495000E-3	6.119728E-3
9.500000E-3	5.940139E-3
9.505000E-3	5.646765E-3
9.510000E-3	5.486369E-3
9.515000E-3	5.447984E-3
9.520000E-3	5.313635E-3
9.525000E-3	5.216300E-3
9.530000E-3	5.018890E-3
9.535000E-3	4.955828E-3
9.540000E-3	4.955828E-3
9.545000E-3	4.944861E-3
9.550000E-3	4.625440E-3
9.555000E-3	4.595280E-3
9.560000E-3	4.987359E-3
9.565000E-3	5.361617E-3
9.570000E-3	5.667329E-3
9.575000E-3	5.970299E-3
9.580000E-3	6.081343E-3
9.585000E-3	5.704343E-3
9.590000E-3	5.035341E-3
9.595000E-3	4.258037E-3
9.600000E-3	3.583550E-3
9.605000E-3	3.244936E-3
9.610000E-3	3.307998E-3
9.615000E-3	3.303885E-3
9.620000E-3	3.553391E-3
9.625000E-3	3.731608E-3
9.630000E-3	4.077077E-3
9.635000E-3	4.156590E-3
9.640000E-3	4.336178E-3
9.645000E-3	4.467785E-3
9.650000E-3	4.539073E-3
9.655000E-3	4.750192E-3
9.660000E-3	5.168319E-3
9.665000E-3	5.245090E-3
9.670000E-3	5.454838E-3
9.675000E-3	5.471289E-3
9.680000E-3	5.583704E-3
9.685000E-3	5.427420E-3
9.690000E-3	5.505562E-3
9.695000E-3	5.395889E-3
9.700000E-3	5.313635E-3
9.705000E-3	5.321860E-3
9.710000E-3	5.439758E-3
9.715000E-3	5.752325E-3
9.720000E-3	5.946994E-3
9.725000E-3	6.104648E-3
9.730000E-3	6.141663E-3
9.735000E-3	6.303430E-3
9.740000E-3	6.243110E-3
9.745000E-3	6.214321E-3
9.750000E-3	6.070375E-3
9.755000E-3	5.842805E-3
9.760000E-3	5.387664E-3
9.765000E-3	4.869461E-3
9.770000E-3	4.316986E-3
9.775000E-3	4.120946E-3
9.780000E-3	4.008532E-3
9.785000E-3	4.192233E-3
9.790000E-3	4.319727E-3
9.795000E-3	4.704952E-3
9.800000E-3	5.042195E-3
9.805000E-3	5.550802E-3
9.810000E-3	6.073117E-3
9.815000E-3	6.690025E-3
9.820000E-3	7.032752E-3
9.825000E-3	7.028639E-3
9.830000E-3	7.034123E-3
9.835000E-3	6.672204E-3
9.840000E-3	6.241739E-3
9.845000E-3	5.552173E-3
9.850000E-3	4.639149E-3
9.855000E-3	3.657579E-3
9.860000E-3	2.939224E-3
9.865000E-3	2.248287E-3
9.870000E-3	1.810968E-3
9.875000E-3	1.727343E-3
9.880000E-3	1.664281E-3
9.885000E-3	1.920640E-3
9.890000E-3	2.559483E-3
9.895000E-3	3.442347E-3
9.900000E-3	4.316986E-3
9.905000E-3	5.039454E-3
9.910000E-3	5.768776E-3
9.915000E-3	6.210208E-3
9.920000E-3	6.625593E-3
9.925000E-3	6.750345E-3
9.930000E-3	6.714702E-3
9.935000E-3	6.599545E-3
9.940000E-3	6.455600E-3
9.945000E-3	6.156743E-3
9.950000E-3	6.101906E-3
9.955000E-3	6.115615E-3
9.960000E-3	6.175935E-3
9.965000E-3	6.119728E-3
9.970000E-3	6.058037E-3
9.975000E-3	5.934656E-3
9.980000E-3	5.575478E-3
9.985000E-3	5.328715E-3
9.990000E-3	5.088806E-3
9.995000E-3	4.870832E-3
