0.000000E+0	1.140594E-2
5.000000E-6	1.154715E-2
1.000000E-5	1.145941E-2
1.500000E-5	1.150465E-2
2.000000E-5	1.141554E-2
2.500000E-5	1.139224E-2
3.000000E-5	1.138949E-2
3.500000E-5	1.140046E-2
4.000000E-5	1.144707E-2
4.500000E-5	1.148546E-2
5.000000E-5	1.151425E-2
5.500000E-5	1.139086E-2
6.000000E-5	1.140594E-2
6.500000E-5	1.143748E-2
7.000000E-5	1.147860E-2
7.500000E-5	1.154715E-2
8.000000E-5	1.131821E-2
8.500000E-5	1.144981E-2
9.000000E-5	1.156497E-2
9.500000E-5	1.163077E-2
1.000000E-4	1.147038E-2
1.050000E-4	1.143885E-2
1.100000E-4	1.142925E-2
1.150000E-4	1.148134E-2
1.200000E-4	1.142377E-2
1.250000E-4	1.143473E-2
1.300000E-4	1.143336E-2
1.350000E-4	1.153618E-2
1.400000E-4	1.155674E-2
1.450000E-4	1.143199E-2
1.500000E-4	1.149642E-2
1.550000E-4	1.160473E-2
1.600000E-4	1.158416E-2
1.650000E-4	1.153481E-2
1.700000E-4	1.153070E-2
1.750000E-4	1.137853E-2
1.800000E-4	1.146489E-2
1.850000E-4	1.146764E-2
1.900000E-4	1.149505E-2
1.950000E-4	1.135933E-2
2.000000E-4	1.145804E-2
2.050000E-4	1.154715E-2
2.100000E-4	1.143336E-2
2.150000E-4	1.153070E-2
2.200000E-4	1.151150E-2
2.250000E-4	1.149231E-2
2.300000E-4	1.158828E-2
2.350000E-4	1.148546E-2
2.400000E-4	1.147586E-2
2.450000E-4	1.141691E-2
2.500000E-4	1.148683E-2
2.550000E-4	1.153755E-2
2.600000E-4	1.153344E-2
2.650000E-4	1.161569E-2
2.700000E-4	1.156908E-2
2.750000E-4	1.143885E-2
2.800000E-4	1.143336E-2
2.850000E-4	1.155537E-2
2.900000E-4	1.149231E-2
2.950000E-4	1.135933E-2
3.000000E-4	1.145118E-2
3.050000E-4	1.150876E-2
3.100000E-4	1.158965E-2
3.150000E-4	1.147723E-2
3.200000E-4	1.153618E-2
3.250000E-4	1.140869E-2
3.300000E-4	1.135659E-2
3.350000E-4	1.142240E-2
3.400000E-4	1.147449E-2
3.450000E-4	1.149231E-2
3.500000E-4	1.144433E-2
3.550000E-4	1.141417E-2
3.600000E-4	1.151150E-2
3.650000E-4	1.152384E-2
3.700000E-4	1.151150E-2
3.750000E-4	1.149505E-2
3.800000E-4	1.151288E-2
3.850000E-4	1.140732E-2
3.900000E-4	1.139909E-2
3.950000E-4	1.142788E-2
4.000000E-4	1.147175E-2
4.050000E-4	1.147860E-2
4.100000E-4	1.146215E-2
4.150000E-4	1.143748E-2
4.200000E-4	1.154578E-2
4.250000E-4	1.151699E-2
4.300000E-4	1.149368E-2
4.350000E-4	1.141143E-2
4.400000E-4	1.153755E-2
4.450000E-4	1.151425E-2
4.500000E-4	1.154578E-2
4.550000E-4	1.156634E-2
4.600000E-4	1.153892E-2
4.650000E-4	1.153344E-2
4.700000E-4	1.148134E-2
4.750000E-4	1.143473E-2
4.800000E-4	1.144570E-2
4.850000E-4	1.151013E-2
4.900000E-4	1.144433E-2
4.950000E-4	1.152796E-2
5.000000E-4	1.130038E-2
5.050000E-4	1.148409E-2
5.100000E-4	1.138401E-2
5.150000E-4	1.139635E-2
5.200000E-4	1.145118E-2
5.250000E-4	1.154166E-2
5.300000E-4	1.150876E-2
5.350000E-4	1.162118E-2
5.400000E-4	1.163763E-2
5.450000E-4	1.156771E-2
5.500000E-4	1.144159E-2
5.550000E-4	1.152933E-2
5.600000E-4	1.152521E-2
5.650000E-4	1.138264E-2
5.700000E-4	1.137441E-2
5.750000E-4	1.140457E-2
5.800000E-4	1.149094E-2
5.850000E-4	1.141691E-2
5.900000E-4	1.145804E-2
5.950000E-4	1.144433E-2
6.000000E-4	1.162392E-2
6.050000E-4	1.155400E-2
6.100000E-4	1.151836E-2
6.150000E-4	1.157731E-2
6.200000E-4	1.161295E-2
6.250000E-4	1.149368E-2
6.300000E-4	1.152796E-2
6.350000E-4	1.150602E-2
6.400000E-4	1.153344E-2
6.450000E-4	1.158828E-2
6.500000E-4	1.151562E-2
6.550000E-4	1.147175E-2
6.600000E-4	1.134288E-2
6.650000E-4	1.141143E-2
6.700000E-4	1.153618E-2
6.750000E-4	1.152521E-2
6.800000E-4	1.148134E-2
6.850000E-4	1.160473E-2
6.900000E-4	1.157457E-2
6.950000E-4	1.156634E-2
7.000000E-4	1.145530E-2
7.050000E-4	1.155537E-2
7.100000E-4	1.158690E-2
7.150000E-4	1.160061E-2
7.200000E-4	1.152796E-2
7.250000E-4	1.150739E-2
7.300000E-4	1.157731E-2
7.350000E-4	1.158965E-2
7.400000E-4	1.134014E-2
7.450000E-4	1.135933E-2
7.500000E-4	1.141417E-2
7.550000E-4	1.137578E-2
7.600000E-4	1.139086E-2
7.650000E-4	1.146078E-2
7.700000E-4	1.150602E-2
7.750000E-4	1.157182E-2
7.800000E-4	1.144981E-2
7.850000E-4	1.137441E-2
7.900000E-4	1.131958E-2
7.950000E-4	1.146215E-2
8.000000E-4	1.138949E-2
8.050000E-4	1.141554E-2
8.100000E-4	1.150602E-2
8.150000E-4	1.152933E-2
8.200000E-4	1.161569E-2
8.250000E-4	1.141006E-2
8.300000E-4	1.148820E-2
8.350000E-4	1.139772E-2
8.400000E-4	1.147038E-2
8.450000E-4	1.156497E-2
8.500000E-4	1.151150E-2
8.550000E-4	1.149231E-2
8.600000E-4	1.164174E-2
8.650000E-4	1.144844E-2
8.700000E-4	1.135796E-2
8.750000E-4	1.143885E-2
8.800000E-4	1.154852E-2
8.850000E-4	1.151699E-2
8.900000E-4	1.143610E-2
8.950000E-4	1.138812E-2
9.000000E-4	1.143885E-2
9.050000E-4	1.151836E-2
9.100000E-4	1.153070E-2
9.150000E-4	1.141143E-2
9.200000E-4	1.147860E-2
9.250000E-4	1.152110E-2
9.300000E-4	1.142514E-2
9.350000E-4	1.150328E-2
9.400000E-4	1.140594E-2
9.450000E-4	1.145941E-2
9.500000E-4	1.141554E-2
9.550000E-4	1.151699E-2
9.600000E-4	1.169246E-2
9.650000E-4	1.156360E-2
9.700000E-4	1.156497E-2
9.750000E-4	1.152796E-2
9.800000E-4	1.146489E-2
9.850000E-4	1.154989E-2
9.900000E-4	1.161844E-2
9.950000E-4	1.155537E-2
1.000000E-3	1.143748E-2
1.005000E-3	1.143199E-2
1.010000E-3	1.151013E-2
1.015000E-3	1.144022E-2
1.020000E-3	1.144844E-2
1.025000E-3	1.160747E-2
1.030000E-3	1.157182E-2
1.035000E-3	1.149094E-2
1.040000E-3	1.148957E-2
1.045000E-3	1.154029E-2
1.050000E-3	1.151973E-2
1.055000E-3	1.150328E-2
1.060000E-3	1.150191E-2
1.065000E-3	1.147449E-2
1.070000E-3	1.147312E-2
1.075000E-3	1.151699E-2
1.080000E-3	1.148957E-2
1.085000E-3	1.147312E-2
1.090000E-3	1.156086E-2
1.095000E-3	1.157182E-2
1.100000E-3	1.157457E-2
1.105000E-3	1.144022E-2
1.110000E-3	1.149368E-2
1.115000E-3	1.141143E-2
1.120000E-3	1.149231E-2
1.125000E-3	1.147175E-2
1.130000E-3	1.144296E-2
1.135000E-3	1.146078E-2
1.140000E-3	1.144159E-2
1.145000E-3	1.142377E-2
1.150000E-3	1.148134E-2
1.155000E-3	1.145804E-2
1.160000E-3	1.150602E-2
1.165000E-3	1.148134E-2
1.170000E-3	1.156223E-2
1.175000E-3	1.151425E-2
1.180000E-3	1.155674E-2
1.185000E-3	1.153892E-2
1.190000E-3	1.152796E-2
1.195000E-3	1.142788E-2
1.200000E-3	1.153070E-2
1.205000E-3	1.153892E-2
1.210000E-3	1.142240E-2
1.215000E-3	1.151562E-2
1.220000E-3	1.146489E-2
1.225000E-3	1.150465E-2
1.230000E-3	1.145393E-2
1.235000E-3	1.140320E-2
1.240000E-3	1.143336E-2
1.245000E-3	1.151973E-2
1.250000E-3	1.153892E-2
1.255000E-3	1.141554E-2
1.260000E-3	1.132232E-2
1.265000E-3	1.148409E-2
1.270000E-3	1.151425E-2
1.275000E-3	1.149642E-2
1.280000E-3	1.149368E-2
1.285000E-3	1.162803E-2
1.290000E-3	1.157731E-2
1.295000E-3	1.152796E-2
1.300000E-3	1.147312E-2
1.305000E-3	1.158416E-2
1.310000E-3	1.151562E-2
1.315000E-3	1.156360E-2
1.320000E-3	1.157182E-2
1.325000E-3	1.150191E-2
1.330000E-3	1.151699E-2
1.335000E-3	1.146626E-2
1.340000E-3	1.144981E-2
1.345000E-3	1.151013E-2
1.350000E-3	1.145530E-2
1.355000E-3	1.157868E-2
1.360000E-3	1.138949E-2
1.365000E-3	1.147175E-2
1.370000E-3	1.156771E-2
1.375000E-3	1.139361E-2
1.380000E-3	1.147860E-2
1.385000E-3	1.160747E-2
1.390000E-3	1.154989E-2
1.395000E-3	1.137304E-2
1.400000E-3	1.143885E-2
1.405000E-3	1.133877E-2
1.410000E-3	1.137167E-2
1.415000E-3	1.141006E-2
1.420000E-3	1.144433E-2
1.425000E-3	1.141143E-2
1.430000E-3	1.148134E-2
1.435000E-3	1.147175E-2
1.440000E-3	1.140457E-2
1.445000E-3	1.146078E-2
1.450000E-3	1.144844E-2
1.455000E-3	1.149917E-2
1.460000E-3	1.151013E-2
1.465000E-3	1.159239E-2
1.470000E-3	1.161432E-2
1.475000E-3	1.164860E-2
1.480000E-3	1.148546E-2
1.485000E-3	1.151013E-2
1.490000E-3	1.142102E-2
1.495000E-3	1.154989E-2
1.500000E-3	1.159102E-2
1.505000E-3	1.151150E-2
1.510000E-3	1.153344E-2
1.515000E-3	1.156908E-2
1.520000E-3	1.145530E-2
1.525000E-3	1.154441E-2
1.530000E-3	1.158553E-2
1.535000E-3	1.164174E-2
1.540000E-3	1.161844E-2
1.545000E-3	1.168287E-2
1.550000E-3	1.144159E-2
1.555000E-3	1.141828E-2
1.560000E-3	1.151150E-2
1.565000E-3	1.149917E-2
1.570000E-3	1.152521E-2
1.575000E-3	1.163352E-2
1.580000E-3	1.166642E-2
1.585000E-3	1.153344E-2
1.590000E-3	1.151973E-2
1.595000E-3	1.148683E-2
1.600000E-3	1.151836E-2
1.605000E-3	1.153892E-2
1.610000E-3	1.159924E-2
1.615000E-3	1.154989E-2
1.620000E-3	1.150602E-2
1.625000E-3	1.150602E-2
1.630000E-3	1.156086E-2
1.635000E-3	1.153481E-2
1.640000E-3	1.142651E-2
1.645000E-3	1.149368E-2
1.650000E-3	1.166642E-2
1.655000E-3	1.158690E-2
1.660000E-3	1.153207E-2
1.665000E-3	1.160884E-2
1.670000E-3	1.154441E-2
1.675000E-3	1.147175E-2
1.680000E-3	1.160884E-2
1.685000E-3	1.157320E-2
1.690000E-3	1.164448E-2
1.695000E-3	1.155949E-2
1.700000E-3	1.164585E-2
1.705000E-3	1.142514E-2
1.710000E-3	1.152658E-2
1.715000E-3	1.151562E-2
1.720000E-3	1.153070E-2
1.725000E-3	1.151836E-2
1.730000E-3	1.146215E-2
1.735000E-3	1.156086E-2
1.740000E-3	1.155812E-2
1.745000E-3	1.152933E-2
1.750000E-3	1.153481E-2
1.755000E-3	1.160884E-2
1.760000E-3	1.166916E-2
1.765000E-3	1.158279E-2
1.770000E-3	1.145256E-2
1.775000E-3	1.153481E-2
1.780000E-3	1.155674E-2
1.785000E-3	1.152521E-2
1.790000E-3	1.145118E-2
1.795000E-3	1.147312E-2
1.800000E-3	1.164585E-2
1.805000E-3	1.159376E-2
1.810000E-3	1.155263E-2
1.815000E-3	1.141143E-2
1.820000E-3	1.138812E-2
1.825000E-3	1.157320E-2
1.830000E-3	1.151150E-2
1.835000E-3	1.148546E-2
1.840000E-3	1.148957E-2
1.845000E-3	1.155400E-2
1.850000E-3	1.155126E-2
1.855000E-3	1.141828E-2
1.860000E-3	1.139361E-2
1.865000E-3	1.150328E-2
1.870000E-3	1.158416E-2
1.875000E-3	1.150465E-2
1.880000E-3	1.153070E-2
1.885000E-3	1.152796E-2
1.890000E-3	1.137990E-2
1.895000E-3	1.141143E-2
1.900000E-3	1.142377E-2
1.905000E-3	1.153755E-2
1.910000E-3	1.148134E-2
1.915000E-3	1.147586E-2
1.920000E-3	1.151699E-2
1.925000E-3	1.140732E-2
1.930000E-3	1.146901E-2
1.935000E-3	1.145256E-2
1.940000E-3	1.154989E-2
1.945000E-3	1.156634E-2
1.950000E-3	1.148134E-2
1.955000E-3	1.137990E-2
1.960000E-3	1.148272E-2
1.965000E-3	1.144159E-2
1.970000E-3	1.148683E-2
1.975000E-3	1.164311E-2
1.980000E-3	1.150739E-2
1.985000E-3	1.153892E-2
1.990000E-3	1.153481E-2
1.995000E-3	1.157045E-2
2.000000E-3	1.160198E-2
2.005000E-3	1.153618E-2
2.010000E-3	1.153481E-2
2.015000E-3	1.146078E-2
2.020000E-3	1.141006E-2
2.025000E-3	1.138812E-2
2.030000E-3	1.151425E-2
2.035000E-3	1.147312E-2
2.040000E-3	1.142377E-2
2.045000E-3	1.158828E-2
2.050000E-3	1.145393E-2
2.055000E-3	1.145667E-2
2.060000E-3	1.139361E-2
2.065000E-3	1.154166E-2
2.070000E-3	1.152796E-2
2.075000E-3	1.150191E-2
2.080000E-3	1.140320E-2
2.085000E-3	1.141006E-2
2.090000E-3	1.146626E-2
2.095000E-3	1.148957E-2
2.100000E-3	1.155126E-2
2.105000E-3	1.153207E-2
2.110000E-3	1.149642E-2
2.115000E-3	1.159376E-2
2.120000E-3	1.164037E-2
2.125000E-3	1.152933E-2
2.130000E-3	1.154852E-2
2.135000E-3	1.152384E-2
2.140000E-3	1.153070E-2
2.145000E-3	1.148957E-2
2.150000E-3	1.147449E-2
2.155000E-3	1.152521E-2
2.160000E-3	1.155537E-2
2.165000E-3	1.154989E-2
2.170000E-3	1.160061E-2
2.175000E-3	1.149780E-2
2.180000E-3	1.150876E-2
2.185000E-3	1.152796E-2
2.190000E-3	1.142377E-2
2.195000E-3	1.150465E-2
2.200000E-3	1.152110E-2
2.205000E-3	1.158690E-2
2.210000E-3	1.164585E-2
2.215000E-3	1.159102E-2
2.220000E-3	1.150191E-2
2.225000E-3	1.150739E-2
2.230000E-3	1.160610E-2
2.235000E-3	1.158005E-2
2.240000E-3	1.151562E-2
2.245000E-3	1.154441E-2
2.250000E-3	1.150054E-2
2.255000E-3	1.156634E-2
2.260000E-3	1.137990E-2
2.265000E-3	1.154715E-2
2.270000E-3	1.147449E-2
2.275000E-3	1.159513E-2
2.280000E-3	1.160061E-2
2.285000E-3	1.145667E-2
2.290000E-3	1.148683E-2
2.295000E-3	1.156360E-2
2.300000E-3	1.150602E-2
2.305000E-3	1.155400E-2
2.310000E-3	1.159787E-2
2.315000E-3	1.151013E-2
2.320000E-3	1.149094E-2
2.325000E-3	1.143473E-2
2.330000E-3	1.157320E-2
2.335000E-3	1.160198E-2
2.340000E-3	1.159650E-2
2.345000E-3	1.163489E-2
2.350000E-3	1.156360E-2
2.355000E-3	1.161295E-2
2.360000E-3	1.161158E-2
2.365000E-3	1.158828E-2
2.370000E-3	1.158965E-2
2.375000E-3	1.169246E-2
2.380000E-3	1.147449E-2
2.385000E-3	1.147860E-2
2.390000E-3	1.147449E-2
2.395000E-3	1.161432E-2
2.400000E-3	1.155537E-2
2.405000E-3	1.169521E-2
2.410000E-3	1.140869E-2
2.415000E-3	1.155537E-2
2.420000E-3	1.140183E-2
2.425000E-3	1.176786E-2
2.430000E-3	1.141965E-2
2.435000E-3	1.182544E-2
2.440000E-3	1.126885E-2
2.445000E-3	1.182681E-2
2.450000E-3	1.113039E-2
2.455000E-3	1.202834E-2
2.460000E-3	1.172811E-2
2.465000E-3	1.594090E-2
2.470000E-3	4.788578E-3
2.475000E-3	-1.373087E-1
2.480000E-3	-2.245916E-1
2.485000E-3	-8.317292E-3
2.490000E-3	-1.065578E-1
2.495000E-3	-1.186451E-1
2.500000E-3	2.532846E-1
2.505000E-3	2.256595E-1
2.510000E-3	7.093620E-2
2.515000E-3	1.100276E-1
2.520000E-3	9.684497E-2
2.525000E-3	-1.130080E-1
2.530000E-3	9.758115E-2
2.535000E-3	2.448892E-1
2.540000E-3	-1.479085E-1
2.545000E-3	3.705424E-2
2.550000E-3	2.397414E-1
2.555000E-3	-1.692796E-1
2.560000E-3	-8.322775E-2
2.565000E-3	1.402068E-1
2.570000E-3	-4.500139E-2
2.575000E-3	-9.740841E-2
2.580000E-3	8.147025E-2
2.585000E-3	-3.293467E-2
2.590000E-3	-1.377967E-1
2.595000E-3	1.539734E-1
2.600000E-3	9.700537E-3
2.605000E-3	-1.383012E-1
2.610000E-3	1.435477E-1
2.615000E-3	-2.831882E-2
2.620000E-3	-1.123403E-1
2.625000E-3	1.645294E-1
2.630000E-3	5.205333E-2
2.635000E-3	-8.095205E-2
2.640000E-3	1.157292E-1
2.645000E-3	7.899988E-2
2.650000E-3	-1.337251E-1
2.655000E-3	4.937321E-2
2.660000E-3	7.947010E-2
2.665000E-3	-1.501116E-1
2.670000E-3	6.299865E-2
2.675000E-3	8.539653E-2
2.680000E-3	-1.369824E-1
2.685000E-3	4.538113E-2
2.690000E-3	7.146263E-2
2.695000E-3	-8.422440E-2
2.700000E-3	3.210938E-2
2.705000E-3	1.001845E-1
2.710000E-3	-5.550802E-2
2.715000E-3	-3.101403E-2
2.720000E-3	9.678465E-2
2.725000E-3	-4.492325E-2
2.730000E-3	-2.757716E-2
2.735000E-3	1.068471E-1
2.740000E-3	-2.001524E-2
2.745000E-3	7.954001E-3
2.750000E-3	1.155825E-1
2.755000E-3	-3.605896E-2
2.760000E-3	-3.400397E-2
2.765000E-3	5.928624E-2
2.770000E-3	-3.766292E-2
2.775000E-3	-6.005120E-2
2.780000E-3	7.260460E-2
2.785000E-3	1.777792E-2
2.790000E-3	-4.994351E-2
2.795000E-3	1.097041E-1
2.800000E-3	5.187649E-2
2.805000E-3	-8.562821E-2
2.810000E-3	6.256407E-2
2.815000E-3	5.572051E-2
2.820000E-3	-8.479607E-2
2.825000E-3	3.040808E-2
2.830000E-3	9.657490E-2
2.835000E-3	-6.691533E-2
2.840000E-3	-2.041692E-2
2.845000E-3	1.054159E-1
2.850000E-3	-2.317381E-2
2.855000E-3	-3.055751E-2
2.860000E-3	7.436073E-2
2.865000E-3	-2.013725E-2
2.870000E-3	-2.910709E-2
2.875000E-3	9.050041E-2
2.880000E-3	1.620549E-2
2.885000E-3	-3.073025E-2
2.890000E-3	6.850284E-2
2.895000E-3	2.217716E-2
2.900000E-3	-4.941159E-2
2.905000E-3	3.510207E-2
2.910000E-3	1.946414E-2
2.915000E-3	-5.451411E-2
2.920000E-3	1.001859E-2
2.925000E-3	3.796452E-2
2.930000E-3	-3.132522E-2
2.935000E-3	2.020305E-2
2.940000E-3	6.513041E-2
2.945000E-3	-1.249307E-2
2.950000E-3	3.905714E-3
2.955000E-3	6.550604E-2
2.960000E-3	7.926583E-3
2.965000E-3	-1.386672E-2
2.970000E-3	2.867526E-2
2.975000E-3	-1.667023E-3
2.980000E-3	-1.351029E-2
2.985000E-3	3.198737E-2
2.990000E-3	2.618432E-3
2.995000E-3	-9.212494E-4
3.000000E-3	3.677732E-2
3.005000E-3	-1.337457E-2
3.010000E-3	-2.128470E-2
3.015000E-3	3.719270E-2
3.020000E-3	-7.964969E-4
3.025000E-3	-2.699727E-2
3.030000E-3	4.462028E-2
3.035000E-3	2.802819E-2
3.040000E-3	-2.471334E-2
3.045000E-3	3.362149E-2
3.050000E-3	3.455234E-2
3.055000E-3	-2.900976E-2
3.060000E-3	3.329659E-2
3.065000E-3	5.086476E-2
3.070000E-3	-2.474487E-2
3.075000E-3	1.493603E-2
3.080000E-3	3.833604E-2
3.085000E-3	-1.920778E-2
3.090000E-3	2.010024E-2
3.095000E-3	5.133635E-2
3.100000E-3	-1.048332E-2
3.105000E-3	1.302361E-4
3.110000E-3	3.596574E-2
3.115000E-3	-9.308457E-3
3.120000E-3	4.452705E-3
3.125000E-3	4.944587E-2
3.130000E-3	-5.239606E-3
3.135000E-3	-1.098919E-2
3.140000E-3	4.271472E-2
3.145000E-3	-1.403809E-3
3.150000E-3	-1.807815E-2
3.155000E-3	5.642927E-2
3.160000E-3	3.306490E-2
3.165000E-3	-1.462895E-2
3.170000E-3	2.718234E-2
3.175000E-3	1.916802E-2
3.180000E-3	-1.675385E-2
3.185000E-3	1.972187E-2
3.190000E-3	2.955675E-2
3.195000E-3	-1.256984E-2
3.200000E-3	1.748455E-2
3.205000E-3	3.824967E-2
3.210000E-3	-1.891851E-2
3.215000E-3	2.333283E-3
3.220000E-3	4.495752E-2
3.225000E-3	-8.325517E-3
3.230000E-3	-7.456362E-3
3.235000E-3	3.842926E-2
3.240000E-3	3.753543E-3
3.245000E-3	-4.900992E-3
3.250000E-3	2.903992E-2
3.255000E-3	-1.046002E-2
3.260000E-3	-1.913100E-2
3.265000E-3	3.800291E-2
3.270000E-3	7.704496E-3
3.275000E-3	-8.048594E-3
3.280000E-3	4.468060E-2
3.285000E-3	1.526231E-2
3.290000E-3	-1.161295E-2
3.295000E-3	3.430420E-2
3.300000E-3	2.512598E-2
3.305000E-3	8.623004E-4
3.310000E-3	2.762377E-2
3.315000E-3	1.937914E-2
3.320000E-3	1.631379E-4
3.325000E-3	1.578462E-2
3.330000E-3	1.023382E-2
3.335000E-3	-9.806097E-3
3.340000E-3	1.681417E-2
3.345000E-3	2.243489E-2
3.350000E-3	3.493071E-3
3.355000E-3	2.340961E-2
3.360000E-3	2.363306E-2
3.365000E-3	-9.422243E-3
3.370000E-3	2.272964E-3
3.375000E-3	1.432186E-2
3.380000E-3	-1.010770E-2
3.385000E-3	1.152933E-3
3.390000E-3	2.618706E-2
3.395000E-3	-3.372431E-4
3.400000E-3	1.710892E-3
3.405000E-3	3.493071E-2
3.410000E-3	1.790267E-2
3.415000E-3	1.081508E-2
3.420000E-3	3.157747E-2
3.425000E-3	1.264799E-2
3.430000E-3	-8.485913E-4
3.435000E-3	2.131760E-2
3.440000E-3	1.175278E-2
3.445000E-3	-4.466414E-3
3.450000E-3	2.146292E-2
3.455000E-3	2.165896E-2
3.460000E-3	-5.963445E-4
3.465000E-3	1.460564E-2
3.470000E-3	1.312506E-2
3.475000E-3	-9.552479E-3
3.480000E-3	1.126474E-2
3.485000E-3	2.325332E-2
3.490000E-3	1.212978E-2
3.495000E-3	2.726185E-2
3.500000E-3	3.124982E-2
3.505000E-3	3.774107E-3
3.510000E-3	3.517747E-3
3.515000E-3	1.151425E-2
3.520000E-3	-8.341968E-3
3.525000E-3	2.240062E-3
3.530000E-3	2.538097E-2
3.535000E-3	1.434243E-2
3.540000E-3	2.111608E-2
3.545000E-3	3.246582E-2
3.550000E-3	1.333892E-2
3.555000E-3	4.174411E-3
3.560000E-3	1.135248E-2
3.565000E-3	2.533436E-3
3.570000E-3	-1.499772E-3
3.575000E-3	1.103443E-2
3.580000E-3	6.292462E-3
3.585000E-3	4.685760E-3
3.590000E-3	1.842499E-2
3.595000E-3	1.299071E-2
3.600000E-3	5.253315E-3
3.605000E-3	1.513207E-2
3.610000E-3	9.361923E-3
3.615000E-3	7.183552E-4
3.620000E-3	1.341158E-2
3.625000E-3	1.504707E-2
3.630000E-3	1.048058E-2
3.635000E-3	2.208942E-2
3.640000E-3	1.997411E-2
3.645000E-3	2.648592E-3
3.650000E-3	1.068622E-2
3.655000E-3	1.501828E-2
3.660000E-3	3.117442E-3
3.665000E-3	1.456314E-2
3.670000E-3	2.056086E-2
3.675000E-3	4.051030E-3
3.680000E-3	8.939683E-3
3.685000E-3	1.461524E-2
3.690000E-3	-1.603961E-3
3.695000E-3	1.147449E-3
3.700000E-3	1.427388E-2
3.705000E-3	2.781570E-3
3.710000E-3	2.833664E-3
3.715000E-3	1.552689E-2
3.720000E-3	5.043566E-3
3.725000E-3	5.279362E-3
3.730000E-3	2.189612E-2
3.735000E-3	1.670039E-2
3.740000E-3	1.414913E-2
3.745000E-3	3.124297E-2
3.750000E-3	2.551395E-2
3.755000E-3	1.423275E-2
3.760000E-3	2.856284E-2
3.765000E-3	2.611303E-2
3.770000E-3	8.384466E-3
3.775000E-3	1.570237E-2
3.780000E-3	1.985210E-2
3.785000E-3	4.319727E-3
3.790000E-3	9.198785E-3
3.795000E-3	1.681691E-2
3.800000E-3	4.404724E-3
3.805000E-3	7.034123E-3
3.810000E-3	1.139772E-2
3.815000E-3	7.032752E-4
3.820000E-3	7.010818E-3
3.825000E-3	1.364875E-2
3.830000E-3	4.770756E-3
3.835000E-3	9.631991E-3
3.840000E-3	1.745850E-2
3.845000E-3	7.642806E-3
3.850000E-3	1.153207E-2
3.855000E-3	2.564967E-2
3.860000E-3	1.347190E-2
3.865000E-3	8.270681E-3
3.870000E-3	1.708698E-2
3.875000E-3	6.663978E-3
3.880000E-3	-3.982484E-3
3.885000E-3	8.115768E-4
3.890000E-3	-2.497792E-3
3.895000E-3	-6.355524E-3
3.900000E-3	5.430162E-3
3.905000E-3	9.416759E-3
3.910000E-3	2.708912E-3
3.915000E-3	1.098645E-2
3.920000E-3	1.742834E-2
3.925000E-3	1.157457E-2
3.930000E-3	2.072263E-2
3.935000E-3	2.863961E-2
3.940000E-3	2.126825E-2
3.945000E-3	2.178097E-2
3.950000E-3	2.510953E-2
3.955000E-3	1.424372E-2
3.960000E-3	7.651031E-3
3.965000E-3	1.395583E-2
3.970000E-3	9.998024E-3
3.975000E-3	6.917596E-3
3.980000E-3	1.697868E-2
3.985000E-3	1.814121E-2
3.990000E-3	1.512522E-2
3.995000E-3	1.723230E-2
4.000000E-3	1.254517E-2
4.005000E-3	5.793452E-3
4.010000E-3	7.578373E-3
4.015000E-3	7.825136E-3
4.020000E-3	5.996346E-3
4.025000E-3	1.197076E-2
4.030000E-3	1.231349E-2
4.035000E-3	7.804573E-3
4.040000E-3	1.283717E-2
4.045000E-3	1.244920E-2
4.050000E-3	3.440976E-3
4.055000E-3	4.666567E-3
4.060000E-3	9.337246E-3
4.065000E-3	5.168319E-3
4.070000E-3	8.321404E-3
4.075000E-3	2.066916E-2
4.080000E-3	2.107769E-2
4.085000E-3	1.826459E-2
4.090000E-3	2.245820E-2
4.095000E-3	1.802468E-2
4.100000E-3	1.010770E-2
4.105000E-3	1.231211E-2
4.110000E-3	1.268500E-2
4.115000E-3	9.256363E-3
4.120000E-3	1.383930E-2
4.125000E-3	1.715964E-2
4.130000E-3	1.187205E-2
4.135000E-3	1.034760E-2
4.140000E-3	1.026809E-2
4.145000E-3	5.564511E-3
4.150000E-3	7.297337E-3
4.155000E-3	1.080960E-2
4.160000E-3	8.521557E-3
4.165000E-3	1.244098E-2
4.170000E-3	1.794243E-2
4.175000E-3	1.525545E-2
4.180000E-3	1.560092E-2
4.185000E-3	1.793146E-2
4.190000E-3	1.035035E-2
4.195000E-3	6.330848E-3
4.200000E-3	8.898556E-3
4.205000E-3	3.916681E-3
4.210000E-3	1.218736E-3
4.215000E-3	5.903125E-3
4.220000E-3	5.687892E-3
4.225000E-3	5.519271E-3
4.230000E-3	1.078629E-2
4.235000E-3	1.134562E-2
4.240000E-3	8.025289E-3
4.245000E-3	1.062864E-2
4.250000E-3	1.160336E-2
4.255000E-3	8.810818E-3
4.260000E-3	1.183367E-2
4.265000E-3	1.493329E-2
4.270000E-3	1.222712E-2
4.275000E-3	1.304692E-2
4.280000E-3	1.588881E-2
4.285000E-3	1.405180E-2
4.290000E-3	1.359940E-2
4.295000E-3	1.406550E-2
4.300000E-3	1.114684E-2
4.305000E-3	1.059300E-2
4.310000E-3	1.383108E-2
4.315000E-3	1.393253E-2
4.320000E-3	1.326078E-2
4.325000E-3	1.713085E-2
4.330000E-3	1.918721E-2
4.335000E-3	1.792049E-2
4.340000E-3	1.867449E-2
4.345000E-3	1.916802E-2
4.350000E-3	1.588881E-2
4.355000E-3	1.299620E-2
4.360000E-3	1.200092E-2
4.365000E-3	8.370757E-3
4.370000E-3	7.704496E-3
4.375000E-3	1.259726E-2
4.380000E-3	1.223260E-2
4.385000E-3	9.756744E-3
4.390000E-3	1.167464E-2
4.395000E-3	1.072049E-2
4.400000E-3	5.123079E-3
4.405000E-3	5.683780E-3
4.410000E-3	9.360552E-3
4.415000E-3	8.618891E-3
4.420000E-3	1.029825E-2
4.425000E-3	1.318401E-2
4.430000E-3	1.102072E-2
4.435000E-3	1.144707E-2
4.440000E-3	1.450831E-2
4.445000E-3	1.328820E-2
4.450000E-3	1.243412E-2
4.455000E-3	1.361996E-2
4.460000E-3	1.194608E-2
4.465000E-3	1.028317E-2
4.470000E-3	1.254106E-2
4.475000E-3	1.191181E-2
4.480000E-3	9.052098E-3
4.485000E-3	9.771824E-3
4.490000E-3	9.571671E-3
4.495000E-3	7.875860E-3
4.500000E-3	9.922624E-3
4.505000E-3	1.158690E-2
4.510000E-3	9.856820E-3
4.515000E-3	8.946538E-3
4.520000E-3	9.948671E-3
4.525000E-3	9.087741E-3
4.530000E-3	9.390712E-3
4.535000E-3	1.101112E-2
4.540000E-3	1.189399E-2
4.545000E-3	1.378036E-2
4.550000E-3	1.322925E-2
4.555000E-3	1.113862E-2
4.560000E-3	1.277685E-2
4.565000E-3	1.292628E-2
4.570000E-3	1.003778E-2
4.575000E-3	1.173085E-2
4.580000E-3	1.466185E-2
4.585000E-3	1.081920E-2
4.590000E-3	9.420872E-3
4.595000E-3	1.457959E-2
4.600000E-3	1.473999E-2
4.605000E-3	1.335126E-2
4.610000E-3	1.635903E-2
4.615000E-3	1.598889E-2
4.620000E-3	1.381189E-2
4.625000E-3	1.493055E-2
4.630000E-3	1.345134E-2
4.635000E-3	1.002955E-2
4.640000E-3	1.057106E-2
4.645000E-3	1.047510E-2
4.650000E-3	7.886827E-3
4.655000E-3	8.679211E-3
4.660000E-3	9.041131E-3
4.665000E-3	7.660627E-3
4.670000E-3	9.034276E-3
4.675000E-3	1.045865E-2
4.680000E-3	1.099056E-2
4.685000E-3	1.428211E-2
4.690000E-3	1.716512E-2
4.695000E-3	1.653999E-2
4.700000E-3	1.682514E-2
4.705000E-3	1.735705E-2
4.710000E-3	1.411074E-2
4.715000E-3	1.190907E-2
4.720000E-3	1.338416E-2
4.725000E-3	1.123184E-2
4.730000E-3	8.625746E-3
4.735000E-3	9.945929E-3
4.740000E-3	9.290636E-3
4.745000E-3	6.092310E-3
4.750000E-3	7.855296E-3
4.755000E-3	9.403050E-3
4.760000E-3	3.743947E-3
4.765000E-3	-2.330542E-5
4.770000E-3	-4.565120E-4
4.775000E-3	-1.288104E-2
4.780000E-3	-5.633056E-3
4.785000E-3	2.344251E-3
4.790000E-3	-5.635798E-3
4.795000E-3	-1.125515E-3
4.800000E-3	5.635798E-3
4.805000E-3	1.012415E-2
4.810000E-3	4.223490E-2
4.815000E-3	4.856712E-2
4.820000E-3	2.178645E-2
4.825000E-3	2.917290E-2
4.830000E-3	2.682453E-2
4.835000E-3	1.687038E-2
4.840000E-3	1.860869E-2
4.845000E-3	2.373177E-2
4.850000E-3	1.906520E-2
4.855000E-3	1.794106E-2
4.860000E-3	1.226413E-2
4.865000E-3	1.405180E-3
4.870000E-3	1.554745E-2
4.875000E-3	1.291257E-2
4.880000E-3	5.949736E-4
4.885000E-3	7.383704E-3
4.890000E-3	9.719729E-3
4.895000E-3	2.835035E-3
4.900000E-3	6.413102E-3
4.905000E-3	5.379438E-3
4.910000E-3	3.509521E-3
4.915000E-3	1.071912E-2
4.920000E-3	1.642072E-2
4.925000E-3	1.290435E-2
4.930000E-3	1.512522E-2
4.935000E-3	1.926535E-2
4.940000E-3	1.541173E-2
4.945000E-3	1.962590E-2
4.950000E-3	1.500183E-2
4.955000E-3	5.617976E-3
4.960000E-3	1.029140E-2
4.965000E-3	9.327650E-3
4.970000E-3	5.103886E-3
4.975000E-3	8.362532E-3
4.980000E-3	9.471595E-3
4.985000E-3	9.468853E-3
4.990000E-3	1.274532E-2
4.995000E-3	1.422864E-2
5.000000E-3	1.149917E-2
5.005000E-3	1.692659E-2
5.010000E-3	1.818782E-2
5.015000E-3	9.060323E-3
5.020000E-3	9.486675E-3
5.025000E-3	8.653164E-3
5.030000E-3	8.139074E-3
5.035000E-3	1.276588E-2
5.040000E-3	1.402026E-2
5.045000E-3	1.250541E-2
5.050000E-3	1.384753E-2
5.055000E-3	1.346368E-2
5.060000E-3	7.900536E-3
5.065000E-3	6.095052E-3
5.070000E-3	7.534504E-3
5.075000E-3	5.489111E-3
5.080000E-3	9.031534E-3
5.085000E-3	1.253968E-2
5.090000E-3	1.015294E-2
5.095000E-3	1.198310E-2
5.100000E-3	1.474959E-2
5.105000E-3	9.297490E-3
5.110000E-3	5.759180E-3
5.115000E-3	7.885456E-3
5.120000E-3	7.374108E-3
5.125000E-3	9.546995E-3
5.130000E-3	1.807952E-2
5.135000E-3	1.884311E-2
5.140000E-3	1.277000E-2
5.145000E-3	1.464814E-2
5.150000E-3	1.729810E-2
5.155000E-3	1.304555E-2
5.160000E-3	1.275492E-2
5.165000E-3	1.457959E-2
5.170000E-3	1.359665E-2
5.175000E-3	1.390100E-2
5.180000E-3	1.726383E-2
5.185000E-3	1.606840E-2
5.190000E-3	1.304281E-2
5.195000E-3	1.261371E-2
5.200000E-3	9.871900E-3
5.205000E-3	7.141054E-3
5.210000E-3	9.656668E-3
5.215000E-3	1.257396E-2
5.220000E-3	1.127982E-2
5.225000E-3	1.097822E-2
5.230000E-3	1.065332E-2
5.235000E-3	1.133329E-2
5.240000E-3	1.536512E-2
5.245000E-3	1.676893E-2
5.250000E-3	1.347053E-2
5.255000E-3	1.142651E-2
5.260000E-3	8.843720E-3
5.265000E-3	4.055142E-3
5.270000E-3	4.666567E-3
5.275000E-3	6.844938E-3
5.280000E-3	3.281951E-3
5.285000E-3	4.778981E-3
5.290000E-3	1.030648E-2
5.295000E-3	1.090282E-2
5.300000E-3	1.124281E-2
5.305000E-3	1.001310E-2
5.310000E-3	7.762074E-3
5.315000E-3	9.950042E-3
5.320000E-3	1.298249E-2
5.325000E-3	1.153481E-2
5.330000E-3	1.238203E-2
5.335000E-3	1.641113E-2
5.340000E-3	1.416558E-2
5.345000E-3	1.280290E-2
5.350000E-3	1.489216E-2
5.355000E-3	1.096177E-2
5.360000E-3	7.731915E-3
5.365000E-3	1.077396E-2
5.370000E-3	1.120853E-2
5.375000E-3	9.719729E-3
5.380000E-3	1.102895E-2
5.385000E-3	1.066291E-2
5.390000E-3	7.197261E-3
5.395000E-3	9.342730E-3
5.400000E-3	1.271653E-2
5.405000E-3	1.037639E-2
5.410000E-3	1.209825E-2
5.415000E-3	1.284814E-2
5.420000E-3	8.850574E-3
5.425000E-3	1.147997E-2
5.430000E-3	1.466870E-2
5.435000E-3	1.396406E-2
5.440000E-3	1.532263E-2
5.445000E-3	1.666200E-2
5.450000E-3	1.493466E-2
5.455000E-3	1.616710E-2
5.460000E-3	1.925439E-2
5.465000E-3	1.577502E-2
5.470000E-3	1.283580E-2
5.475000E-3	1.336908E-2
5.480000E-3	1.077807E-2
5.485000E-3	1.016116E-2
5.490000E-3	1.350617E-2
5.495000E-3	1.450419E-2
5.500000E-3	1.497304E-2
5.505000E-3	1.521707E-2
5.510000E-3	1.303595E-2
5.515000E-3	1.071912E-2
5.520000E-3	1.146489E-2
5.525000E-3	1.246840E-2
5.530000E-3	1.064920E-2
5.535000E-3	1.089185E-2
5.540000E-3	1.250678E-2
5.545000E-3	1.250130E-2
5.550000E-3	1.308668E-2
5.555000E-3	1.277000E-2
5.560000E-3	9.216607E-3
5.565000E-3	6.286979E-3
5.570000E-3	5.782485E-3
5.575000E-3	5.973041E-3
5.580000E-3	7.412493E-3
5.585000E-3	1.059300E-2
5.590000E-3	1.227099E-2
5.595000E-3	1.314837E-2
5.600000E-3	1.628500E-2
5.605000E-3	1.689780E-2
5.610000E-3	1.518142E-2
5.615000E-3	1.534319E-2
5.620000E-3	1.268774E-2
5.625000E-3	6.784618E-3
5.630000E-3	4.585683E-3
5.635000E-3	4.497945E-3
5.640000E-3	4.204571E-3
5.645000E-3	7.057428E-3
5.650000E-3	9.856820E-3
5.655000E-3	9.584010E-3
5.660000E-3	1.110435E-2
5.665000E-3	1.155812E-2
5.670000E-3	8.436561E-3
5.675000E-3	7.956743E-3
5.680000E-3	1.013786E-2
5.685000E-3	1.056147E-2
5.690000E-3	1.277274E-2
5.695000E-3	1.507312E-2
5.700000E-3	1.399148E-2
5.705000E-3	1.360899E-2
5.710000E-3	1.478523E-2
5.715000E-3	1.229566E-2
5.720000E-3	9.488046E-3
5.725000E-3	1.039970E-2
5.730000E-3	9.361923E-3
5.735000E-3	8.544862E-3
5.740000E-3	1.236969E-2
5.745000E-3	1.459330E-2
5.750000E-3	1.500869E-2
5.755000E-3	1.714045E-2
5.760000E-3	1.724875E-2
5.765000E-3	1.523077E-2
5.770000E-3	1.594365E-2
5.775000E-3	1.609308E-2
5.780000E-3	1.314288E-2
5.785000E-3	1.215994E-2
5.790000E-3	1.263702E-2
5.795000E-3	1.161706E-2
5.800000E-3	1.142651E-2
5.805000E-3	1.144022E-2
5.810000E-3	9.006858E-3
5.815000E-3	8.459866E-3
5.820000E-3	9.307086E-3
5.825000E-3	8.198023E-3
5.830000E-3	9.175479E-3
5.835000E-3	1.271653E-2
5.840000E-3	1.418066E-2
5.845000E-3	1.493877E-2
5.850000E-3	1.629734E-2
5.855000E-3	1.425195E-2
5.860000E-3	1.146215E-2
5.865000E-3	1.124829E-2
5.870000E-3	9.859562E-3
5.875000E-3	9.372890E-3
5.880000E-3	1.149505E-2
5.885000E-3	1.145941E-2
5.890000E-3	1.005971E-2
5.895000E-3	1.054227E-2
5.900000E-3	9.797871E-3
5.905000E-3	8.261085E-3
5.910000E-3	8.990407E-3
5.915000E-3	9.176850E-3
5.920000E-3	8.668244E-3
5.925000E-3	1.074654E-2
5.930000E-3	1.179117E-2
5.935000E-3	1.062316E-2
5.940000E-3	1.148820E-2
5.945000E-3	1.283580E-2
5.950000E-3	1.185560E-2
5.955000E-3	1.213938E-2
5.960000E-3	1.289338E-2
5.965000E-3	1.157731E-2
5.970000E-3	1.121950E-2
5.975000E-3	1.181448E-2
5.980000E-3	1.081234E-2
5.985000E-3	1.086992E-2
5.990000E-3	1.208729E-2
5.995000E-3	1.128805E-2
6.000000E-3	1.058340E-2
6.005000E-3	1.109338E-2
6.010000E-3	1.039696E-2
6.015000E-3	1.048332E-2
6.020000E-3	1.314974E-2
6.025000E-3	1.410937E-2
6.030000E-3	1.481128E-2
6.035000E-3	1.785332E-2
6.040000E-3	1.891440E-2
6.045000E-3	1.752430E-2
6.050000E-3	1.677990E-2
6.055000E-3	1.524174E-2
6.060000E-3	1.304829E-2
6.065000E-3	1.376390E-2
6.070000E-3	1.414639E-2
6.075000E-3	1.238066E-2
6.080000E-3	1.245606E-2
6.085000E-3	1.280975E-2
6.090000E-3	1.104128E-2
6.095000E-3	1.076299E-2
6.100000E-3	1.097548E-2
6.105000E-3	9.629250E-3
6.110000E-3	8.414626E-3
6.115000E-3	8.261085E-3
6.120000E-3	7.194519E-3
6.125000E-3	6.286979E-3
6.130000E-3	6.637931E-3
6.135000E-3	6.099164E-3
6.140000E-3	6.177306E-3
6.145000E-3	8.066416E-3
6.150000E-3	9.800613E-3
6.155000E-3	1.114273E-2
6.160000E-3	1.236969E-2
6.165000E-3	1.181310E-2
6.170000E-3	9.908915E-3
6.175000E-3	8.649051E-3
6.180000E-3	7.837474E-3
6.185000E-3	6.583095E-3
6.190000E-3	6.960094E-3
6.195000E-3	7.604420E-3
6.200000E-3	8.021176E-3
6.205000E-3	1.012689E-2
6.210000E-3	1.223671E-2
6.215000E-3	1.232034E-2
6.220000E-3	1.288241E-2
6.225000E-3	1.409566E-2
6.230000E-3	1.485789E-2
6.235000E-3	1.510191E-2
6.240000E-3	1.594228E-2
6.245000E-3	1.616573E-2
6.250000E-3	1.638508E-2
6.255000E-3	1.639879E-2
6.260000E-3	1.479620E-2
6.265000E-3	1.274532E-2
6.270000E-3	1.192141E-2
6.275000E-3	1.127297E-2
6.280000E-3	1.105362E-2
6.285000E-3	1.227236E-2
6.290000E-3	1.341021E-2
6.295000E-3	1.376253E-2
6.300000E-3	1.393116E-2
6.305000E-3	1.307434E-2
6.310000E-3	1.104951E-2
6.315000E-3	1.017076E-2
6.320000E-3	1.011044E-2
6.325000E-3	9.475708E-3
6.330000E-3	9.967864E-3
6.335000E-3	1.121265E-2
6.340000E-3	1.126748E-2
6.345000E-3	1.113725E-2
6.350000E-3	1.101112E-2
6.355000E-3	1.023519E-2
6.360000E-3	1.016802E-2
6.365000E-3	1.093984E-2
6.370000E-3	1.155400E-2
6.375000E-3	1.322651E-2
6.380000E-3	1.546246E-2
6.385000E-3	1.659894E-2
6.390000E-3	1.669216E-2
6.395000E-3	1.619726E-2
6.400000E-3	1.484692E-2
6.405000E-3	1.327586E-2
6.410000E-3	1.210922E-2
6.415000E-3	1.099879E-2
6.420000E-3	1.035035E-2
6.425000E-3	1.086444E-2
6.430000E-3	1.173908E-2
6.435000E-3	1.167053E-2
6.440000E-3	1.106322E-2
6.445000E-3	1.029414E-2
6.450000E-3	9.334505E-3
6.455000E-3	8.805335E-3
6.460000E-3	9.106934E-3
6.465000E-3	9.482563E-3
6.470000E-3	1.003367E-2
6.475000E-3	1.068622E-2
6.480000E-3	1.104403E-2
6.485000E-3	1.131135E-2
6.490000E-3	1.174730E-2
6.495000E-3	1.145667E-2
6.500000E-3	1.109749E-2
6.505000E-3	1.104265E-2
6.510000E-3	1.033252E-2
6.515000E-3	9.762228E-3
6.520000E-3	9.734809E-3
6.525000E-3	9.653926E-3
6.530000E-3	9.818435E-3
6.535000E-3	1.032430E-2
6.540000E-3	1.054639E-2
6.545000E-3	1.062042E-2
6.550000E-3	1.131546E-2
6.555000E-3	1.144433E-2
6.560000E-3	1.154578E-2
6.565000E-3	1.236695E-2
6.570000E-3	1.305240E-2
6.575000E-3	1.368165E-2
6.580000E-3	1.425743E-2
6.585000E-3	1.493055E-2
6.590000E-3	1.520884E-2
6.595000E-3	1.525134E-2
6.600000E-3	1.515126E-2
6.605000E-3	1.448363E-2
6.610000E-3	1.352125E-2
6.615000E-3	1.260000E-2
6.620000E-3	1.196665E-2
6.625000E-3	1.157182E-2
6.630000E-3	1.155674E-2
6.635000E-3	1.181173E-2
6.640000E-3	1.236284E-2
6.645000E-3	1.267266E-2
6.650000E-3	1.222026E-2
6.655000E-3	1.144022E-2
6.660000E-3	1.095355E-2
6.665000E-3	1.024616E-2
6.670000E-3	1.048744E-2
6.675000E-3	1.168561E-2
6.680000E-3	1.276863E-2
6.685000E-3	1.343215E-2
6.690000E-3	1.385576E-2
6.695000E-3	1.318812E-2
6.700000E-3	1.147038E-2
6.705000E-3	1.043534E-2
6.710000E-3	1.013786E-2
6.715000E-3	1.050937E-2
6.720000E-3	1.100153E-2
6.725000E-3	1.111531E-2
6.730000E-3	1.111668E-2
6.735000E-3	1.070267E-2
6.740000E-3	9.933591E-3
6.745000E-3	8.962989E-3
6.750000E-3	7.801831E-3
6.755000E-3	7.153392E-3
6.760000E-3	7.173955E-3
6.765000E-3	7.435799E-3
6.770000E-3	8.006096E-3
6.775000E-3	9.106934E-3
6.780000E-3	1.029414E-2
6.785000E-3	1.103717E-2
6.790000E-3	1.134425E-2
6.795000E-3	1.132917E-2
6.800000E-3	1.188302E-2
6.805000E-3	1.295096E-2
6.810000E-3	1.354593E-2
6.815000E-3	1.377624E-2
6.820000E-3	1.353633E-2
6.825000E-3	1.313192E-2
6.830000E-3	1.282758E-2
6.835000E-3	1.289886E-2
6.840000E-3	1.282758E-2
6.845000E-3	1.293999E-2
6.850000E-3	1.292491E-2
6.855000E-3	1.240945E-2
6.860000E-3	1.168013E-2
6.865000E-3	1.068622E-2
6.870000E-3	9.582639E-3
6.875000E-3	9.082258E-3
6.880000E-3	9.139836E-3
6.885000E-3	9.499013E-3
6.890000E-3	9.722471E-3
6.895000E-3	1.023793E-2
6.900000E-3	1.130176E-2
6.905000E-3	1.206809E-2
6.910000E-3	1.265347E-2
6.915000E-3	1.365149E-2
6.920000E-3	1.438767E-2
6.925000E-3	1.473039E-2
6.930000E-3	1.528561E-2
6.935000E-3	1.513481E-2
6.940000E-3	1.438630E-2
6.945000E-3	1.392293E-2
6.950000E-3	1.314837E-2
6.955000E-3	1.217091E-2
6.960000E-3	1.189399E-2
6.965000E-3	1.155812E-2
6.970000E-3	1.127160E-2
6.975000E-3	1.143885E-2
6.980000E-3	1.171851E-2
6.985000E-3	1.164037E-2
6.990000E-3	1.151562E-2
6.995000E-3	1.117289E-2
7.000000E-3	1.098508E-2
7.005000E-3	1.110709E-2
7.010000E-3	1.152110E-2
7.015000E-3	1.209140E-2
7.020000E-3	1.247525E-2
7.025000E-3	1.263016E-2
7.030000E-3	1.214898E-2
7.035000E-3	1.112765E-2
7.040000E-3	1.022696E-2
7.045000E-3	9.034276E-3
7.050000E-3	7.826507E-3
7.055000E-3	7.250726E-3
7.060000E-3	7.217824E-3
7.065000E-3	7.520795E-3
7.070000E-3	8.406401E-3
7.075000E-3	9.669006E-3
7.080000E-3	1.051623E-2
7.085000E-3	1.162118E-2
7.090000E-3	1.248896E-2
7.095000E-3	1.274669E-2
7.100000E-3	1.331973E-2
7.105000E-3	1.356924E-2
7.110000E-3	1.344860E-2
7.115000E-3	1.339102E-2
7.120000E-3	1.350892E-2
7.125000E-3	1.353222E-2
7.130000E-3	1.349658E-2
7.135000E-3	1.379544E-2
7.140000E-3	1.375294E-2
7.145000E-3	1.411760E-2
7.150000E-3	1.466322E-2
7.155000E-3	1.507998E-2
7.160000E-3	1.531577E-2
7.165000E-3	1.524860E-2
7.170000E-3	1.494700E-2
7.175000E-3	1.401067E-2
7.180000E-3	1.294959E-2
7.185000E-3	1.225454E-2
7.190000E-3	1.175278E-2
7.195000E-3	1.147860E-2
7.200000E-3	1.167327E-2
7.205000E-3	1.156360E-2
7.210000E-3	1.129353E-2
7.215000E-3	1.116878E-2
7.220000E-3	1.065880E-2
7.225000E-3	1.047099E-2
7.230000E-3	1.079315E-2
7.235000E-3	1.094121E-2
7.240000E-3	1.102757E-2
7.245000E-3	1.149094E-2
7.250000E-3	1.183915E-2
7.255000E-3	1.209140E-2
7.260000E-3	1.233953E-2
7.265000E-3	1.206398E-2
7.270000E-3	1.170206E-2
7.275000E-3	1.133192E-2
7.280000E-3	1.088363E-2
7.285000E-3	1.066703E-2
7.290000E-3	1.095903E-2
7.295000E-3	1.117015E-2
7.300000E-3	1.130998E-2
7.305000E-3	1.117426E-2
7.310000E-3	1.078081E-2
7.315000E-3	1.061630E-2
7.320000E-3	1.043123E-2
7.325000E-3	1.037776E-2
7.330000E-3	1.008576E-2
7.335000E-3	9.793758E-3
7.340000E-3	9.814322E-3
7.345000E-3	9.781420E-3
7.350000E-3	9.810209E-3
7.355000E-3	9.991169E-3
7.360000E-3	9.811580E-3
7.365000E-3	9.197414E-3
7.370000E-3	8.592844E-3
7.375000E-3	8.017063E-3
7.380000E-3	7.841587E-3
7.385000E-3	8.405030E-3
7.390000E-3	9.182334E-3
7.395000E-3	1.015431E-2
7.400000E-3	1.105911E-2
7.405000E-3	1.140732E-2
7.410000E-3	1.143336E-2
7.415000E-3	1.177335E-2
7.420000E-3	1.192141E-2
7.425000E-3	1.257259E-2
7.430000E-3	1.378721E-2
7.435000E-3	1.505667E-2
7.440000E-3	1.624662E-2
7.445000E-3	1.706094E-2
7.450000E-3	1.728576E-2
7.455000E-3	1.701158E-2
7.460000E-3	1.613832E-2
7.465000E-3	1.493740E-2
7.470000E-3	1.362407E-2
7.475000E-3	1.236695E-2
7.480000E-3	1.167876E-2
7.485000E-3	1.129627E-2
7.490000E-3	1.092064E-2
7.495000E-3	1.079726E-2
7.500000E-3	1.096314E-2
7.505000E-3	1.104128E-2
7.510000E-3	1.072323E-2
7.515000E-3	1.029688E-2
7.520000E-3	9.828031E-3
7.525000E-3	9.345472E-3
7.530000E-3	9.207010E-3
7.535000E-3	9.086370E-3
7.540000E-3	9.286523E-3
7.545000E-3	9.749889E-3
7.550000E-3	1.025850E-2
7.555000E-3	1.082468E-2
7.560000E-3	1.091105E-2
7.565000E-3	1.096863E-2
7.570000E-3	1.083428E-2
7.575000E-3	1.051897E-2
7.580000E-3	1.005149E-2
7.585000E-3	1.023382E-2
7.590000E-3	1.063824E-2
7.595000E-3	1.142377E-2
7.600000E-3	1.212841E-2
7.605000E-3	1.252323E-2
7.610000E-3	1.265210E-2
7.615000E-3	1.272064E-2
7.620000E-3	1.241767E-2
7.625000E-3	1.198035E-2
7.630000E-3	1.153344E-2
7.635000E-3	1.121676E-2
7.640000E-3	1.124281E-2
7.645000E-3	1.124692E-2
7.650000E-3	1.135248E-2
7.655000E-3	1.141280E-2
7.660000E-3	1.094258E-2
7.665000E-3	1.064783E-2
7.670000E-3	1.072460E-2
7.675000E-3	1.067251E-2
7.680000E-3	1.115507E-2
7.685000E-3	1.193923E-2
7.690000E-3	1.262742E-2
7.695000E-3	1.306611E-2
7.700000E-3	1.331425E-2
7.705000E-3	1.288790E-2
7.710000E-3	1.270145E-2
7.715000E-3	1.248074E-2
7.720000E-3	1.223397E-2
7.725000E-3	1.232994E-2
7.730000E-3	1.262879E-2
7.735000E-3	1.309901E-2
7.740000E-3	1.379269E-2
7.745000E-3	1.448363E-2
7.750000E-3	1.475918E-2
7.755000E-3	1.497990E-2
7.760000E-3	1.469064E-2
7.765000E-3	1.419163E-2
7.770000E-3	1.344311E-2
7.775000E-3	1.282758E-2
7.780000E-3	1.250404E-2
7.785000E-3	1.217365E-2
7.790000E-3	1.197487E-2
7.795000E-3	1.226962E-2
7.800000E-3	1.216269E-2
7.805000E-3	1.183641E-2
7.810000E-3	1.146626E-2
7.815000E-3	1.101661E-2
7.820000E-3	1.054364E-2
7.825000E-3	1.047099E-2
7.830000E-3	1.017487E-2
7.835000E-3	1.002818E-2
7.840000E-3	1.010907E-2
7.845000E-3	9.877384E-3
7.850000E-3	9.795129E-3
7.855000E-3	1.000077E-2
7.860000E-3	1.004326E-2
7.865000E-3	1.030511E-2
7.870000E-3	1.068896E-2
7.875000E-3	1.085347E-2
7.880000E-3	1.098919E-2
7.885000E-3	1.119071E-2
7.890000E-3	1.129764E-2
7.895000E-3	1.140732E-2
7.900000E-3	1.144159E-2
7.905000E-3	1.111943E-2
7.910000E-3	1.068211E-2
7.915000E-3	1.028454E-2
7.920000E-3	9.807467E-3
7.925000E-3	9.327650E-3
7.930000E-3	8.991778E-3
7.935000E-3	9.008229E-3
7.940000E-3	9.264588E-3
7.945000E-3	9.622395E-3
7.950000E-3	1.052994E-2
7.955000E-3	1.149368E-2
7.960000E-3	1.232582E-2
7.965000E-3	1.312780E-2
7.970000E-3	1.342666E-2
7.975000E-3	1.297289E-2
7.980000E-3	1.260000E-2
7.985000E-3	1.240259E-2
7.990000E-3	1.193649E-2
7.995000E-3	1.152658E-2
8.000000E-3	1.118112E-2
8.005000E-3	1.081097E-2
8.010000E-3	1.040107E-2
8.015000E-3	1.013237E-2
8.020000E-3	1.022011E-2
8.025000E-3	1.064920E-2
8.030000E-3	1.129764E-2
8.035000E-3	1.242316E-2
8.040000E-3	1.344723E-2
8.045000E-3	1.425606E-2
8.050000E-3	1.511562E-2
8.055000E-3	1.581341E-2
8.060000E-3	1.606154E-2
8.065000E-3	1.606017E-2
8.070000E-3	1.570785E-2
8.075000E-3	1.502651E-2
8.080000E-3	1.420808E-2
8.085000E-3	1.323062E-2
8.090000E-3	1.230389E-2
8.095000E-3	1.155674E-2
8.100000E-3	1.064235E-2
8.105000E-3	9.978831E-3
8.110000E-3	9.764969E-3
8.115000E-3	9.673119E-3
8.120000E-3	9.754002E-3
8.125000E-3	1.017076E-2
8.130000E-3	1.045865E-2
8.135000E-3	1.090968E-2
8.140000E-3	1.127297E-2
8.145000E-3	1.142102E-2
8.150000E-3	1.170754E-2
8.155000E-3	1.179254E-2
8.160000E-3	1.169932E-2
8.165000E-3	1.143473E-2
8.170000E-3	1.116055E-2
8.175000E-3	1.080000E-2
8.180000E-3	1.037365E-2
8.185000E-3	9.925365E-3
8.190000E-3	9.445548E-3
8.195000E-3	9.038389E-3
8.200000E-3	9.045243E-3
8.205000E-3	9.045243E-3
8.210000E-3	9.300232E-3
8.215000E-3	9.511352E-3
8.220000E-3	9.956896E-3
8.225000E-3	1.035446E-2
8.230000E-3	1.081783E-2
8.235000E-3	1.135659E-2
8.240000E-3	1.168287E-2
8.245000E-3	1.188987E-2
8.250000E-3	1.208454E-2
8.255000E-3	1.223260E-2
8.260000E-3	1.196939E-2
8.265000E-3	1.187891E-2
8.270000E-3	1.163763E-2
8.275000E-3	1.146764E-2
8.280000E-3	1.128256E-2
8.285000E-3	1.121676E-2
8.290000E-3	1.141417E-2
8.295000E-3	1.188439E-2
8.300000E-3	1.213527E-2
8.305000E-3	1.258767E-2
8.310000E-3	1.293176E-2
8.315000E-3	1.322925E-2
8.320000E-3	1.360762E-2
8.325000E-3	1.391882E-2
8.330000E-3	1.442605E-2
8.335000E-3	1.477975E-2
8.340000E-3	1.488394E-2
8.345000E-3	1.478660E-2
8.350000E-3	1.411211E-2
8.355000E-3	1.326352E-2
8.360000E-3	1.242727E-2
8.365000E-3	1.168150E-2
8.370000E-3	1.104951E-2
8.375000E-3	1.076025E-2
8.380000E-3	1.061082E-2
8.385000E-3	1.061356E-2
8.390000E-3	1.085895E-2
8.395000E-3	1.094806E-2
8.400000E-3	1.095766E-2
8.405000E-3	1.106048E-2
8.410000E-3	1.105225E-2
8.415000E-3	1.096451E-2
8.420000E-3	1.094395E-2
8.425000E-3	1.065195E-2
8.430000E-3	1.038051E-2
8.435000E-3	9.871900E-3
8.440000E-3	9.383857E-3
8.445000E-3	8.965731E-3
8.450000E-3	8.698404E-3
8.455000E-3	8.594215E-3
8.460000E-3	8.420110E-3
8.465000E-3	8.513331E-3
8.470000E-3	8.618891E-3
8.475000E-3	8.850574E-3
8.480000E-3	9.416759E-3
8.485000E-3	9.812951E-3
8.490000E-3	1.056147E-2
8.495000E-3	1.137578E-2
8.500000E-3	1.175964E-2
8.505000E-3	1.223671E-2
8.510000E-3	1.260960E-2
8.515000E-3	1.278919E-2
8.520000E-3	1.309901E-2
8.525000E-3	1.315933E-2
8.530000E-3	1.335537E-2
8.535000E-3	1.374882E-2
8.540000E-3	1.378036E-2
8.545000E-3	1.382148E-2
8.550000E-3	1.362544E-2
8.555000E-3	1.309216E-2
8.560000E-3	1.237929E-2
8.565000E-3	1.179254E-2
8.570000E-3	1.113451E-2
8.575000E-3	1.046276E-2
8.580000E-3	9.836257E-3
8.585000E-3	9.523690E-3
8.590000E-3	9.401679E-3
8.595000E-3	9.527802E-3
8.600000E-3	9.667635E-3
8.605000E-3	9.895205E-3
8.610000E-3	9.907544E-3
8.615000E-3	1.012689E-2
8.620000E-3	1.066566E-2
8.625000E-3	1.120031E-2
8.630000E-3	1.175827E-2
8.635000E-3	1.253146E-2
8.640000E-3	1.324296E-2
8.645000E-3	1.391470E-2
8.650000E-3	1.421905E-2
8.655000E-3	1.407510E-2
8.660000E-3	1.390511E-2
8.665000E-3	1.343352E-2
8.670000E-3	1.256984E-2
8.675000E-3	1.209003E-2
8.680000E-3	1.180625E-2
8.685000E-3	1.144022E-2
8.690000E-3	1.152796E-2
8.695000E-3	1.155537E-2
8.700000E-3	1.131821E-2
8.705000E-3	1.106596E-2
8.710000E-3	1.063550E-2
8.715000E-3	1.005697E-2
8.720000E-3	9.727955E-3
8.725000E-3	9.459257E-3
8.730000E-3	9.588122E-3
8.735000E-3	9.626508E-3
8.740000E-3	9.756744E-3
8.745000E-3	1.006794E-2
8.750000E-3	1.011729E-2
8.755000E-3	1.009262E-2
8.760000E-3	1.039559E-2
8.765000E-3	1.030236E-2
8.770000E-3	1.000077E-2
8.775000E-3	9.755373E-3
8.780000E-3	9.475708E-3
8.785000E-3	9.398937E-3
8.790000E-3	9.597719E-3
8.795000E-3	9.870529E-3
8.800000E-3	1.029962E-2
8.805000E-3	1.089734E-2
8.810000E-3	1.158142E-2
8.815000E-3	1.235324E-2
8.820000E-3	1.323611E-2
8.825000E-3	1.421905E-2
8.830000E-3	1.523077E-2
8.835000E-3	1.599163E-2
8.840000E-3	1.646733E-2
8.845000E-3	1.688272E-2
8.850000E-3	1.660991E-2
8.855000E-3	1.620001E-2
8.860000E-3	1.547205E-2
8.865000E-3	1.461661E-2
8.870000E-3	1.365697E-2
8.875000E-3	1.295370E-2
8.880000E-3	1.229703E-2
8.885000E-3	1.173633E-2
8.890000E-3	1.138264E-2
8.895000E-3	1.098371E-2
8.900000E-3	1.090008E-2
8.905000E-3	1.083016E-2
8.910000E-3	1.050115E-2
8.915000E-3	1.059026E-2
8.920000E-3	1.062316E-2
8.925000E-3	1.041615E-2
8.930000E-3	1.044905E-2
8.935000E-3	1.042575E-2
8.940000E-3	1.046550E-2
8.945000E-3	1.041889E-2
8.950000E-3	1.053953E-2
8.955000E-3	1.065743E-2
8.960000E-3	1.064509E-2
8.965000E-3	1.063550E-2
8.970000E-3	1.059163E-2
8.975000E-3	1.061219E-2
8.980000E-3	1.065606E-2
8.985000E-3	1.026946E-2
8.990000E-3	1.027906E-2
8.995000E-3	1.015019E-2
9.000000E-3	1.007342E-2
9.005000E-3	9.995282E-3
9.010000E-3	9.881496E-3
9.015000E-3	9.754002E-3
9.020000E-3	9.762228E-3
9.025000E-3	9.527802E-3
9.030000E-3	9.344101E-3
9.035000E-3	9.183705E-3
9.040000E-3	8.873880E-3
9.045000E-3	8.817673E-3
9.050000E-3	8.636713E-3
9.055000E-3	8.479059E-3
9.060000E-3	8.575022E-3
9.065000E-3	8.943796E-3
9.070000E-3	9.165883E-3
9.075000E-3	9.869158E-3
9.080000E-3	1.051623E-2
9.085000E-3	1.099467E-2
9.090000E-3	1.178157E-2
9.095000E-3	1.231074E-2
9.100000E-3	1.282620E-2
9.105000E-3	1.338691E-2
9.110000E-3	1.373374E-2
9.115000E-3	1.401478E-2
9.120000E-3	1.409018E-2
9.125000E-3	1.419163E-2
9.130000E-3	1.422727E-2
9.135000E-3	1.421493E-2
9.140000E-3	1.410526E-2
9.145000E-3	1.406825E-2
9.150000E-3	1.367891E-2
9.155000E-3	1.332247E-2
9.160000E-3	1.300991E-2
9.165000E-3	1.267952E-2
9.170000E-3	1.236147E-2
9.175000E-3	1.214623E-2
9.180000E-3	1.177883E-2
9.185000E-3	1.166779E-2
9.190000E-3	1.171714E-2
9.195000E-3	1.159102E-2
9.200000E-3	1.171303E-2
9.205000E-3	1.194608E-2
9.210000E-3	1.201600E-2
9.215000E-3	1.223260E-2
9.220000E-3	1.229566E-2
9.225000E-3	1.224357E-2
9.230000E-3	1.215035E-2
9.235000E-3	1.205438E-2
9.240000E-3	1.189399E-2
9.245000E-3	1.146764E-2
9.250000E-3	1.148957E-2
9.255000E-3	1.141554E-2
9.260000E-3	1.136619E-2
9.265000E-3	1.138401E-2
9.270000E-3	1.146078E-2
9.275000E-3	1.153481E-2
9.280000E-3	1.146901E-2
9.285000E-3	1.132369E-2
9.290000E-3	1.120031E-2
9.295000E-3	1.116878E-2
9.300000E-3	1.113588E-2
9.305000E-3	1.097411E-2
9.310000E-3	1.084799E-2
9.315000E-3	1.084936E-2
9.320000E-3	1.079726E-2
9.325000E-3	1.065469E-2
9.330000E-3	1.074106E-2
9.335000E-3	1.068074E-2
9.340000E-3	1.044357E-2
9.345000E-3	1.031882E-2
9.350000E-3	1.025438E-2
9.355000E-3	9.947300E-3
9.360000E-3	9.974718E-3
9.365000E-3	9.993911E-3
9.370000E-3	1.000762E-2
9.375000E-3	1.001996E-2
9.380000E-3	1.024204E-2
9.385000E-3	1.079178E-2
9.390000E-3	1.129353E-2
9.395000E-3	1.185560E-2
9.400000E-3	1.253557E-2
9.405000E-3	1.281112E-2
9.410000E-3	1.288927E-2
9.415000E-3	1.289338E-2
9.420000E-3	1.255614E-2
9.425000E-3	1.217914E-2
9.430000E-3	1.211882E-2
9.435000E-3	1.190358E-2
9.440000E-3	1.191455E-2
9.445000E-3	1.221204E-2
9.450000E-3	1.252049E-2
9.455000E-3	1.311684E-2
9.460000E-3	1.377761E-2
9.465000E-3	1.407647E-2
9.470000E-3	1.422453E-2
9.475000E-3	1.413131E-2
9.480000E-3	1.397502E-2
9.485000E-3	1.368028E-2
9.490000E-3	1.339787E-2
9.495000E-3	1.304007E-2
9.500000E-3	1.269871E-2
9.505000E-3	1.254380E-2
9.510000E-3	1.206672E-2
9.515000E-3	1.167327E-2
9.520000E-3	1.116741E-2
9.525000E-3	1.064235E-2
9.530000E-3	1.026535E-2
9.535000E-3	9.956896E-3
9.540000E-3	9.594977E-3
9.545000E-3	9.563446E-3
9.550000E-3	9.564817E-3
9.555000E-3	9.557962E-3
9.560000E-3	9.823918E-3
9.565000E-3	9.956896E-3
9.570000E-3	1.007617E-2
9.575000E-3	1.012963E-2
9.580000E-3	1.003504E-2
9.585000E-3	1.015294E-2
9.590000E-3	1.026398E-2
9.595000E-3	1.039422E-2
9.600000E-3	1.087815E-2
9.605000E-3	1.109475E-2
9.610000E-3	1.133054E-2
9.615000E-3	1.145256E-2
9.620000E-3	1.141554E-2
9.625000E-3	1.124007E-2
9.630000E-3	1.111805E-2
9.635000E-3	1.075202E-2
9.640000E-3	1.059437E-2
9.645000E-3	1.032704E-2
9.650000E-3	1.017350E-2
9.655000E-3	1.011866E-2
9.660000E-3	9.951413E-3
9.665000E-3	9.889722E-3
9.670000E-3	1.003778E-2
9.675000E-3	1.014060E-2
9.680000E-3	1.047647E-2
9.685000E-3	1.098645E-2
9.690000E-3	1.138538E-2
9.695000E-3	1.194882E-2
9.700000E-3	1.268774E-2
9.705000E-3	1.331151E-2
9.710000E-3	1.366657E-2
9.715000E-3	1.413131E-2
9.720000E-3	1.445895E-2
9.725000E-3	1.462620E-2
9.730000E-3	1.468104E-2
9.735000E-3	1.438218E-2
9.740000E-3	1.428622E-2
9.745000E-3	1.404768E-2
9.750000E-3	1.381189E-2
9.755000E-3	1.349247E-2
9.760000E-3	1.323336E-2
9.765000E-3	1.303047E-2
9.770000E-3	1.278645E-2
9.775000E-3	1.239163E-2
9.780000E-3	1.203930E-2
9.785000E-3	1.175553E-2
9.790000E-3	1.128668E-2
9.795000E-3	1.090282E-2
9.800000E-3	1.068622E-2
9.805000E-3	1.049978E-2
9.810000E-3	1.041341E-2
9.815000E-3	1.044220E-2
9.820000E-3	1.013374E-2
9.825000E-3	1.007205E-2
9.830000E-3	1.015979E-2
9.835000E-3	1.009262E-2
9.840000E-3	1.028591E-2
9.845000E-3	1.038873E-2
9.850000E-3	1.044905E-2
9.855000E-3	1.068485E-2
9.860000E-3	1.074380E-2
9.865000E-3	1.077670E-2
9.870000E-3	1.084936E-2
9.875000E-3	1.075476E-2
9.880000E-3	1.079863E-2
9.885000E-3	1.085484E-2
9.890000E-3	1.085347E-2
9.895000E-3	1.103169E-2
9.900000E-3	1.111394E-2
9.905000E-3	1.131958E-2
9.910000E-3	1.155812E-2
9.915000E-3	1.161295E-2
9.920000E-3	1.152933E-2
9.925000E-3	1.148546E-2
9.930000E-3	1.142514E-2
9.935000E-3	1.131409E-2
9.940000E-3	1.124281E-2
9.945000E-3	1.118249E-2
9.950000E-3	1.116192E-2
9.955000E-3	1.107144E-2
9.960000E-3	1.112491E-2
9.965000E-3	1.118112E-2
9.970000E-3	1.144570E-2
9.975000E-3	1.165956E-2
9.980000E-3	1.181996E-2
9.985000E-3	1.207221E-2
9.990000E-3	1.220930E-2
9.995000E-3	1.254517E-2
