0.000000E+0	5.415082E-4
5.000000E-6	3.345013E-4
1.000000E-5	3.728867E-4
1.500000E-5	5.209446E-4
2.000000E-5	5.840063E-4
2.500000E-5	4.811883E-4
3.000000E-5	3.756285E-4
3.500000E-5	5.031228E-4
4.000000E-5	5.003810E-4
4.500000E-5	3.605485E-4
5.000000E-5	3.619194E-4
5.500000E-5	4.606247E-4
6.000000E-5	5.277991E-4
6.500000E-5	4.016757E-4
7.000000E-5	4.249811E-4
7.500000E-5	4.414320E-4
8.000000E-5	5.373955E-4
8.500000E-5	4.373193E-4
9.000000E-5	3.961921E-4
9.500000E-5	3.482103E-4
1.000000E-4	3.920794E-4
1.050000E-4	4.290938E-4
1.100000E-4	4.948974E-4
1.150000E-4	4.962683E-4
1.200000E-4	4.236102E-4
1.250000E-4	3.742576E-4
1.300000E-4	5.003810E-4
1.350000E-4	5.305409E-4
1.400000E-4	5.332828E-4
1.450000E-4	4.825592E-4
1.500000E-4	4.085302E-4
1.550000E-4	5.236864E-4
1.600000E-4	4.880428E-4
1.650000E-4	3.838539E-4
1.700000E-4	5.058646E-4
1.750000E-4	5.497336E-4
1.800000E-4	3.235340E-4
1.850000E-4	5.168319E-4
1.900000E-4	4.496574E-4
1.950000E-4	4.222393E-4
2.000000E-4	5.936027E-4
2.050000E-4	5.277991E-4
2.100000E-4	4.853010E-4
2.150000E-4	4.167557E-4
2.200000E-4	3.331304E-4
2.250000E-4	4.263520E-4
2.300000E-4	2.001524E-4
2.350000E-4	1.782179E-4
2.400000E-4	4.249811E-4
2.450000E-4	6.470680E-4
2.500000E-4	6.539226E-4
2.550000E-4	6.456971E-4
2.600000E-4	6.278753E-4
2.650000E-4	5.086064E-4
2.700000E-4	6.306171E-4
2.750000E-4	5.442500E-4
2.800000E-4	5.277991E-4
2.850000E-4	3.920794E-4
2.900000E-4	3.811121E-4
2.950000E-4	4.523993E-4
3.000000E-4	5.757809E-4
3.050000E-4	5.250573E-4
3.100000E-4	4.811883E-4
3.150000E-4	4.839301E-4
3.200000E-4	4.496574E-4
3.250000E-4	5.744100E-4
3.300000E-4	4.935265E-4
3.350000E-4	4.935265E-4
3.400000E-4	5.387664E-4
3.450000E-4	3.084540E-4
3.500000E-4	2.042651E-4
3.550000E-4	3.605485E-4
3.600000E-4	4.208684E-4
3.650000E-4	3.879666E-4
3.700000E-4	4.962683E-4
3.750000E-4	5.511045E-4
3.800000E-4	5.675554E-4
3.850000E-4	7.745624E-4
3.900000E-4	4.359484E-4
3.950000E-4	6.306171E-4
4.000000E-4	6.580353E-4
4.050000E-4	7.567406E-4
4.100000E-4	7.279515E-4
4.150000E-4	5.360246E-4
4.200000E-4	4.222393E-4
4.250000E-4	5.620718E-4
4.300000E-4	5.469918E-4
4.350000E-4	5.346537E-4
4.400000E-4	4.263520E-4
4.450000E-4	6.813407E-4
4.500000E-4	6.785989E-4
4.550000E-4	6.141663E-4
4.600000E-4	6.073117E-4
4.650000E-4	6.991625E-4
4.700000E-4	6.703734E-4
4.750000E-4	4.414320E-4
4.800000E-4	5.552173E-4
4.850000E-4	7.019043E-4
4.900000E-4	5.456209E-4
4.950000E-4	5.195737E-4
5.000000E-4	4.482865E-4
5.050000E-4	5.593300E-4
5.100000E-4	5.826354E-4
5.150000E-4	4.894137E-4
5.200000E-4	5.373955E-4
5.250000E-4	5.483627E-4
5.300000E-4	4.688501E-4
5.350000E-4	5.785227E-4
5.400000E-4	6.347299E-4
5.450000E-4	6.868243E-4
5.500000E-4	5.949736E-4
5.550000E-4	6.086826E-4
5.600000E-4	7.841587E-4
5.650000E-4	6.594062E-4
5.700000E-4	4.523993E-4
5.750000E-4	3.536940E-4
5.800000E-4	3.166795E-4
5.850000E-4	4.126430E-4
5.900000E-4	4.853010E-4
5.950000E-4	4.277229E-4
6.000000E-4	6.635189E-4
6.050000E-4	5.195737E-4
6.100000E-4	3.125668E-4
6.150000E-4	4.208684E-4
6.200000E-4	5.620718E-4
6.250000E-4	6.621480E-4
6.300000E-4	5.360246E-4
6.350000E-4	6.648898E-4
6.400000E-4	6.964207E-4
6.450000E-4	6.470680E-4
6.500000E-4	6.278753E-4
6.550000E-4	7.498860E-4
6.600000E-4	6.744862E-4
6.650000E-4	5.236864E-4
6.700000E-4	5.607009E-4
6.750000E-4	5.661845E-4
6.800000E-4	4.592538E-4
6.850000E-4	5.922318E-4
6.900000E-4	4.811883E-4
6.950000E-4	4.496574E-4
7.000000E-4	4.057884E-4
7.050000E-4	6.374717E-4
7.100000E-4	5.894899E-4
7.150000E-4	4.784465E-4
7.200000E-4	5.620718E-4
7.250000E-4	4.784465E-4
7.300000E-4	5.483627E-4
7.350000E-4	5.689263E-4
7.400000E-4	6.525517E-4
7.450000E-4	4.990101E-4
7.500000E-4	5.922318E-4
7.550000E-4	5.099773E-4
7.600000E-4	3.153086E-4
7.650000E-4	4.565120E-4
7.700000E-4	5.634427E-4
7.750000E-4	5.401373E-4
7.800000E-4	5.195737E-4
7.850000E-4	3.948212E-4
7.900000E-4	4.194975E-4
7.950000E-4	5.182028E-4
8.000000E-4	6.100535E-4
8.050000E-4	6.251335E-4
8.100000E-4	6.470680E-4
8.150000E-4	4.359484E-4
8.200000E-4	4.441738E-4
8.250000E-4	4.770756E-4
8.300000E-4	5.853772E-4
8.350000E-4	6.045699E-4
8.400000E-4	6.169081E-4
8.450000E-4	3.756285E-4
8.500000E-4	3.523231E-4
8.550000E-4	4.496574E-4
8.600000E-4	6.265044E-4
8.650000E-4	6.456971E-4
8.700000E-4	6.854534E-4
8.750000E-4	7.320642E-4
8.800000E-4	6.127954E-4
8.850000E-4	4.263520E-4
8.900000E-4	3.413558E-4
8.950000E-4	5.305409E-4
9.000000E-4	4.811883E-4
9.050000E-4	5.771518E-4
9.100000E-4	5.675554E-4
9.150000E-4	4.441738E-4
9.200000E-4	5.990863E-4
9.250000E-4	6.484389E-4
9.300000E-4	5.894899E-4
9.350000E-4	5.401373E-4
9.400000E-4	4.661083E-4
9.450000E-4	4.770756E-4
9.500000E-4	5.730391E-4
9.550000E-4	5.881190E-4
9.600000E-4	5.565882E-4
9.650000E-4	5.497336E-4
9.700000E-4	4.071593E-4
9.750000E-4	4.770756E-4
9.800000E-4	5.524755E-4
9.850000E-4	6.196499E-4
9.900000E-4	6.950498E-4
9.950000E-4	5.469918E-4
1.000000E-3	3.893375E-4
1.005000E-3	2.755523E-4
1.010000E-3	4.003048E-4
1.015000E-3	5.236864E-4
1.020000E-3	6.031990E-4
1.025000E-3	7.115006E-4
1.030000E-3	6.525517E-4
1.035000E-3	5.223155E-4
1.040000E-3	6.456971E-4
1.045000E-3	6.388426E-4
1.050000E-3	6.141663E-4
1.055000E-3	3.934503E-4
1.060000E-3	5.086064E-4
1.065000E-3	3.509521E-4
1.070000E-3	4.990101E-4
1.075000E-3	4.798174E-4
1.080000E-3	5.812645E-4
1.085000E-3	5.113482E-4
1.090000E-3	4.167557E-4
1.095000E-3	5.127192E-4
1.100000E-3	4.249811E-4
1.105000E-3	5.963445E-4
1.110000E-3	6.552935E-4
1.115000E-3	4.674792E-4
1.120000E-3	3.386140E-4
1.125000E-3	3.509521E-4
1.130000E-3	5.291700E-4
1.135000E-3	6.237626E-4
1.140000E-3	5.346537E-4
1.145000E-3	2.769232E-4
1.150000E-3	3.660321E-4
1.155000E-3	5.305409E-4
1.160000E-3	6.306171E-4
1.165000E-3	5.730391E-4
1.170000E-3	5.963445E-4
1.175000E-3	4.935265E-4
1.180000E-3	4.441738E-4
1.185000E-3	6.361008E-4
1.190000E-3	5.867481E-4
1.195000E-3	5.744100E-4
1.200000E-3	6.977916E-4
1.205000E-3	6.361008E-4
1.210000E-3	5.086064E-4
1.215000E-3	6.237626E-4
1.220000E-3	6.278753E-4
1.225000E-3	6.196499E-4
1.230000E-3	5.003810E-4
1.235000E-3	4.469156E-4
1.240000E-3	5.936027E-4
1.245000E-3	6.100535E-4
1.250000E-3	5.305409E-4
1.255000E-3	5.675554E-4
1.260000E-3	4.112720E-4
1.265000E-3	2.906322E-4
1.270000E-3	3.811121E-4
1.275000E-3	4.935265E-4
1.280000E-3	5.812645E-4
1.285000E-3	5.757809E-4
1.290000E-3	5.702972E-4
1.295000E-3	4.592538E-4
1.300000E-3	4.496574E-4
1.305000E-3	4.373193E-4
1.310000E-3	4.565120E-4
1.315000E-3	4.948974E-4
1.320000E-3	5.277991E-4
1.325000E-3	4.811883E-4
1.330000E-3	5.140901E-4
1.335000E-3	5.017519E-4
1.340000E-3	5.881190E-4
1.345000E-3	6.237626E-4
1.350000E-3	6.100535E-4
1.355000E-3	6.361008E-4
1.360000E-3	4.428029E-4
1.365000E-3	4.304647E-4
1.370000E-3	6.456971E-4
1.375000E-3	5.209446E-4
1.380000E-3	7.800460E-4
1.385000E-3	5.236864E-4
1.390000E-3	4.825592E-4
1.395000E-3	4.304647E-4
1.400000E-3	6.347299E-4
1.405000E-3	7.115006E-4
1.410000E-3	5.497336E-4
1.415000E-3	6.662607E-4
1.420000E-3	6.306171E-4
1.425000E-3	7.526278E-4
1.430000E-3	5.840063E-4
1.435000E-3	6.265044E-4
1.440000E-3	6.182790E-4
1.445000E-3	5.113482E-4
1.450000E-3	4.976392E-4
1.455000E-3	5.936027E-4
1.460000E-3	6.881952E-4
1.465000E-3	6.635189E-4
1.470000E-3	6.169081E-4
1.475000E-3	6.429553E-4
1.480000E-3	7.964969E-4
1.485000E-3	6.319880E-4
1.490000E-3	5.552173E-4
1.495000E-3	5.689263E-4
1.500000E-3	5.894899E-4
1.505000E-3	5.881190E-4
1.510000E-3	6.210208E-4
1.515000E-3	6.456971E-4
1.520000E-3	5.511045E-4
1.525000E-3	5.716681E-4
1.530000E-3	5.031228E-4
1.535000E-3	4.304647E-4
1.540000E-3	4.332066E-4
1.545000E-3	5.620718E-4
1.550000E-3	5.593300E-4
1.555000E-3	7.087588E-4
1.560000E-3	7.677078E-4
1.565000E-3	5.908608E-4
1.570000E-3	4.551411E-4
1.575000E-3	5.565882E-4
1.580000E-3	4.853010E-4
1.585000E-3	5.415082E-4
1.590000E-3	7.252097E-4
1.595000E-3	5.744100E-4
1.600000E-3	5.730391E-4
1.605000E-3	5.579591E-4
1.610000E-3	7.032752E-4
1.615000E-3	5.319118E-4
1.620000E-3	6.059408E-4
1.625000E-3	6.306171E-4
1.630000E-3	5.607009E-4
1.635000E-3	5.757809E-4
1.640000E-3	5.936027E-4
1.645000E-3	6.182790E-4
1.650000E-3	4.853010E-4
1.655000E-3	4.071593E-4
1.660000E-3	5.620718E-4
1.665000E-3	5.415082E-4
1.670000E-3	6.018281E-4
1.675000E-3	4.633665E-4
1.680000E-3	5.469918E-4
1.685000E-3	5.195737E-4
1.690000E-3	5.017519E-4
1.695000E-3	3.660321E-4
1.700000E-3	5.607009E-4
1.705000E-3	7.169843E-4
1.710000E-3	6.415844E-4
1.715000E-3	4.523993E-4
1.720000E-3	6.415844E-4
1.725000E-3	6.991625E-4
1.730000E-3	5.881190E-4
1.735000E-3	5.031228E-4
1.740000E-3	5.798936E-4
1.745000E-3	5.223155E-4
1.750000E-3	5.182028E-4
1.755000E-3	6.429553E-4
1.760000E-3	7.361770E-4
1.765000E-3	7.156134E-4
1.770000E-3	7.923841E-4
1.775000E-3	7.444024E-4
1.780000E-3	7.238388E-4
1.785000E-3	6.443262E-4
1.790000E-3	5.785227E-4
1.795000E-3	6.415844E-4
1.800000E-3	4.277229E-4
1.805000E-3	6.635189E-4
1.810000E-3	6.731153E-4
1.815000E-3	6.895661E-4
1.820000E-3	6.169081E-4
1.825000E-3	7.224679E-4
1.830000E-3	7.005334E-4
1.835000E-3	5.812645E-4
1.840000E-3	5.360246E-4
1.845000E-3	3.742576E-4
1.850000E-3	5.867481E-4
1.855000E-3	5.058646E-4
1.860000E-3	5.003810E-4
1.865000E-3	6.169081E-4
1.870000E-3	5.990863E-4
1.875000E-3	6.662607E-4
1.880000E-3	6.018281E-4
1.885000E-3	6.936789E-4
1.890000E-3	6.539226E-4
1.895000E-3	4.839301E-4
1.900000E-3	5.963445E-4
1.905000E-3	4.702210E-4
1.910000E-3	5.524755E-4
1.915000E-3	6.621480E-4
1.920000E-3	5.785227E-4
1.925000E-3	4.907846E-4
1.930000E-3	4.345775E-4
1.935000E-3	2.892613E-4
1.940000E-3	4.770756E-4
1.945000E-3	6.223917E-4
1.950000E-3	7.306933E-4
1.955000E-3	4.948974E-4
1.960000E-3	5.908608E-4
1.965000E-3	7.019043E-4
1.970000E-3	6.676316E-4
1.975000E-3	5.072355E-4
1.980000E-3	5.483627E-4
1.985000E-3	5.415082E-4
1.990000E-3	4.510283E-4
1.995000E-3	6.374717E-4
2.000000E-3	5.511045E-4
2.005000E-3	3.578067E-4
2.010000E-3	4.044175E-4
2.015000E-3	5.154610E-4
2.020000E-3	4.729629E-4
2.025000E-3	5.154610E-4
2.030000E-3	4.496574E-4
2.035000E-3	5.113482E-4
2.040000E-3	5.415082E-4
2.045000E-3	5.456209E-4
2.050000E-3	4.606247E-4
2.055000E-3	6.374717E-4
2.060000E-3	6.881952E-4
2.065000E-3	6.717443E-4
2.070000E-3	6.580353E-4
2.075000E-3	6.552935E-4
2.080000E-3	6.292462E-4
2.085000E-3	6.182790E-4
2.090000E-3	5.154610E-4
2.095000E-3	5.922318E-4
2.100000E-3	6.196499E-4
2.105000E-3	5.853772E-4
2.110000E-3	5.620718E-4
2.115000E-3	5.277991E-4
2.120000E-3	5.264282E-4
2.125000E-3	5.072355E-4
2.130000E-3	5.250573E-4
2.135000E-3	7.156134E-4
2.140000E-3	7.101297E-4
2.145000E-3	6.155372E-4
2.150000E-3	5.332828E-4
2.155000E-3	6.388426E-4
2.160000E-3	5.771518E-4
2.165000E-3	7.279515E-4
2.170000E-3	7.992387E-4
2.175000E-3	7.087588E-4
2.180000E-3	5.620718E-4
2.185000E-3	5.346537E-4
2.190000E-3	4.592538E-4
2.195000E-3	4.263520E-4
2.200000E-3	6.744862E-4
2.205000E-3	6.456971E-4
2.210000E-3	6.703734E-4
2.215000E-3	4.715919E-4
2.220000E-3	5.415082E-4
2.225000E-3	5.744100E-4
2.230000E-3	8.581877E-4
2.235000E-3	9.185076E-4
2.240000E-3	7.594824E-4
2.245000E-3	5.853772E-4
2.250000E-3	5.552173E-4
2.255000E-3	4.606247E-4
2.260000E-3	5.223155E-4
2.265000E-3	5.017519E-4
2.270000E-3	4.990101E-4
2.275000E-3	5.127192E-4
2.280000E-3	5.730391E-4
2.285000E-3	4.757047E-4
2.290000E-3	5.812645E-4
2.295000E-3	5.689263E-4
2.300000E-3	6.690025E-4
2.305000E-3	5.346537E-4
2.310000E-3	3.564358E-4
2.315000E-3	4.003048E-4
2.320000E-3	6.169081E-4
2.325000E-3	6.827116E-4
2.330000E-3	4.510283E-4
2.335000E-3	5.524755E-4
2.340000E-3	4.153848E-4
2.345000E-3	5.607009E-4
2.350000E-3	4.318357E-4
2.355000E-3	4.784465E-4
2.360000E-3	4.715919E-4
2.365000E-3	6.744862E-4
2.370000E-3	6.415844E-4
2.375000E-3	7.581115E-4
2.380000E-3	3.783703E-4
2.385000E-3	6.525517E-4
2.390000E-3	5.634427E-4
2.395000E-3	9.267330E-4
2.400000E-3	4.386902E-4
2.405000E-3	7.402897E-4
2.410000E-3	5.483627E-4
2.415000E-3	9.541512E-4
2.420000E-3	3.674030E-4
2.425000E-3	7.663369E-4
2.430000E-3	6.045699E-4
2.435000E-3	8.156896E-4
2.440000E-3	2.371669E-4
2.445000E-3	6.210208E-4
2.450000E-3	1.932979E-4
2.455000E-3	1.242042E-3
2.460000E-3	3.031075E-3
2.465000E-3	-1.879376E-2
2.470000E-3	-1.800151E-1
2.475000E-3	-3.376297E-1
2.480000E-3	-6.349355E-2
2.485000E-3	-1.427073E-1
2.490000E-3	-1.214774E-1
2.495000E-3	-5.427420E-3
2.500000E-3	1.254421E-1
2.505000E-3	1.225454E-1
2.510000E-3	2.524429E-1
2.515000E-3	4.956966E-1
2.520000E-3	2.956923E-1
2.525000E-3	4.187983E-2
2.530000E-3	1.346354E-1
2.535000E-3	1.085923E-1
2.540000E-3	-1.507312E-2
2.545000E-3	1.147257E-1
2.550000E-3	3.063977E-2
2.555000E-3	-1.404014E-1
2.560000E-3	-1.318141E-1
2.565000E-3	-2.121753E-1
2.570000E-3	-2.063407E-1
2.575000E-3	-1.234104E-1
2.580000E-3	-2.926351E-1
2.585000E-3	-2.474583E-1
2.590000E-3	1.190221E-2
2.595000E-3	-3.823459E-2
2.600000E-3	-6.772828E-2
2.605000E-3	1.740257E-1
2.610000E-3	2.749079E-2
2.615000E-3	-6.843293E-2
2.620000E-3	2.134433E-1
2.625000E-3	1.085854E-1
2.630000E-3	8.328259E-3
2.635000E-3	1.785181E-1
2.640000E-3	8.198845E-2
2.645000E-3	1.465499E-2
2.650000E-3	1.578860E-1
2.655000E-3	6.200612E-3
2.660000E-3	-1.157210E-1
2.665000E-3	-6.714702E-3
2.670000E-3	-4.992157E-2
2.675000E-3	-1.360515E-1
2.680000E-3	-2.911806E-3
2.685000E-3	2.514654E-2
2.690000E-3	-1.072748E-1
2.695000E-3	4.113269E-2
2.700000E-3	1.067086E-1
2.705000E-3	-1.118249E-1
2.710000E-3	4.780352E-2
2.715000E-3	9.992403E-2
2.720000E-3	-9.630346E-2
2.725000E-3	-1.092064E-2
2.730000E-3	1.252529E-1
2.735000E-3	-9.178770E-2
2.740000E-3	-1.364875E-2
2.745000E-3	3.983992E-2
2.750000E-3	-1.315947E-1
2.755000E-3	-4.812157E-2
2.760000E-3	5.367374E-2
2.765000E-3	-4.499727E-2
2.770000E-3	-1.837701E-2
2.775000E-3	7.546568E-2
2.780000E-3	-1.098096E-3
2.785000E-3	1.871014E-2
2.790000E-3	9.345335E-2
2.795000E-3	-9.259105E-3
2.800000E-3	2.044845E-2
2.805000E-3	1.130450E-1
2.810000E-3	2.165347E-2
2.815000E-3	-1.261234E-4
2.820000E-3	8.317977E-2
2.825000E-3	-1.104128E-2
2.830000E-3	-7.343125E-2
2.835000E-3	2.193314E-2
2.840000E-3	-4.108196E-2
2.845000E-3	-1.252954E-1
2.850000E-3	-1.952034E-2
2.855000E-3	-3.515965E-2
2.860000E-3	-6.973666E-2
2.865000E-3	2.461463E-2
2.870000E-3	2.510679E-2
2.875000E-3	-5.567938E-2
2.880000E-3	2.642012E-2
2.885000E-3	6.617779E-2
2.890000E-3	-1.118660E-2
2.895000E-3	5.455524E-2
2.900000E-3	6.695372E-2
2.905000E-3	-3.093863E-2
2.910000E-3	7.274032E-3
2.915000E-3	4.737031E-2
2.920000E-3	-3.785485E-2
2.925000E-3	-1.292628E-2
2.930000E-3	1.981372E-2
2.935000E-3	-5.630314E-2
2.940000E-3	-4.481906E-2
2.945000E-3	8.670986E-3
2.950000E-3	-9.801984E-3
2.955000E-3	-3.605074E-2
2.960000E-3	2.124768E-2
2.965000E-3	-1.101661E-2
2.970000E-3	-2.628440E-2
2.975000E-3	4.244328E-2
2.980000E-3	4.625440E-2
2.985000E-3	1.654959E-2
2.990000E-3	6.672615E-2
2.995000E-3	4.092979E-2
3.000000E-3	8.182943E-3
3.005000E-3	4.177153E-2
3.010000E-3	1.972461E-2
3.015000E-3	-3.866506E-2
3.020000E-3	-3.236437E-2
3.025000E-3	-2.331501E-2
3.030000E-3	-4.390740E-2
3.035000E-3	-4.427481E-2
3.040000E-3	-1.124418E-2
3.045000E-3	-3.049445E-2
3.050000E-3	-2.842575E-2
3.055000E-3	6.540596E-3
3.060000E-3	9.858191E-3
3.065000E-3	1.710343E-2
3.070000E-3	1.194334E-2
3.075000E-3	1.615340E-2
3.080000E-3	2.468729E-2
3.085000E-3	1.547480E-2
3.090000E-3	2.662575E-2
3.095000E-3	1.643854E-2
3.100000E-3	-7.402897E-4
3.105000E-3	2.166033E-4
3.110000E-3	-5.660474E-3
3.115000E-3	-3.269339E-2
3.120000E-3	-3.043687E-2
3.125000E-3	-1.262331E-2
3.130000E-3	-2.878493E-2
3.135000E-3	-2.101874E-2
3.140000E-3	5.498707E-3
3.145000E-3	-6.854534E-5
3.150000E-3	6.152630E-3
3.155000E-3	3.090024E-2
3.160000E-3	5.088806E-3
3.165000E-3	7.141054E-3
3.170000E-3	2.778280E-2
3.175000E-3	2.019757E-2
3.180000E-3	6.772280E-3
3.185000E-3	1.926398E-2
3.190000E-3	8.824527E-3
3.195000E-3	-1.860595E-2
3.200000E-3	-7.788122E-3
3.205000E-3	-1.466459E-2
3.210000E-3	-3.826064E-2
3.215000E-3	-2.041006E-2
3.220000E-3	-1.040518E-2
3.225000E-3	-1.268774E-2
3.230000E-3	-9.186447E-3
3.235000E-3	3.759027E-3
3.240000E-3	6.286979E-3
3.245000E-3	7.142425E-4
3.250000E-3	3.141433E-2
3.255000E-3	4.974747E-2
3.260000E-3	2.294487E-2
3.265000E-3	3.323078E-2
3.270000E-3	5.276620E-2
3.275000E-3	1.673055E-2
3.280000E-3	-1.132369E-3
3.285000E-3	1.321143E-2
3.290000E-3	-1.541173E-2
3.295000E-3	-5.248928E-2
3.300000E-3	-2.193862E-2
3.305000E-3	-3.614807E-2
3.310000E-3	-6.153589E-2
3.315000E-3	-3.051364E-2
3.320000E-3	-2.024418E-2
3.325000E-3	-3.183931E-2
3.330000E-3	-2.573192E-3
3.335000E-3	7.283628E-3
3.340000E-3	-5.936027E-4
3.345000E-3	1.411349E-2
3.350000E-3	2.367556E-2
3.355000E-3	1.398325E-2
3.360000E-3	9.876013E-3
3.365000E-3	3.017914E-2
3.370000E-3	1.920229E-2
3.375000E-3	2.451319E-2
3.380000E-3	3.003383E-2
3.385000E-3	5.014777E-3
3.390000E-3	4.482865E-3
3.395000E-3	1.101524E-2
3.400000E-3	-6.204724E-3
3.405000E-3	-1.524997E-2
3.410000E-3	-3.260016E-3
3.415000E-3	-1.613557E-2
3.420000E-3	-1.949430E-2
3.425000E-3	-3.680885E-3
3.430000E-3	-3.406703E-3
3.435000E-3	-3.460169E-3
3.440000E-3	4.079819E-3
3.445000E-3	8.444786E-4
3.450000E-3	9.037018E-3
3.455000E-3	1.677305E-2
3.460000E-3	4.311502E-3
3.465000E-3	-6.141663E-4
3.470000E-3	-1.741052E-3
3.475000E-3	-1.344860E-2
3.480000E-3	-1.178569E-2
3.485000E-3	4.518509E-3
3.490000E-3	-9.152174E-3
3.495000E-3	-2.280366E-2
3.500000E-3	-6.433666E-3
3.505000E-3	-2.660930E-3
3.510000E-3	2.810359E-4
3.515000E-3	9.760857E-3
3.520000E-3	8.688807E-3
3.525000E-3	8.154154E-3
3.530000E-3	1.503885E-2
3.535000E-3	1.434517E-2
3.540000E-3	1.947510E-2
3.545000E-3	2.455157E-2
3.550000E-3	1.286048E-2
3.555000E-3	5.042195E-3
3.560000E-3	9.641588E-3
3.565000E-3	-1.879513E-3
3.570000E-3	-1.953542E-2
3.575000E-3	-1.146489E-2
3.580000E-3	-1.590937E-2
3.585000E-3	-2.329445E-2
3.590000E-3	-9.636104E-3
3.595000E-3	-5.350649E-3
3.600000E-3	-1.021051E-2
3.605000E-3	-5.339682E-3
3.610000E-3	-4.798174E-4
3.615000E-3	-4.722774E-3
3.620000E-3	-8.773804E-4
3.625000E-3	5.076468E-3
3.630000E-3	3.678143E-3
3.635000E-3	5.926430E-3
3.640000E-3	1.042986E-2
3.645000E-3	-1.381874E-3
3.650000E-3	-2.858341E-3
3.655000E-3	-2.385378E-4
3.660000E-3	-9.866416E-3
3.665000E-3	-1.077259E-2
3.670000E-3	-6.813407E-4
3.675000E-3	-1.338005E-3
3.680000E-3	1.020914E-2
3.685000E-3	2.757579E-2
3.690000E-3	1.662362E-2
3.695000E-3	1.217365E-2
3.700000E-3	2.537823E-2
3.705000E-3	1.884174E-2
3.710000E-3	6.038845E-3
3.715000E-3	1.154441E-2
3.720000E-3	1.023382E-2
3.725000E-3	2.896726E-3
3.730000E-3	2.053618E-3
3.735000E-3	8.006096E-4
3.740000E-3	-8.435190E-3
3.745000E-3	-1.423138E-2
3.750000E-3	-8.739531E-3
3.755000E-3	-1.887876E-2
3.760000E-3	-2.410877E-2
3.765000E-3	-1.939422E-2
3.770000E-3	-1.272064E-2
3.775000E-3	-6.705105E-3
3.780000E-3	1.218736E-3
3.785000E-3	2.240062E-3
3.790000E-3	2.316833E-3
3.795000E-3	9.363294E-3
3.800000E-3	1.410115E-2
3.805000E-3	9.031534E-3
3.810000E-3	1.184601E-2
3.815000E-3	1.525271E-2
3.820000E-3	3.908455E-3
3.825000E-3	-6.606400E-3
3.830000E-3	-4.255295E-3
3.835000E-3	-1.026535E-2
3.840000E-3	-1.229292E-2
3.845000E-3	-5.246460E-3
3.850000E-3	-6.465197E-3
3.855000E-3	-7.733285E-3
3.860000E-3	-1.083016E-3
3.865000E-3	1.233816E-4
3.870000E-3	-5.028486E-3
3.875000E-3	-7.882714E-4
3.880000E-3	1.683474E-3
3.885000E-3	-1.698554E-3
3.890000E-3	5.301297E-3
3.895000E-3	9.222090E-3
3.900000E-3	4.384160E-3
3.905000E-3	9.590864E-3
3.910000E-3	1.775461E-2
3.915000E-3	7.094443E-3
3.920000E-3	1.100016E-2
3.925000E-3	1.825774E-2
3.930000E-3	3.635645E-3
3.935000E-3	2.910435E-3
3.940000E-3	1.500595E-2
3.945000E-3	2.238691E-3
3.950000E-3	-8.660018E-3
3.955000E-3	1.370907E-6
3.960000E-3	-8.266568E-3
3.965000E-3	-2.164114E-2
3.970000E-3	-1.338965E-2
3.975000E-3	-1.259315E-2
3.980000E-3	-2.323824E-2
3.985000E-3	-1.017624E-2
3.990000E-3	-4.222393E-4
3.995000E-3	-5.922318E-3
4.000000E-3	6.174564E-3
4.005000E-3	1.105225E-2
4.010000E-3	-3.536940E-4
4.015000E-3	1.214623E-3
4.020000E-3	2.085149E-3
4.025000E-3	-5.272508E-3
4.030000E-3	-3.046155E-3
4.035000E-3	2.748668E-3
4.040000E-3	1.132369E-3
4.045000E-3	5.277991E-3
4.050000E-3	1.177746E-2
4.055000E-3	6.483018E-3
4.060000E-3	6.916225E-3
4.065000E-3	7.135570E-3
4.070000E-3	1.120031E-3
4.075000E-3	2.726734E-3
4.080000E-3	9.053469E-3
4.085000E-3	1.031882E-2
4.090000E-3	9.533286E-3
4.095000E-3	1.361310E-2
4.100000E-3	9.418130E-3
4.105000E-3	-2.166033E-4
4.110000E-3	-5.315006E-3
4.115000E-3	-1.590115E-2
4.120000E-3	-2.357686E-2
4.125000E-3	-1.940793E-2
4.130000E-3	-1.729125E-2
4.135000E-3	-1.277822E-2
4.140000E-3	-3.586292E-3
4.145000E-3	-9.459257E-4
4.150000E-3	3.324449E-3
4.155000E-3	1.166916E-2
4.160000E-3	1.195431E-2
4.165000E-3	1.035994E-2
4.170000E-3	1.398599E-2
4.175000E-3	1.465911E-2
4.180000E-3	1.350754E-2
4.185000E-3	1.494974E-2
4.190000E-3	1.109612E-2
4.195000E-3	5.364358E-3
4.200000E-3	-1.987815E-4
4.205000E-3	-8.939683E-3
4.210000E-3	-1.513892E-2
4.215000E-3	-1.670039E-2
4.220000E-3	-1.808774E-2
4.225000E-3	-1.761889E-2
4.230000E-3	-1.122636E-2
4.235000E-3	-7.224679E-3
4.240000E-3	-6.223917E-3
4.245000E-3	-3.153086E-4
4.250000E-3	1.469612E-3
4.255000E-3	8.485913E-4
4.260000E-3	7.760704E-3
4.265000E-3	1.055735E-2
4.270000E-3	1.135522E-2
4.275000E-3	1.376665E-2
4.280000E-3	1.286596E-2
4.285000E-3	9.475708E-3
4.290000E-3	7.320642E-3
4.295000E-3	4.888654E-3
4.300000E-3	5.017519E-4
4.305000E-3	-1.462758E-3
4.310000E-3	-3.456056E-3
4.315000E-3	-6.326735E-3
4.320000E-3	-3.739834E-3
4.325000E-3	-3.756285E-4
4.330000E-3	-3.061235E-3
4.335000E-3	-7.526278E-4
4.340000E-3	1.645088E-5
4.345000E-3	-5.783856E-3
4.350000E-3	-3.717899E-3
4.355000E-3	-8.403659E-4
4.360000E-3	-4.008532E-3
4.365000E-3	-6.895661E-4
4.370000E-3	7.031381E-3
4.375000E-3	9.715617E-3
4.380000E-3	1.380366E-2
4.385000E-3	1.787800E-2
4.390000E-3	1.541448E-2
4.395000E-3	1.315933E-2
4.400000E-3	1.279056E-2
4.405000E-3	7.641435E-3
4.410000E-3	8.280277E-4
4.415000E-3	-3.742576E-3
4.420000E-3	-9.105563E-3
4.425000E-3	-1.496071E-2
4.430000E-3	-1.519924E-2
4.435000E-3	-1.649475E-2
4.440000E-3	-1.789856E-2
4.445000E-3	-1.215857E-2
4.450000E-3	-7.420719E-3
4.455000E-3	-5.423307E-3
4.460000E-3	1.656055E-3
4.465000E-3	6.245852E-3
4.470000E-3	5.209446E-3
4.475000E-3	8.965731E-3
4.480000E-3	1.097548E-2
4.485000E-3	4.540443E-3
4.490000E-3	3.317595E-3
4.495000E-3	5.916834E-3
4.500000E-3	2.410054E-3
4.505000E-3	4.018128E-3
4.510000E-3	9.078145E-3
4.515000E-3	4.707694E-3
4.520000E-3	5.416453E-3
4.525000E-3	1.042849E-2
4.530000E-3	5.783856E-3
4.535000E-3	2.201676E-3
4.540000E-3	4.127800E-3
4.545000E-3	-9.500384E-4
4.550000E-3	-5.698860E-3
4.555000E-3	-2.371669E-3
4.560000E-3	-5.371213E-3
4.565000E-3	-1.224768E-2
4.570000E-3	-8.198023E-3
4.575000E-3	-7.609904E-3
4.580000E-3	-1.216680E-2
4.585000E-3	-7.985532E-3
4.590000E-3	-5.405486E-3
4.595000E-3	-7.703125E-3
4.600000E-3	-2.526581E-3
4.605000E-3	6.717443E-4
4.610000E-3	-2.714396E-3
4.615000E-3	6.676316E-4
4.620000E-3	5.480886E-3
4.625000E-3	4.055142E-3
4.630000E-3	8.407772E-3
4.635000E-3	1.394898E-2
4.640000E-3	1.014608E-2
4.645000E-3	1.050937E-2
4.650000E-3	1.271927E-2
4.655000E-3	5.216300E-3
4.660000E-3	9.185076E-5
4.665000E-3	-5.003810E-4
4.670000E-3	-5.713940E-3
4.675000E-3	-7.352173E-3
4.680000E-3	-5.219042E-3
4.685000E-3	-7.933438E-3
4.690000E-3	-7.995129E-3
4.695000E-3	-4.225135E-3
4.700000E-3	-5.018890E-3
4.705000E-3	-3.898859E-3
4.710000E-3	2.234578E-4
4.715000E-3	-8.499622E-5
4.720000E-3	9.747148E-4
4.725000E-3	6.136179E-3
4.730000E-3	6.060779E-3
4.735000E-3	5.157351E-3
4.740000E-3	9.002745E-3
4.745000E-3	7.143795E-3
4.750000E-3	2.431989E-3
4.755000E-3	2.752781E-3
4.760000E-3	-1.047373E-3
4.765000E-3	-7.099926E-3
4.770000E-3	-6.500840E-3
4.775000E-3	-6.570756E-3
4.780000E-3	-8.373499E-3
4.785000E-3	-3.697336E-3
4.790000E-3	-6.690025E-4
4.795000E-3	-1.019955E-3
4.800000E-3	2.475858E-3
4.805000E-3	5.948365E-3
4.810000E-3	5.563140E-3
4.815000E-3	8.579135E-3
4.820000E-3	1.117426E-2
4.825000E-3	8.786142E-3
4.830000E-3	6.158113E-3
4.835000E-3	2.427876E-3
4.840000E-3	-3.431380E-3
4.845000E-3	-9.377003E-3
4.850000E-3	-1.896513E-2
4.855000E-3	-2.480245E-2
4.860000E-3	-2.597868E-2
4.865000E-3	-2.374548E-2
4.870000E-3	-1.370358E-2
4.875000E-3	-1.525819E-3
4.880000E-3	7.125974E-3
4.885000E-3	1.140457E-2
4.890000E-3	1.286733E-2
4.895000E-3	1.284951E-2
4.900000E-3	1.342666E-2
4.905000E-3	1.539665E-2
4.910000E-3	1.900762E-2
4.915000E-3	2.060199E-2
4.920000E-3	1.960534E-2
4.925000E-3	1.914608E-2
4.930000E-3	1.772445E-2
4.935000E-3	1.203519E-2
4.940000E-3	1.645088E-5
4.945000E-3	-1.151013E-2
4.950000E-3	-1.559269E-2
4.955000E-3	-1.778615E-2
4.960000E-3	-1.818782E-2
4.965000E-3	-1.583672E-2
4.970000E-3	-1.362544E-2
4.975000E-3	-1.260138E-2
4.980000E-3	-7.496119E-3
4.985000E-3	-3.151715E-3
4.990000E-3	-1.362681E-3
4.995000E-3	2.264738E-3
5.000000E-3	4.720032E-3
5.005000E-3	7.984161E-3
5.010000E-3	1.232582E-2
5.015000E-3	1.274669E-2
5.020000E-3	1.128393E-2
5.025000E-3	1.235873E-2
5.030000E-3	9.690940E-3
5.035000E-3	6.399393E-3
5.040000E-3	6.262302E-3
5.045000E-3	3.772736E-3
5.050000E-3	-1.296878E-3
5.055000E-3	-2.334654E-3
5.060000E-3	-1.677990E-3
5.065000E-3	-2.958417E-3
5.070000E-3	-3.942728E-3
5.075000E-3	-3.292918E-3
5.080000E-3	-4.681647E-3
5.085000E-3	-4.090786E-3
5.090000E-3	-8.897185E-4
5.095000E-3	8.828640E-4
5.100000E-3	2.364814E-3
5.105000E-3	4.924297E-3
5.110000E-3	4.868090E-3
5.115000E-3	4.504800E-3
5.120000E-3	4.695356E-3
5.125000E-3	2.437472E-3
5.130000E-3	1.827419E-3
5.135000E-3	2.111197E-3
5.140000E-3	-3.879666E-4
5.145000E-3	-1.805484E-3
5.150000E-3	-2.057731E-3
5.155000E-3	-4.799545E-3
5.160000E-3	-5.971670E-3
5.165000E-3	-5.487740E-3
5.170000E-3	-5.125821E-3
5.175000E-3	-2.629399E-3
5.180000E-3	3.358722E-4
5.185000E-3	2.944708E-3
5.190000E-3	5.860627E-3
5.195000E-3	6.643414E-3
5.200000E-3	6.341815E-3
5.205000E-3	5.201221E-3
5.210000E-3	3.631532E-3
5.215000E-3	1.376390E-3
5.220000E-3	-5.661845E-4
5.225000E-3	-1.948059E-3
5.230000E-3	-2.732217E-3
5.235000E-3	-3.767252E-3
5.240000E-3	-3.986597E-3
5.245000E-3	-2.474487E-3
5.250000E-3	-1.137853E-3
5.255000E-3	1.295507E-3
5.260000E-3	4.539073E-3
5.265000E-3	6.129324E-3
5.270000E-3	7.736027E-3
5.275000E-3	8.055449E-3
5.280000E-3	5.272508E-3
5.285000E-3	3.028333E-3
5.290000E-3	5.593300E-4
5.295000E-3	-3.412187E-3
5.300000E-3	-4.588425E-3
5.305000E-3	-4.045546E-3
5.310000E-3	-4.247069E-3
5.315000E-3	-3.066719E-3
5.320000E-3	-1.635492E-3
5.325000E-3	-1.202285E-3
5.330000E-3	9.856820E-4
5.335000E-3	3.513634E-3
5.340000E-3	3.820717E-3
5.345000E-3	4.122317E-3
5.350000E-3	5.320489E-3
5.355000E-3	4.375935E-3
5.360000E-3	3.556132E-3
5.365000E-3	4.173040E-3
5.370000E-3	2.028942E-3
5.375000E-3	-7.923841E-4
5.380000E-3	-1.362681E-3
5.385000E-3	-2.955675E-3
5.390000E-3	-4.665196E-3
5.395000E-3	-3.732979E-3
5.400000E-3	-3.216147E-3
5.405000E-3	-3.264129E-3
5.410000E-3	-1.487434E-3
5.415000E-3	1.233816E-4
5.420000E-3	-8.006096E-4
5.425000E-3	-2.083778E-4
5.430000E-3	2.508759E-4
5.435000E-3	1.754761E-4
5.440000E-3	1.790404E-3
5.445000E-3	9.788275E-3
5.450000E-3	1.351714E-3
5.455000E-3	3.290176E-4
5.460000E-3	6.391168E-3
5.465000E-3	1.672506E-4
5.470000E-3	-2.649963E-3
5.475000E-3	5.143642E-3
5.480000E-3	-3.823459E-3
5.485000E-3	-6.905258E-3
5.490000E-3	4.751563E-3
5.495000E-3	-2.220869E-3
5.500000E-3	-3.838539E-5
5.505000E-3	5.951107E-3
5.510000E-3	2.681494E-3
5.515000E-3	8.184314E-4
5.520000E-3	4.249811E-3
5.525000E-3	1.151562E-3
5.530000E-3	-2.187967E-3
5.535000E-3	5.620718E-5
5.540000E-3	-2.064586E-3
5.545000E-3	-5.183399E-3
5.550000E-3	-7.032752E-4
5.555000E-3	5.250573E-4
5.560000E-3	-2.471745E-3
5.565000E-3	-2.504647E-3
5.570000E-3	1.033664E-3
5.575000E-3	-5.182028E-4
5.580000E-3	-2.621174E-3
5.585000E-3	-6.827116E-4
5.590000E-3	-3.471136E-3
5.595000E-3	-6.700993E-3
5.600000E-3	-1.359940E-3
5.605000E-3	-3.062606E-3
5.610000E-3	-3.155828E-3
5.615000E-3	2.205789E-3
5.620000E-3	1.801372E-3
5.625000E-3	4.862607E-3
5.630000E-3	6.875098E-3
5.635000E-3	6.746233E-3
5.640000E-3	7.113636E-3
5.645000E-3	6.823003E-3
5.650000E-3	5.881190E-3
5.655000E-3	3.238082E-3
5.660000E-3	2.386749E-3
5.665000E-3	3.809750E-3
5.670000E-3	4.386902E-4
5.675000E-3	-1.228333E-3
5.680000E-3	6.155372E-4
5.685000E-3	-1.273572E-3
5.690000E-3	-3.763139E-3
5.695000E-3	-1.165271E-4
5.700000E-3	-2.607465E-3
5.705000E-3	-4.093528E-3
5.710000E-3	7.827878E-4
5.715000E-3	-8.115768E-4
5.720000E-3	-2.532065E-3
5.725000E-3	2.654076E-3
5.730000E-3	2.274334E-3
5.735000E-3	7.115006E-4
5.740000E-3	4.511654E-3
5.745000E-3	2.541661E-3
5.750000E-3	-1.100838E-3
5.755000E-3	4.537702E-4
5.760000E-3	1.850724E-3
5.765000E-3	-1.092613E-3
5.770000E-3	-1.960397E-4
5.775000E-3	3.003657E-3
5.780000E-3	3.687739E-4
5.785000E-3	3.331304E-4
5.790000E-3	3.487587E-3
5.795000E-3	-8.225441E-6
5.800000E-3	-1.584768E-3
5.805000E-3	1.960397E-4
5.810000E-3	-1.922011E-3
5.815000E-3	-1.584768E-3
5.820000E-3	4.099011E-4
5.825000E-3	-9.911656E-4
5.830000E-3	-1.820564E-3
5.835000E-3	-7.704496E-4
5.840000E-3	-2.054989E-3
5.845000E-3	-2.824068E-3
5.850000E-3	-4.976392E-4
5.855000E-3	-1.617670E-4
5.860000E-3	-4.606247E-4
5.865000E-3	2.841890E-3
5.870000E-3	5.332828E-3
5.875000E-3	5.807161E-3
5.880000E-3	5.541205E-3
5.885000E-3	5.796194E-3
5.890000E-3	5.044937E-3
5.895000E-3	3.828943E-3
5.900000E-3	3.286064E-3
5.905000E-3	1.738310E-3
5.910000E-3	2.508759E-4
5.915000E-3	-8.732677E-4
5.920000E-3	-5.415082E-4
5.925000E-3	-4.044175E-4
5.930000E-3	-1.013100E-3
5.935000E-3	-1.505256E-3
5.940000E-3	-2.312720E-3
5.945000E-3	-3.421783E-3
5.950000E-3	-1.946688E-3
5.955000E-3	-1.941204E-3
5.960000E-3	-2.070069E-3
5.965000E-3	1.274943E-4
5.970000E-3	7.142425E-4
5.975000E-3	6.744862E-4
5.980000E-3	2.108455E-3
5.985000E-3	2.640367E-3
5.990000E-3	1.509368E-3
5.995000E-3	1.739681E-3
6.000000E-3	1.911044E-3
6.005000E-3	4.866719E-4
6.010000E-3	1.089871E-3
6.015000E-3	1.828790E-3
6.020000E-3	-1.137853E-4
6.025000E-3	-9.596348E-5
6.030000E-3	1.226962E-3
6.035000E-3	1.143336E-3
6.040000E-3	1.324296E-3
6.045000E-3	2.856970E-3
6.050000E-3	1.847982E-3
6.055000E-3	8.115768E-4
6.060000E-3	1.220107E-3
6.065000E-3	-7.402897E-5
6.070000E-3	-1.172125E-3
6.075000E-3	-8.280277E-4
6.080000E-3	-1.013100E-3
6.085000E-3	-1.539528E-3
6.090000E-3	-1.580656E-3
6.095000E-3	-1.997411E-3
6.100000E-3	-1.957655E-3
6.105000E-3	-2.279818E-3
6.110000E-3	-3.020108E-3
6.115000E-3	-2.193451E-3
6.120000E-3	-1.295507E-3
6.125000E-3	-4.428029E-4
6.130000E-3	8.540750E-4
6.135000E-3	2.094746E-3
6.140000E-3	3.228486E-3
6.145000E-3	4.108608E-3
6.150000E-3	5.594671E-3
6.155000E-3	4.973650E-3
6.160000E-3	4.607618E-3
6.165000E-3	4.486978E-3
6.170000E-3	3.147602E-3
6.175000E-3	2.963901E-3
6.180000E-3	2.915919E-3
6.185000E-3	2.219498E-3
6.190000E-3	2.198935E-3
6.195000E-3	2.135873E-3
6.200000E-3	1.140594E-3
6.205000E-3	-3.002286E-4
6.210000E-3	-1.187205E-3
6.215000E-3	-2.127647E-3
6.220000E-3	-3.631532E-3
6.225000E-3	-3.073573E-3
6.230000E-3	-1.262605E-3
6.235000E-3	-1.185834E-3
6.240000E-3	1.302361E-4
6.245000E-3	1.454532E-3
6.250000E-3	1.466870E-4
6.255000E-3	-1.178980E-4
6.260000E-3	7.539988E-5
6.265000E-3	-1.173496E-3
6.270000E-3	-1.432598E-3
6.275000E-3	1.288652E-4
6.280000E-3	5.236864E-4
6.285000E-3	1.520336E-3
6.290000E-3	3.194213E-3
6.295000E-3	3.135264E-3
6.300000E-3	3.276467E-3
6.305000E-3	3.848135E-3
6.310000E-3	3.117442E-3
6.315000E-3	2.403200E-3
6.320000E-3	2.711654E-3
6.325000E-3	2.322316E-3
6.330000E-3	1.376390E-3
6.335000E-3	2.112567E-3
6.340000E-3	2.441585E-3
6.345000E-3	2.237320E-3
6.350000E-3	3.827572E-3
6.355000E-3	4.907846E-3
6.360000E-3	4.970908E-3
6.365000E-3	6.289721E-3
6.370000E-3	6.369233E-3
6.375000E-3	4.817367E-3
6.380000E-3	3.798783E-3
6.385000E-3	1.313329E-3
6.390000E-3	-2.152324E-3
6.395000E-3	-4.892766E-3
6.400000E-3	-7.482409E-3
6.405000E-3	-9.625137E-3
6.410000E-3	-9.627879E-3
6.415000E-3	-8.293986E-3
6.420000E-3	-6.972432E-3
6.425000E-3	-4.695356E-3
6.430000E-3	-6.127954E-4
6.435000E-3	2.182484E-3
6.440000E-3	4.962683E-3
6.445000E-3	9.300232E-3
6.450000E-3	1.218051E-2
6.455000E-3	1.347464E-2
6.460000E-3	1.475096E-2
6.465000E-3	1.397502E-2
6.470000E-3	1.088226E-2
6.475000E-3	8.646309E-3
6.480000E-3	5.103886E-3
6.485000E-3	2.563596E-4
6.490000E-3	-2.309978E-3
6.495000E-3	-4.574716E-3
6.500000E-3	-7.094443E-3
6.505000E-3	-7.067025E-3
6.510000E-3	-6.185532E-3
6.515000E-3	-6.520033E-3
6.520000E-3	-5.205333E-3
6.525000E-3	-3.427267E-3
6.530000E-3	-3.449202E-3
6.535000E-3	-2.859712E-3
6.540000E-3	-1.513481E-3
6.545000E-3	-1.486063E-3
6.550000E-3	-8.184314E-4
6.555000E-3	5.990863E-4
6.560000E-3	5.058646E-4
6.565000E-3	-4.523993E-4
6.570000E-3	-3.550649E-4
6.575000E-3	-1.771212E-3
6.580000E-3	-3.926277E-3
6.585000E-3	-3.239453E-3
6.590000E-3	-2.958417E-3
6.595000E-3	-2.669156E-3
6.600000E-3	3.399849E-4
6.605000E-3	3.054380E-3
6.610000E-3	4.151106E-3
6.615000E-3	5.978525E-3
6.620000E-3	6.898403E-3
6.625000E-3	5.534351E-3
6.630000E-3	5.173802E-3
6.635000E-3	5.180657E-3
6.640000E-3	3.730237E-3
6.645000E-3	4.345775E-3
6.650000E-3	5.234122E-3
6.655000E-3	3.964663E-3
6.660000E-3	3.275096E-3
6.665000E-3	2.467632E-3
6.670000E-3	-1.084387E-3
6.675000E-3	-3.399849E-3
6.680000E-3	-3.981113E-3
6.685000E-3	-6.095052E-3
6.690000E-3	-6.626964E-3
6.695000E-3	-4.315615E-3
6.700000E-3	-3.589034E-3
6.705000E-3	-2.637625E-3
6.710000E-3	-2.330542E-4
6.715000E-3	-1.165271E-4
6.720000E-3	-2.261996E-4
6.725000E-3	1.450419E-3
6.730000E-3	2.079666E-3
6.735000E-3	2.081037E-3
6.740000E-3	3.600001E-3
6.745000E-3	3.983855E-3
6.750000E-3	3.269613E-3
6.755000E-3	3.870070E-3
6.760000E-3	3.247678E-3
6.765000E-3	1.279056E-3
6.770000E-3	2.166033E-4
6.775000E-3	-9.308457E-4
6.780000E-3	-2.822697E-3
6.785000E-3	-3.136635E-3
6.790000E-3	-2.665043E-3
6.795000E-3	-2.723992E-3
6.800000E-3	-1.982331E-3
6.805000E-3	-6.196499E-4
6.810000E-3	-8.650422E-4
6.815000E-3	-6.265044E-4
6.820000E-3	4.962683E-4
6.825000E-3	6.785989E-4
6.830000E-3	1.050115E-3
6.835000E-3	2.342880E-3
6.840000E-3	2.510130E-3
6.845000E-3	2.874792E-3
6.850000E-3	3.915310E-3
6.855000E-3	3.255904E-3
6.860000E-3	2.322316E-3
6.865000E-3	2.130389E-3
6.870000E-3	1.401067E-3
6.875000E-3	3.125668E-4
6.880000E-3	3.057122E-4
6.885000E-3	4.332066E-4
6.890000E-3	5.620718E-4
6.895000E-3	1.043260E-3
6.900000E-3	1.900077E-3
6.905000E-3	2.056360E-3
6.910000E-3	2.002895E-3
6.915000E-3	1.583397E-3
6.920000E-3	-1.645088E-4
6.925000E-3	-1.980960E-3
6.930000E-3	-3.665805E-3
6.935000E-3	-5.315006E-3
6.940000E-3	-6.244481E-3
6.945000E-3	-6.308913E-3
6.950000E-3	-5.833209E-3
6.955000E-3	-4.573345E-3
6.960000E-3	-2.699316E-3
6.965000E-3	-9.335876E-4
6.970000E-3	4.565120E-4
6.975000E-3	1.982331E-3
6.980000E-3	2.973497E-3
6.985000E-3	3.536940E-3
6.990000E-3	3.738463E-3
6.995000E-3	3.584921E-3
7.000000E-3	3.439605E-3
7.005000E-3	3.069460E-3
7.010000E-3	2.248287E-3
7.015000E-3	1.226962E-3
7.020000E-3	1.178980E-4
7.025000E-3	-1.176238E-3
7.030000E-3	-2.756894E-3
7.035000E-3	-3.318965E-3
7.040000E-3	-3.366947E-3
7.045000E-3	-2.940595E-3
7.050000E-3	-1.316071E-3
7.055000E-3	6.635189E-4
7.060000E-3	2.389491E-3
7.065000E-3	4.160702E-3
7.070000E-3	5.792081E-3
7.075000E-3	6.509066E-3
7.080000E-3	6.651640E-3
7.085000E-3	6.045699E-3
7.090000E-3	4.755676E-3
7.095000E-3	3.420413E-3
7.100000E-3	1.979589E-3
7.105000E-3	4.414320E-4
7.110000E-3	-5.607009E-4
7.115000E-3	-1.747906E-3
7.120000E-3	-2.968013E-3
7.125000E-3	-4.090786E-3
7.130000E-3	-4.580200E-3
7.135000E-3	-4.326582E-3
7.140000E-3	-3.423154E-3
7.145000E-3	-1.598477E-3
7.150000E-3	4.825592E-4
7.155000E-3	2.427876E-3
7.160000E-3	4.449964E-3
7.165000E-3	5.914092E-3
7.170000E-3	6.563902E-3
7.175000E-3	6.450117E-3
7.180000E-3	5.875707E-3
7.185000E-3	4.877687E-3
7.190000E-3	3.637016E-3
7.195000E-3	2.240062E-3
7.200000E-3	4.688501E-4
7.205000E-3	-1.133740E-3
7.210000E-3	-2.689719E-3
7.215000E-3	-3.935874E-3
7.220000E-3	-4.811883E-3
7.225000E-3	-4.987359E-3
7.230000E-3	-4.421175E-3
7.235000E-3	-3.015995E-3
7.240000E-3	-1.058340E-3
7.245000E-3	1.070678E-3
7.250000E-3	3.154457E-3
7.255000E-3	4.828334E-3
7.260000E-3	5.628943E-3
7.265000E-3	5.897641E-3
7.270000E-3	5.446613E-3
7.275000E-3	4.485607E-3
7.280000E-3	3.032446E-3
7.285000E-3	1.594365E-3
7.290000E-3	7.128716E-5
7.295000E-3	-1.300991E-3
7.300000E-3	-2.223611E-3
7.305000E-3	-3.218889E-3
7.310000E-3	-3.889263E-3
7.315000E-3	-3.944099E-3
7.320000E-3	-3.649354E-3
7.325000E-3	-2.844632E-3
7.330000E-3	-1.402438E-3
7.335000E-3	2.782941E-4
7.340000E-3	1.971364E-3
7.345000E-3	3.768623E-3
7.350000E-3	5.094290E-3
7.355000E-3	5.779743E-3
7.360000E-3	6.232142E-3
7.365000E-3	5.840063E-3
7.370000E-3	5.479515E-3
7.375000E-3	5.025744E-3
7.380000E-3	4.471898E-3
7.385000E-3	3.561616E-3
7.390000E-3	2.898097E-3
7.395000E-3	2.081037E-3
7.400000E-3	1.331151E-3
7.405000E-3	4.825592E-4
7.410000E-3	-2.289414E-4
7.415000E-3	-9.404421E-4
7.420000E-3	-1.170754E-3
7.425000E-3	-8.280277E-4
7.430000E-3	-6.141663E-4
7.435000E-3	-4.510283E-4
7.440000E-3	-3.852248E-4
7.445000E-3	-3.646612E-4
7.450000E-3	-3.454685E-4
7.455000E-3	-2.138615E-4
7.460000E-3	-6.443262E-5
7.465000E-3	-6.169081E-5
7.470000E-3	2.467632E-5
7.475000E-3	-6.031990E-5
7.480000E-3	-3.125668E-4
7.485000E-3	-5.894899E-4
7.490000E-3	-7.238388E-4
7.495000E-3	-6.484389E-4
7.500000E-3	4.798174E-5
7.505000E-3	1.013100E-3
7.510000E-3	1.750648E-3
7.515000E-3	2.545774E-3
7.520000E-3	2.896726E-3
7.525000E-3	3.033817E-3
7.530000E-3	3.035188E-3
7.535000E-3	2.696574E-3
7.540000E-3	1.983702E-3
7.545000E-3	1.292765E-3
7.550000E-3	6.347299E-4
7.555000E-3	-1.795888E-4
7.560000E-3	-8.115768E-4
7.565000E-3	-1.536787E-3
7.570000E-3	-2.726734E-3
7.575000E-3	-3.487587E-3
7.580000E-3	-3.930390E-3
7.585000E-3	-4.306018E-3
7.590000E-3	-4.156590E-3
7.595000E-3	-3.365576E-3
7.600000E-3	-2.352476E-3
7.605000E-3	-6.470680E-4
7.610000E-3	1.143336E-3
7.615000E-3	2.682865E-3
7.620000E-3	4.140139E-3
7.625000E-3	5.560398E-3
7.630000E-3	6.063521E-3
7.635000E-3	5.480886E-3
7.640000E-3	4.556894E-3
7.645000E-3	3.009140E-3
7.650000E-3	1.151562E-3
7.655000E-3	-6.744862E-4
7.660000E-3	-2.049506E-3
7.665000E-3	-2.737701E-3
7.670000E-3	-2.717137E-3
7.675000E-3	-2.259254E-3
7.680000E-3	-1.439452E-3
7.685000E-3	-6.895661E-4
7.690000E-3	-6.854534E-6
7.695000E-3	2.124906E-4
7.700000E-3	6.045699E-4
7.705000E-3	7.306933E-4
7.710000E-3	7.320642E-4
7.715000E-3	1.183093E-3
7.720000E-3	9.843111E-4
7.725000E-3	6.415844E-4
7.730000E-3	9.322166E-5
7.735000E-3	-7.594824E-4
7.740000E-3	-2.083778E-3
7.745000E-3	-3.085911E-3
7.750000E-3	-3.875554E-3
7.755000E-3	-4.322469E-3
7.760000E-3	-3.835797E-3
7.765000E-3	-2.719879E-3
7.770000E-3	-1.140594E-3
7.775000E-3	1.085758E-3
7.780000E-3	3.201067E-3
7.785000E-3	5.080581E-3
7.790000E-3	6.784618E-3
7.795000E-3	8.107543E-3
7.800000E-3	8.847833E-3
7.805000E-3	8.835495E-3
7.810000E-3	7.947147E-3
7.815000E-3	6.452858E-3
7.820000E-3	4.618585E-3
7.825000E-3	2.379894E-3
7.830000E-3	-2.536178E-4
7.835000E-3	-2.814472E-3
7.840000E-3	-5.312264E-3
7.845000E-3	-7.320642E-3
7.850000E-3	-8.363903E-3
7.855000E-3	-8.481801E-3
7.860000E-3	-7.323384E-3
7.865000E-3	-5.421937E-3
7.870000E-3	-2.876163E-3
7.875000E-3	-2.193451E-5
7.880000E-3	2.515614E-3
7.885000E-3	4.969537E-3
7.890000E-3	6.969690E-3
7.895000E-3	7.877231E-3
7.900000E-3	8.196652E-3
7.905000E-3	7.572889E-3
7.910000E-3	6.241739E-3
7.915000E-3	5.038083E-3
7.920000E-3	3.479362E-3
7.925000E-3	1.835644E-3
7.930000E-3	6.580353E-5
7.935000E-3	-1.784921E-3
7.940000E-3	-3.527343E-3
7.945000E-3	-5.044937E-3
7.950000E-3	-6.036103E-3
7.955000E-3	-6.565273E-3
7.960000E-3	-6.552935E-3
7.965000E-3	-5.946994E-3
7.970000E-3	-4.625440E-3
7.975000E-3	-2.846003E-3
7.980000E-3	-6.991625E-4
7.985000E-3	1.292765E-3
7.990000E-3	3.328562E-3
7.995000E-3	5.449355E-3
8.000000E-3	7.131457E-3
8.005000E-3	8.267939E-3
8.010000E-3	9.138465E-3
8.015000E-3	9.031534E-3
8.020000E-3	8.210361E-3
8.025000E-3	7.375479E-3
8.030000E-3	5.630314E-3
8.035000E-3	3.414929E-3
8.040000E-3	1.279056E-3
8.045000E-3	-9.843111E-4
8.050000E-3	-2.926886E-3
8.055000E-3	-4.052401E-3
8.060000E-3	-4.419804E-3
8.065000E-3	-4.266262E-3
8.070000E-3	-3.390253E-3
8.075000E-3	-2.057731E-3
8.080000E-3	-6.333590E-4
8.085000E-3	9.116530E-4
8.090000E-3	2.288043E-3
8.095000E-3	3.306627E-3
8.100000E-3	4.163444E-3
8.105000E-3	4.859865E-3
8.110000E-3	4.942119E-3
8.115000E-3	4.774868E-3
8.120000E-3	4.282713E-3
8.125000E-3	3.797412E-3
8.130000E-3	2.726734E-3
8.135000E-3	1.613557E-3
8.140000E-3	5.456209E-4
8.145000E-3	-5.620718E-4
8.150000E-3	-1.325667E-3
8.155000E-3	-1.598477E-3
8.160000E-3	-2.305865E-3
8.165000E-3	-2.469003E-3
8.170000E-3	-2.127647E-3
8.175000E-3	-1.677990E-3
8.180000E-3	-7.773042E-4
8.185000E-3	2.851486E-4
8.190000E-3	1.150191E-3
8.195000E-3	1.845241E-3
8.200000E-3	2.190709E-3
8.205000E-3	2.033055E-3
8.210000E-3	1.606703E-3
8.215000E-3	1.272202E-3
8.220000E-3	9.801984E-4
8.225000E-3	7.553697E-4
8.230000E-3	7.718205E-4
8.235000E-3	1.015842E-3
8.240000E-3	1.325667E-3
8.245000E-3	1.754761E-3
8.250000E-3	2.622545E-3
8.255000E-3	2.813101E-3
8.260000E-3	2.673268E-3
8.265000E-3	2.559483E-3
8.270000E-3	2.138615E-3
8.275000E-3	1.538157E-3
8.280000E-3	7.073879E-4
8.285000E-3	-1.425743E-4
8.290000E-3	-7.814169E-4
8.295000E-3	-1.218736E-3
8.300000E-3	-1.690328E-3
8.305000E-3	-2.182484E-3
8.310000E-3	-2.407312E-3
8.315000E-3	-2.847373E-3
8.320000E-3	-3.117442E-3
8.325000E-3	-3.142118E-3
8.330000E-3	-3.198326E-3
8.335000E-3	-2.958417E-3
8.340000E-3	-2.822697E-3
8.345000E-3	-2.607465E-3
8.350000E-3	-2.360702E-3
8.355000E-3	-2.005637E-3
8.360000E-3	-1.309216E-3
8.365000E-3	-5.853772E-4
8.370000E-3	4.263520E-4
8.375000E-3	1.268089E-3
8.380000E-3	1.997411E-3
8.385000E-3	2.305865E-3
8.390000E-3	2.426505E-3
8.395000E-3	2.023458E-3
8.400000E-3	1.621783E-3
8.405000E-3	8.965731E-4
8.410000E-3	1.631379E-4
8.415000E-3	-1.151562E-4
8.420000E-3	-3.495812E-4
8.425000E-3	-6.895661E-4
8.430000E-3	-8.266568E-4
8.435000E-3	-8.636713E-4
8.440000E-3	-1.070678E-3
8.445000E-3	-1.410663E-3
8.450000E-3	-1.443565E-3
8.455000E-3	-1.255751E-3
8.460000E-3	-8.444786E-4
8.465000E-3	-1.919270E-4
8.470000E-3	3.372431E-4
8.475000E-3	9.911656E-4
8.480000E-3	1.630008E-3
8.485000E-3	2.141356E-3
8.490000E-3	1.886368E-3
8.495000E-3	1.469612E-3
8.500000E-3	9.418130E-4
8.505000E-3	5.332828E-4
8.510000E-3	3.029704E-4
8.515000E-3	2.741814E-4
8.520000E-3	2.357960E-4
8.525000E-3	3.427267E-4
8.530000E-3	5.182028E-4
8.535000E-3	5.017519E-4
8.540000E-3	5.757809E-4
8.545000E-3	3.879666E-4
8.550000E-3	4.825592E-4
8.555000E-3	3.728867E-4
8.560000E-3	2.673268E-4
8.565000E-3	-8.362532E-5
8.570000E-3	-4.332066E-4
8.575000E-3	-7.046461E-4
8.580000E-3	-9.527802E-4
8.585000E-3	-8.952022E-4
8.590000E-3	-5.675554E-4
8.595000E-3	1.124144E-4
8.600000E-3	9.706020E-4
8.605000E-3	1.869917E-3
8.610000E-3	2.832294E-3
8.615000E-3	3.313482E-3
8.620000E-3	3.617823E-3
8.625000E-3	3.610969E-3
8.630000E-3	3.143489E-3
8.635000E-3	2.135873E-3
8.640000E-3	8.239150E-4
8.645000E-3	-4.318357E-4
8.650000E-3	-1.591623E-3
8.655000E-3	-2.458036E-3
8.660000E-3	-3.013253E-3
8.665000E-3	-3.150344E-3
8.670000E-3	-2.843261E-3
8.675000E-3	-1.645088E-3
8.680000E-3	-2.810359E-4
8.685000E-3	1.026809E-3
8.690000E-3	2.296269E-3
8.695000E-3	3.288805E-3
8.700000E-3	4.115462E-3
8.705000E-3	4.438996E-3
8.710000E-3	4.436255E-3
8.715000E-3	4.337549E-3
8.720000E-3	4.035950E-3
8.725000E-3	3.299773E-3
8.730000E-3	2.312720E-3
8.735000E-3	1.565576E-3
8.740000E-3	5.607009E-4
8.745000E-3	-1.206398E-4
8.750000E-3	-7.978678E-4
8.755000E-3	-1.048744E-3
8.760000E-3	-1.157045E-3
8.765000E-3	-9.815693E-4
8.770000E-3	-6.703734E-4
8.775000E-3	-2.042651E-4
8.780000E-3	6.278753E-4
8.785000E-3	1.300991E-3
8.790000E-3	1.883626E-3
8.795000E-3	2.629399E-3
8.800000E-3	2.896726E-3
8.805000E-3	3.175020E-3
8.810000E-3	3.118813E-3
8.815000E-3	3.003657E-3
8.820000E-3	2.782941E-3
8.825000E-3	2.122164E-3
8.830000E-3	1.321554E-3
8.835000E-3	8.554459E-4
8.840000E-3	6.402135E-4
8.845000E-3	3.852248E-4
8.850000E-3	4.798174E-4
8.855000E-3	4.482865E-4
8.860000E-3	6.648898E-4
8.865000E-3	7.005334E-4
8.870000E-3	6.785989E-4
8.875000E-3	2.248287E-4
8.880000E-3	-2.591014E-4
8.885000E-3	-7.252097E-4
8.890000E-3	-1.118660E-3
8.895000E-3	-1.586139E-3
8.900000E-3	-1.694441E-3
8.905000E-3	-1.588881E-3
8.910000E-3	-1.224220E-3
8.915000E-3	-4.071593E-4
8.920000E-3	4.304647E-4
8.925000E-3	1.202285E-3
8.930000E-3	1.904190E-3
8.935000E-3	2.681494E-3
8.940000E-3	3.277838E-3
8.945000E-3	3.657579E-3
8.950000E-3	3.375173E-3
8.955000E-3	2.913177E-3
8.960000E-3	2.473116E-3
8.965000E-3	1.868546E-3
8.970000E-3	1.077533E-3
8.975000E-3	5.086064E-4
8.980000E-3	1.206398E-4
8.985000E-3	-4.523993E-4
8.990000E-3	-1.170754E-3
8.995000E-3	-1.617670E-3
9.000000E-3	-2.031684E-3
9.005000E-3	-2.319574E-3
9.010000E-3	-2.186596E-3
9.015000E-3	-2.098858E-3
9.020000E-3	-1.676619E-3
9.025000E-3	-1.063824E-3
9.030000E-3	-5.757809E-5
9.035000E-3	8.718967E-4
9.040000E-3	1.683474E-3
9.045000E-3	2.305865E-3
9.050000E-3	2.629399E-3
9.055000E-3	2.334654E-3
9.060000E-3	1.942575E-3
9.065000E-3	1.391470E-3
9.070000E-3	5.195737E-4
9.075000E-3	-2.865195E-4
9.080000E-3	-7.005334E-4
9.085000E-3	-1.132369E-3
9.090000E-3	-1.277685E-3
9.095000E-3	-1.206398E-3
9.100000E-3	-9.212494E-4
9.105000E-3	-2.330542E-5
9.110000E-3	8.431077E-4
9.115000E-3	1.911044E-3
9.120000E-3	2.723992E-3
9.125000E-3	3.203809E-3
9.130000E-3	3.576696E-3
9.135000E-3	3.589034E-3
9.140000E-3	3.297031E-3
9.145000E-3	2.855599E-3
9.150000E-3	2.329171E-3
9.155000E-3	1.764357E-3
9.160000E-3	1.110435E-3
9.165000E-3	5.853772E-4
9.170000E-3	2.796650E-4
9.175000E-3	-3.166795E-4
9.180000E-3	-8.650422E-4
9.185000E-3	-9.281039E-4
9.190000E-3	-1.093984E-3
9.195000E-3	-1.392841E-3
9.200000E-3	-1.237929E-3
9.205000E-3	-1.214623E-3
9.210000E-3	-1.126885E-3
9.215000E-3	-8.609295E-4
9.220000E-3	-8.417368E-4
9.225000E-3	-6.456971E-4
9.230000E-3	-5.044937E-4
9.235000E-3	-3.372431E-4
9.240000E-3	-2.700686E-4
9.245000E-3	-3.619194E-4
9.250000E-3	-3.674030E-4
9.255000E-3	-5.223155E-4
9.260000E-3	-5.346537E-4
9.265000E-3	-5.003810E-4
9.270000E-3	-2.152324E-4
9.275000E-3	1.370907E-6
9.280000E-3	6.991625E-5
9.285000E-3	1.713634E-4
9.290000E-3	2.741814E-5
9.295000E-3	-1.562834E-4
9.300000E-3	-5.867481E-4
9.305000E-3	-7.896423E-4
9.310000E-3	-7.882714E-4
9.315000E-3	-1.037776E-3
9.320000E-3	-1.354456E-3
9.325000E-3	-1.412034E-3
9.330000E-3	-1.014471E-3
9.335000E-3	-2.824068E-4
9.340000E-3	7.485151E-4
9.345000E-3	1.584768E-3
9.350000E-3	2.538919E-3
9.355000E-3	3.331304E-3
9.360000E-3	3.728867E-3
9.365000E-3	3.654838E-3
9.370000E-3	3.288805E-3
9.375000E-3	2.773345E-3
9.380000E-3	2.100229E-3
9.385000E-3	1.295507E-3
9.390000E-3	6.127954E-4
9.395000E-3	-8.088350E-5
9.400000E-3	-5.812645E-4
9.405000E-3	-8.417368E-4
9.410000E-3	-9.253621E-4
9.415000E-3	-1.043260E-3
9.420000E-3	-1.155674E-3
9.425000E-3	-1.421630E-3
9.430000E-3	-1.429856E-3
9.435000E-3	-1.501143E-3
9.440000E-3	-1.643717E-3
9.445000E-3	-1.603961E-3
9.450000E-3	-1.534045E-3
9.455000E-3	-1.073420E-3
9.460000E-3	-6.292462E-4
9.465000E-3	-7.265806E-5
9.470000E-3	2.673268E-4
9.475000E-3	2.947450E-4
9.480000E-3	5.840063E-4
9.485000E-3	7.444024E-4
9.490000E-3	8.129478E-4
9.495000E-3	7.690787E-4
9.500000E-3	8.828640E-4
9.505000E-3	1.210511E-3
9.510000E-3	1.390100E-3
9.515000E-3	1.619041E-3
9.520000E-3	1.998782E-3
9.525000E-3	2.175629E-3
9.530000E-3	2.388120E-3
9.535000E-3	2.984464E-3
9.540000E-3	3.645241E-3
9.545000E-3	4.101753E-3
9.550000E-3	4.236102E-3
9.555000E-3	4.358113E-3
9.560000E-3	4.186749E-3
9.565000E-3	3.919423E-3
9.570000E-3	3.221631E-3
9.575000E-3	2.507389E-3
9.580000E-3	1.521707E-3
9.585000E-3	5.634427E-4
9.590000E-3	-6.443262E-5
9.595000E-3	-5.579591E-4
9.600000E-3	-8.897185E-4
9.605000E-3	-8.705258E-4
9.610000E-3	-6.470680E-4
9.615000E-3	-1.658797E-4
9.620000E-3	4.948974E-4
9.625000E-3	1.118660E-3
9.630000E-3	1.917899E-3
9.635000E-3	2.282560E-3
9.640000E-3	2.540290E-3
9.645000E-3	2.660930E-3
9.650000E-3	2.434731E-3
9.655000E-3	2.192080E-3
9.660000E-3	1.838386E-3
9.665000E-3	1.436710E-3
9.670000E-3	7.827878E-4
9.675000E-3	5.346537E-5
9.680000E-3	-3.578067E-4
9.685000E-3	-9.445548E-4
9.690000E-3	-1.299620E-3
9.695000E-3	-1.731455E-3
9.700000E-3	-1.738310E-3
9.705000E-3	-1.427114E-3
9.710000E-3	-8.129478E-4
9.715000E-3	-3.907084E-4
9.720000E-3	4.359484E-4
9.725000E-3	9.404421E-4
9.730000E-3	1.392841E-3
9.735000E-3	1.664281E-3
9.740000E-3	1.843870E-3
9.745000E-3	1.964509E-3
9.750000E-3	1.942575E-3
9.755000E-3	1.976848E-3
9.760000E-3	1.686215E-3
9.765000E-3	1.557350E-3
9.770000E-3	1.538157E-3
9.775000E-3	1.708150E-3
9.780000E-3	1.754761E-3
9.785000E-3	1.819193E-3
9.790000E-3	2.037168E-3
9.795000E-3	1.872659E-3
9.800000E-3	1.773953E-3
9.805000E-3	1.875401E-3
9.810000E-3	1.895964E-3
9.815000E-3	1.923382E-3
9.820000E-3	2.041280E-3
9.825000E-3	2.294898E-3
9.830000E-3	2.130389E-3
9.835000E-3	1.772583E-3
9.840000E-3	1.255751E-3
9.845000E-3	8.527040E-4
9.850000E-3	4.565120E-4
9.855000E-3	3.290176E-5
9.860000E-3	-5.785227E-4
9.865000E-3	-7.663369E-4
9.870000E-3	-1.052856E-3
9.875000E-3	-1.306474E-3
9.880000E-3	-1.348972E-3
9.885000E-3	-1.211882E-3
9.890000E-3	-8.431077E-4
9.895000E-3	-6.566644E-4
9.900000E-3	-5.497336E-4
9.905000E-3	-3.756285E-4
9.910000E-3	-1.192689E-4
9.915000E-3	2.604723E-5
9.920000E-3	-3.701448E-5
9.925000E-3	-1.357198E-4
9.930000E-3	-1.837015E-4
9.935000E-3	-1.137853E-4
9.940000E-3	-2.741814E-5
9.945000E-3	2.961159E-4
9.950000E-3	4.153848E-4
9.955000E-3	1.039147E-3
9.960000E-3	1.583397E-3
9.965000E-3	1.702666E-3
9.970000E-3	2.107084E-3
9.975000E-3	2.419651E-3
9.980000E-3	2.637625E-3
9.985000E-3	2.614319E-3
9.990000E-3	2.762377E-3
9.995000E-3	2.471745E-3
