0.000000E+0	2.216756E-2
5.000000E-6	2.226216E-2
1.000000E-5	2.238417E-2
1.500000E-5	2.232659E-2
2.000000E-5	2.231151E-2
2.500000E-5	2.233893E-2
3.000000E-5	2.234852E-2
3.500000E-5	2.235126E-2
4.000000E-5	2.219087E-2
4.500000E-5	2.204555E-2
5.000000E-5	2.201813E-2
5.500000E-5	2.221143E-2
6.000000E-5	2.228135E-2
6.500000E-5	2.235126E-2
7.000000E-5	2.222788E-2
7.500000E-5	2.223337E-2
8.000000E-5	2.229369E-2
8.500000E-5	2.236223E-2
9.000000E-5	2.254593E-2
9.500000E-5	2.249384E-2
1.000000E-4	2.247328E-2
1.050000E-4	2.253634E-2
1.100000E-4	2.247053E-2
1.150000E-4	2.244037E-2
1.200000E-4	2.224022E-2
1.250000E-4	2.218539E-2
1.300000E-4	2.218127E-2
1.350000E-4	2.204555E-2
1.400000E-4	2.223063E-2
1.450000E-4	2.228820E-2
1.500000E-4	2.239239E-2
1.550000E-4	2.220458E-2
1.600000E-4	2.201539E-2
1.650000E-4	2.235401E-2
1.700000E-4	2.223885E-2
1.750000E-4	2.215934E-2
1.800000E-4	2.214837E-2
1.850000E-4	2.227861E-2
1.900000E-4	2.227861E-2
1.950000E-4	2.213192E-2
2.000000E-4	2.204555E-2
2.050000E-4	2.211136E-2
2.100000E-4	2.214563E-2
2.150000E-4	2.206749E-2
2.200000E-4	2.210587E-2
2.250000E-4	2.227038E-2
2.300000E-4	2.229506E-2
2.350000E-4	2.229506E-2
2.400000E-4	2.242941E-2
2.450000E-4	2.238417E-2
2.500000E-4	2.240473E-2
2.550000E-4	2.228820E-2
2.600000E-4	2.242666E-2
2.650000E-4	2.231288E-2
2.700000E-4	2.236223E-2
2.750000E-4	2.223611E-2
2.800000E-4	2.204418E-2
2.850000E-4	2.238554E-2
2.900000E-4	2.244449E-2
2.950000E-4	2.215385E-2
3.000000E-4	2.233481E-2
3.050000E-4	2.243352E-2
3.100000E-4	2.234304E-2
3.150000E-4	2.234578E-2
3.200000E-4	2.218676E-2
3.250000E-4	2.219635E-2
3.300000E-4	2.195644E-2
3.350000E-4	2.207434E-2
3.400000E-4	2.215248E-2
3.450000E-4	2.185500E-2
3.500000E-4	2.211958E-2
3.550000E-4	2.217990E-2
3.600000E-4	2.216893E-2
3.650000E-4	2.238280E-2
3.700000E-4	2.246094E-2
3.750000E-4	2.237731E-2
3.800000E-4	2.229506E-2
3.850000E-4	2.222925E-2
3.900000E-4	2.212507E-2
3.950000E-4	2.226079E-2
4.000000E-4	2.216482E-2
4.050000E-4	2.215111E-2
4.100000E-4	2.215248E-2
4.150000E-4	2.202636E-2
4.200000E-4	2.223337E-2
4.250000E-4	2.213740E-2
4.300000E-4	2.213055E-2
4.350000E-4	2.232111E-2
4.400000E-4	2.226764E-2
4.450000E-4	2.229643E-2
4.500000E-4	2.215523E-2
4.550000E-4	2.215248E-2
4.600000E-4	2.195233E-2
4.650000E-4	2.212095E-2
4.700000E-4	2.239102E-2
4.750000E-4	2.215934E-2
4.800000E-4	2.234030E-2
4.850000E-4	2.230603E-2
4.900000E-4	2.224708E-2
4.950000E-4	2.227312E-2
5.000000E-4	2.217716E-2
5.050000E-4	2.215934E-2
5.100000E-4	2.226627E-2
5.150000E-4	2.223474E-2
5.200000E-4	2.221006E-2
5.250000E-4	2.221280E-2
5.300000E-4	2.205515E-2
5.350000E-4	2.206063E-2
5.400000E-4	2.202773E-2
5.450000E-4	2.213192E-2
5.500000E-4	2.225667E-2
5.550000E-4	2.189475E-2
5.600000E-4	2.196878E-2
5.650000E-4	2.192903E-2
5.700000E-4	2.205241E-2
5.750000E-4	2.204418E-2
5.800000E-4	2.200443E-2
5.850000E-4	2.213055E-2
5.900000E-4	2.200031E-2
5.950000E-4	2.200854E-2
6.000000E-4	2.216345E-2
6.050000E-4	2.214015E-2
6.100000E-4	2.223337E-2
6.150000E-4	2.207023E-2
6.200000E-4	2.196056E-2
6.250000E-4	2.216756E-2
6.300000E-4	2.239650E-2
6.350000E-4	2.246779E-2
6.400000E-4	2.214426E-2
6.450000E-4	2.238691E-2
6.500000E-4	2.221692E-2
6.550000E-4	2.231562E-2
6.600000E-4	2.221829E-2
6.650000E-4	2.210176E-2
6.700000E-4	2.226216E-2
6.750000E-4	2.219361E-2
6.800000E-4	2.231836E-2
6.850000E-4	2.213740E-2
6.900000E-4	2.200305E-2
6.950000E-4	2.202225E-2
7.000000E-4	2.221280E-2
7.050000E-4	2.217442E-2
7.100000E-4	2.220047E-2
7.150000E-4	2.214700E-2
7.200000E-4	2.216482E-2
7.250000E-4	2.222514E-2
7.300000E-4	2.211136E-2
7.350000E-4	2.217579E-2
7.400000E-4	2.223885E-2
7.450000E-4	2.214974E-2
7.500000E-4	2.222103E-2
7.550000E-4	2.208668E-2
7.600000E-4	2.213192E-2
7.650000E-4	2.201676E-2
7.700000E-4	2.208805E-2
7.750000E-4	2.214563E-2
7.800000E-4	2.206200E-2
7.850000E-4	2.208257E-2
7.900000E-4	2.221966E-2
7.950000E-4	2.220869E-2
8.000000E-4	2.217853E-2
8.050000E-4	2.210587E-2
8.100000E-4	2.228820E-2
8.150000E-4	2.235812E-2
8.200000E-4	2.213740E-2
8.250000E-4	2.197701E-2
8.300000E-4	2.192080E-2
8.350000E-4	2.210861E-2
8.400000E-4	2.215111E-2
8.450000E-4	2.206886E-2
8.500000E-4	2.216482E-2
8.550000E-4	2.222651E-2
8.600000E-4	2.211547E-2
8.650000E-4	2.220184E-2
8.700000E-4	2.224571E-2
8.750000E-4	2.231425E-2
8.800000E-4	2.222240E-2
8.850000E-4	2.205652E-2
8.900000E-4	2.216893E-2
8.950000E-4	2.216208E-2
9.000000E-4	2.210039E-2
9.050000E-4	2.225530E-2
9.100000E-4	2.214837E-2
9.150000E-4	2.219772E-2
9.200000E-4	2.212095E-2
9.250000E-4	2.213055E-2
9.300000E-4	2.231699E-2
9.350000E-4	2.228272E-2
9.400000E-4	2.216071E-2
9.450000E-4	2.213877E-2
9.500000E-4	2.205378E-2
9.550000E-4	2.193725E-2
9.600000E-4	2.188104E-2
9.650000E-4	2.186871E-2
9.700000E-4	2.194959E-2
9.750000E-4	2.219087E-2
9.800000E-4	2.221143E-2
9.850000E-4	2.216482E-2
9.900000E-4	2.210039E-2
9.950000E-4	2.211958E-2
1.000000E-3	2.212918E-2
1.005000E-3	2.203596E-2
1.010000E-3	2.213603E-2
1.015000E-3	2.198112E-2
1.020000E-3	2.193725E-2
1.025000E-3	2.217990E-2
1.030000E-3	2.211684E-2
1.035000E-3	2.201676E-2
1.040000E-3	2.221417E-2
1.045000E-3	2.227724E-2
1.050000E-3	2.228272E-2
1.055000E-3	2.230877E-2
1.060000E-3	2.229643E-2
1.065000E-3	2.212232E-2
1.070000E-3	2.215934E-2
1.075000E-3	2.212781E-2
1.080000E-3	2.210861E-2
1.085000E-3	2.214152E-2
1.090000E-3	2.229917E-2
1.095000E-3	2.216482E-2
1.100000E-3	2.215797E-2
1.105000E-3	2.227861E-2
1.110000E-3	2.227724E-2
1.115000E-3	2.225393E-2
1.120000E-3	2.219224E-2
1.125000E-3	2.232385E-2
1.130000E-3	2.222788E-2
1.135000E-3	2.227038E-2
1.140000E-3	2.217168E-2
1.145000E-3	2.215934E-2
1.150000E-3	2.221143E-2
1.155000E-3	2.223748E-2
1.160000E-3	2.217579E-2
1.165000E-3	2.218950E-2
1.170000E-3	2.212781E-2
1.175000E-3	2.210724E-2
1.180000E-3	2.228957E-2
1.185000E-3	2.222240E-2
1.190000E-3	2.200443E-2
1.195000E-3	2.198797E-2
1.200000E-3	2.211821E-2
1.205000E-3	2.226216E-2
1.210000E-3	2.238142E-2
1.215000E-3	2.243489E-2
1.220000E-3	2.217579E-2
1.225000E-3	2.221829E-2
1.230000E-3	2.208257E-2
1.235000E-3	2.198523E-2
1.240000E-3	2.185088E-2
1.245000E-3	2.190161E-2
1.250000E-3	2.202910E-2
1.255000E-3	2.191395E-2
1.260000E-3	2.202225E-2
1.265000E-3	2.224845E-2
1.270000E-3	2.219635E-2
1.275000E-3	2.234304E-2
1.280000E-3	2.241844E-2
1.285000E-3	2.218813E-2
1.290000E-3	2.214426E-2
1.295000E-3	2.198386E-2
1.300000E-3	2.202773E-2
1.305000E-3	2.198797E-2
1.310000E-3	2.212095E-2
1.315000E-3	2.216345E-2
1.320000E-3	2.213603E-2
1.325000E-3	2.225256E-2
1.330000E-3	2.215797E-2
1.335000E-3	2.214015E-2
1.340000E-3	2.212507E-2
1.345000E-3	2.216208E-2
1.350000E-3	2.211136E-2
1.355000E-3	2.227587E-2
1.360000E-3	2.202225E-2
1.365000E-3	2.187693E-2
1.370000E-3	2.194959E-2
1.375000E-3	2.182484E-2
1.380000E-3	2.190298E-2
1.385000E-3	2.192491E-2
1.390000E-3	2.210861E-2
1.395000E-3	2.224571E-2
1.400000E-3	2.224022E-2
1.405000E-3	2.238828E-2
1.410000E-3	2.233344E-2
1.415000E-3	2.222651E-2
1.420000E-3	2.220732E-2
1.425000E-3	2.212644E-2
1.430000E-3	2.217168E-2
1.435000E-3	2.219909E-2
1.440000E-3	2.217990E-2
1.445000E-3	2.220595E-2
1.450000E-3	2.222103E-2
1.455000E-3	2.204144E-2
1.460000E-3	2.193314E-2
1.465000E-3	2.204281E-2
1.470000E-3	2.216208E-2
1.475000E-3	2.204418E-2
1.480000E-3	2.199894E-2
1.485000E-3	2.207708E-2
1.490000E-3	2.194136E-2
1.495000E-3	2.204418E-2
1.500000E-3	2.229643E-2
1.505000E-3	2.212095E-2
1.510000E-3	2.199620E-2
1.515000E-3	2.211273E-2
1.520000E-3	2.210587E-2
1.525000E-3	2.219772E-2
1.530000E-3	2.227587E-2
1.535000E-3	2.211821E-2
1.540000E-3	2.217716E-2
1.545000E-3	2.202773E-2
1.550000E-3	2.230054E-2
1.555000E-3	2.226490E-2
1.560000E-3	2.224022E-2
1.565000E-3	2.232522E-2
1.570000E-3	2.233618E-2
1.575000E-3	2.226764E-2
1.580000E-3	2.218950E-2
1.585000E-3	2.218539E-2
1.590000E-3	2.229232E-2
1.595000E-3	2.219772E-2
1.600000E-3	2.219909E-2
1.605000E-3	2.207297E-2
1.610000E-3	2.219224E-2
1.615000E-3	2.221692E-2
1.620000E-3	2.222240E-2
1.625000E-3	2.216619E-2
1.630000E-3	2.215111E-2
1.635000E-3	2.210176E-2
1.640000E-3	2.221006E-2
1.645000E-3	2.228409E-2
1.650000E-3	2.222651E-2
1.655000E-3	2.228135E-2
1.660000E-3	2.213466E-2
1.665000E-3	2.223200E-2
1.670000E-3	2.216756E-2
1.675000E-3	2.207434E-2
1.680000E-3	2.214837E-2
1.685000E-3	2.219909E-2
1.690000E-3	2.218813E-2
1.695000E-3	2.214837E-2
1.700000E-3	2.220458E-2
1.705000E-3	2.220732E-2
1.710000E-3	2.245957E-2
1.715000E-3	2.238142E-2
1.720000E-3	2.230191E-2
1.725000E-3	2.234304E-2
1.730000E-3	2.223474E-2
1.735000E-3	2.213740E-2
1.740000E-3	2.226764E-2
1.745000E-3	2.243078E-2
1.750000E-3	2.226901E-2
1.755000E-3	2.214152E-2
1.760000E-3	2.222651E-2
1.765000E-3	2.212095E-2
1.770000E-3	2.217442E-2
1.775000E-3	2.224982E-2
1.780000E-3	2.235812E-2
1.785000E-3	2.229506E-2
1.790000E-3	2.224022E-2
1.795000E-3	2.226216E-2
1.800000E-3	2.203596E-2
1.805000E-3	2.192628E-2
1.810000E-3	2.209491E-2
1.815000E-3	2.209765E-2
1.820000E-3	2.209079E-2
1.825000E-3	2.219635E-2
1.830000E-3	2.219087E-2
1.835000E-3	2.222651E-2
1.840000E-3	2.245408E-2
1.845000E-3	2.250892E-2
1.850000E-3	2.222925E-2
1.855000E-3	2.218813E-2
1.860000E-3	2.239239E-2
1.865000E-3	2.233756E-2
1.870000E-3	2.240747E-2
1.875000E-3	2.223748E-2
1.880000E-3	2.201676E-2
1.885000E-3	2.221006E-2
1.890000E-3	2.230877E-2
1.895000E-3	2.216345E-2
1.900000E-3	2.218264E-2
1.905000E-3	2.215797E-2
1.910000E-3	2.198112E-2
1.915000E-3	2.208942E-2
1.920000E-3	2.186185E-2
1.925000E-3	2.191120E-2
1.930000E-3	2.203733E-2
1.935000E-3	2.197975E-2
1.940000E-3	2.195919E-2
1.945000E-3	2.206200E-2
1.950000E-3	2.227175E-2
1.955000E-3	2.203596E-2
1.960000E-3	2.216619E-2
1.965000E-3	2.230465E-2
1.970000E-3	2.230191E-2
1.975000E-3	2.221280E-2
1.980000E-3	2.214974E-2
1.985000E-3	2.216619E-2
1.990000E-3	2.209902E-2
1.995000E-3	2.223611E-2
2.000000E-3	2.219909E-2
2.005000E-3	2.210039E-2
2.010000E-3	2.212232E-2
2.015000E-3	2.210861E-2
2.020000E-3	2.195233E-2
2.025000E-3	2.209216E-2
2.030000E-3	2.228546E-2
2.035000E-3	2.205926E-2
2.040000E-3	2.204007E-2
2.045000E-3	2.207571E-2
2.050000E-3	2.205652E-2
2.055000E-3	2.195096E-2
2.060000E-3	2.212918E-2
2.065000E-3	2.206063E-2
2.070000E-3	2.188790E-2
2.075000E-3	2.199209E-2
2.080000E-3	2.213329E-2
2.085000E-3	2.223748E-2
2.090000E-3	2.226216E-2
2.095000E-3	2.200168E-2
2.100000E-3	2.203733E-2
2.105000E-3	2.206337E-2
2.110000E-3	2.213466E-2
2.115000E-3	2.224159E-2
2.120000E-3	2.214289E-2
2.125000E-3	2.225119E-2
2.130000E-3	2.230740E-2
2.135000E-3	2.224296E-2
2.140000E-3	2.223474E-2
2.145000E-3	2.226627E-2
2.150000E-3	2.225256E-2
2.155000E-3	2.213192E-2
2.160000E-3	2.197564E-2
2.165000E-3	2.197289E-2
2.170000E-3	2.198660E-2
2.175000E-3	2.212644E-2
2.180000E-3	2.223337E-2
2.185000E-3	2.217442E-2
2.190000E-3	2.194411E-2
2.195000E-3	2.178508E-2
2.200000E-3	2.197838E-2
2.205000E-3	2.217168E-2
2.210000E-3	2.217305E-2
2.215000E-3	2.210039E-2
2.220000E-3	2.193040E-2
2.225000E-3	2.201402E-2
2.230000E-3	2.217168E-2
2.235000E-3	2.207571E-2
2.240000E-3	2.218539E-2
2.245000E-3	2.219909E-2
2.250000E-3	2.219498E-2
2.255000E-3	2.211958E-2
2.260000E-3	2.215248E-2
2.265000E-3	2.225941E-2
2.270000E-3	2.199483E-2
2.275000E-3	2.195507E-2
2.280000E-3	2.217579E-2
2.285000E-3	2.219909E-2
2.290000E-3	2.200991E-2
2.295000E-3	2.205926E-2
2.300000E-3	2.205378E-2
2.305000E-3	2.191120E-2
2.310000E-3	2.188379E-2
2.315000E-3	2.201128E-2
2.320000E-3	2.200854E-2
2.325000E-3	2.193725E-2
2.330000E-3	2.218539E-2
2.335000E-3	2.213329E-2
2.340000E-3	2.217990E-2
2.345000E-3	2.214289E-2
2.350000E-3	2.214974E-2
2.355000E-3	2.230191E-2
2.360000E-3	2.214152E-2
2.365000E-3	2.220458E-2
2.370000E-3	2.210450E-2
2.375000E-3	2.235264E-2
2.380000E-3	2.205241E-2
2.385000E-3	2.201539E-2
2.390000E-3	2.190298E-2
2.395000E-3	2.205378E-2
2.400000E-3	2.180701E-2
2.405000E-3	2.191120E-2
2.410000E-3	2.191120E-2
2.415000E-3	2.194685E-2
2.420000E-3	2.192491E-2
2.425000E-3	2.213466E-2
2.430000E-3	2.195919E-2
2.435000E-3	2.220047E-2
2.440000E-3	2.221280E-2
2.445000E-3	1.571196E-2
2.450000E-3	2.057731E-3
2.455000E-3	1.214623E-3
2.460000E-3	-1.521295E-2
2.465000E-3	-4.510283E-3
2.470000E-3	-1.092750E-2
2.475000E-3	-5.157214E-2
2.480000E-3	-1.635766E-2
2.485000E-3	1.889795E-2
2.490000E-3	4.114091E-3
2.495000E-3	7.147360E-2
2.500000E-3	1.649941E-1
2.505000E-3	1.389921E-1
2.510000E-3	9.194672E-2
2.515000E-3	1.079575E-1
2.520000E-3	5.420566E-2
2.525000E-3	1.222575E-2
2.530000E-3	4.738128E-2
2.535000E-3	1.366657E-2
2.540000E-3	-1.478523E-2
2.545000E-3	3.329659E-2
2.550000E-3	2.877533E-3
2.555000E-3	-4.313970E-2
2.560000E-3	-4.444480E-3
2.565000E-3	-1.557761E-2
2.570000E-3	-4.840809E-2
2.575000E-3	-9.536028E-3
2.580000E-3	-5.601525E-3
2.585000E-3	-2.730435E-2
2.590000E-3	2.516574E-2
2.595000E-3	3.118402E-2
2.600000E-3	1.688957E-3
2.605000E-3	4.320824E-2
2.610000E-3	5.800581E-2
2.615000E-3	2.058280E-2
2.620000E-3	3.643596E-2
2.625000E-3	5.603033E-2
2.630000E-3	2.877945E-2
2.635000E-3	4.163855E-2
2.640000E-3	5.189842E-2
2.645000E-3	2.236360E-2
2.650000E-3	2.983642E-2
2.655000E-3	3.574640E-2
2.660000E-3	-5.720794E-3
2.665000E-3	1.033801E-2
2.670000E-3	3.905988E-2
2.675000E-3	1.197761E-2
2.680000E-3	1.492643E-2
2.685000E-3	3.102499E-2
2.690000E-3	2.129018E-3
2.695000E-3	5.253315E-3
2.700000E-3	3.558326E-2
2.705000E-3	1.368713E-2
2.710000E-3	6.877840E-3
2.715000E-3	4.070222E-2
2.720000E-3	2.965409E-2
2.725000E-3	1.231486E-2
2.730000E-3	3.782058E-2
2.735000E-3	2.990907E-2
2.740000E-3	1.738310E-3
2.745000E-3	2.106261E-2
2.750000E-3	2.715492E-2
2.755000E-3	1.003093E-2
2.760000E-3	2.768409E-2
2.765000E-3	3.452629E-2
2.770000E-3	1.253831E-2
2.775000E-3	2.173847E-2
2.780000E-3	3.438097E-2
2.785000E-3	1.495796E-2
2.790000E-3	2.017975E-2
2.795000E-3	3.785759E-2
2.800000E-3	2.197564E-2
2.805000E-3	2.441037E-2
2.810000E-3	4.393071E-2
2.815000E-3	2.557015E-2
2.820000E-3	1.333070E-2
2.825000E-3	2.783763E-2
2.830000E-3	1.774365E-2
2.835000E-3	6.669462E-3
2.840000E-3	2.284753E-2
2.845000E-3	1.592720E-2
2.850000E-3	1.033664E-3
2.855000E-3	1.798218E-2
2.860000E-3	2.299285E-2
2.865000E-3	1.220381E-2
2.870000E-3	2.734822E-2
2.875000E-3	3.084540E-2
2.880000E-3	1.791090E-2
2.885000E-3	2.649963E-2
2.890000E-3	3.066581E-2
2.895000E-3	1.783276E-2
2.900000E-3	2.172065E-2
2.905000E-3	2.839833E-2
2.910000E-3	1.875949E-2
2.915000E-3	2.202636E-2
2.920000E-3	3.021890E-2
2.925000E-3	2.131486E-2
2.930000E-3	2.228409E-2
2.935000E-3	2.699316E-2
2.940000E-3	1.812476E-2
2.945000E-3	1.758599E-2
2.950000E-3	2.218539E-2
2.955000E-3	1.486063E-2
2.960000E-3	1.854700E-2
2.965000E-3	2.597594E-2
2.970000E-3	1.752156E-2
2.975000E-3	2.099544E-2
2.980000E-3	3.098661E-2
2.985000E-3	2.400869E-2
2.990000E-3	2.268028E-2
2.995000E-3	3.115386E-2
3.000000E-3	2.483124E-2
3.005000E-3	2.282423E-2
3.010000E-3	3.106749E-2
3.015000E-3	2.478188E-2
3.020000E-3	1.887465E-2
3.025000E-3	2.366322E-2
3.030000E-3	1.868272E-2
3.035000E-3	1.511014E-2
3.040000E-3	2.154517E-2
3.045000E-3	1.545286E-2
3.050000E-3	1.006246E-2
3.055000E-3	1.917350E-2
3.060000E-3	1.883489E-2
3.065000E-3	1.414776E-2
3.070000E-3	2.285165E-2
3.075000E-3	2.232659E-2
3.080000E-3	1.526093E-2
3.085000E-3	2.241021E-2
3.090000E-3	2.600199E-2
3.095000E-3	2.239513E-2
3.100000E-3	2.852720E-2
3.105000E-3	3.161311E-2
3.110000E-3	2.583200E-2
3.115000E-3	2.679712E-2
3.120000E-3	2.716178E-2
3.125000E-3	2.106810E-2
3.130000E-3	2.277762E-2
3.135000E-3	2.401555E-2
3.140000E-3	1.951075E-2
3.145000E-3	2.146840E-2
3.150000E-3	2.274746E-2
3.155000E-3	1.951349E-2
3.160000E-3	2.324373E-2
3.165000E-3	2.535629E-2
3.170000E-3	1.976711E-2
3.175000E-3	1.960397E-2
3.180000E-3	2.079940E-2
3.185000E-3	1.621097E-2
3.190000E-3	1.916116E-2
3.195000E-3	2.601159E-2
3.200000E-3	2.319163E-2
3.205000E-3	2.261311E-2
3.210000E-3	2.596635E-2
3.215000E-3	2.207571E-2
3.220000E-3	1.944494E-2
3.225000E-3	2.237046E-2
3.230000E-3	2.105302E-2
3.235000E-3	1.989597E-2
3.240000E-3	2.403885E-2
3.245000E-3	2.224159E-2
3.250000E-3	1.975340E-2
3.255000E-3	2.528775E-2
3.260000E-3	2.455020E-2
3.265000E-3	1.974654E-2
3.270000E-3	2.297503E-2
3.275000E-3	2.444601E-2
3.280000E-3	2.061021E-2
3.285000E-3	2.261996E-2
3.290000E-3	2.485591E-2
3.295000E-3	2.115858E-2
3.300000E-3	2.305865E-2
3.305000E-3	2.607328E-2
3.310000E-3	2.288043E-2
3.315000E-3	2.283108E-2
3.320000E-3	2.387297E-2
3.325000E-3	2.072674E-2
3.330000E-3	1.932567E-2
3.335000E-3	1.934487E-2
3.340000E-3	1.743245E-2
3.345000E-3	1.906109E-2
3.350000E-3	2.159315E-2
3.355000E-3	1.985073E-2
3.360000E-3	1.975751E-2
3.365000E-3	2.186459E-2
3.370000E-3	2.043200E-2
3.375000E-3	2.169323E-2
3.380000E-3	2.533299E-2
3.385000E-3	2.300107E-2
3.390000E-3	2.152187E-2
3.395000E-3	2.353847E-2
3.400000E-3	2.243626E-2
3.405000E-3	2.290785E-2
3.410000E-3	2.583611E-2
3.415000E-3	2.337259E-2
3.420000E-3	2.054852E-2
3.425000E-3	2.371806E-2
3.430000E-3	2.299696E-2
3.435000E-3	1.984936E-2
3.440000E-3	2.168775E-2
3.445000E-3	2.034974E-2
3.450000E-3	1.859909E-2
3.455000E-3	2.277076E-2
3.460000E-3	2.517807E-2
3.465000E-3	2.478600E-2
3.470000E-3	2.660245E-2
3.475000E-3	2.510542E-2
3.480000E-3	2.062666E-2
3.485000E-3	2.137518E-2
3.490000E-3	2.297777E-2
3.495000E-3	2.109277E-2
3.500000E-3	2.252948E-2
3.505000E-3	2.388394E-2
3.510000E-3	2.007967E-2
3.515000E-3	1.874989E-2
3.520000E-3	1.947647E-2
3.525000E-3	1.692384E-2
3.530000E-3	1.624936E-2
3.535000E-3	1.832628E-2
3.540000E-3	1.807815E-2
3.545000E-3	1.781082E-2
3.550000E-3	2.113253E-2
3.555000E-3	2.290922E-2
3.560000E-3	2.313817E-2
3.565000E-3	2.406079E-2
3.570000E-3	2.345484E-2
3.575000E-3	2.289689E-2
3.580000E-3	2.446383E-2
3.585000E-3	2.571958E-2
3.590000E-3	2.658874E-2
3.595000E-3	2.761418E-2
3.600000E-3	2.626383E-2
3.605000E-3	2.304357E-2
3.610000E-3	2.213603E-2
3.615000E-3	2.221143E-2
3.620000E-3	2.061021E-2
3.625000E-3	2.117503E-2
3.630000E-3	2.305728E-2
3.635000E-3	2.400047E-2
3.640000E-3	2.476954E-2
3.645000E-3	2.526307E-2
3.650000E-3	2.398127E-2
3.655000E-3	2.240884E-2
3.660000E-3	2.025789E-2
3.665000E-3	1.729810E-2
3.670000E-3	1.579696E-2
3.675000E-3	1.633710E-2
3.680000E-3	1.743519E-2
3.685000E-3	1.935995E-2
3.690000E-3	2.183580E-2
3.695000E-3	2.277488E-2
3.700000E-3	2.358919E-2
3.705000E-3	2.454060E-2
3.710000E-3	2.366596E-2
3.715000E-3	2.277625E-2
3.720000E-3	2.338767E-2
3.725000E-3	2.310389E-2
3.730000E-3	2.171105E-2
3.735000E-3	2.187282E-2
3.740000E-3	2.249795E-2
3.745000E-3	2.238965E-2
3.750000E-3	2.379346E-2
3.755000E-3	2.378112E-2
3.760000E-3	2.157944E-2
3.765000E-3	2.059239E-2
3.770000E-3	2.063763E-2
3.775000E-3	1.966155E-2
3.780000E-3	1.987267E-2
3.785000E-3	2.222377E-2
3.790000E-3	2.302164E-2
3.795000E-3	2.324098E-2
3.800000E-3	2.463108E-2
3.805000E-3	2.436513E-2
3.810000E-3	2.254319E-2
3.815000E-3	2.152050E-2
3.820000E-3	2.003306E-2
3.825000E-3	1.860732E-2
3.830000E-3	1.859498E-2
3.835000E-3	1.835781E-2
3.840000E-3	1.718295E-2
3.845000E-3	1.834822E-2
3.850000E-3	2.093649E-2
3.855000E-3	2.257061E-2
3.860000E-3	2.477640E-2
3.865000E-3	2.697533E-2
3.870000E-3	2.689582E-2
3.875000E-3	2.616513E-2
3.880000E-3	2.654350E-2
3.885000E-3	2.637213E-2
3.890000E-3	2.492309E-2
3.895000E-3	2.392507E-2
3.900000E-3	2.305180E-2
3.905000E-3	2.142042E-2
3.910000E-3	2.038127E-2
3.915000E-3	1.990145E-2
3.920000E-3	1.918310E-2
3.925000E-3	1.827967E-2
3.930000E-3	1.877046E-2
3.935000E-3	1.951212E-2
3.940000E-3	1.872796E-2
3.945000E-3	1.923245E-2
3.950000E-3	2.087480E-2
3.955000E-3	2.077335E-2
3.960000E-3	2.019483E-2
3.965000E-3	2.152598E-2
3.970000E-3	2.246642E-2
3.975000E-3	2.238554E-2
3.980000E-3	2.338219E-2
3.985000E-3	2.384692E-2
3.990000E-3	2.385652E-2
3.995000E-3	2.538371E-2
4.000000E-3	2.692187E-2
4.005000E-3	2.716863E-2
4.010000E-3	2.740306E-2
4.015000E-3	2.637899E-2
4.020000E-3	2.370983E-2
4.025000E-3	2.157670E-2
4.030000E-3	2.054715E-2
4.035000E-3	1.855797E-2
4.040000E-3	1.755857E-2
4.045000E-3	1.849216E-2
4.050000E-3	1.892811E-2
4.055000E-3	1.903641E-2
4.060000E-3	2.013862E-2
4.065000E-3	2.053756E-2
4.070000E-3	1.963139E-2
4.075000E-3	1.984662E-2
4.080000E-3	2.088439E-2
4.085000E-3	2.144784E-2
4.090000E-3	2.271456E-2
4.095000E-3	2.419788E-2
4.100000E-3	2.372354E-2
4.105000E-3	2.279407E-2
4.110000E-3	2.285028E-2
4.115000E-3	2.319711E-2
4.120000E-3	2.430618E-2
4.125000E-3	2.593207E-2
4.130000E-3	2.584434E-2
4.135000E-3	2.472430E-2
4.140000E-3	2.386475E-2
4.145000E-3	2.261311E-2
4.150000E-3	2.066505E-2
4.155000E-3	1.984799E-2
4.160000E-3	1.925576E-2
4.165000E-3	1.833725E-2
4.170000E-3	1.887465E-2
4.175000E-3	2.028257E-2
4.180000E-3	2.144921E-2
4.185000E-3	2.282012E-2
4.190000E-3	2.412111E-2
4.195000E-3	2.416086E-2
4.200000E-3	2.411014E-2
4.205000E-3	2.377564E-2
4.210000E-3	2.258569E-2
4.215000E-3	2.165073E-2
4.220000E-3	2.092689E-2
4.225000E-3	2.055264E-2
4.230000E-3	2.081722E-2
4.235000E-3	2.142727E-2
4.240000E-3	2.181661E-2
4.245000E-3	2.196193E-2
4.250000E-3	2.207023E-2
4.255000E-3	2.162468E-2
4.260000E-3	2.212918E-2
4.265000E-3	2.255964E-2
4.270000E-3	2.265835E-2
4.275000E-3	2.244312E-2
4.280000E-3	2.166581E-2
4.285000E-3	2.056497E-2
4.290000E-3	2.025652E-2
4.295000E-3	2.086657E-2
4.300000E-3	2.085561E-2
4.305000E-3	2.126002E-2
4.310000E-3	2.168500E-2
4.315000E-3	2.170008E-2
4.320000E-3	2.207571E-2
4.325000E-3	2.304083E-2
4.330000E-3	2.347267E-2
4.335000E-3	2.405804E-2
4.340000E-3	2.518219E-2
4.345000E-3	2.581143E-2
4.350000E-3	2.586901E-2
4.355000E-3	2.563047E-2
4.360000E-3	2.428699E-2
4.365000E-3	2.330679E-2
4.370000E-3	2.305317E-2
4.375000E-3	2.226627E-2
4.380000E-3	2.119559E-2
4.385000E-3	2.096665E-2
4.390000E-3	2.040732E-2
4.395000E-3	1.948607E-2
4.400000E-3	1.956695E-2
4.405000E-3	1.974106E-2
4.410000E-3	1.993573E-2
4.415000E-3	2.034152E-2
4.420000E-3	2.031273E-2
4.425000E-3	2.026886E-2
4.430000E-3	2.059788E-2
4.435000E-3	2.096939E-2
4.440000E-3	2.109003E-2
4.445000E-3	2.144510E-2
4.450000E-3	2.091867E-2
4.455000E-3	2.077883E-2
4.460000E-3	2.139848E-2
4.465000E-3	2.243078E-2
4.470000E-3	2.320397E-2
4.475000E-3	2.416772E-2
4.480000E-3	2.530009E-2
4.485000E-3	2.557701E-2
4.490000E-3	2.550298E-2
4.495000E-3	2.568120E-2
4.500000E-3	2.461463E-2
4.505000E-3	2.321082E-2
4.510000E-3	2.267617E-2
4.515000E-3	2.178782E-2
4.520000E-3	2.118462E-2
4.525000E-3	2.077746E-2
4.530000E-3	2.022225E-2
4.535000E-3	1.977670E-2
4.540000E-3	2.032369E-2
4.545000E-3	2.134639E-2
4.550000E-3	2.274472E-2
4.555000E-3	2.419239E-2
4.560000E-3	2.546048E-2
4.565000E-3	2.577579E-2
4.570000E-3	2.540839E-2
4.575000E-3	2.441311E-2
4.580000E-3	2.311075E-2
4.585000E-3	2.180701E-2
4.590000E-3	2.083778E-2
4.595000E-3	1.995355E-2
4.600000E-3	1.975340E-2
4.605000E-3	1.984936E-2
4.610000E-3	1.997411E-2
4.615000E-3	1.999331E-2
4.620000E-3	1.971364E-2
4.625000E-3	1.929277E-2
4.630000E-3	1.937091E-2
4.635000E-3	2.025378E-2
4.640000E-3	2.129841E-2
4.645000E-3	2.266794E-2
4.650000E-3	2.385378E-2
4.655000E-3	2.396345E-2
4.660000E-3	2.381539E-2
4.665000E-3	2.356863E-2
4.670000E-3	2.314502E-2
4.675000E-3	2.239650E-2
4.680000E-3	2.226353E-2
4.685000E-3	2.189749E-2
4.690000E-3	2.166581E-2
4.695000E-3	2.196878E-2
4.700000E-3	2.235812E-2
4.705000E-3	2.291882E-2
4.710000E-3	2.352613E-2
4.715000E-3	2.387160E-2
4.720000E-3	2.310801E-2
4.725000E-3	2.248150E-2
4.730000E-3	2.186871E-2
4.735000E-3	2.110648E-2
4.740000E-3	2.061707E-2
4.745000E-3	2.073085E-2
4.750000E-3	2.101052E-2
4.755000E-3	2.131349E-2
4.760000E-3	2.178508E-2
4.765000E-3	2.204418E-2
4.770000E-3	2.178645E-2
4.775000E-3	2.186596E-2
4.780000E-3	2.179056E-2
4.785000E-3	2.168775E-2
4.790000E-3	2.215385E-2
4.795000E-3	2.243626E-2
4.800000E-3	2.230877E-2
4.805000E-3	2.234030E-2
4.810000E-3	2.253222E-2
4.815000E-3	2.277488E-2
4.820000E-3	2.334106E-2
4.825000E-3	2.350146E-2
4.830000E-3	2.355629E-2
4.835000E-3	2.325743E-2
4.840000E-3	2.287906E-2
4.845000E-3	2.206200E-2
4.850000E-3	2.143139E-2
4.855000E-3	2.095431E-2
4.860000E-3	2.078980E-2
4.865000E-3	2.081174E-2
4.870000E-3	2.046353E-2
4.875000E-3	1.963550E-2
4.880000E-3	1.926261E-2
4.885000E-3	1.960397E-2
4.890000E-3	2.013314E-2
4.895000E-3	2.086246E-2
4.900000E-3	2.166307E-2
4.905000E-3	2.226901E-2
4.910000E-3	2.280092E-2
4.915000E-3	2.345210E-2
4.920000E-3	2.384555E-2
4.925000E-3	2.405256E-2
4.930000E-3	2.428561E-2
4.935000E-3	2.437884E-2
4.940000E-3	2.440488E-2
4.945000E-3	2.398127E-2
4.950000E-3	2.299148E-2
4.955000E-3	2.215934E-2
4.960000E-3	2.131075E-2
4.965000E-3	2.082270E-2
4.970000E-3	2.064449E-2
4.975000E-3	2.076101E-2
4.980000E-3	2.082956E-2
4.985000E-3	2.117914E-2
4.990000E-3	2.192491E-2
4.995000E-3	2.268851E-2
5.000000E-3	2.316421E-2
5.005000E-3	2.336985E-2
5.010000E-3	2.305728E-2
5.015000E-3	2.247190E-2
5.020000E-3	2.195233E-2
5.025000E-3	2.156711E-2
5.030000E-3	2.121615E-2
5.035000E-3	2.128333E-2
5.040000E-3	2.186733E-2
5.045000E-3	2.194822E-2
5.050000E-3	2.193177E-2
5.055000E-3	2.142864E-2
5.060000E-3	2.089810E-2
5.065000E-3	2.085835E-2
5.070000E-3	2.137929E-2
5.075000E-3	2.214015E-2
5.080000E-3	2.309704E-2
5.085000E-3	2.409780E-2
5.090000E-3	2.462971E-2
5.095000E-3	2.452141E-2
5.100000E-3	2.441037E-2
5.105000E-3	2.378660E-2
5.110000E-3	2.339590E-2
5.115000E-3	2.288866E-2
5.120000E-3	2.233756E-2
5.125000E-3	2.216345E-2
5.130000E-3	2.215797E-2
5.135000E-3	2.208942E-2
5.140000E-3	2.158493E-2
5.145000E-3	2.140123E-2
5.150000E-3	2.146566E-2
5.155000E-3	2.131623E-2
5.160000E-3	2.170008E-2
5.165000E-3	2.182484E-2
5.170000E-3	2.125043E-2
5.175000E-3	2.047449E-2
5.180000E-3	1.992613E-2
5.185000E-3	1.988089E-2
5.190000E-3	2.032095E-2
5.195000E-3	2.141082E-2
5.200000E-3	2.251714E-2
5.205000E-3	2.324373E-2
5.210000E-3	2.332735E-2
5.215000E-3	2.295583E-2
5.220000E-3	2.284890E-2
5.225000E-3	2.297777E-2
5.230000E-3	2.290100E-2
5.235000E-3	2.262133E-2
5.240000E-3	2.205104E-2
5.245000E-3	2.172339E-2
5.250000E-3	2.158493E-2
5.255000E-3	2.189749E-2
5.260000E-3	2.246368E-2
5.265000E-3	2.300107E-2
5.270000E-3	2.304906E-2
5.275000E-3	2.304220E-2
5.280000E-3	2.305043E-2
5.285000E-3	2.284205E-2
5.290000E-3	2.224022E-2
5.295000E-3	2.180290E-2
5.300000E-3	2.138478E-2
5.305000E-3	2.091730E-2
5.310000E-3	2.061570E-2
5.315000E-3	2.057868E-2
5.320000E-3	2.083093E-2
5.325000E-3	2.109277E-2
5.330000E-3	2.151912E-2
5.335000E-3	2.190572E-2
5.340000E-3	2.207571E-2
5.345000E-3	2.236497E-2
5.350000E-3	2.226764E-2
5.355000E-3	2.262270E-2
5.360000E-3	2.306277E-2
5.365000E-3	2.312034E-2
5.370000E-3	2.306277E-2
5.375000E-3	2.250206E-2
5.380000E-3	2.201128E-2
5.385000E-3	2.188241E-2
5.390000E-3	2.174670E-2
5.395000E-3	2.180153E-2
5.400000E-3	2.201676E-2
5.405000E-3	2.240473E-2
5.410000E-3	2.290511E-2
5.415000E-3	2.300793E-2
5.420000E-3	2.297777E-2
5.425000E-3	2.294075E-2
5.430000E-3	2.278584E-2
5.435000E-3	2.258569E-2
5.440000E-3	2.224296E-2
5.445000E-3	2.168638E-2
5.450000E-3	2.124768E-2
5.455000E-3	2.075279E-2
5.460000E-3	2.038264E-2
5.465000E-3	2.022088E-2
5.470000E-3	2.015918E-2
5.475000E-3	2.031958E-2
5.480000E-3	2.076787E-2
5.485000E-3	2.147937E-2
5.490000E-3	2.215797E-2
5.495000E-3	2.290922E-2
5.500000E-3	2.341783E-2
5.505000E-3	2.386338E-2
5.510000E-3	2.367967E-2
5.515000E-3	2.333832E-2
5.520000E-3	2.261722E-2
5.525000E-3	2.169871E-2
5.530000E-3	2.108455E-2
5.535000E-3	2.090359E-2
5.540000E-3	2.072400E-2
5.545000E-3	2.093786E-2
5.550000E-3	2.129978E-2
5.555000E-3	2.159590E-2
5.560000E-3	2.181798E-2
5.565000E-3	2.202636E-2
5.570000E-3	2.252126E-2
5.575000E-3	2.299148E-2
5.580000E-3	2.305454E-2
5.585000E-3	2.310938E-2
5.590000E-3	2.289003E-2
5.595000E-3	2.278721E-2
5.600000E-3	2.256101E-2
5.605000E-3	2.224433E-2
5.610000E-3	2.202499E-2
5.615000E-3	2.181661E-2
5.620000E-3	2.184129E-2
5.625000E-3	2.181250E-2
5.630000E-3	2.186733E-2
5.635000E-3	2.196056E-2
5.640000E-3	2.204007E-2
5.645000E-3	2.209216E-2
5.650000E-3	2.184951E-2
5.655000E-3	2.134639E-2
5.660000E-3	2.102286E-2
5.665000E-3	2.089125E-2
5.670000E-3	2.068561E-2
5.675000E-3	2.054578E-2
5.680000E-3	2.111471E-2
5.685000E-3	2.174670E-2
5.690000E-3	2.233618E-2
5.695000E-3	2.301067E-2
5.700000E-3	2.358645E-2
5.705000E-3	2.401280E-2
5.710000E-3	2.403063E-2
5.715000E-3	2.374411E-2
5.720000E-3	2.282560E-2
5.725000E-3	2.188379E-2
5.730000E-3	2.112019E-2
5.735000E-3	2.084327E-2
5.740000E-3	2.066642E-2
5.745000E-3	2.044845E-2
5.750000E-3	2.027297E-2
5.755000E-3	2.041417E-2
5.760000E-3	2.083778E-2
5.765000E-3	2.145195E-2
5.770000E-3	2.189475E-2
5.775000E-3	2.235675E-2
5.780000E-3	2.254319E-2
5.785000E-3	2.294487E-2
5.790000E-3	2.321357E-2
5.795000E-3	2.302849E-2
5.800000E-3	2.300107E-2
5.805000E-3	2.279270E-2
5.810000E-3	2.266794E-2
5.815000E-3	2.238965E-2
5.820000E-3	2.241021E-2
5.825000E-3	2.243489E-2
5.830000E-3	2.244860E-2
5.835000E-3	2.253908E-2
5.840000E-3	2.274746E-2
5.845000E-3	2.287358E-2
5.850000E-3	2.275842E-2
5.855000E-3	2.274883E-2
5.860000E-3	2.243626E-2
5.865000E-3	2.201676E-2
5.870000E-3	2.160412E-2
5.875000E-3	2.124220E-2
5.880000E-3	2.127099E-2
5.885000E-3	2.106124E-2
5.890000E-3	2.058280E-2
5.895000E-3	2.040869E-2
5.900000E-3	2.009475E-2
5.905000E-3	1.984662E-2
5.910000E-3	1.991653E-2
5.915000E-3	2.055401E-2
5.920000E-3	2.124083E-2
5.925000E-3	2.215934E-2
5.930000E-3	2.282834E-2
5.935000E-3	2.356040E-2
5.940000E-3	2.389216E-2
5.945000E-3	2.391136E-2
5.950000E-3	2.395934E-2
5.955000E-3	2.394289E-2
5.960000E-3	2.369201E-2
5.965000E-3	2.347815E-2
5.970000E-3	2.324647E-2
5.975000E-3	2.272141E-2
5.980000E-3	2.192628E-2
5.985000E-3	2.128059E-2
5.990000E-3	2.055949E-2
5.995000E-3	2.019209E-2
6.000000E-3	2.035111E-2
6.005000E-3	2.078432E-2
6.010000E-3	2.147937E-2
6.015000E-3	2.207160E-2
6.020000E-3	2.254593E-2
6.025000E-3	2.288729E-2
6.030000E-3	2.299285E-2
6.035000E-3	2.278584E-2
6.040000E-3	2.204418E-2
6.045000E-3	2.150542E-2
6.050000E-3	2.118325E-2
6.055000E-3	2.121204E-2
6.060000E-3	2.123809E-2
6.065000E-3	2.167952E-2
6.070000E-3	2.193177E-2
6.075000E-3	2.166855E-2
6.080000E-3	2.156299E-2
6.085000E-3	2.158767E-2
6.090000E-3	2.173299E-2
6.095000E-3	2.180976E-2
6.100000E-3	2.169871E-2
6.105000E-3	2.180153E-2
6.110000E-3	2.175081E-2
6.115000E-3	2.154654E-2
6.120000E-3	2.124494E-2
6.125000E-3	2.098584E-2
6.130000E-3	2.112567E-2
6.135000E-3	2.182621E-2
6.140000E-3	2.272964E-2
6.145000E-3	2.355629E-2
6.150000E-3	2.410603E-2
6.155000E-3	2.430344E-2
6.160000E-3	2.430755E-2
6.165000E-3	2.411699E-2
6.170000E-3	2.387571E-2
6.175000E-3	2.347815E-2
6.180000E-3	2.304357E-2
6.185000E-3	2.240473E-2
6.190000E-3	2.173162E-2
6.195000E-3	2.123672E-2
6.200000E-3	2.098310E-2
6.205000E-3	2.036756E-2
6.210000E-3	2.028942E-2
6.215000E-3	2.033329E-2
6.220000E-3	2.048409E-2
6.225000E-3	2.077198E-2
6.230000E-3	2.125043E-2
6.235000E-3	2.163017E-2
6.240000E-3	2.213055E-2
6.245000E-3	2.246642E-2
6.250000E-3	2.252400E-2
6.255000E-3	2.269125E-2
6.260000E-3	2.281052E-2
6.265000E-3	2.271456E-2
6.270000E-3	2.273649E-2
6.275000E-3	2.277350E-2
6.280000E-3	2.289963E-2
6.285000E-3	2.301753E-2
6.290000E-3	2.263367E-2
6.295000E-3	2.211821E-2
6.300000E-3	2.163291E-2
6.305000E-3	2.132720E-2
6.310000E-3	2.124083E-2
6.315000E-3	2.140397E-2
6.320000E-3	2.162468E-2
6.325000E-3	2.191120E-2
6.330000E-3	2.211547E-2
6.335000E-3	2.245408E-2
6.340000E-3	2.259803E-2
6.345000E-3	2.290100E-2
6.350000E-3	2.297640E-2
6.355000E-3	2.303809E-2
6.360000E-3	2.298737E-2
6.365000E-3	2.296406E-2
6.370000E-3	2.304357E-2
6.375000E-3	2.317244E-2
6.380000E-3	2.306002E-2
6.385000E-3	2.281737E-2
6.390000E-3	2.248973E-2
6.395000E-3	2.217990E-2
6.400000E-3	2.172887E-2
6.405000E-3	2.133816E-2
6.410000E-3	2.118599E-2
6.415000E-3	2.133268E-2
6.420000E-3	2.181935E-2
6.425000E-3	2.234304E-2
6.430000E-3	2.269399E-2
6.435000E-3	2.273375E-2
6.440000E-3	2.276939E-2
6.445000E-3	2.283245E-2
6.450000E-3	2.250481E-2
6.455000E-3	2.213192E-2
6.460000E-3	2.218950E-2
6.465000E-3	2.204555E-2
6.470000E-3	2.176315E-2
6.475000E-3	2.180016E-2
6.480000E-3	2.180153E-2
6.485000E-3	2.169734E-2
6.490000E-3	2.157670E-2
6.495000E-3	2.132994E-2
6.500000E-3	2.135462E-2
6.505000E-3	2.105165E-2
6.510000E-3	2.117366E-2
6.515000E-3	2.136695E-2
6.520000E-3	2.167678E-2
6.525000E-3	2.221143E-2
6.530000E-3	2.250618E-2
6.535000E-3	2.315187E-2
6.540000E-3	2.355629E-2
6.545000E-3	2.384967E-2
6.550000E-3	2.382910E-2
6.555000E-3	2.373040E-2
6.560000E-3	2.346855E-2
6.565000E-3	2.311349E-2
6.570000E-3	2.308744E-2
6.575000E-3	2.292567E-2
6.580000E-3	2.230740E-2
6.585000E-3	2.157670E-2
6.590000E-3	2.111059E-2
6.595000E-3	2.072263E-2
6.600000E-3	2.032232E-2
6.605000E-3	2.020991E-2
6.610000E-3	2.026337E-2
6.615000E-3	2.044433E-2
6.620000E-3	2.063078E-2
6.625000E-3	2.103657E-2
6.630000E-3	2.136832E-2
6.635000E-3	2.189064E-2
6.640000E-3	2.237868E-2
6.645000E-3	2.283245E-2
6.650000E-3	2.302027E-2
6.655000E-3	2.312309E-2
6.660000E-3	2.317244E-2
6.665000E-3	2.293527E-2
6.670000E-3	2.246368E-2
6.675000E-3	2.196330E-2
6.680000E-3	2.152461E-2
6.685000E-3	2.121615E-2
6.690000E-3	2.079803E-2
6.695000E-3	2.056497E-2
6.700000E-3	2.084464E-2
6.705000E-3	2.094746E-2
6.710000E-3	2.111471E-2
6.715000E-3	2.166444E-2
6.720000E-3	2.201539E-2
6.725000E-3	2.234852E-2
6.730000E-3	2.245820E-2
6.735000E-3	2.281874E-2
6.740000E-3	2.305728E-2
6.745000E-3	2.295172E-2
6.750000E-3	2.288592E-2
6.755000E-3	2.266383E-2
6.760000E-3	2.235401E-2
6.765000E-3	2.206612E-2
6.770000E-3	2.212781E-2
6.775000E-3	2.212507E-2
6.780000E-3	2.210176E-2
6.785000E-3	2.191669E-2
6.790000E-3	2.170420E-2
6.795000E-3	2.147526E-2
6.800000E-3	2.134228E-2
6.805000E-3	2.151090E-2
6.810000E-3	2.184814E-2
6.815000E-3	2.235401E-2
6.820000E-3	2.260900E-2
6.825000E-3	2.258569E-2
6.830000E-3	2.243626E-2
6.835000E-3	2.225119E-2
6.840000E-3	2.231562E-2
6.845000E-3	2.236772E-2
6.850000E-3	2.230740E-2
6.855000E-3	2.236360E-2
6.860000E-3	2.229369E-2
6.865000E-3	2.217990E-2
6.870000E-3	2.167541E-2
6.875000E-3	2.143687E-2
6.880000E-3	2.107495E-2
6.885000E-3	2.088028E-2
6.890000E-3	2.084738E-2
6.895000E-3	2.115446E-2
6.900000E-3	2.136832E-2
6.905000E-3	2.160138E-2
6.910000E-3	2.180701E-2
6.915000E-3	2.218813E-2
6.920000E-3	2.242392E-2
6.925000E-3	2.231425E-2
6.930000E-3	2.216208E-2
6.935000E-3	2.214974E-2
6.940000E-3	2.223885E-2
6.945000E-3	2.225804E-2
6.950000E-3	2.194411E-2
6.955000E-3	2.190572E-2
6.960000E-3	2.169049E-2
6.965000E-3	2.153009E-2
6.970000E-3	2.157807E-2
6.975000E-3	2.162880E-2
6.980000E-3	2.194136E-2
6.985000E-3	2.193451E-2
6.990000E-3	2.215385E-2
6.995000E-3	2.215934E-2
7.000000E-3	2.247739E-2
7.005000E-3	2.257884E-2
7.010000E-3	2.280092E-2
7.015000E-3	2.307922E-2
7.020000E-3	2.315736E-2
7.025000E-3	2.302301E-2
7.030000E-3	2.273375E-2
7.035000E-3	2.261174E-2
7.040000E-3	2.246094E-2
7.045000E-3	2.244037E-2
7.050000E-3	2.236360E-2
7.055000E-3	2.221143E-2
7.060000E-3	2.209491E-2
7.065000E-3	2.184540E-2
7.070000E-3	2.160275E-2
7.075000E-3	2.125043E-2
7.080000E-3	2.109963E-2
7.085000E-3	2.107632E-2
7.090000E-3	2.108592E-2
7.095000E-3	2.153420E-2
7.100000E-3	2.221966E-2
7.105000E-3	2.262545E-2
7.110000E-3	2.289140E-2
7.115000E-3	2.321494E-2
7.120000E-3	2.315736E-2
7.125000E-3	2.275294E-2
7.130000E-3	2.238142E-2
7.135000E-3	2.207708E-2
7.140000E-3	2.153832E-2
7.145000E-3	2.127922E-2
7.150000E-3	2.091593E-2
7.155000E-3	2.055675E-2
7.160000E-3	2.052933E-2
7.165000E-3	2.096665E-2
7.170000E-3	2.145469E-2
7.175000E-3	2.177960E-2
7.180000E-3	2.236634E-2
7.185000E-3	2.277350E-2
7.190000E-3	2.292019E-2
7.195000E-3	2.281463E-2
7.200000E-3	2.265561E-2
7.205000E-3	2.272141E-2
7.210000E-3	2.275568E-2
7.215000E-3	2.274197E-2
7.220000E-3	2.288043E-2
7.225000E-3	2.280366E-2
7.230000E-3	2.278310E-2
7.235000E-3	2.266109E-2
7.240000E-3	2.221555E-2
7.245000E-3	2.164799E-2
7.250000E-3	2.106261E-2
7.255000E-3	2.054441E-2
7.260000E-3	2.032232E-2
7.265000E-3	2.027297E-2
7.270000E-3	2.046764E-2
7.275000E-3	2.065682E-2
7.280000E-3	2.058691E-2
7.285000E-3	2.105987E-2
7.290000E-3	2.152872E-2
7.295000E-3	2.175492E-2
7.300000E-3	2.224159E-2
7.305000E-3	2.288043E-2
7.310000E-3	2.328485E-2
7.315000E-3	2.350146E-2
7.320000E-3	2.335751E-2
7.325000E-3	2.305728E-2
7.330000E-3	2.288043E-2
7.335000E-3	2.255005E-2
7.340000E-3	2.214426E-2
7.345000E-3	2.168226E-2
7.350000E-3	2.128333E-2
7.355000E-3	2.115035E-2
7.360000E-3	2.099681E-2
7.365000E-3	2.074045E-2
7.370000E-3	2.068013E-2
7.375000E-3	2.071989E-2
7.380000E-3	2.074319E-2
7.385000E-3	2.116817E-2
7.390000E-3	2.152324E-2
7.395000E-3	2.194136E-2
7.400000E-3	2.242255E-2
7.405000E-3	2.281189E-2
7.410000E-3	2.301341E-2
7.415000E-3	2.330130E-2
7.420000E-3	2.356726E-2
7.425000E-3	2.360153E-2
7.430000E-3	2.332872E-2
7.435000E-3	2.300656E-2
7.440000E-3	2.266932E-2
7.445000E-3	2.225256E-2
7.450000E-3	2.177823E-2
7.455000E-3	2.157259E-2
7.460000E-3	2.143002E-2
7.465000E-3	2.114624E-2
7.470000E-3	2.109689E-2
7.475000E-3	2.128607E-2
7.480000E-3	2.150404E-2
7.485000E-3	2.175766E-2
7.490000E-3	2.193177E-2
7.495000E-3	2.193451E-2
7.500000E-3	2.222240E-2
7.505000E-3	2.236772E-2
7.510000E-3	2.252811E-2
7.515000E-3	2.243900E-2
7.520000E-3	2.248150E-2
7.525000E-3	2.239925E-2
7.530000E-3	2.245682E-2
7.535000E-3	2.198660E-2
7.540000E-3	2.155751E-2
7.545000E-3	2.113253E-2
7.550000E-3	2.091593E-2
7.555000E-3	2.068287E-2
7.560000E-3	2.063763E-2
7.565000E-3	2.049506E-2
7.570000E-3	2.040595E-2
7.575000E-3	2.061433E-2
7.580000E-3	2.122027E-2
7.585000E-3	2.170146E-2
7.590000E-3	2.241844E-2
7.595000E-3	2.335751E-2
7.600000E-3	2.380580E-2
7.605000E-3	2.425408E-2
7.610000E-3	2.462971E-2
7.615000E-3	2.472156E-2
7.620000E-3	2.462012E-2
7.625000E-3	2.434045E-2
7.630000E-3	2.361113E-2
7.635000E-3	2.295583E-2
7.640000E-3	2.205104E-2
7.645000E-3	2.124083E-2
7.650000E-3	2.045530E-2
7.655000E-3	2.003032E-2
7.660000E-3	1.960397E-2
7.665000E-3	1.937503E-2
7.670000E-3	1.950526E-2
7.675000E-3	2.018112E-2
7.680000E-3	2.075827E-2
7.685000E-3	2.158767E-2
7.690000E-3	2.235538E-2
7.695000E-3	2.311212E-2
7.700000E-3	2.364677E-2
7.705000E-3	2.420610E-2
7.710000E-3	2.453238E-2
7.715000E-3	2.437198E-2
7.720000E-3	2.427328E-2
7.725000E-3	2.356452E-2
7.730000E-3	2.288318E-2
7.735000E-3	2.226627E-2
7.740000E-3	2.164114E-2
7.745000E-3	2.091593E-2
7.750000E-3	2.068013E-2
7.755000E-3	2.043062E-2
7.760000E-3	2.030039E-2
7.765000E-3	2.043337E-2
7.770000E-3	2.094609E-2
7.775000E-3	2.154243E-2
7.780000E-3	2.211821E-2
7.785000E-3	2.265972E-2
7.790000E-3	2.302575E-2
7.795000E-3	2.335340E-2
7.800000E-3	2.352202E-2
7.805000E-3	2.343428E-2
7.810000E-3	2.313679E-2
7.815000E-3	2.308881E-2
7.820000E-3	2.291059E-2
7.825000E-3	2.257198E-2
7.830000E-3	2.198386E-2
7.835000E-3	2.154517E-2
7.840000E-3	2.110785E-2
7.845000E-3	2.108455E-2
7.850000E-3	2.101600E-2
7.855000E-3	2.096802E-2
7.860000E-3	2.108592E-2
7.865000E-3	2.136970E-2
7.870000E-3	2.169049E-2
7.875000E-3	2.190709E-2
7.880000E-3	2.233481E-2
7.885000E-3	2.245545E-2
7.890000E-3	2.263504E-2
7.895000E-3	2.301890E-2
7.900000E-3	2.327389E-2
7.905000E-3	2.310938E-2
7.910000E-3	2.300656E-2
7.915000E-3	2.269125E-2
7.920000E-3	2.227724E-2
7.925000E-3	2.191669E-2
7.930000E-3	2.142864E-2
7.935000E-3	2.106261E-2
7.940000E-3	2.105987E-2
7.945000E-3	2.116954E-2
7.950000E-3	2.100366E-2
7.955000E-3	2.109689E-2
7.960000E-3	2.115309E-2
7.965000E-3	2.124220E-2
7.970000E-3	2.136010E-2
7.975000E-3	2.147526E-2
7.980000E-3	2.154517E-2
7.985000E-3	2.201676E-2
7.990000E-3	2.230603E-2
7.995000E-3	2.238005E-2
8.000000E-3	2.248973E-2
8.005000E-3	2.239513E-2
8.010000E-3	2.253908E-2
8.015000E-3	2.249384E-2
8.020000E-3	2.223474E-2
8.025000E-3	2.191669E-2
8.030000E-3	2.189612E-2
8.035000E-3	2.179331E-2
8.040000E-3	2.183169E-2
8.045000E-3	2.159864E-2
8.050000E-3	2.205652E-2
8.055000E-3	2.228135E-2
8.060000E-3	2.247328E-2
8.065000E-3	2.289140E-2
8.070000E-3	2.307236E-2
8.075000E-3	2.327937E-2
8.080000E-3	2.308607E-2
8.085000E-3	2.310389E-2
8.090000E-3	2.294487E-2
8.095000E-3	2.256650E-2
8.100000E-3	2.217990E-2
8.105000E-3	2.175629E-2
8.110000E-3	2.124494E-2
8.115000E-3	2.104890E-2
8.120000E-3	2.101737E-2
8.125000E-3	2.085012E-2
8.130000E-3	2.075142E-2
8.135000E-3	2.090907E-2
8.140000E-3	2.102697E-2
8.145000E-3	2.134639E-2
8.150000E-3	2.158082E-2
8.155000E-3	2.179468E-2
8.160000E-3	2.218264E-2
8.165000E-3	2.244449E-2
8.170000E-3	2.263504E-2
8.175000E-3	2.269948E-2
8.180000E-3	2.273512E-2
8.185000E-3	2.281052E-2
8.190000E-3	2.256238E-2
8.195000E-3	2.224845E-2
8.200000E-3	2.211958E-2
8.205000E-3	2.202636E-2
8.210000E-3	2.215660E-2
8.215000E-3	2.247465E-2
8.220000E-3	2.237731E-2
8.225000E-3	2.276802E-2
8.230000E-3	2.284753E-2
8.235000E-3	2.298874E-2
8.240000E-3	2.284890E-2
8.245000E-3	2.261859E-2
8.250000E-3	2.251166E-2
8.255000E-3	2.221280E-2
8.260000E-3	2.210861E-2
8.265000E-3	2.166581E-2
8.270000E-3	2.137929E-2
8.275000E-3	2.094471E-2
8.280000E-3	2.068287E-2
8.285000E-3	2.062666E-2
8.290000E-3	2.048409E-2
8.295000E-3	2.044570E-2
8.300000E-3	2.072263E-2
8.305000E-3	2.097076E-2
8.310000E-3	2.136695E-2
8.315000E-3	2.170694E-2
8.320000E-3	2.220595E-2
8.325000E-3	2.243763E-2
8.330000E-3	2.261859E-2
8.335000E-3	2.274472E-2
8.340000E-3	2.266383E-2
8.345000E-3	2.267754E-2
8.350000E-3	2.281052E-2
8.355000E-3	2.279681E-2
8.360000E-3	2.286261E-2
8.365000E-3	2.253222E-2
8.370000E-3	2.238417E-2
8.375000E-3	2.219909E-2
8.380000E-3	2.198112E-2
8.385000E-3	2.175081E-2
8.390000E-3	2.153695E-2
8.395000E-3	2.120107E-2
8.400000E-3	2.111608E-2
8.405000E-3	2.132308E-2
8.410000E-3	2.127510E-2
8.415000E-3	2.152324E-2
8.420000E-3	2.169597E-2
8.425000E-3	2.163154E-2
8.430000E-3	2.172887E-2
8.435000E-3	2.189064E-2
8.440000E-3	2.170694E-2
8.445000E-3	2.160960E-2
8.450000E-3	2.169460E-2
8.455000E-3	2.176178E-2
8.460000E-3	2.189612E-2
8.465000E-3	2.209628E-2
8.470000E-3	2.199209E-2
8.475000E-3	2.212918E-2
8.480000E-3	2.235401E-2
8.485000E-3	2.261037E-2
8.490000E-3	2.268851E-2
8.495000E-3	2.290100E-2
8.500000E-3	2.303809E-2
8.505000E-3	2.307922E-2
8.510000E-3	2.324373E-2
8.515000E-3	2.311349E-2
8.520000E-3	2.284890E-2
8.525000E-3	2.261585E-2
8.530000E-3	2.213192E-2
8.535000E-3	2.165210E-2
8.540000E-3	2.154380E-2
8.545000E-3	2.138203E-2
8.550000E-3	2.143139E-2
8.555000E-3	2.140534E-2
8.560000E-3	2.150404E-2
8.565000E-3	2.162880E-2
8.570000E-3	2.176452E-2
8.575000E-3	2.162468E-2
8.580000E-3	2.155888E-2
8.585000E-3	2.133816E-2
8.590000E-3	2.139848E-2
8.595000E-3	2.154791E-2
8.600000E-3	2.153695E-2
8.605000E-3	2.173573E-2
8.610000E-3	2.174944E-2
8.615000E-3	2.173710E-2
8.620000E-3	2.166718E-2
8.625000E-3	2.156574E-2
8.630000E-3	2.150267E-2
8.635000E-3	2.138066E-2
8.640000E-3	2.121341E-2
8.645000E-3	2.127784E-2
8.650000E-3	2.156025E-2
8.655000E-3	2.184814E-2
8.660000E-3	2.205652E-2
8.665000E-3	2.225530E-2
8.670000E-3	2.261585E-2
8.675000E-3	2.292567E-2
8.680000E-3	2.304769E-2
8.685000E-3	2.329445E-2
8.690000E-3	2.306962E-2
8.695000E-3	2.288866E-2
8.700000E-3	2.281874E-2
8.705000E-3	2.281189E-2
8.710000E-3	2.278996E-2
8.715000E-3	2.250481E-2
8.720000E-3	2.238828E-2
8.725000E-3	2.225393E-2
8.730000E-3	2.211958E-2
8.735000E-3	2.201676E-2
8.740000E-3	2.170694E-2
8.745000E-3	2.153832E-2
8.750000E-3	2.119285E-2
8.755000E-3	2.114624E-2
8.760000E-3	2.101326E-2
8.765000E-3	2.092689E-2
8.770000E-3	2.116680E-2
8.775000E-3	2.133542E-2
8.780000E-3	2.159178E-2
8.785000E-3	2.190983E-2
8.790000E-3	2.211273E-2
8.795000E-3	2.249384E-2
8.800000E-3	2.289689E-2
8.805000E-3	2.289277E-2
8.810000E-3	2.309704E-2
8.815000E-3	2.306688E-2
8.820000E-3	2.288318E-2
8.825000E-3	2.281326E-2
8.830000E-3	2.264875E-2
8.835000E-3	2.240610E-2
8.840000E-3	2.202225E-2
8.845000E-3	2.216208E-2
8.850000E-3	2.219361E-2
8.855000E-3	2.200168E-2
8.860000E-3	2.181661E-2
8.865000E-3	2.163017E-2
8.870000E-3	2.160823E-2
8.875000E-3	2.134228E-2
8.880000E-3	2.142179E-2
8.885000E-3	2.153969E-2
8.890000E-3	2.154380E-2
8.895000E-3	2.146566E-2
8.900000E-3	2.173573E-2
8.905000E-3	2.171654E-2
8.910000E-3	2.177000E-2
8.915000E-3	2.191943E-2
8.920000E-3	2.189064E-2
8.925000E-3	2.193999E-2
8.930000E-3	2.177960E-2
8.935000E-3	2.186322E-2
8.940000E-3	2.159041E-2
8.945000E-3	2.169049E-2
8.950000E-3	2.154791E-2
8.955000E-3	2.156436E-2
8.960000E-3	2.164388E-2
8.965000E-3	2.155203E-2
8.970000E-3	2.184951E-2
8.975000E-3	2.219087E-2
8.980000E-3	2.241844E-2
8.985000E-3	2.245134E-2
8.990000E-3	2.254868E-2
8.995000E-3	2.281463E-2
9.000000E-3	2.268028E-2
9.005000E-3	2.254730E-2
9.010000E-3	2.239376E-2
9.015000E-3	2.205378E-2
9.020000E-3	2.183855E-2
9.025000E-3	2.161372E-2
9.030000E-3	2.131623E-2
9.035000E-3	2.111059E-2
9.040000E-3	2.097487E-2
9.045000E-3	2.113664E-2
9.050000E-3	2.146977E-2
9.055000E-3	2.157944E-2
9.060000E-3	2.170831E-2
9.065000E-3	2.178919E-2
9.070000E-3	2.228957E-2
9.075000E-3	2.245271E-2
9.080000E-3	2.255827E-2
9.085000E-3	2.265286E-2
9.090000E-3	2.288455E-2
9.095000E-3	2.279544E-2
9.100000E-3	2.268028E-2
9.105000E-3	2.240610E-2
9.110000E-3	2.187282E-2
9.115000E-3	2.159452E-2
9.120000E-3	2.135187E-2
9.125000E-3	2.121067E-2
9.130000E-3	2.125728E-2
9.135000E-3	2.139574E-2
9.140000E-3	2.148074E-2
9.145000E-3	2.177274E-2
9.150000E-3	2.207983E-2
9.155000E-3	2.235401E-2
9.160000E-3	2.247465E-2
9.165000E-3	2.286398E-2
9.170000E-3	2.294624E-2
9.175000E-3	2.274472E-2
9.180000E-3	2.255142E-2
9.185000E-3	2.243215E-2
9.190000E-3	2.214563E-2
9.195000E-3	2.214152E-2
9.200000E-3	2.196330E-2
9.205000E-3	2.180839E-2
9.210000E-3	2.184540E-2
9.215000E-3	2.184129E-2
9.220000E-3	2.182072E-2
9.225000E-3	2.171242E-2
9.230000E-3	2.179605E-2
9.235000E-3	2.186048E-2
9.240000E-3	2.180976E-2
9.245000E-3	2.163976E-2
9.250000E-3	2.166170E-2
9.255000E-3	2.173847E-2
9.260000E-3	2.177960E-2
9.265000E-3	2.180839E-2
9.270000E-3	2.192217E-2
9.275000E-3	2.196467E-2
9.280000E-3	2.214837E-2
9.285000E-3	2.230603E-2
9.290000E-3	2.252811E-2
9.295000E-3	2.248287E-2
9.300000E-3	2.239239E-2
9.305000E-3	2.230465E-2
9.310000E-3	2.231973E-2
9.315000E-3	2.197701E-2
9.320000E-3	2.173710E-2
9.325000E-3	2.178508E-2
9.330000E-3	2.155203E-2
9.335000E-3	2.145058E-2
9.340000E-3	2.158630E-2
9.345000E-3	2.163154E-2
9.350000E-3	2.188927E-2
9.355000E-3	2.193314E-2
9.360000E-3	2.212918E-2
9.365000E-3	2.203459E-2
9.370000E-3	2.199620E-2
9.375000E-3	2.204144E-2
9.380000E-3	2.199072E-2
9.385000E-3	2.184951E-2
9.390000E-3	2.190298E-2
9.395000E-3	2.194685E-2
9.400000E-3	2.186596E-2
9.405000E-3	2.186322E-2
9.410000E-3	2.190435E-2
9.415000E-3	2.198797E-2
9.420000E-3	2.224159E-2
9.425000E-3	2.244997E-2
9.430000E-3	2.226627E-2
9.435000E-3	2.227587E-2
9.440000E-3	2.240884E-2
9.445000E-3	2.236634E-2
9.450000E-3	2.207708E-2
9.455000E-3	2.196056E-2
9.460000E-3	2.171654E-2
9.465000E-3	2.145332E-2
9.470000E-3	2.135187E-2
9.475000E-3	2.142042E-2
9.480000E-3	2.137518E-2
9.485000E-3	2.146977E-2
9.490000E-3	2.162743E-2
9.495000E-3	2.168363E-2
9.500000E-3	2.189749E-2
9.505000E-3	2.227724E-2
9.510000E-3	2.256513E-2
9.515000E-3	2.250481E-2
9.520000E-3	2.261174E-2
9.525000E-3	2.253771E-2
9.530000E-3	2.240610E-2
9.535000E-3	2.266520E-2
9.540000E-3	2.262819E-2
9.545000E-3	2.237731E-2
9.550000E-3	2.220869E-2
9.555000E-3	2.217853E-2
9.560000E-3	2.207023E-2
9.565000E-3	2.198660E-2
9.570000E-3	2.201128E-2
9.575000E-3	2.196056E-2
9.580000E-3	2.209216E-2
9.585000E-3	2.209765E-2
9.590000E-3	2.205378E-2
9.595000E-3	2.193999E-2
9.600000E-3	2.193862E-2
9.605000E-3	2.187967E-2
9.610000E-3	2.176726E-2
9.615000E-3	2.196467E-2
9.620000E-3	2.228409E-2
9.625000E-3	2.251166E-2
9.630000E-3	2.251166E-2
9.635000E-3	2.264190E-2
9.640000E-3	2.274883E-2
9.645000E-3	2.258980E-2
9.650000E-3	2.258295E-2
9.655000E-3	2.249110E-2
9.660000E-3	2.230740E-2
9.665000E-3	2.227175E-2
9.670000E-3	2.175081E-2
9.675000E-3	2.154243E-2
9.680000E-3	2.142590E-2
9.685000E-3	2.133131E-2
9.690000E-3	2.126414E-2
9.695000E-3	2.107906E-2
9.700000E-3	2.111197E-2
9.705000E-3	2.113801E-2
9.710000E-3	2.125728E-2
9.715000E-3	2.148759E-2
9.720000E-3	2.151364E-2
9.725000E-3	2.192903E-2
9.730000E-3	2.202499E-2
9.735000E-3	2.208668E-2
9.740000E-3	2.238142E-2
9.745000E-3	2.232522E-2
9.750000E-3	2.238691E-2
9.755000E-3	2.244723E-2
9.760000E-3	2.236223E-2
9.765000E-3	2.237868E-2
9.770000E-3	2.224022E-2
9.775000E-3	2.221829E-2
9.780000E-3	2.221280E-2
9.785000E-3	2.191669E-2
9.790000E-3	2.190435E-2
9.795000E-3	2.176589E-2
9.800000E-3	2.190709E-2
9.805000E-3	2.188379E-2
9.810000E-3	2.197289E-2
9.815000E-3	2.180564E-2
9.820000E-3	2.194959E-2
9.825000E-3	2.194273E-2
9.830000E-3	2.196467E-2
9.835000E-3	2.203184E-2
9.840000E-3	2.212918E-2
9.845000E-3	2.220047E-2
9.850000E-3	2.214289E-2
9.855000E-3	2.205241E-2
9.860000E-3	2.211136E-2
9.865000E-3	2.225941E-2
9.870000E-3	2.218950E-2
9.875000E-3	2.202773E-2
9.880000E-3	2.197427E-2
9.885000E-3	2.200717E-2
9.890000E-3	2.200854E-2
9.895000E-3	2.201265E-2
9.900000E-3	2.209765E-2
9.905000E-3	2.208120E-2
9.910000E-3	2.184814E-2
9.915000E-3	2.180016E-2
9.920000E-3	2.185225E-2
9.925000E-3	2.173573E-2
9.930000E-3	2.171105E-2
9.935000E-3	2.178371E-2
9.940000E-3	2.158356E-2
9.945000E-3	2.155888E-2
9.950000E-3	2.151090E-2
9.955000E-3	2.142864E-2
9.960000E-3	2.139986E-2
9.965000E-3	2.156711E-2
9.970000E-3	2.144921E-2
9.975000E-3	2.151090E-2
9.980000E-3	2.153969E-2
9.985000E-3	2.176589E-2
9.990000E-3	2.183580E-2
9.995000E-3	2.208257E-2
