0.000000E+0	9.390712E-4
5.000000E-6	8.636713E-4
1.000000E-5	8.321404E-4
1.500000E-5	7.773042E-4
2.000000E-5	8.156896E-4
2.500000E-5	9.623766E-4
3.000000E-5	1.040518E-3
3.500000E-5	1.069307E-3
4.000000E-5	9.952784E-4
4.500000E-5	8.170605E-4
5.000000E-5	9.294748E-4
5.500000E-5	9.801984E-4
6.000000E-5	9.610057E-4
6.500000E-5	8.650422E-4
7.000000E-5	9.623766E-4
7.500000E-5	1.006246E-3
8.000000E-5	1.065195E-3
8.500000E-5	7.704496E-4
9.000000E-5	7.526278E-4
9.500000E-5	1.004875E-3
1.000000E-4	9.623766E-4
1.050000E-4	1.050115E-3
1.100000E-4	1.030922E-3
1.150000E-4	1.103580E-3
1.200000E-4	1.026809E-3
1.250000E-4	9.651184E-4
1.300000E-4	1.037776E-3
1.350000E-4	9.459257E-4
1.400000E-4	8.636713E-4
1.450000E-4	1.022696E-3
1.500000E-4	1.107693E-3
1.550000E-4	8.814931E-4
1.600000E-4	9.212494E-4
1.650000E-4	1.074791E-3
1.700000E-4	1.056969E-3
1.750000E-4	9.843111E-4
1.800000E-4	9.637475E-4
1.850000E-4	9.171367E-4
1.900000E-4	9.747148E-4
1.950000E-4	1.061082E-3
2.000000E-4	1.070678E-3
2.050000E-4	8.266568E-4
2.100000E-4	8.115768E-4
2.150000E-4	9.856820E-4
2.200000E-4	1.039147E-3
2.250000E-4	1.014471E-3
2.300000E-4	9.459257E-4
2.350000E-4	8.431077E-4
2.400000E-4	8.924603E-4
2.450000E-4	8.910894E-4
2.500000E-4	1.061082E-3
2.550000E-4	1.309216E-3
2.600000E-4	1.162529E-3
2.650000E-4	8.869767E-4
2.700000E-4	9.239912E-4
2.750000E-4	1.039147E-3
2.800000E-4	9.281039E-4
2.850000E-4	1.026809E-3
2.900000E-4	1.040518E-3
2.950000E-4	1.106322E-3
3.000000E-4	1.026809E-3
3.050000E-4	9.706020E-4
3.100000E-4	9.404421E-4
3.150000E-4	9.966493E-4
3.200000E-4	1.074791E-3
3.250000E-4	1.151562E-3
3.300000E-4	9.239912E-4
3.350000E-4	9.212494E-4
3.400000E-4	1.093984E-3
3.450000E-4	1.046002E-3
3.500000E-4	9.829402E-4
3.550000E-4	8.280277E-4
3.600000E-4	7.992387E-4
3.650000E-4	8.417368E-4
3.700000E-4	1.006246E-3
3.750000E-4	1.044631E-3
3.800000E-4	1.028180E-3
3.850000E-4	1.037776E-3
3.900000E-4	1.117289E-3
3.950000E-4	1.025438E-3
4.000000E-4	1.093984E-3
4.050000E-4	1.069307E-3
4.100000E-4	1.207769E-3
4.150000E-4	1.144707E-3
4.200000E-4	9.006858E-4
4.250000E-4	1.106322E-3
4.300000E-4	1.095355E-3
4.350000E-4	1.084387E-3
4.400000E-4	1.021326E-3
4.450000E-4	1.121402E-3
4.500000E-4	1.035035E-3
4.550000E-4	8.225441E-4
4.600000E-4	8.705258E-4
4.650000E-4	1.041889E-3
4.700000E-4	1.176238E-3
4.750000E-4	9.760857E-4
4.800000E-4	9.390712E-4
4.850000E-4	1.084387E-3
4.900000E-4	1.188576E-3
4.950000E-4	1.073420E-3
5.000000E-4	9.733438E-4
5.050000E-4	9.089112E-4
5.100000E-4	9.445548E-4
5.150000E-4	8.938313E-4
5.200000E-4	8.952022E-4
5.250000E-4	9.143949E-4
5.300000E-4	1.040518E-3
5.350000E-4	1.040518E-3
5.400000E-4	1.021326E-3
5.450000E-4	1.110435E-3
5.500000E-4	1.069307E-3
5.550000E-4	1.109064E-3
5.600000E-4	9.733438E-4
5.650000E-4	9.047985E-4
5.700000E-4	9.980202E-4
5.750000E-4	9.486675E-4
5.800000E-4	9.664893E-4
5.850000E-4	1.051486E-3
5.900000E-4	9.089112E-4
5.950000E-4	1.013100E-3
6.000000E-4	1.093984E-3
6.050000E-4	1.120031E-3
6.100000E-4	9.993911E-4
6.150000E-4	9.459257E-4
6.200000E-4	9.047985E-4
6.250000E-4	1.007617E-3
6.300000E-4	9.418130E-4
6.350000E-4	9.034276E-4
6.400000E-4	7.951260E-4
6.450000E-4	8.664131E-4
6.500000E-4	1.072049E-3
6.550000E-4	9.897947E-4
6.600000E-4	9.322166E-4
6.650000E-4	9.267330E-4
6.700000E-4	1.022696E-3
6.750000E-4	1.132369E-3
6.800000E-4	1.231074E-3
6.850000E-4	9.911656E-4
6.900000E-4	8.431077E-4
6.950000E-4	9.322166E-4
7.000000E-4	9.897947E-4
7.050000E-4	1.043260E-3
7.100000E-4	9.692311E-4
7.150000E-4	1.091242E-3
7.200000E-4	1.111805E-3
7.250000E-4	1.072049E-3
7.300000E-4	1.035035E-3
7.350000E-4	9.706020E-4
7.400000E-4	9.582639E-4
7.450000E-4	1.055598E-3
7.500000E-4	1.059711E-3
7.550000E-4	9.993911E-4
7.600000E-4	1.041889E-3
7.650000E-4	9.678602E-4
7.700000E-4	9.897947E-4
7.750000E-4	9.445548E-4
7.800000E-4	1.069307E-3
7.850000E-4	1.055598E-3
7.900000E-4	9.651184E-4
7.950000E-4	9.418130E-4
8.000000E-4	1.040518E-3
8.050000E-4	1.055598E-3
8.100000E-4	9.788275E-4
8.150000E-4	1.006246E-3
8.200000E-4	1.066566E-3
8.250000E-4	1.051486E-3
8.300000E-4	1.000762E-3
8.350000E-4	1.124144E-3
8.400000E-4	9.774566E-4
8.450000E-4	1.115918E-3
8.500000E-4	1.225591E-3
8.550000E-4	1.307845E-3
8.600000E-4	1.102209E-3
8.650000E-4	9.884238E-4
8.700000E-4	9.472966E-4
8.750000E-4	1.024067E-3
8.800000E-4	1.073420E-3
8.850000E-4	1.100838E-3
8.900000E-4	1.039147E-3
8.950000E-4	1.088500E-3
9.000000E-4	1.110435E-3
9.050000E-4	9.952784E-4
9.100000E-4	9.993911E-4
9.150000E-4	1.000762E-3
9.200000E-4	8.376241E-4
9.250000E-4	8.814931E-4
9.300000E-4	1.159787E-3
9.350000E-4	1.110435E-3
9.400000E-4	1.061082E-3
9.450000E-4	1.043260E-3
9.500000E-4	9.925365E-4
9.550000E-4	1.039147E-3
9.600000E-4	1.000762E-3
9.650000E-4	1.041889E-3
9.700000E-4	9.541512E-4
9.750000E-4	9.555221E-4
9.800000E-4	8.910894E-4
9.850000E-4	9.363294E-4
9.900000E-4	1.091242E-3
9.950000E-4	9.390712E-4
1.000000E-3	1.015842E-3
1.005000E-3	1.010358E-3
1.010000E-3	1.121402E-3
1.015000E-3	9.966493E-4
1.020000E-3	1.019955E-3
1.025000E-3	8.444786E-4
1.030000E-3	1.015842E-3
1.035000E-3	1.065195E-3
1.040000E-3	1.072049E-3
1.045000E-3	1.288652E-3
1.050000E-3	1.104951E-3
1.055000E-3	9.500384E-4
1.060000E-3	1.013100E-3
1.065000E-3	1.231074E-3
1.070000E-3	1.166642E-3
1.075000E-3	1.109064E-3
1.080000E-3	8.952022E-4
1.085000E-3	1.151562E-3
1.090000E-3	1.248896E-3
1.095000E-3	1.028180E-3
1.100000E-3	1.055598E-3
1.105000E-3	1.019955E-3
1.110000E-3	1.004875E-3
1.115000E-3	1.078904E-3
1.120000E-3	1.048744E-3
1.125000E-3	1.051486E-3
1.130000E-3	1.102209E-3
1.135000E-3	1.192689E-3
1.140000E-3	1.237929E-3
1.145000E-3	1.144707E-3
1.150000E-3	1.120031E-3
1.155000E-3	1.176238E-3
1.160000E-3	1.040518E-3
1.165000E-3	9.939075E-4
1.170000E-3	1.015842E-3
1.175000E-3	1.257122E-3
1.180000E-3	1.205027E-3
1.185000E-3	1.059711E-3
1.190000E-3	9.829402E-4
1.195000E-3	1.059711E-3
1.200000E-3	8.239150E-4
1.205000E-3	7.526278E-4
1.210000E-3	1.124144E-3
1.215000E-3	1.058340E-3
1.220000E-3	9.719729E-4
1.225000E-3	9.747148E-4
1.230000E-3	1.155674E-3
1.235000E-3	1.085758E-3
1.240000E-3	1.067936E-3
1.245000E-3	8.993149E-4
1.250000E-3	1.043260E-3
1.255000E-3	1.033664E-3
1.260000E-3	1.157045E-3
1.265000E-3	1.152933E-3
1.270000E-3	1.268089E-3
1.275000E-3	9.500384E-4
1.280000E-3	7.923841E-4
1.285000E-3	8.746386E-4
1.290000E-3	9.568930E-4
1.295000E-3	1.010358E-3
1.300000E-3	9.651184E-4
1.305000E-3	8.088350E-4
1.310000E-3	8.691549E-4
1.315000E-3	9.514093E-4
1.320000E-3	1.067936E-3
1.325000E-3	1.107693E-3
1.330000E-3	1.007617E-3
1.335000E-3	1.039147E-3
1.340000E-3	8.664131E-4
1.345000E-3	1.052856E-3
1.350000E-3	9.459257E-4
1.355000E-3	1.033664E-3
1.360000E-3	1.178980E-3
1.365000E-3	1.346231E-3
1.370000E-3	1.211882E-3
1.375000E-3	1.136482E-3
1.380000E-3	1.072049E-3
1.385000E-3	1.199543E-3
1.390000E-3	1.030922E-3
1.395000E-3	9.774566E-4
1.400000E-3	9.925365E-4
1.405000E-3	1.008987E-3
1.410000E-3	1.013100E-3
1.415000E-3	9.993911E-4
1.420000E-3	9.500384E-4
1.425000E-3	1.028180E-3
1.430000E-3	9.610057E-4
1.435000E-3	1.003504E-3
1.440000E-3	1.207769E-3
1.445000E-3	1.172125E-3
1.450000E-3	1.316071E-3
1.455000E-3	1.250267E-3
1.460000E-3	1.280427E-3
1.465000E-3	1.055598E-3
1.470000E-3	9.349585E-4
1.475000E-3	9.939075E-4
1.480000E-3	1.030922E-3
1.485000E-3	9.486675E-4
1.490000E-3	1.236558E-3
1.495000E-3	1.144707E-3
1.500000E-3	1.047373E-3
1.505000E-3	1.093984E-3
1.510000E-3	1.087129E-3
1.515000E-3	1.063824E-3
1.520000E-3	1.081645E-3
1.525000E-3	1.011729E-3
1.530000E-3	9.377003E-4
1.535000E-3	1.032293E-3
1.540000E-3	1.063824E-3
1.545000E-3	1.276314E-3
1.550000E-3	1.154304E-3
1.555000E-3	1.100838E-3
1.560000E-3	1.050115E-3
1.565000E-3	1.028180E-3
1.570000E-3	1.269460E-3
1.575000E-3	1.144707E-3
1.580000E-3	1.030922E-3
1.585000E-3	9.582639E-4
1.590000E-3	9.363294E-4
1.595000E-3	9.966493E-4
1.600000E-3	9.514093E-4
1.605000E-3	9.185076E-4
1.610000E-3	1.021326E-3
1.615000E-3	1.072049E-3
1.620000E-3	1.043260E-3
1.625000E-3	1.107693E-3
1.630000E-3	1.173496E-3
1.635000E-3	1.320183E-3
1.640000E-3	1.043260E-3
1.645000E-3	1.246154E-3
1.650000E-3	1.327038E-3
1.655000E-3	1.263976E-3
1.660000E-3	1.222849E-3
1.665000E-3	1.210511E-3
1.670000E-3	1.194060E-3
1.675000E-3	1.098096E-3
1.680000E-3	1.137853E-3
1.685000E-3	9.801984E-4
1.690000E-3	9.267330E-4
1.695000E-3	1.157045E-3
1.700000E-3	1.239300E-3
1.705000E-3	1.231074E-3
1.710000E-3	1.309216E-3
1.715000E-3	1.048744E-3
1.720000E-3	9.664893E-4
1.725000E-3	9.034276E-4
1.730000E-3	9.418130E-4
1.735000E-3	1.114547E-3
1.740000E-3	1.220107E-3
1.745000E-3	1.109064E-3
1.750000E-3	1.056969E-3
1.755000E-3	9.514093E-4
1.760000E-3	1.028180E-3
1.765000E-3	9.335876E-4
1.770000E-3	1.178980E-3
1.775000E-3	1.228333E-3
1.780000E-3	1.247525E-3
1.785000E-3	1.236558E-3
1.790000E-3	1.224220E-3
1.795000E-3	1.198173E-3
1.800000E-3	1.102209E-3
1.805000E-3	1.109064E-3
1.810000E-3	9.267330E-4
1.815000E-3	1.048744E-3
1.820000E-3	1.137853E-3
1.825000E-3	1.095355E-3
1.830000E-3	1.051486E-3
1.835000E-3	1.222849E-3
1.840000E-3	1.100838E-3
1.845000E-3	9.006858E-4
1.850000E-3	7.964969E-4
1.855000E-3	9.116530E-4
1.860000E-3	9.747148E-4
1.865000E-3	8.705258E-4
1.870000E-3	9.884238E-4
1.875000E-3	1.007617E-3
1.880000E-3	9.843111E-4
1.885000E-3	1.077533E-3
1.890000E-3	1.185834E-3
1.895000E-3	1.121402E-3
1.900000E-3	1.217365E-3
1.905000E-3	1.226962E-3
1.910000E-3	1.377761E-3
1.915000E-3	1.207769E-3
1.920000E-3	1.146078E-3
1.925000E-3	1.163900E-3
1.930000E-3	1.091242E-3
1.935000E-3	1.040518E-3
1.940000E-3	1.028180E-3
1.945000E-3	1.026809E-3
1.950000E-3	9.185076E-4
1.955000E-3	8.376241E-4
1.960000E-3	8.993149E-4
1.965000E-3	1.122773E-3
1.970000E-3	1.109064E-3
1.975000E-3	1.121402E-3
1.980000E-3	1.025438E-3
1.985000E-3	1.083016E-3
1.990000E-3	1.044631E-3
1.995000E-3	1.195431E-3
2.000000E-3	1.242042E-3
2.005000E-3	1.185834E-3
2.010000E-3	1.069307E-3
2.015000E-3	1.126885E-3
2.020000E-3	1.125515E-3
2.025000E-3	9.185076E-4
2.030000E-3	1.030922E-3
2.035000E-3	1.107693E-3
2.040000E-3	1.076162E-3
2.045000E-3	1.025438E-3
2.050000E-3	1.146078E-3
2.055000E-3	1.124144E-3
2.060000E-3	9.774566E-4
2.065000E-3	8.705258E-4
2.070000E-3	9.226203E-4
2.075000E-3	8.239150E-4
2.080000E-3	7.882714E-4
2.085000E-3	8.705258E-4
2.090000E-3	9.349585E-4
2.095000E-3	1.062453E-3
2.100000E-3	9.952784E-4
2.105000E-3	1.117289E-3
2.110000E-3	1.207769E-3
2.115000E-3	1.213253E-3
2.120000E-3	1.041889E-3
2.125000E-3	1.059711E-3
2.130000E-3	1.157045E-3
2.135000E-3	1.044631E-3
2.140000E-3	1.046002E-3
2.145000E-3	9.980202E-4
2.150000E-3	1.048744E-3
2.155000E-3	1.015842E-3
2.160000E-3	1.014471E-3
2.165000E-3	1.133740E-3
2.170000E-3	1.076162E-3
2.175000E-3	1.017213E-3
2.180000E-3	9.637475E-4
2.185000E-3	1.093984E-3
2.190000E-3	1.104951E-3
2.195000E-3	1.089871E-3
2.200000E-3	1.151562E-3
2.205000E-3	1.196802E-3
2.210000E-3	1.133740E-3
2.215000E-3	1.185834E-3
2.220000E-3	1.076162E-3
2.225000E-3	9.952784E-4
2.230000E-3	9.281039E-4
2.235000E-3	9.500384E-4
2.240000E-3	1.000762E-3
2.245000E-3	9.116530E-4
2.250000E-3	9.102821E-4
2.255000E-3	9.198785E-4
2.260000E-3	1.055598E-3
2.265000E-3	1.047373E-3
2.270000E-3	1.111805E-3
2.275000E-3	1.125515E-3
2.280000E-3	9.445548E-4
2.285000E-3	1.073420E-3
2.290000E-3	1.065195E-3
2.295000E-3	1.084387E-3
2.300000E-3	9.226203E-4
2.305000E-3	9.377003E-4
2.310000E-3	1.147449E-3
2.315000E-3	1.033664E-3
2.320000E-3	9.294748E-4
2.325000E-3	1.002133E-3
2.330000E-3	1.085758E-3
2.335000E-3	1.229703E-3
2.340000E-3	1.132369E-3
2.345000E-3	1.077533E-3
2.350000E-3	1.047373E-3
2.355000E-3	1.144707E-3
2.360000E-3	9.555221E-4
2.365000E-3	1.165271E-3
2.370000E-3	7.046461E-4
2.375000E-3	1.174867E-3
2.380000E-3	7.156134E-4
2.385000E-3	1.253009E-3
2.390000E-3	5.223155E-4
2.395000E-3	1.458645E-3
2.400000E-3	4.455447E-4
2.405000E-3	1.784921E-3
2.410000E-3	1.412034E-4
2.415000E-3	2.227724E-3
2.420000E-3	-1.837015E-4
2.425000E-3	2.392232E-3
2.430000E-3	-7.814169E-4
2.435000E-3	3.184617E-3
2.440000E-3	-1.340747E-3
2.445000E-3	4.136026E-3
2.450000E-3	-2.294898E-3
2.455000E-3	5.228639E-3
2.460000E-3	-3.931761E-3
2.465000E-3	9.257734E-3
2.470000E-3	-7.635951E-4
2.475000E-3	-8.614641E-2
2.480000E-3	-4.930645E-1
2.485000E-3	-4.392550E-1
2.490000E-3	-7.573301E-2
2.495000E-3	-2.194548E-2
2.500000E-3	1.730838E-1
2.505000E-3	3.450010E-1
2.510000E-3	6.134479E-1
2.515000E-3	4.397965E-1
2.520000E-3	4.616721E-1
2.525000E-3	2.481053E-1
2.530000E-3	-2.961830E-1
2.535000E-3	-1.886779E-2
2.540000E-3	7.723278E-2
2.545000E-3	-2.387009E-1
2.550000E-3	-1.319004E-1
2.555000E-3	-6.172919E-2
2.560000E-3	-2.936524E-1
2.565000E-3	-1.820496E-1
2.570000E-3	-6.204861E-2
2.575000E-3	-4.271650E-1
2.580000E-3	-2.531914E-1
2.585000E-3	2.002758E-2
2.590000E-3	-1.958162E-1
2.595000E-3	8.250117E-2
2.600000E-3	3.455837E-1
2.605000E-3	3.169811E-2
2.610000E-3	1.015280E-1
2.615000E-3	3.189291E-1
2.620000E-3	6.160855E-3
2.625000E-3	-1.887876E-2
2.630000E-3	3.308601E-1
2.635000E-3	3.091943E-2
2.640000E-3	-2.827358E-2
2.645000E-3	3.655455E-1
2.650000E-3	2.033740E-2
2.655000E-3	-1.360406E-1
2.660000E-3	1.139498E-1
2.665000E-3	-2.050397E-1
2.670000E-3	-3.638620E-1
2.675000E-3	-1.291518E-1
2.680000E-3	-1.601918E-1
2.685000E-3	-3.304735E-1
2.690000E-3	1.707739E-2
2.695000E-3	1.108049E-1
2.700000E-3	-1.218256E-1
2.705000E-3	1.330945E-1
2.710000E-3	1.693550E-1
2.715000E-3	-4.653680E-2
2.720000E-3	7.150650E-2
2.725000E-3	2.200292E-1
2.730000E-3	5.181479E-2
2.735000E-3	1.209716E-1
2.740000E-3	2.103177E-1
2.745000E-3	-4.245013E-2
2.750000E-3	-4.052949E-2
2.755000E-3	9.152859E-2
2.760000E-3	-1.476371E-1
2.765000E-3	-1.461387E-1
2.770000E-3	1.031429E-1
2.775000E-3	-9.027970E-2
2.780000E-3	-1.524119E-1
2.785000E-3	4.692066E-2
2.790000E-3	-9.668458E-2
2.795000E-3	-1.991228E-1
2.800000E-3	6.405562E-2
2.805000E-3	2.109826E-3
2.810000E-3	-8.783263E-2
2.815000E-3	1.747111E-1
2.820000E-3	8.740491E-2
2.825000E-3	-4.437625E-2
2.830000E-3	1.554636E-1
2.835000E-3	9.024131E-2
2.840000E-3	-9.324771E-2
2.845000E-3	1.139936E-1
2.850000E-3	8.534443E-2
2.855000E-3	-9.934413E-2
2.860000E-3	2.523565E-2
2.865000E-3	4.372507E-2
2.870000E-3	-1.257738E-1
2.875000E-3	-5.738616E-2
2.880000E-3	-2.607465E-3
2.885000E-3	-1.059368E-1
2.890000E-3	1.032293E-3
2.895000E-3	1.117837E-2
2.900000E-3	-1.095848E-1
2.905000E-3	-1.537883E-2
2.910000E-3	5.359423E-2
2.915000E-3	-3.867739E-2
2.920000E-3	1.503611E-2
2.925000E-3	1.408456E-1
2.930000E-3	5.906689E-2
2.935000E-3	6.438327E-2
2.940000E-3	1.269542E-1
2.945000E-3	-2.277076E-3
2.950000E-3	-2.071440E-2
2.955000E-3	5.038220E-2
2.960000E-3	-4.919499E-2
2.965000E-3	-6.138235E-2
2.970000E-3	5.925059E-3
2.975000E-3	-7.610589E-2
2.980000E-3	-1.104485E-1
2.985000E-3	-1.675385E-2
2.990000E-3	-4.194427E-2
2.995000E-3	-7.565761E-2
3.000000E-3	3.364617E-2
3.005000E-3	2.727693E-2
3.010000E-3	-2.594304E-2
3.015000E-3	4.426795E-2
3.020000E-3	5.103886E-2
3.025000E-3	1.006383E-2
3.030000E-3	6.321937E-2
3.035000E-3	6.838357E-2
3.040000E-3	3.461403E-2
3.045000E-3	3.747511E-2
3.050000E-3	3.310740E-2
3.055000E-3	-1.626718E-2
3.060000E-3	-1.415050E-2
3.065000E-3	-3.072476E-2
3.070000E-3	-5.370253E-2
3.075000E-3	-7.930696E-3
3.080000E-3	5.985379E-3
3.085000E-3	-1.355690E-2
3.090000E-3	-1.398188E-2
3.095000E-3	-1.727891E-2
3.100000E-3	-2.759498E-2
3.105000E-3	-2.762651E-2
3.110000E-3	-1.529521E-2
3.115000E-3	-3.254533E-3
3.120000E-3	1.572156E-2
3.125000E-3	2.750313E-2
3.130000E-3	3.381342E-2
3.135000E-3	2.427053E-2
3.140000E-3	-8.976698E-3
3.145000E-3	-4.707694E-3
3.150000E-3	-7.101297E-4
3.155000E-3	-5.524755E-4
3.160000E-3	2.232796E-2
3.165000E-3	2.845591E-2
3.170000E-3	4.513025E-3
3.175000E-3	-4.168928E-3
3.180000E-3	2.285302E-3
3.185000E-3	-1.191318E-2
3.190000E-3	-1.895964E-3
3.195000E-3	1.423001E-2
3.200000E-3	4.848897E-3
3.205000E-3	1.242042E-3
3.210000E-3	3.635645E-3
3.215000E-3	-1.281798E-3
3.220000E-3	-1.809597E-2
3.225000E-3	-6.387055E-3
3.230000E-3	1.303458E-2
3.235000E-3	-1.398462E-2
3.240000E-3	-2.886856E-2
3.245000E-3	-8.043110E-3
3.250000E-3	-1.192141E-2
3.255000E-3	-1.572430E-2
3.260000E-3	1.303458E-2
3.265000E-3	1.588058E-2
3.270000E-3	5.389035E-3
3.275000E-3	3.197092E-2
3.280000E-3	1.015019E-2
3.285000E-3	-8.724451E-3
3.290000E-3	1.587784E-2
3.295000E-3	9.483933E-3
3.300000E-3	-5.346537E-4
3.305000E-3	8.196652E-3
3.310000E-3	4.920185E-3
3.315000E-3	-1.739955E-2
3.320000E-3	-6.222546E-3
3.325000E-3	-1.982331E-3
3.330000E-3	-1.613009E-2
3.335000E-3	-3.084540E-3
3.340000E-3	2.835035E-3
3.345000E-3	-1.533908E-2
3.350000E-3	-6.765425E-3
3.355000E-3	7.183552E-3
3.360000E-3	-6.929934E-3
3.365000E-3	-7.582486E-3
3.370000E-3	1.520061E-2
3.375000E-3	1.108378E-2
3.380000E-3	-2.506018E-3
3.385000E-3	1.478523E-2
3.390000E-3	1.756817E-2
3.395000E-3	3.989339E-4
3.400000E-3	9.762228E-3
3.405000E-3	1.779163E-2
3.410000E-3	1.262468E-2
3.415000E-3	1.306611E-2
3.420000E-3	7.587969E-3
3.425000E-3	-8.278906E-3
3.430000E-3	-1.759970E-2
3.435000E-3	-8.788884E-3
3.440000E-3	-9.120643E-3
3.445000E-3	5.513787E-3
3.450000E-3	1.962316E-2
3.455000E-3	1.247936E-2
3.460000E-3	1.483321E-3
3.465000E-3	-3.196955E-3
3.470000E-3	-1.311409E-2
3.475000E-3	-3.071517E-2
3.480000E-3	-3.173649E-2
3.485000E-3	-1.877731E-2
3.490000E-3	-4.262149E-3
3.495000E-3	4.334807E-3
3.500000E-3	5.343795E-3
3.505000E-3	1.684433E-2
3.510000E-3	2.321082E-2
3.515000E-3	1.400107E-2
3.520000E-3	9.594977E-3
3.525000E-3	1.782590E-2
3.530000E-3	1.282209E-2
3.535000E-3	5.494595E-3
3.540000E-3	7.830620E-3
3.545000E-3	-1.177609E-2
3.550000E-3	-2.782118E-2
3.555000E-3	-1.813710E-2
3.560000E-3	-1.539528E-2
3.565000E-3	-1.809186E-2
3.570000E-3	-4.440367E-3
3.575000E-3	3.870070E-3
3.580000E-3	-1.761615E-3
3.585000E-3	7.921100E-3
3.590000E-3	8.644938E-3
3.595000E-3	-4.182637E-3
3.600000E-3	1.250267E-3
3.605000E-3	7.915616E-3
3.610000E-3	-4.281342E-3
3.615000E-3	1.566947E-3
3.620000E-3	1.182544E-2
3.625000E-3	-9.157658E-4
3.630000E-3	9.600461E-3
3.635000E-3	2.382910E-2
3.640000E-3	1.079178E-2
3.645000E-3	1.422042E-2
3.650000E-3	2.068973E-2
3.655000E-3	2.766490E-3
3.660000E-3	-2.922773E-3
3.665000E-3	6.456971E-4
3.670000E-3	-1.727754E-2
3.675000E-3	-1.806170E-2
3.680000E-3	1.200914E-3
3.685000E-3	-9.977460E-3
3.690000E-3	-1.224631E-2
3.695000E-3	1.218051E-2
3.700000E-3	6.090939E-3
3.705000E-3	-9.281039E-4
3.710000E-3	1.687312E-2
3.715000E-3	5.546689E-3
3.720000E-3	-1.061082E-2
3.725000E-3	2.277076E-3
3.730000E-3	-3.168166E-3
3.735000E-3	-1.591349E-2
3.740000E-3	8.389950E-4
3.745000E-3	2.166033E-3
3.750000E-3	-9.304345E-3
3.755000E-3	6.531000E-3
3.760000E-3	1.065332E-2
3.765000E-3	-8.614779E-3
3.770000E-3	5.726278E-3
3.775000E-3	1.850176E-2
3.780000E-3	4.469156E-3
3.785000E-3	9.984314E-3
3.790000E-3	1.320320E-2
3.795000E-3	-5.526125E-3
3.800000E-3	-1.047510E-2
3.805000E-3	-1.157868E-2
3.810000E-3	-2.479148E-2
3.815000E-3	-1.368028E-2
3.820000E-3	-7.128716E-4
3.825000E-3	-7.815540E-3
3.830000E-3	1.279056E-3
3.835000E-3	1.580107E-2
3.840000E-3	6.839454E-3
3.845000E-3	7.306933E-3
3.850000E-3	2.368104E-2
3.855000E-3	1.917076E-2
3.860000E-3	1.445210E-2
3.865000E-3	2.304631E-2
3.870000E-3	1.148820E-2
3.875000E-3	-4.696727E-3
3.880000E-3	-9.234428E-3
3.885000E-3	-2.482849E-2
3.890000E-3	-3.863490E-2
3.895000E-3	-2.542895E-2
3.900000E-3	-1.536787E-2
3.905000E-3	-1.025164E-2
3.910000E-3	1.518005E-2
3.915000E-3	2.824616E-2
3.920000E-3	1.829886E-2
3.925000E-3	2.233070E-2
3.930000E-3	2.205789E-2
3.935000E-3	7.492006E-3
3.940000E-3	1.083153E-2
3.945000E-3	1.359940E-2
3.950000E-3	-1.839757E-3
3.955000E-3	-1.076162E-3
3.960000E-3	-2.744555E-3
3.965000E-3	-2.101874E-2
3.970000E-3	-1.675522E-2
3.975000E-3	-8.092463E-3
3.980000E-3	-1.080686E-2
3.985000E-3	1.137853E-3
3.990000E-3	8.448899E-3
3.995000E-3	-1.036131E-2
4.000000E-3	-1.299208E-2
4.005000E-3	-1.043260E-2
4.010000E-3	-2.608973E-2
4.015000E-3	-1.821935E-2
4.020000E-3	1.412034E-4
4.025000E-3	6.210208E-4
4.030000E-3	1.665789E-2
4.035000E-3	3.963840E-2
4.040000E-3	3.459483E-2
4.045000E-3	3.473741E-2
4.050000E-3	4.194289E-2
4.055000E-3	2.323002E-2
4.060000E-3	9.504497E-3
4.065000E-3	1.308942E-2
4.070000E-3	-4.680276E-3
4.075000E-3	-2.675188E-2
4.080000E-3	-2.190983E-2
4.085000E-3	-2.768546E-2
4.090000E-3	-3.877473E-2
4.095000E-3	-2.604449E-2
4.100000E-3	-1.943535E-2
4.105000E-3	-2.179193E-2
4.110000E-3	-7.343948E-3
4.115000E-3	3.011882E-3
4.120000E-3	8.033514E-4
4.125000E-3	1.392704E-2
4.130000E-3	1.983291E-2
4.135000E-3	1.149642E-2
4.140000E-3	2.080351E-2
4.145000E-3	2.589643E-2
4.150000E-3	1.431775E-2
4.155000E-3	1.991516E-2
4.160000E-3	2.620488E-2
4.165000E-3	1.626992E-2
4.170000E-3	1.626992E-2
4.175000E-3	1.572978E-2
4.180000E-3	-3.018737E-3
4.185000E-3	-1.776695E-2
4.190000E-3	-2.533710E-2
4.195000E-3	-3.858829E-2
4.200000E-3	-3.936696E-2
4.205000E-3	-3.046155E-2
4.210000E-3	-2.968973E-2
4.215000E-3	-2.028120E-2
4.220000E-3	-5.346537E-4
4.225000E-3	1.043397E-2
4.230000E-3	2.129567E-2
4.235000E-3	3.410542E-2
4.240000E-3	3.494167E-2
4.245000E-3	3.416300E-2
4.250000E-3	3.824145E-2
4.255000E-3	3.251654E-2
4.260000E-3	2.004951E-2
4.265000E-3	1.265895E-2
4.270000E-3	2.049506E-3
4.275000E-3	-1.198310E-2
4.280000E-3	-2.037030E-2
4.285000E-3	-2.918798E-2
4.290000E-3	-3.100580E-2
4.295000E-3	-2.270359E-2
4.300000E-3	-2.025926E-2
4.305000E-3	-2.156848E-2
4.310000E-3	-1.797259E-2
4.315000E-3	-1.940107E-2
4.320000E-3	-2.397579E-2
4.325000E-3	-1.494288E-2
4.330000E-3	-5.140901E-4
4.335000E-3	1.198447E-2
4.340000E-3	3.268653E-2
4.345000E-3	4.954183E-2
4.350000E-3	5.299789E-2
4.355000E-3	4.942530E-2
4.360000E-3	3.786170E-2
4.365000E-3	1.823169E-2
4.370000E-3	4.281342E-3
4.375000E-3	-7.002592E-3
4.380000E-3	-2.022773E-2
4.385000E-3	-2.381814E-2
4.390000E-3	-1.907206E-2
4.395000E-3	-1.935858E-2
4.400000E-3	-2.176040E-2
4.405000E-3	-2.054715E-2
4.410000E-3	-2.824479E-2
4.415000E-3	-3.004479E-2
4.420000E-3	-1.822209E-2
4.425000E-3	-1.274121E-2
4.430000E-3	-2.478600E-3
4.435000E-3	1.709521E-2
4.440000E-3	3.032309E-2
4.445000E-3	3.573543E-2
4.450000E-3	4.174960E-2
4.455000E-3	3.225744E-2
4.460000E-3	1.765180E-2
4.465000E-3	1.253968E-2
4.470000E-3	2.248287E-4
4.475000E-3	-9.970605E-3
4.480000E-3	-7.323384E-3
4.485000E-3	-8.838236E-3
4.490000E-3	-1.090693E-2
4.495000E-3	-6.341815E-3
4.500000E-3	-7.508457E-3
4.505000E-3	-1.496345E-2
4.510000E-3	-1.270694E-2
4.515000E-3	-1.054227E-2
4.520000E-3	-1.261783E-2
4.525000E-3	-4.544556E-3
4.530000E-3	6.768167E-3
4.535000E-3	1.361036E-2
4.540000E-3	2.115583E-2
4.545000E-3	2.293938E-2
4.550000E-3	2.086931E-2
4.555000E-3	1.911592E-2
4.560000E-3	1.373786E-2
4.565000E-3	8.106172E-3
4.570000E-3	2.791166E-3
4.575000E-3	-4.674792E-4
4.580000E-3	-6.022394E-3
4.585000E-3	-7.146537E-3
4.590000E-3	-7.077992E-3
4.595000E-3	-7.956743E-3
4.600000E-3	-8.633971E-3
4.605000E-3	-1.108241E-2
4.610000E-3	-1.349795E-2
4.615000E-3	-1.504022E-2
4.620000E-3	-1.043260E-2
4.625000E-3	-1.435339E-3
4.630000E-3	8.643568E-3
4.635000E-3	1.938599E-2
4.640000E-3	2.447480E-2
4.645000E-3	2.047449E-2
4.650000E-3	1.559132E-2
4.655000E-3	6.430924E-3
4.660000E-3	-5.512416E-3
4.665000E-3	-1.032704E-2
4.670000E-3	-1.056421E-2
4.675000E-3	-1.425743E-2
4.680000E-3	-1.413268E-2
4.685000E-3	-7.853925E-3
4.690000E-3	-9.357810E-3
4.695000E-3	-8.425593E-3
4.700000E-3	-3.628790E-3
4.705000E-3	-1.603961E-3
4.710000E-3	4.130542E-3
4.715000E-3	1.051074E-2
4.720000E-3	1.409429E-2
4.725000E-3	1.717609E-2
4.730000E-3	1.854837E-2
4.735000E-3	1.715827E-2
4.740000E-3	1.526505E-2
4.745000E-3	8.587360E-3
4.750000E-3	-7.718205E-4
4.755000E-3	-4.596651E-3
4.760000E-3	-7.507086E-3
4.765000E-3	-9.335876E-3
4.770000E-3	-7.719576E-3
4.775000E-3	-6.090939E-3
4.780000E-3	-5.321860E-3
4.785000E-3	-5.128562E-3
4.790000E-3	-5.365729E-3
4.795000E-3	-5.934656E-3
4.800000E-3	-5.365729E-3
4.805000E-3	-4.395127E-3
4.810000E-3	-6.144404E-3
4.815000E-3	-4.506171E-3
4.820000E-3	1.084387E-3
4.825000E-3	6.720185E-3
4.830000E-3	8.326888E-3
4.835000E-3	1.087952E-2
4.840000E-3	1.184052E-2
4.845000E-3	8.644938E-3
4.850000E-3	1.065606E-2
4.855000E-3	1.027220E-2
4.860000E-3	6.133437E-3
4.865000E-3	4.423916E-3
4.870000E-3	2.378523E-3
4.875000E-3	-5.652249E-3
4.880000E-3	-8.673728E-3
4.885000E-3	-1.026261E-2
4.890000E-3	-1.324022E-2
4.895000E-3	-7.607162E-3
4.900000E-3	-8.595586E-4
4.905000E-3	-9.061694E-4
4.910000E-3	2.932370E-3
4.915000E-3	6.894290E-3
4.920000E-3	5.789340E-3
4.925000E-3	8.313179E-3
4.930000E-3	1.027358E-2
4.935000E-3	5.528867E-3
4.940000E-3	3.072202E-3
4.945000E-3	2.563596E-3
4.950000E-3	-1.299620E-3
4.955000E-3	-1.949430E-3
4.960000E-3	8.636713E-5
4.965000E-3	-3.933132E-3
4.970000E-3	-6.345928E-3
4.975000E-3	-3.033817E-3
4.980000E-3	-2.784312E-3
4.985000E-3	-2.274334E-3
4.990000E-3	9.568930E-4
4.995000E-3	5.239606E-3
5.000000E-3	7.660627E-3
5.005000E-3	9.156287E-3
5.010000E-3	6.029248E-3
5.015000E-3	1.376390E-3
5.020000E-3	6.415844E-4
5.025000E-3	4.798174E-5
5.030000E-3	-7.430315E-4
5.035000E-3	6.676316E-4
5.040000E-3	2.264738E-3
5.045000E-3	8.115768E-4
5.050000E-3	1.333892E-3
5.055000E-3	3.608227E-3
5.060000E-3	3.849506E-3
5.065000E-3	2.596498E-3
5.070000E-3	9.404421E-4
5.075000E-3	-2.001524E-4
5.080000E-3	-1.609445E-3
5.085000E-3	-4.611731E-3
5.090000E-3	-7.172585E-3
5.095000E-3	-6.504953E-3
5.100000E-3	-4.325211E-3
5.105000E-3	-1.329780E-3
5.110000E-3	4.778981E-3
5.115000E-3	9.209752E-3
5.120000E-3	1.187754E-2
5.125000E-3	1.271790E-2
5.130000E-3	9.267330E-3
5.135000E-3	5.543947E-3
5.140000E-3	2.811730E-3
5.145000E-3	-1.247525E-3
5.150000E-3	-5.118966E-3
5.155000E-3	-5.800307E-3
5.160000E-3	-6.954610E-3
5.165000E-3	-8.173347E-3
5.170000E-3	-4.699469E-3
5.175000E-3	-2.238691E-3
5.180000E-3	-1.906931E-3
5.185000E-3	1.664281E-3
5.190000E-3	2.889872E-3
5.195000E-3	3.002286E-3
5.200000E-3	5.490482E-3
5.205000E-3	7.012188E-3
5.210000E-3	6.517291E-3
5.215000E-3	8.946538E-3
5.220000E-3	9.377003E-3
5.225000E-3	6.358266E-3
5.230000E-3	5.890787E-3
5.235000E-3	1.884997E-3
5.240000E-3	-5.003810E-3
5.245000E-3	-7.005334E-3
5.250000E-3	-9.226203E-3
5.255000E-3	-1.186246E-2
5.260000E-3	-8.576393E-3
5.265000E-3	-4.162073E-3
5.270000E-3	-2.717137E-3
5.275000E-3	1.220107E-3
5.280000E-3	2.601981E-3
5.285000E-3	-1.237929E-3
5.290000E-3	-1.603961E-4
5.295000E-3	1.454532E-3
5.300000E-3	1.007617E-3
5.305000E-3	5.698860E-3
5.310000E-3	1.079726E-2
5.315000E-3	1.120168E-2
5.320000E-3	1.223534E-2
5.325000E-3	9.634733E-3
5.330000E-3	1.986444E-3
5.335000E-3	-1.366794E-3
5.340000E-3	-2.460778E-3
5.345000E-3	-4.606247E-3
5.350000E-3	-3.668547E-3
5.355000E-3	-6.429553E-4
5.360000E-3	-2.492309E-3
5.365000E-3	-3.949583E-3
5.370000E-3	-5.705714E-3
5.375000E-3	-8.716226E-3
5.380000E-3	-7.986903E-3
5.385000E-3	-2.364814E-3
5.390000E-3	4.263520E-3
5.395000E-3	1.145530E-2
5.400000E-3	1.783824E-2
5.405000E-3	1.913375E-2
5.410000E-3	1.562834E-2
5.415000E-3	1.145393E-2
5.420000E-3	5.537093E-3
5.425000E-3	-2.334654E-3
5.430000E-3	-6.488502E-3
5.435000E-3	-8.309066E-3
5.440000E-3	-1.012552E-2
5.445000E-3	-9.071290E-3
5.450000E-3	-6.186903E-3
5.455000E-3	-6.640673E-3
5.460000E-3	-5.312264E-3
5.465000E-3	-2.393603E-3
5.470000E-3	-4.247069E-3
5.475000E-3	-2.220869E-3
5.480000E-3	2.637625E-3
5.485000E-3	3.369689E-3
5.490000E-3	6.858647E-3
5.495000E-3	1.238066E-2
5.500000E-3	1.125515E-2
5.505000E-3	9.797871E-3
5.510000E-3	8.314550E-3
5.515000E-3	1.861691E-3
5.520000E-3	-1.543641E-3
5.525000E-3	-7.964969E-4
5.530000E-3	-3.403962E-3
5.535000E-3	-4.026353E-3
5.540000E-3	-1.965880E-3
5.545000E-3	-4.798174E-3
5.550000E-3	-6.086826E-3
5.555000E-3	-3.600001E-3
5.560000E-3	-5.342424E-3
5.565000E-3	-5.386293E-3
5.570000E-3	-2.263367E-3
5.575000E-3	-2.311349E-3
5.580000E-3	-1.860321E-3
5.585000E-3	1.939833E-3
5.590000E-3	3.839910E-3
5.595000E-3	4.068851E-3
5.600000E-3	7.160246E-3
5.605000E-3	9.553850E-3
5.610000E-3	9.860933E-3
5.615000E-3	1.120853E-2
5.620000E-3	1.279604E-2
5.625000E-3	1.182407E-2
5.630000E-3	1.056284E-2
5.635000E-3	7.904649E-3
5.640000E-3	1.865804E-3
5.645000E-3	-4.303277E-3
5.650000E-3	-9.871900E-3
5.655000E-3	-1.661950E-2
5.660000E-3	-2.099681E-2
5.665000E-3	-2.100092E-2
5.670000E-3	-1.956284E-2
5.675000E-3	-1.531303E-2
5.680000E-3	-7.714093E-3
5.685000E-3	-6.169081E-5
5.690000E-3	8.285761E-3
5.695000E-3	1.658660E-2
5.700000E-3	2.162057E-2
5.705000E-3	2.385652E-2
5.710000E-3	2.442133E-2
5.715000E-3	2.212369E-2
5.720000E-3	1.697046E-2
5.725000E-3	1.092476E-2
5.730000E-3	3.807008E-3
5.735000E-3	-2.974868E-3
5.740000E-3	-8.320034E-3
5.745000E-3	-1.279056E-2
5.750000E-3	-1.468515E-2
5.755000E-3	-1.367342E-2
5.760000E-3	-1.245606E-2
5.765000E-3	-1.075888E-2
5.770000E-3	-8.096576E-3
5.775000E-3	-5.465806E-3
5.780000E-3	-3.081799E-3
5.785000E-3	-5.702972E-4
5.790000E-3	1.784921E-3
5.795000E-3	4.456818E-3
5.800000E-3	7.566035E-3
5.805000E-3	9.855449E-3
5.810000E-3	1.093435E-2
5.815000E-3	1.089597E-2
5.820000E-3	1.004189E-2
5.825000E-3	8.484542E-3
5.830000E-3	6.891549E-3
5.835000E-3	5.247831E-3
5.840000E-3	3.305256E-3
5.845000E-3	2.203047E-3
5.850000E-3	6.539226E-4
5.855000E-3	-1.978219E-3
5.860000E-3	-4.153848E-3
5.865000E-3	-5.316377E-3
5.870000E-3	-6.164968E-3
5.875000E-3	-5.952477E-3
5.880000E-3	-5.304039E-3
5.885000E-3	-4.805028E-3
5.890000E-3	-3.912568E-3
5.895000E-3	-2.699316E-3
5.900000E-3	-1.008987E-3
5.905000E-3	9.020567E-4
5.910000E-3	2.847373E-3
5.915000E-3	4.639149E-3
5.920000E-3	6.783247E-3
5.925000E-3	8.310437E-3
5.930000E-3	8.664131E-3
5.935000E-3	8.554459E-3
5.940000E-3	7.316530E-3
5.945000E-3	5.138159E-3
5.950000E-3	2.437472E-3
5.955000E-3	-3.207922E-4
5.960000E-3	-2.244174E-3
5.965000E-3	-3.476620E-3
5.970000E-3	-3.715158E-3
5.975000E-3	-3.822088E-3
5.980000E-3	-4.118204E-3
5.985000E-3	-4.307389E-3
5.990000E-3	-3.837168E-3
5.995000E-3	-2.994061E-3
6.000000E-3	-1.350343E-3
6.005000E-3	1.178980E-3
6.010000E-3	3.144860E-3
6.015000E-3	4.587054E-3
6.020000E-3	5.948365E-3
6.025000E-3	5.899012E-3
6.030000E-3	5.114853E-3
6.035000E-3	3.885150E-3
6.040000E-3	1.787663E-3
6.045000E-3	-1.466870E-4
6.050000E-3	-1.221478E-3
6.055000E-3	-2.826810E-3
6.060000E-3	-4.578829E-3
6.065000E-3	-5.644023E-3
6.070000E-3	-5.963445E-3
6.075000E-3	-5.003810E-3
6.080000E-3	-2.811730E-3
6.085000E-3	-7.539988E-5
6.090000E-3	2.799392E-3
6.095000E-3	4.792690E-3
6.100000E-3	5.123079E-3
6.105000E-3	3.872812E-3
6.110000E-3	2.345622E-3
6.115000E-3	1.558721E-3
6.120000E-3	1.353085E-3
6.125000E-3	1.905560E-3
6.130000E-3	2.667785E-3
6.135000E-3	2.612948E-3
6.140000E-3	1.446307E-3
6.145000E-3	2.193451E-5
6.150000E-3	-1.679361E-3
6.155000E-3	-2.438843E-3
6.160000E-3	-1.017213E-3
6.165000E-3	1.059711E-3
6.170000E-3	2.800763E-3
6.175000E-3	4.348516E-3
6.180000E-3	4.763901E-3
6.185000E-3	4.189491E-3
6.190000E-3	3.272355E-3
6.195000E-3	1.322925E-3
6.200000E-3	-3.194213E-4
6.205000E-3	-1.390100E-3
6.210000E-3	-2.404571E-3
6.215000E-3	-2.499163E-3
6.220000E-3	-1.932979E-3
6.225000E-3	-1.627266E-3
6.230000E-3	-5.881190E-4
6.235000E-3	1.288652E-3
6.240000E-3	3.504038E-3
6.245000E-3	6.382942E-3
6.250000E-3	8.601069E-3
6.255000E-3	9.053469E-3
6.260000E-3	8.293986E-3
6.265000E-3	5.482256E-3
6.270000E-3	5.730391E-4
6.275000E-3	-4.248440E-3
6.280000E-3	-7.641435E-3
6.285000E-3	-8.825898E-3
6.290000E-3	-7.067025E-3
6.295000E-3	-3.657579E-3
6.300000E-3	-2.412796E-4
6.305000E-3	3.231227E-3
6.310000E-3	5.361617E-3
6.315000E-3	5.942881E-3
6.320000E-3	6.108761E-3
6.325000E-3	5.419195E-3
6.330000E-3	4.582942E-3
6.335000E-3	3.790557E-3
6.340000E-3	3.272355E-3
6.345000E-3	3.244936E-3
6.350000E-3	3.183246E-3
6.355000E-3	3.738463E-3
6.360000E-3	4.474640E-3
6.365000E-3	4.769385E-3
6.370000E-3	4.476011E-3
6.375000E-3	3.358722E-3
6.380000E-3	5.469918E-4
6.385000E-3	-2.427876E-3
6.390000E-3	-4.318357E-3
6.395000E-3	-5.931914E-3
6.400000E-3	-5.982637E-3
6.405000E-3	-4.639149E-3
6.410000E-3	-3.488958E-3
6.415000E-3	-1.605332E-3
6.420000E-3	8.623004E-4
6.425000E-3	2.921402E-3
6.430000E-3	4.821479E-3
6.435000E-3	6.884694E-3
6.440000E-3	7.879972E-3
6.445000E-3	7.681191E-3
6.450000E-3	6.085455E-3
6.455000E-3	3.221631E-3
6.460000E-3	2.248287E-4
6.465000E-3	-2.447069E-3
6.470000E-3	-3.983855E-3
6.475000E-3	-4.140139E-3
6.480000E-3	-3.084540E-3
6.485000E-3	-1.017213E-3
6.490000E-3	7.457733E-4
6.495000E-3	1.566947E-3
6.500000E-3	1.717746E-3
6.505000E-3	7.786751E-4
6.510000E-3	-7.265806E-5
6.515000E-3	-1.590252E-4
6.520000E-3	8.993149E-4
6.525000E-3	2.924144E-3
6.530000E-3	5.538464E-3
6.535000E-3	6.832600E-3
6.540000E-3	7.120490E-3
6.545000E-3	6.310284E-3
6.550000E-3	4.321098E-3
6.555000E-3	1.713634E-3
6.560000E-3	-7.635951E-4
6.565000E-3	-3.428638E-3
6.570000E-3	-5.439758E-3
6.575000E-3	-5.960703E-3
6.580000E-3	-5.230010E-3
6.585000E-3	-3.663063E-3
6.590000E-3	-1.276314E-3
6.595000E-3	8.225441E-4
6.600000E-3	2.297640E-3
6.605000E-3	3.582180E-3
6.610000E-3	4.474640E-3
6.615000E-3	4.822850E-3
6.620000E-3	4.747450E-3
6.625000E-3	4.920185E-3
6.630000E-3	5.235493E-3
6.635000E-3	5.286217E-3
6.640000E-3	4.200459E-3
6.645000E-3	2.336025E-3
6.650000E-3	-6.004572E-4
6.655000E-3	-3.835797E-3
6.660000E-3	-6.351411E-3
6.665000E-3	-7.571518E-3
6.670000E-3	-7.278144E-3
6.675000E-3	-5.790710E-3
6.680000E-3	-3.361464E-3
6.685000E-3	-1.741052E-4
6.690000E-3	2.862453E-3
6.695000E-3	5.681038E-3
6.700000E-3	7.471442E-3
6.705000E-3	7.741511E-3
6.710000E-3	7.088959E-3
6.715000E-3	5.845547E-3
6.720000E-3	3.992081E-3
6.725000E-3	1.895964E-3
6.730000E-3	2.810359E-4
6.735000E-3	-1.191318E-3
6.740000E-3	-1.725972E-3
6.745000E-3	-1.069307E-3
6.750000E-3	-4.743338E-4
6.755000E-3	-5.771518E-4
6.760000E-3	-2.824068E-4
6.765000E-3	-7.690787E-4
6.770000E-3	-1.188576E-3
6.775000E-3	-1.401067E-3
6.780000E-3	-1.510739E-3
6.785000E-3	-3.838539E-4
6.790000E-3	1.231074E-3
6.795000E-3	2.578676E-3
6.800000E-3	3.568470E-3
6.805000E-3	4.637778E-3
6.810000E-3	5.118966E-3
6.815000E-3	5.216300E-3
6.820000E-3	4.614472E-3
6.825000E-3	3.447831E-3
6.830000E-3	2.252400E-3
6.835000E-3	1.011729E-3
6.840000E-3	-1.699924E-4
6.845000E-3	-4.811883E-4
6.850000E-3	-4.085302E-4
6.855000E-3	2.097487E-4
6.860000E-3	4.990101E-4
6.865000E-3	4.181266E-4
6.870000E-3	-4.277229E-4
6.875000E-3	-1.265347E-3
6.880000E-3	-2.049506E-3
6.885000E-3	-1.684844E-3
6.890000E-3	-6.717443E-4
6.895000E-3	2.344251E-4
6.900000E-3	1.103580E-3
6.905000E-3	1.215994E-3
6.910000E-3	9.267330E-4
6.915000E-3	5.648136E-4
6.920000E-3	5.415082E-4
6.925000E-3	1.180351E-3
6.930000E-3	2.113938E-3
6.935000E-3	2.611578E-3
6.940000E-3	2.545774E-3
6.945000E-3	1.734197E-3
6.950000E-3	5.264282E-4
6.955000E-3	-6.402135E-4
6.960000E-3	-1.213253E-3
6.965000E-3	-1.771212E-3
6.970000E-3	-2.175629E-3
6.975000E-3	-2.503276E-3
6.980000E-3	-3.007770E-3
6.985000E-3	-3.510892E-3
6.990000E-3	-3.465652E-3
6.995000E-3	-2.852857E-3
7.000000E-3	-1.372278E-3
7.005000E-3	8.088350E-4
7.010000E-3	3.550649E-3
7.015000E-3	6.210208E-3
7.020000E-3	8.494139E-3
7.025000E-3	9.466112E-3
7.030000E-3	9.719729E-3
7.035000E-3	8.644938E-3
7.040000E-3	6.636560E-3
7.045000E-3	4.567862E-3
7.050000E-3	2.482712E-3
7.055000E-3	5.552173E-4
7.060000E-3	-1.314700E-3
7.065000E-3	-3.664434E-3
7.070000E-3	-6.060779E-3
7.075000E-3	-8.273423E-3
7.080000E-3	-9.722471E-3
7.085000E-3	-9.619653E-3
7.090000E-3	-7.737398E-3
7.095000E-3	-4.111350E-3
7.100000E-3	9.801984E-4
7.105000E-3	5.942881E-3
7.110000E-3	9.629250E-3
7.115000E-3	1.213115E-2
7.120000E-3	1.226413E-2
7.125000E-3	1.097000E-2
7.130000E-3	8.786142E-3
7.135000E-3	5.997717E-3
7.140000E-3	3.255904E-3
7.145000E-3	1.291394E-3
7.150000E-3	-9.596348E-5
7.155000E-3	-9.047985E-4
7.160000E-3	-1.058340E-3
7.165000E-3	-1.432598E-3
7.170000E-3	-2.119422E-3
7.175000E-3	-3.358722E-3
7.180000E-3	-5.147755E-3
7.185000E-3	-7.220566E-3
7.190000E-3	-9.161770E-3
7.195000E-3	-1.011455E-2
7.200000E-3	-9.706020E-3
7.205000E-3	-8.204877E-3
7.210000E-3	-4.828334E-3
7.215000E-3	-2.028942E-4
7.220000E-3	5.032599E-3
7.225000E-3	1.029414E-2
7.230000E-3	1.504296E-2
7.235000E-3	1.785332E-2
7.240000E-3	1.874304E-2
7.245000E-3	1.777655E-2
7.250000E-3	1.479757E-2
7.255000E-3	1.028728E-2
7.260000E-3	4.858494E-3
7.265000E-3	-1.180351E-3
7.270000E-3	-6.850421E-3
7.275000E-3	-1.173770E-2
7.280000E-3	-1.529795E-2
7.285000E-3	-1.659757E-2
7.290000E-3	-1.557899E-2
7.295000E-3	-1.316893E-2
7.300000E-3	-9.252250E-3
7.305000E-3	-4.656971E-3
7.310000E-3	1.110435E-4
7.315000E-3	4.343033E-3
7.320000E-3	7.958114E-3
7.325000E-3	1.058203E-2
7.330000E-3	1.186520E-2
7.335000E-3	1.190633E-2
7.340000E-3	1.093709E-2
7.345000E-3	9.435952E-3
7.350000E-3	7.289112E-3
7.355000E-3	5.423307E-3
7.360000E-3	3.454685E-3
7.365000E-3	1.635492E-3
7.370000E-3	-1.165271E-4
7.375000E-3	-1.538157E-3
7.380000E-3	-3.229856E-3
7.385000E-3	-4.902363E-3
7.390000E-3	-6.400764E-3
7.395000E-3	-7.629097E-3
7.400000E-3	-8.262455E-3
7.405000E-3	-7.786751E-3
7.410000E-3	-6.045699E-3
7.415000E-3	-3.092766E-3
7.420000E-3	8.527040E-4
7.425000E-3	5.112112E-3
7.430000E-3	9.002745E-3
7.435000E-3	1.197076E-2
7.440000E-3	1.353222E-2
7.445000E-3	1.324570E-2
7.450000E-3	1.095355E-2
7.455000E-3	7.253468E-3
7.460000E-3	2.458036E-3
7.465000E-3	-1.839757E-3
7.470000E-3	-4.630923E-3
7.475000E-3	-6.018281E-3
7.480000E-3	-6.027877E-3
7.485000E-3	-5.175173E-3
7.490000E-3	-4.190862E-3
7.495000E-3	-3.508151E-3
7.500000E-3	-3.297031E-3
7.505000E-3	-2.957046E-3
7.510000E-3	-2.582788E-3
7.515000E-3	-1.394212E-3
7.520000E-3	6.415844E-4
7.525000E-3	2.973497E-3
7.530000E-3	5.291700E-3
7.535000E-3	6.743491E-3
7.540000E-3	6.912112E-3
7.545000E-3	6.481647E-3
7.550000E-3	5.641282E-3
7.555000E-3	4.515767E-3
7.560000E-3	3.084540E-3
7.565000E-3	1.365423E-3
7.570000E-3	-4.784465E-4
7.575000E-3	-2.418280E-3
7.580000E-3	-3.872812E-3
7.585000E-3	-4.474640E-3
7.590000E-3	-4.554152E-3
7.595000E-3	-4.222393E-3
7.600000E-3	-3.405333E-3
7.605000E-3	-2.562225E-3
7.610000E-3	-1.288652E-3
7.615000E-3	1.699924E-4
7.620000E-3	1.704037E-3
7.625000E-3	3.732979E-3
7.630000E-3	5.624831E-3
7.635000E-3	7.209599E-3
7.640000E-3	8.017063E-3
7.645000E-3	8.324146E-3
7.650000E-3	8.008838E-3
7.655000E-3	7.353544E-3
7.660000E-3	6.417215E-3
7.665000E-3	5.454838E-3
7.670000E-3	4.219651E-3
7.675000E-3	3.010511E-3
7.680000E-3	1.614928E-3
7.685000E-3	-1.370907E-5
7.690000E-3	-1.857579E-3
7.695000E-3	-3.923535E-3
7.700000E-3	-5.409598E-3
7.705000E-3	-6.144404E-3
7.710000E-3	-6.208837E-3
7.715000E-3	-5.284846E-3
7.720000E-3	-3.424525E-3
7.725000E-3	-8.170605E-4
7.730000E-3	1.627266E-3
7.735000E-3	3.486216E-3
7.740000E-3	4.765272E-3
7.745000E-3	5.235493E-3
7.750000E-3	5.493224E-3
7.755000E-3	5.426049E-3
7.760000E-3	5.199850E-3
7.765000E-3	5.139530E-3
7.770000E-3	5.235493E-3
7.775000E-3	5.106628E-3
7.780000E-3	4.333436E-3
7.785000E-3	2.941966E-3
7.790000E-3	9.089112E-4
7.795000E-3	-1.423001E-3
7.800000E-3	-3.339529E-3
7.805000E-3	-4.740596E-3
7.810000E-3	-5.260170E-3
7.815000E-3	-4.780352E-3
7.820000E-3	-3.419042E-3
7.825000E-3	-1.695812E-3
7.830000E-3	2.275705E-4
7.835000E-3	1.598477E-3
7.840000E-3	2.904952E-3
7.845000E-3	3.787816E-3
7.850000E-3	3.938615E-3
7.855000E-3	3.642499E-3
7.860000E-3	3.022850E-3
7.865000E-3	1.765728E-3
7.870000E-3	1.741052E-4
7.875000E-3	-1.222849E-3
7.880000E-3	-2.231836E-3
7.885000E-3	-2.090633E-3
7.890000E-3	-1.114547E-3
7.895000E-3	8.143187E-4
7.900000E-3	2.909064E-3
7.905000E-3	4.944861E-3
7.910000E-3	6.373346E-3
7.915000E-3	6.554306E-3
7.920000E-3	5.637169E-3
7.925000E-3	4.116833E-3
7.930000E-3	2.177000E-3
7.935000E-3	3.564358E-4
7.940000E-3	-7.677078E-4
7.945000E-3	-1.222849E-3
7.950000E-3	-1.332521E-3
7.955000E-3	-8.033514E-4
7.960000E-3	-1.000762E-4
7.965000E-3	4.140139E-4
7.970000E-3	8.225441E-4
7.975000E-3	9.829402E-4
7.980000E-3	9.760857E-4
7.985000E-3	8.993149E-4
7.990000E-3	7.444024E-4
7.995000E-3	5.058646E-4
8.000000E-3	5.250573E-4
8.005000E-3	3.811121E-4
8.010000E-3	7.128716E-5
8.015000E-3	-1.974106E-4
8.020000E-3	-2.933741E-4
8.025000E-3	-2.426505E-4
8.030000E-3	-1.083016E-4
8.035000E-3	2.604723E-5
8.040000E-3	4.030466E-4
8.045000E-3	8.170605E-4
8.050000E-3	1.125515E-3
8.055000E-3	1.209140E-3
8.060000E-3	1.152933E-3
8.065000E-3	9.253621E-4
8.070000E-3	8.321404E-4
8.075000E-3	4.770756E-4
8.080000E-3	7.128716E-5
8.085000E-3	1.412034E-4
8.090000E-3	4.428029E-4
8.095000E-3	1.056969E-3
8.100000E-3	1.592994E-3
8.105000E-3	2.109826E-3
8.110000E-3	2.449811E-3
8.115000E-3	2.670527E-3
8.120000E-3	2.851486E-3
8.125000E-3	3.069460E-3
8.130000E-3	3.017366E-3
8.135000E-3	3.095508E-3
8.140000E-3	3.273726E-3
8.145000E-3	3.534198E-3
8.150000E-3	3.523231E-3
8.155000E-3	3.421783E-3
8.160000E-3	2.745926E-3
8.165000E-3	2.056360E-3
8.170000E-3	1.492918E-3
8.175000E-3	1.128256E-3
8.180000E-3	9.212494E-4
8.185000E-3	1.165271E-3
8.190000E-3	1.089871E-3
8.195000E-3	8.979440E-4
8.200000E-3	7.019043E-4
8.205000E-3	1.384616E-4
8.210000E-3	-8.938313E-4
8.215000E-3	-1.819193E-3
8.220000E-3	-2.449811E-3
8.225000E-3	-2.527952E-3
8.230000E-3	-1.687586E-3
8.235000E-3	-5.346537E-4
8.240000E-3	8.431077E-4
8.245000E-3	2.061844E-3
8.250000E-3	3.217518E-3
8.255000E-3	3.669918E-3
8.260000E-3	3.597260E-3
8.265000E-3	3.232598E-3
8.270000E-3	2.841890E-3
8.275000E-3	2.209902E-3
8.280000E-3	1.819193E-3
8.285000E-3	1.989186E-3
8.290000E-3	1.694441E-3
8.295000E-3	1.188576E-3
8.300000E-3	7.430315E-4
8.305000E-3	-2.330542E-4
8.310000E-3	-1.115918E-3
8.315000E-3	-2.111197E-3
8.320000E-3	-2.750039E-3
8.325000E-3	-2.907693E-3
8.330000E-3	-2.822697E-3
8.335000E-3	-2.270222E-3
8.340000E-3	-1.181722E-3
8.345000E-3	6.854534E-6
8.350000E-3	1.656055E-3
8.355000E-3	3.436863E-3
8.360000E-3	4.587054E-3
8.365000E-3	5.598783E-3
8.370000E-3	5.760550E-3
8.375000E-3	5.404115E-3
8.380000E-3	4.358113E-3
8.385000E-3	2.900839E-3
8.390000E-3	9.980202E-4
8.395000E-3	-8.184314E-4
8.400000E-3	-2.697945E-3
8.405000E-3	-4.214168E-3
8.410000E-3	-5.456209E-3
8.415000E-3	-5.792081E-3
8.420000E-3	-5.394518E-3
8.425000E-3	-3.989339E-3
8.430000E-3	-2.071440E-3
8.435000E-3	9.459257E-5
8.440000E-3	2.304494E-3
8.445000E-3	4.218280E-3
8.450000E-3	5.564511E-3
8.455000E-3	6.354153E-3
8.460000E-3	6.352782E-3
8.465000E-3	5.671442E-3
8.470000E-3	4.574716E-3
8.475000E-3	3.565729E-3
8.480000E-3	2.670527E-3
8.485000E-3	1.779437E-3
8.490000E-3	8.088350E-4
8.495000E-3	5.620718E-5
8.500000E-3	-5.113482E-4
8.505000E-3	-9.637475E-4
8.510000E-3	-1.460016E-3
8.515000E-3	-1.209140E-3
8.520000E-3	-8.472204E-4
8.525000E-3	1.412034E-4
8.530000E-3	1.231074E-3
8.535000E-3	2.319574E-3
8.540000E-3	3.111959E-3
8.545000E-3	3.306627E-3
8.550000E-3	3.153086E-3
8.555000E-3	2.984464E-3
8.560000E-3	2.563596E-3
8.565000E-3	1.971364E-3
8.570000E-3	1.177609E-3
8.575000E-3	1.932979E-4
8.580000E-3	-5.072355E-4
8.585000E-3	-1.384616E-3
8.590000E-3	-2.060473E-3
8.595000E-3	-2.353847E-3
8.600000E-3	-2.348363E-3
8.605000E-3	-1.989186E-3
8.610000E-3	-1.191318E-3
8.615000E-3	-1.658797E-4
8.620000E-3	7.320642E-4
8.625000E-3	1.658797E-3
8.630000E-3	2.512872E-3
8.635000E-3	3.129780E-3
8.640000E-3	3.780961E-3
8.645000E-3	4.378676E-3
8.650000E-3	4.766643E-3
8.655000E-3	5.020261E-3
8.660000E-3	4.654229E-3
8.665000E-3	4.201829E-3
8.670000E-3	3.335416E-3
8.675000E-3	2.249658E-3
8.680000E-3	9.623766E-4
8.685000E-3	-7.224679E-4
8.690000E-3	-2.123535E-3
8.695000E-3	-3.247678E-3
8.700000E-3	-4.105866E-3
8.705000E-3	-4.396498E-3
8.710000E-3	-3.966033E-3
8.715000E-3	-2.759635E-3
8.720000E-3	-1.143336E-3
8.725000E-3	1.284540E-3
8.730000E-3	3.552020E-3
8.735000E-3	5.256057E-3
8.740000E-3	6.459713E-3
8.745000E-3	6.721556E-3
8.750000E-3	6.196499E-3
8.755000E-3	5.123079E-3
8.760000E-3	4.003048E-3
8.765000E-3	2.958417E-3
8.770000E-3	2.400458E-3
8.775000E-3	2.087891E-3
8.780000E-3	1.987815E-3
8.785000E-3	1.723230E-3
8.790000E-3	8.431077E-4
8.795000E-3	-6.347299E-4
8.800000E-3	-2.296269E-3
8.805000E-3	-4.197717E-3
8.810000E-3	-5.697489E-3
8.815000E-3	-6.373346E-3
8.820000E-3	-6.206095E-3
8.825000E-3	-4.883170E-3
8.830000E-3	-2.686977E-3
8.835000E-3	-1.110435E-4
8.840000E-3	3.007770E-3
8.845000E-3	5.793452E-3
8.850000E-3	7.753849E-3
8.855000E-3	8.640826E-3
8.860000E-3	8.218586E-3
8.865000E-3	6.809294E-3
8.870000E-3	4.787207E-3
8.875000E-3	2.445698E-3
8.880000E-3	4.208684E-4
8.885000E-3	-1.146078E-3
8.890000E-3	-2.452552E-3
8.895000E-3	-3.262758E-3
8.900000E-3	-3.763139E-3
8.905000E-3	-3.896117E-3
8.910000E-3	-3.872812E-3
8.915000E-3	-3.602743E-3
8.920000E-3	-3.014624E-3
8.925000E-3	-2.089262E-3
8.930000E-3	-7.252097E-4
8.935000E-3	8.143187E-4
8.940000E-3	2.145469E-3
8.945000E-3	3.258646E-3
8.950000E-3	4.321098E-3
8.955000E-3	4.991472E-3
8.960000E-3	5.018890E-3
8.965000E-3	4.900992E-3
8.970000E-3	4.200459E-3
8.975000E-3	3.221631E-3
8.980000E-3	1.835644E-3
8.985000E-3	3.399849E-4
8.990000E-3	-1.220107E-3
8.995000E-3	-2.866566E-3
9.000000E-3	-4.045546E-3
9.005000E-3	-4.722774E-3
9.010000E-3	-4.684389E-3
9.015000E-3	-3.960550E-3
9.020000E-3	-2.336025E-3
9.025000E-3	-4.332066E-4
9.030000E-3	1.967251E-3
9.035000E-3	3.875554E-3
9.040000E-3	5.557656E-3
9.045000E-3	6.713331E-3
9.050000E-3	7.387817E-3
9.055000E-3	7.467330E-3
9.060000E-3	6.498098E-3
9.065000E-3	5.065501E-3
9.070000E-3	3.318965E-3
9.075000E-3	1.610816E-3
9.080000E-3	-3.838539E-5
9.085000E-3	-1.694441E-3
9.090000E-3	-3.266871E-3
9.095000E-3	-4.274487E-3
9.100000E-3	-5.002439E-3
9.105000E-3	-5.192995E-3
9.110000E-3	-4.513025E-3
9.115000E-3	-3.124297E-3
9.120000E-3	-1.022696E-3
9.125000E-3	1.542270E-3
9.130000E-3	3.919423E-3
9.135000E-3	6.067634E-3
9.140000E-3	7.793605E-3
9.145000E-3	8.614779E-3
9.150000E-3	8.603811E-3
9.155000E-3	7.944405E-3
9.160000E-3	6.358266E-3
9.165000E-3	4.500687E-3
9.170000E-3	2.279818E-3
9.175000E-3	-8.499622E-5
9.180000E-3	-2.407312E-3
9.185000E-3	-4.266262E-3
9.190000E-3	-5.749583E-3
9.195000E-3	-6.328106E-3
9.200000E-3	-6.151259E-3
9.205000E-3	-4.977763E-3
9.210000E-3	-3.154457E-3
9.215000E-3	-1.359940E-3
9.220000E-3	7.690787E-4
9.225000E-3	2.656817E-3
9.230000E-3	3.739834E-3
9.235000E-3	4.264891E-3
9.240000E-3	4.233360E-3
9.245000E-3	3.654838E-3
9.250000E-3	3.506780E-3
9.255000E-3	3.406703E-3
9.260000E-3	3.188729E-3
9.265000E-3	2.869308E-3
9.270000E-3	2.570450E-3
9.275000E-3	1.926124E-3
9.280000E-3	1.110435E-3
9.285000E-3	2.865195E-4
9.290000E-3	-6.607771E-4
9.295000E-3	-1.335263E-3
9.300000E-3	-1.750648E-3
9.305000E-3	-1.764357E-3
9.310000E-3	-1.439452E-3
9.315000E-3	-1.006246E-3
9.320000E-3	-2.632141E-4
9.325000E-3	4.661083E-4
9.330000E-3	1.290023E-3
9.335000E-3	1.991928E-3
9.340000E-3	2.389491E-3
9.345000E-3	2.501905E-3
9.350000E-3	2.719879E-3
9.355000E-3	2.998173E-3
9.360000E-3	3.113329E-3
9.365000E-3	3.253162E-3
9.370000E-3	3.508151E-3
9.375000E-3	3.432751E-3
9.380000E-3	2.978981E-3
9.385000E-3	2.187967E-3
9.390000E-3	1.195431E-3
9.395000E-3	2.015233E-4
9.400000E-3	-7.882714E-4
9.405000E-3	-1.540899E-3
9.410000E-3	-2.046764E-3
9.415000E-3	-2.401829E-3
9.420000E-3	-2.504647E-3
9.425000E-3	-2.141356E-3
9.430000E-3	-1.498401E-3
9.435000E-3	-4.510283E-4
9.440000E-3	7.183552E-4
9.445000E-3	2.009749E-3
9.450000E-3	3.449202E-3
9.455000E-3	4.809141E-3
9.460000E-3	5.792081E-3
9.465000E-3	6.162226E-3
9.470000E-3	6.042957E-3
9.475000E-3	5.398631E-3
9.480000E-3	4.019499E-3
9.485000E-3	2.374411E-3
9.490000E-3	5.757809E-4
9.495000E-3	-9.157658E-4
9.500000E-3	-1.983702E-3
9.505000E-3	-2.484083E-3
9.510000E-3	-2.607465E-3
9.515000E-3	-2.559483E-3
9.520000E-3	-1.875401E-3
9.525000E-3	-1.184464E-3
9.530000E-3	-6.059408E-4
9.535000E-3	3.907084E-4
9.540000E-3	1.520336E-3
9.545000E-3	2.527952E-3
9.550000E-3	3.558874E-3
9.555000E-3	4.497945E-3
9.560000E-3	4.807770E-3
9.565000E-3	4.970908E-3
9.570000E-3	4.570603E-3
9.575000E-3	3.830314E-3
9.580000E-3	2.959788E-3
9.585000E-3	1.928866E-3
9.590000E-3	1.118660E-3
9.595000E-3	5.949736E-4
9.600000E-3	1.535416E-4
9.605000E-3	-1.028180E-4
9.610000E-3	-6.031990E-5
9.615000E-3	-1.741052E-4
9.620000E-3	1.987815E-4
9.625000E-3	9.020567E-4
9.630000E-3	1.299620E-3
9.635000E-3	1.900077E-3
9.640000E-3	2.625287E-3
9.645000E-3	3.288805E-3
9.650000E-3	3.732979E-3
9.655000E-3	3.824830E-3
9.660000E-3	3.579438E-3
9.665000E-3	3.260016E-3
9.670000E-3	2.261996E-3
9.675000E-3	1.063824E-3
9.680000E-3	-3.975630E-5
9.685000E-3	-9.760857E-4
9.690000E-3	-2.092004E-3
9.695000E-3	-2.774715E-3
9.700000E-3	-3.010511E-3
9.705000E-3	-2.955675E-3
9.710000E-3	-2.600610E-3
9.715000E-3	-2.044022E-3
9.720000E-3	-1.166642E-3
9.725000E-3	-3.742576E-4
9.730000E-3	2.810359E-4
9.735000E-3	1.122773E-3
9.740000E-3	2.108455E-3
9.745000E-3	2.802134E-3
9.750000E-3	3.387511E-3
9.755000E-3	3.593147E-3
9.760000E-3	3.705561E-3
9.765000E-3	3.523231E-3
9.770000E-3	3.405333E-3
9.775000E-3	3.059864E-3
9.780000E-3	2.658188E-3
9.785000E-3	2.152324E-3
9.790000E-3	1.484692E-3
9.795000E-3	5.552173E-4
9.800000E-3	-5.360246E-4
9.805000E-3	-1.754761E-3
9.810000E-3	-2.877533E-3
9.815000E-3	-3.724754E-3
9.820000E-3	-4.196346E-3
9.825000E-3	-3.786445E-3
9.830000E-3	-3.021479E-3
9.835000E-3	-1.566947E-3
9.840000E-3	-1.466870E-4
9.845000E-3	1.438081E-3
9.850000E-3	3.162682E-3
9.855000E-3	4.329324E-3
9.860000E-3	5.369842E-3
9.865000E-3	5.835950E-3
9.870000E-3	5.904496E-3
9.875000E-3	5.586445E-3
9.880000E-3	5.003810E-3
9.885000E-3	4.016757E-3
9.890000E-3	2.837777E-3
9.895000E-3	1.487434E-3
9.900000E-3	-1.946688E-4
9.905000E-3	-1.443565E-3
9.910000E-3	-2.685606E-3
9.915000E-3	-3.521860E-3
9.920000E-3	-3.874183E-3
9.925000E-3	-3.597260E-3
9.930000E-3	-2.803504E-3
9.935000E-3	-1.647830E-3
9.940000E-3	-4.057884E-4
9.945000E-3	7.649660E-4
9.950000E-3	2.011120E-3
9.955000E-3	2.850115E-3
9.960000E-3	3.254533E-3
9.965000E-3	3.711045E-3
9.970000E-3	3.743947E-3
9.975000E-3	3.654838E-3
9.980000E-3	3.388882E-3
9.985000E-3	2.684236E-3
9.990000E-3	2.145469E-3
9.995000E-3	8.595586E-4
