0.000000E+0	1.413131E-2
5.000000E-6	1.415461E-2
1.000000E-5	-1.281112E-2
1.500000E-5	-1.257122E-3
2.000000E-5	-6.389797E-3
2.500000E-5	-3.389841E-2
3.000000E-5	-2.019209E-2
3.500000E-5	8.564055E-3
4.000000E-5	2.659559E-4
4.500000E-5	1.858401E-2
5.000000E-5	2.019894E-2
5.500000E-5	-2.780336E-2
6.000000E-5	-3.934914E-2
6.500000E-5	-2.022499E-2
7.000000E-5	-3.357488E-2
7.500000E-5	-4.542226E-2
8.000000E-5	-5.256057E-3
8.500000E-5	5.288410E-2
9.000000E-5	3.739834E-2
9.500000E-5	-1.840717E-2
1.000000E-4	-6.003201E-3
1.050000E-4	1.301539E-2
1.100000E-4	-3.092080E-2
1.150000E-4	-1.117289E-2
1.200000E-4	-6.163597E-3
1.250000E-4	-3.393954E-2
1.300000E-4	8.857429E-3
1.350000E-4	2.066094E-2
1.400000E-4	-1.379681E-2
1.450000E-4	4.423642E-2
1.500000E-4	7.323658E-2
1.550000E-4	1.278508E-2
1.600000E-4	3.062057E-2
1.650000E-4	6.106704E-2
1.700000E-4	-2.065134E-2
1.750000E-4	-4.036635E-2
1.800000E-4	3.680885E-3
1.850000E-4	-5.174762E-2
1.900000E-4	-7.081556E-2
1.950000E-4	5.362988E-3
2.000000E-4	-8.152783E-3
2.050000E-4	-3.292644E-2
2.100000E-4	1.208454E-2
2.150000E-4	2.128607E-2
2.200000E-4	-2.094746E-3
2.250000E-4	1.212704E-2
2.300000E-4	7.571518E-3
2.350000E-4	-4.892766E-3
2.400000E-4	1.616848E-2
2.450000E-4	-1.508957E-2
2.500000E-4	-3.200656E-2
2.550000E-4	2.130252E-2
2.600000E-4	2.217442E-2
2.650000E-4	-3.345013E-3
2.700000E-4	-2.586901E-3
2.750000E-4	-1.581341E-2
2.800000E-4	-4.330695E-3
2.850000E-4	2.264738E-2
2.900000E-4	9.840369E-3
2.950000E-4	-8.265197E-3
3.000000E-4	8.660018E-3
3.050000E-4	3.270984E-3
3.100000E-4	-1.399696E-2
3.150000E-4	5.812645E-3
3.200000E-4	7.594824E-3
3.250000E-4	2.750039E-3
3.300000E-4	9.718359E-3
3.350000E-4	-2.443916E-2
3.400000E-4	-1.591897E-2
3.450000E-4	6.703734E-3
3.500000E-4	-1.609856E-2
3.550000E-4	-4.279971E-3
3.600000E-4	2.412796E-2
3.650000E-4	-1.056558E-2
3.700000E-4	-2.561128E-2
3.750000E-4	1.913649E-2
3.800000E-4	5.999088E-3
3.850000E-4	-2.155066E-2
3.900000E-4	2.419513E-2
3.950000E-4	2.008653E-2
4.000000E-4	-1.260000E-2
4.050000E-4	-4.666567E-3
4.100000E-4	-2.055538E-2
4.150000E-4	-2.590603E-2
4.200000E-4	1.110983E-2
4.250000E-4	8.158267E-3
4.300000E-4	3.782332E-3
4.350000E-4	3.137320E-2
4.400000E-4	2.630907E-2
4.450000E-4	1.439452E-3
4.500000E-4	1.210237E-2
4.550000E-4	-1.511288E-2
4.600000E-4	-4.232675E-2
4.650000E-4	-2.454472E-2
4.700000E-4	-1.653451E-2
4.750000E-4	-4.428029E-3
4.800000E-4	1.726383E-2
4.850000E-4	5.454838E-3
4.900000E-4	-8.847833E-3
4.950000E-4	-5.730391E-3
5.000000E-4	-6.378829E-3
5.050000E-4	-2.211273E-3
5.100000E-4	1.723093E-2
5.150000E-4	1.487023E-2
5.200000E-4	-3.464282E-3
5.250000E-4	-2.315462E-3
5.300000E-4	-1.108789E-2
5.350000E-4	-1.346642E-2
5.400000E-4	6.123841E-3
5.450000E-4	1.136756E-2
5.500000E-4	-6.467938E-3
5.550000E-4	-8.646309E-3
5.600000E-4	-4.791319E-3
5.650000E-4	-8.546233E-3
5.700000E-4	4.107237E-3
5.750000E-4	1.417929E-2
5.800000E-4	1.244783E-2
5.850000E-4	1.594639E-2
5.900000E-4	-4.888654E-3
5.950000E-4	-2.007556E-2
6.000000E-4	9.470224E-3
6.050000E-4	1.536787E-2
6.100000E-4	2.830923E-3
6.150000E-4	1.901311E-2
6.200000E-4	1.957929E-2
6.250000E-4	-7.921100E-3
6.300000E-4	-2.160138E-2
6.350000E-4	-2.098447E-2
6.400000E-4	-1.394761E-2
6.450000E-4	5.389035E-3
6.500000E-4	1.084799E-2
6.550000E-4	-1.120991E-2
6.600000E-4	-7.311046E-3
6.650000E-4	7.873118E-3
6.700000E-4	-3.290176E-3
6.750000E-4	-1.146352E-2
6.800000E-4	-1.263976E-3
6.850000E-4	-6.592691E-3
6.900000E-4	-2.212781E-2
6.950000E-4	-1.615202E-2
7.000000E-4	-8.200765E-3
7.050000E-4	-1.276451E-2
7.100000E-4	3.210664E-3
7.150000E-4	6.385684E-3
7.200000E-4	-9.722471E-3
7.250000E-4	6.783247E-3
7.300000E-4	2.165347E-2
7.350000E-4	-3.864586E-3
7.400000E-4	-1.990557E-3
7.450000E-4	1.694167E-2
7.500000E-4	-6.580353E-3
7.550000E-4	-1.405180E-2
7.600000E-4	1.161569E-2
7.650000E-4	4.074335E-3
7.700000E-4	-3.057122E-4
7.750000E-4	1.771760E-2
7.800000E-4	4.848897E-3
7.850000E-4	2.364814E-3
7.900000E-4	2.759361E-2
7.950000E-4	1.344860E-2
8.000000E-4	-9.499013E-3
8.050000E-4	-8.033514E-4
8.100000E-4	-9.692311E-3
8.150000E-4	-2.699178E-2
8.200000E-4	-1.020503E-2
8.250000E-4	1.797259E-3
8.300000E-4	-3.852248E-3
8.350000E-4	6.110132E-3
8.400000E-4	6.433666E-3
8.450000E-4	-3.890634E-3
8.500000E-4	-4.778981E-3
8.550000E-4	-1.175964E-2
8.600000E-4	-1.628089E-2
8.650000E-4	-1.161844E-2
8.700000E-4	-1.616573E-2
8.750000E-4	-2.186185E-2
8.800000E-4	-1.482224E-2
8.850000E-4	-1.141691E-2
8.900000E-4	-5.231380E-3
8.950000E-4	1.081645E-2
9.000000E-4	9.494901E-3
9.050000E-4	-2.815843E-3
9.100000E-4	-4.714549E-3
9.150000E-4	-8.274794E-3
9.200000E-4	-3.874183E-3
9.250000E-4	1.905698E-2
9.300000E-4	3.150892E-2
9.350000E-4	2.513421E-2
9.400000E-4	2.907968E-2
9.450000E-4	1.322925E-2
9.500000E-4	-1.482773E-2
9.550000E-4	-5.065501E-3
9.600000E-4	5.827725E-3
9.650000E-4	1.284540E-3
9.700000E-4	1.299208E-2
9.750000E-4	1.346642E-2
9.800000E-4	-5.469918E-3
9.850000E-4	-4.412949E-3
9.900000E-4	1.824677E-3
9.950000E-4	-4.695356E-3
1.000000E-3	-1.968622E-3
1.005000E-3	-2.578676E-3
1.010000E-3	-1.625896E-2
1.015000E-3	-1.033664E-2
1.020000E-3	-1.768470E-3
1.025000E-3	-1.096725E-2
1.030000E-3	-6.879210E-3
1.035000E-3	-1.000762E-3
1.040000E-3	-9.913027E-3
1.045000E-3	-1.026809E-2
1.050000E-3	-2.802134E-3
1.055000E-3	-8.358419E-3
1.060000E-3	-1.045454E-2
1.065000E-3	3.153086E-4
1.070000E-3	1.521707E-4
1.075000E-3	-6.334960E-3
1.080000E-3	-3.739834E-3
1.085000E-3	-5.447984E-3
1.090000E-3	-7.064283E-3
1.095000E-3	-4.326582E-3
1.100000E-3	-5.746841E-3
1.105000E-3	-3.239453E-3
1.110000E-3	7.630467E-3
1.115000E-3	1.161295E-2
1.120000E-3	1.116741E-2
1.125000E-3	1.952720E-2
1.130000E-3	1.852506E-2
1.135000E-3	4.174411E-3
1.140000E-3	7.087588E-4
1.145000E-3	2.589643E-3
1.150000E-3	-7.142425E-4
1.155000E-3	2.832294E-3
1.160000E-3	7.818282E-3
1.165000E-3	-1.784921E-3
1.170000E-3	-8.655906E-3
1.175000E-3	5.593300E-4
1.180000E-3	3.813863E-3
1.185000E-3	7.567406E-4
1.190000E-3	3.307998E-3
1.195000E-3	-3.857732E-3
1.200000E-3	-2.106124E-2
1.205000E-3	-2.296269E-2
1.210000E-3	-1.247662E-2
1.215000E-3	-7.345319E-3
1.220000E-3	-3.458798E-3
1.225000E-3	1.110435E-4
1.230000E-3	-6.040215E-3
1.235000E-3	-1.288378E-2
1.240000E-3	-9.113789E-3
1.245000E-3	-4.596651E-3
1.250000E-3	-2.848744E-3
1.255000E-3	-1.263976E-3
1.260000E-3	3.015995E-4
1.265000E-3	5.224526E-3
1.270000E-3	1.337731E-2
1.275000E-3	1.941341E-2
1.280000E-3	1.562697E-2
1.285000E-3	7.322013E-3
1.290000E-3	3.711045E-3
1.295000E-3	9.220719E-3
1.300000E-3	1.669079E-2
1.305000E-3	1.959300E-2
1.310000E-3	1.419711E-2
1.315000E-3	-8.225441E-6
1.320000E-3	-1.181310E-2
1.325000E-3	-1.375020E-2
1.330000E-3	-1.113039E-2
1.335000E-3	-4.641891E-3
1.340000E-3	1.577914E-3
1.345000E-3	1.963139E-3
1.350000E-3	-4.928410E-3
1.355000E-3	-1.447266E-2
1.360000E-3	-2.164251E-2
1.365000E-3	-2.285987E-2
1.370000E-3	-1.920366E-2
1.375000E-3	-1.600534E-2
1.380000E-3	-1.210648E-2
1.385000E-3	-4.618585E-3
1.390000E-3	2.808988E-3
1.395000E-3	5.750954E-3
1.400000E-3	3.837168E-3
1.405000E-3	1.935720E-3
1.410000E-3	4.122317E-3
1.415000E-3	1.115781E-2
1.420000E-3	1.781493E-2
1.425000E-3	1.699513E-2
1.430000E-3	1.311821E-2
1.435000E-3	6.051183E-3
1.440000E-3	-7.330239E-3
1.445000E-3	-9.803355E-3
1.450000E-3	1.414776E-3
1.455000E-3	3.251791E-3
1.460000E-3	-1.498401E-3
1.465000E-3	-7.814169E-5
1.470000E-3	-3.476620E-3
1.475000E-3	-1.071227E-2
1.480000E-3	-7.790864E-3
1.485000E-3	-3.724754E-3
1.490000E-3	-5.498707E-3
1.495000E-3	-2.366185E-3
1.500000E-3	3.015995E-5
1.505000E-3	2.481341E-4
1.510000E-3	9.699166E-3
1.515000E-3	1.700610E-2
1.520000E-3	1.416010E-2
1.525000E-3	1.607525E-2
1.530000E-3	1.524723E-2
1.535000E-3	-6.100535E-4
1.540000E-3	-8.484542E-3
1.545000E-3	-6.728411E-3
1.550000E-3	-1.763535E-2
1.555000E-3	-2.328211E-2
1.560000E-3	-1.549125E-2
1.565000E-3	-1.684296E-2
1.570000E-3	-1.369399E-2
1.575000E-3	3.236711E-3
1.580000E-3	3.909826E-3
1.585000E-3	-3.074944E-3
1.590000E-3	5.582333E-3
1.595000E-3	6.426811E-3
1.600000E-3	-4.174411E-3
1.605000E-3	-2.423763E-3
1.610000E-3	-3.495812E-3
1.615000E-3	-1.138812E-2
1.620000E-3	-1.503885E-3
1.625000E-3	9.631991E-3
1.630000E-3	4.874945E-3
1.635000E-3	4.673421E-3
1.640000E-3	5.671442E-3
1.645000E-3	-1.912415E-3
1.650000E-3	-5.702972E-4
1.655000E-3	5.430162E-3
1.660000E-3	-1.878142E-4
1.665000E-3	-3.649354E-3
1.670000E-3	-5.364358E-3
1.675000E-3	-1.635903E-2
1.680000E-3	-1.910633E-2
1.685000E-3	-1.143199E-2
1.690000E-3	-1.029140E-2
1.695000E-3	-6.271899E-3
1.700000E-3	8.170605E-3
1.705000E-3	1.190358E-2
1.710000E-3	7.394671E-3
1.715000E-3	1.460564E-2
1.720000E-3	1.696771E-2
1.725000E-3	8.151412E-3
1.730000E-3	8.935571E-3
1.735000E-3	9.401679E-3
1.740000E-3	-2.563596E-4
1.745000E-3	5.922318E-4
1.750000E-3	7.513940E-3
1.755000E-3	3.264129E-3
1.760000E-3	2.970755E-3
1.765000E-3	6.624222E-3
1.770000E-3	-2.503276E-3
1.775000E-3	-8.817673E-3
1.780000E-3	-5.062759E-3
1.785000E-3	-7.108152E-3
1.790000E-3	-9.563446E-3
1.795000E-3	-5.922318E-3
1.800000E-3	-7.786751E-3
1.805000E-3	-1.172400E-2
1.810000E-3	-7.417977E-3
1.815000E-3	-5.134046E-3
1.820000E-3	-7.049203E-3
1.825000E-3	-2.012491E-3
1.830000E-3	2.697945E-3
1.835000E-3	1.135111E-3
1.840000E-3	5.003810E-3
1.845000E-3	9.257734E-3
1.850000E-3	3.498554E-3
1.855000E-3	-2.865195E-4
1.860000E-3	4.770756E-4
1.865000E-3	-4.460931E-3
1.870000E-3	-8.185685E-3
1.875000E-3	-3.479362E-3
1.880000E-3	-3.217518E-3
1.885000E-3	-6.921709E-3
1.890000E-3	-5.471289E-3
1.895000E-3	-4.077077E-3
1.900000E-3	-4.452705E-3
1.905000E-3	-4.222393E-4
1.910000E-3	5.230010E-3
1.915000E-3	5.948365E-3
1.920000E-3	9.610057E-4
1.925000E-3	-7.324755E-3
1.930000E-3	-1.432735E-2
1.935000E-3	-1.337320E-2
1.940000E-3	-5.761921E-3
1.945000E-3	1.080275E-3
1.950000E-3	6.200612E-3
1.955000E-3	9.334505E-3
1.960000E-3	6.680429E-3
1.965000E-3	3.291547E-3
1.970000E-3	5.331457E-3
1.975000E-3	6.240368E-3
1.980000E-3	3.036559E-3
1.985000E-3	2.939224E-3
1.990000E-3	2.563596E-3
1.995000E-3	-2.837777E-3
2.000000E-3	-7.674336E-3
2.005000E-3	-1.131135E-2
2.010000E-3	-1.389140E-2
2.015000E-3	-1.188987E-2
2.020000E-3	-8.768320E-3
2.025000E-3	-4.074335E-3
2.030000E-3	4.252553E-3
2.035000E-3	8.391321E-3
2.040000E-3	8.470833E-3
2.045000E-3	8.924603E-3
2.050000E-3	7.354915E-3
2.055000E-3	3.508151E-3
2.060000E-3	3.830314E-3
2.065000E-3	4.618585E-3
2.070000E-3	1.095355E-3
2.075000E-3	-9.020567E-4
2.080000E-3	-2.063215E-3
2.085000E-3	-4.136026E-3
2.090000E-3	-3.294289E-3
2.095000E-3	-1.115918E-3
2.100000E-3	-9.404421E-4
2.105000E-3	-2.445698E-3
2.110000E-3	-4.921556E-3
2.115000E-3	-8.576393E-3
2.120000E-3	-9.189188E-3
2.125000E-3	-6.034732E-3
2.130000E-3	-3.937244E-3
2.135000E-3	-1.723230E-3
2.140000E-3	3.221631E-4
2.145000E-3	1.083016E-4
2.150000E-3	5.798936E-4
2.155000E-3	1.199543E-3
2.160000E-3	-1.233816E-3
2.165000E-3	-4.040062E-3
2.170000E-3	-6.169081E-3
2.175000E-3	-8.617520E-3
2.180000E-3	-9.526432E-3
2.185000E-3	-7.690787E-3
2.190000E-3	-6.125212E-3
2.195000E-3	-3.597260E-3
2.200000E-3	9.198785E-4
2.205000E-3	3.471136E-3
2.210000E-3	5.066872E-3
2.215000E-3	7.108152E-3
2.220000E-3	4.891396E-3
2.225000E-3	1.140594E-3
2.230000E-3	1.446307E-3
2.235000E-3	2.581418E-3
2.240000E-3	2.869308E-3
2.245000E-3	4.122317E-3
2.250000E-3	4.868090E-3
2.255000E-3	4.832447E-3
2.260000E-3	8.274794E-3
2.265000E-3	1.138264E-2
2.270000E-3	1.014060E-2
2.275000E-3	6.540596E-3
2.280000E-3	8.499622E-5
2.285000E-3	-7.911503E-3
2.290000E-3	-1.005149E-2
2.295000E-3	-8.246005E-3
2.300000E-3	-7.661998E-3
2.305000E-3	-5.739987E-3
2.310000E-3	-1.431227E-3
2.315000E-3	7.690787E-4
2.320000E-3	6.127954E-4
2.325000E-3	-1.660168E-3
2.330000E-3	-5.811274E-3
2.335000E-3	-7.793605E-3
2.340000E-3	-5.031228E-3
2.345000E-3	-1.772583E-3
2.350000E-3	-1.176238E-3
2.355000E-3	-1.338005E-3
2.360000E-3	-2.200305E-3
2.365000E-3	-3.541052E-3
2.370000E-3	-4.004419E-3
2.375000E-3	-4.822850E-3
2.380000E-3	-6.234884E-3
2.385000E-3	-7.023156E-3
2.390000E-3	-5.382180E-3
2.395000E-3	-6.219804E-3
2.400000E-3	-4.752934E-3
2.405000E-3	-8.033514E-4
2.410000E-3	-2.889872E-3
2.415000E-3	-6.661236E-3
2.420000E-3	-5.689263E-3
2.425000E-3	-2.017975E-3
2.430000E-3	2.636254E-3
2.435000E-3	1.225865E-2
2.440000E-3	2.647084E-2
2.445000E-3	2.881646E-3
2.450000E-3	5.142272E-3
2.455000E-3	2.623916E-3
2.460000E-3	-6.141526E-2
2.465000E-3	-5.119240E-2
2.470000E-3	-3.093588E-2
2.475000E-3	-9.377551E-2
2.480000E-3	-7.422638E-2
2.485000E-3	-1.246428E-2
2.490000E-3	-2.340275E-2
2.495000E-3	1.489079E-2
2.500000E-3	1.548412E-1
2.505000E-3	1.197720E-1
2.510000E-3	3.236163E-2
2.515000E-3	8.506066E-2
2.520000E-3	6.327695E-2
2.525000E-3	-1.221752E-2
2.530000E-3	5.024236E-2
2.535000E-3	5.558205E-2
2.540000E-3	-2.658463E-2
2.545000E-3	4.104495E-3
2.550000E-3	2.919072E-2
2.555000E-3	-5.173391E-2
2.560000E-3	-2.921540E-2
2.565000E-3	2.851486E-2
2.570000E-3	-4.933345E-2
2.575000E-3	-4.730999E-2
2.580000E-3	1.405591E-2
2.585000E-3	-4.559225E-2
2.590000E-3	-6.384450E-2
2.595000E-3	5.164206E-3
2.600000E-3	-2.493542E-2
2.605000E-3	-5.986476E-2
2.610000E-3	9.777308E-3
2.615000E-3	-5.474031E-3
2.620000E-3	-4.457504E-2
2.625000E-3	2.247465E-2
2.630000E-3	2.917016E-2
2.635000E-3	-2.300930E-2
2.640000E-3	9.379745E-3
2.645000E-3	2.717412E-2
2.650000E-3	-2.412111E-2
2.655000E-3	-1.209825E-2
2.660000E-3	1.999742E-2
2.665000E-3	-2.272552E-2
2.670000E-3	-2.377975E-2
2.675000E-3	9.947300E-3
2.680000E-3	-9.185076E-3
2.685000E-3	-1.663321E-2
2.690000E-3	1.441509E-2
2.695000E-3	1.418477E-2
2.700000E-3	5.164206E-3
2.705000E-3	1.862925E-2
2.710000E-3	1.341158E-2
2.715000E-3	1.124144E-3
2.720000E-3	1.213527E-2
2.725000E-3	1.551455E-2
2.730000E-3	7.539988E-3
2.735000E-3	7.463217E-3
2.740000E-3	5.649507E-3
2.745000E-3	2.599239E-3
2.750000E-3	-2.736330E-3
2.755000E-3	-8.762836E-3
2.760000E-3	-5.911350E-3
2.765000E-3	-3.846765E-3
2.770000E-3	-7.497489E-3
2.775000E-3	-2.564967E-3
2.780000E-3	2.111197E-3
2.785000E-3	-2.426505E-3
2.790000E-3	-1.961768E-3
2.795000E-3	6.399393E-3
2.800000E-3	1.225591E-3
2.805000E-3	1.178980E-4
2.810000E-3	7.969081E-3
2.815000E-3	9.966493E-4
2.820000E-3	-5.574107E-3
2.825000E-3	1.492918E-3
2.830000E-3	-3.667176E-3
2.835000E-3	-1.389551E-2
2.840000E-3	-4.621327E-3
2.845000E-3	-2.782941E-4
2.850000E-3	-7.845700E-3
2.855000E-3	-2.266109E-3
2.860000E-3	-2.137244E-3
2.865000E-3	-1.185834E-2
2.870000E-3	-7.463217E-3
2.875000E-3	-2.915919E-3
2.880000E-3	-1.110983E-2
2.885000E-3	-2.669156E-3
2.890000E-3	9.026051E-3
2.895000E-3	1.507998E-3
2.900000E-3	5.646765E-3
2.905000E-3	1.854014E-2
2.910000E-3	7.587969E-3
2.915000E-3	2.532065E-3
2.920000E-3	1.172811E-2
2.925000E-3	4.051030E-3
2.930000E-3	-5.624831E-3
2.935000E-3	1.069307E-4
2.940000E-3	-2.529323E-3
2.945000E-3	-1.041889E-2
2.950000E-3	-3.892004E-3
2.955000E-3	-3.279209E-3
2.960000E-3	-8.362532E-3
2.965000E-3	-1.491547E-3
2.970000E-3	6.251335E-4
2.975000E-3	-7.663369E-4
2.980000E-3	5.505562E-3
2.985000E-3	5.553544E-3
2.990000E-3	2.591014E-4
2.995000E-3	2.020717E-3
3.000000E-3	1.377761E-3
3.005000E-3	-4.979134E-3
3.010000E-3	-2.925515E-3
3.015000E-3	-8.787513E-4
3.020000E-3	-5.712569E-3
3.025000E-3	-3.881037E-3
3.030000E-3	-1.939833E-3
3.035000E-3	-4.554152E-3
3.040000E-3	-2.315462E-3
3.045000E-3	-1.195431E-3
3.050000E-3	-2.353847E-3
3.055000E-3	-1.484692E-3
3.060000E-3	7.581115E-4
3.065000E-3	1.960397E-3
3.070000E-3	1.549125E-4
3.075000E-3	6.031990E-4
3.080000E-3	1.405180E-3
3.085000E-3	7.855296E-4
3.090000E-3	-1.365423E-3
3.095000E-3	-3.796041E-3
3.100000E-3	-2.360702E-3
3.105000E-3	-2.581418E-3
3.110000E-3	-1.562834E-3
3.115000E-3	2.097487E-3
3.120000E-3	3.180504E-3
3.125000E-3	1.922011E-3
3.130000E-3	2.327800E-3
3.135000E-3	3.255904E-3
3.140000E-3	3.265500E-3
3.145000E-3	1.712263E-3
3.150000E-3	-1.083016E-4
3.155000E-3	-5.232751E-3
3.160000E-3	-1.145941E-2
3.165000E-3	-1.334029E-2
3.170000E-3	-9.833515E-3
3.175000E-3	-2.862453E-3
3.180000E-3	3.312111E-3
3.185000E-3	7.692158E-3
3.190000E-3	1.069582E-2
3.195000E-3	8.038998E-3
3.200000E-3	3.950953E-3
3.205000E-3	-1.125515E-3
3.210000E-3	-6.668091E-3
3.215000E-3	-1.006794E-2
3.220000E-3	-1.045042E-2
3.225000E-3	-9.923995E-3
3.230000E-3	-5.909979E-3
3.235000E-3	5.689263E-4
3.240000E-3	2.218127E-3
3.245000E-3	3.028333E-3
3.250000E-3	6.078601E-3
3.255000E-3	4.652858E-3
3.260000E-3	1.959026E-3
3.265000E-3	2.626657E-3
3.270000E-3	-7.306933E-4
3.275000E-3	-4.621327E-3
3.280000E-3	-3.371060E-3
3.285000E-3	-3.464282E-3
3.290000E-3	-5.228639E-3
3.295000E-3	-2.636254E-3
3.300000E-3	-9.815693E-4
3.305000E-3	-2.755523E-4
3.310000E-3	3.009140E-3
3.315000E-3	3.919423E-3
3.320000E-3	2.124906E-3
3.325000E-3	2.902210E-3
3.330000E-3	2.012491E-3
3.335000E-3	-1.536787E-3
3.340000E-3	-6.964207E-4
3.345000E-3	2.495050E-4
3.350000E-3	-2.163291E-3
3.355000E-3	2.193451E-4
3.360000E-3	5.069613E-3
3.365000E-3	4.068851E-3
3.370000E-3	1.917899E-3
3.375000E-3	1.614928E-3
3.380000E-3	-2.024829E-3
3.385000E-3	-5.920947E-3
3.390000E-3	-6.831229E-3
3.395000E-3	-7.267177E-3
3.400000E-3	-6.248593E-3
3.405000E-3	-1.845241E-3
3.410000E-3	2.947450E-4
3.415000E-3	-6.415844E-4
3.420000E-3	1.294136E-3
3.425000E-3	2.149582E-3
3.430000E-3	-1.499772E-3
3.435000E-3	-3.848135E-3
3.440000E-3	-4.226506E-3
3.445000E-3	-6.587207E-3
3.450000E-3	-6.673574E-3
3.455000E-3	-3.258646E-3
3.460000E-3	-1.205027E-3
3.465000E-3	1.191318E-3
3.470000E-3	5.380809E-3
3.475000E-3	4.721403E-3
3.480000E-3	2.175629E-3
3.485000E-3	1.801372E-3
3.490000E-3	-1.084387E-3
3.495000E-3	-5.135417E-3
3.500000E-3	-3.860474E-3
3.505000E-3	-2.856970E-3
3.510000E-3	-3.102362E-3
3.515000E-3	4.770756E-4
3.520000E-3	3.343642E-3
3.525000E-3	3.042042E-3
3.530000E-3	5.073726E-3
3.535000E-3	5.940139E-3
3.540000E-3	3.476620E-3
3.545000E-3	2.994061E-3
3.550000E-3	1.516223E-3
3.555000E-3	-3.037930E-3
3.560000E-3	-5.058646E-3
3.565000E-3	-4.724145E-3
3.570000E-3	-5.868852E-3
3.575000E-3	-4.030466E-3
3.580000E-3	4.414320E-4
3.585000E-3	2.876163E-3
3.590000E-3	3.824830E-3
3.595000E-3	4.216909E-3
3.600000E-3	1.376390E-3
3.605000E-3	-2.695203E-3
3.610000E-3	-5.692005E-3
3.615000E-3	-8.310437E-3
3.620000E-3	-9.139836E-3
3.625000E-3	-8.403659E-3
3.630000E-3	-8.204877E-3
3.635000E-3	-6.846309E-3
3.640000E-3	-3.808379E-3
3.645000E-3	-1.239300E-3
3.650000E-3	1.318812E-3
3.655000E-3	2.279818E-3
3.660000E-3	1.385987E-3
3.665000E-3	-2.933741E-4
3.670000E-3	-1.680732E-3
3.675000E-3	-2.163291E-3
3.680000E-3	-8.993149E-4
3.685000E-3	2.473116E-3
3.690000E-3	5.160093E-3
3.695000E-3	6.218433E-3
3.700000E-3	7.454991E-3
3.705000E-3	5.793452E-3
3.710000E-3	2.270222E-3
3.715000E-3	8.335114E-4
3.720000E-3	-2.536178E-4
3.725000E-3	-1.709521E-3
3.730000E-3	-1.679361E-3
3.735000E-3	-1.514852E-3
3.740000E-3	-2.910435E-3
3.745000E-3	-3.924906E-3
3.750000E-3	-3.436863E-3
3.755000E-3	-3.652096E-3
3.760000E-3	-3.722012E-3
3.765000E-3	-2.299011E-3
3.770000E-3	-8.801222E-4
3.775000E-3	5.620718E-4
3.780000E-3	2.146840E-3
3.785000E-3	2.315462E-3
3.790000E-3	1.321554E-3
3.795000E-3	3.276467E-4
3.800000E-3	-1.087129E-3
3.805000E-3	-2.874792E-3
3.810000E-3	-3.142118E-3
3.815000E-3	-3.216147E-3
3.820000E-3	-4.082561E-3
3.825000E-3	-4.118204E-3
3.830000E-3	-3.846765E-3
3.835000E-3	-4.733741E-3
3.840000E-3	-4.725516E-3
3.845000E-3	-3.395736E-3
3.850000E-3	-2.614319E-3
3.855000E-3	-1.924753E-3
3.860000E-3	-2.261996E-4
3.865000E-3	7.128716E-4
3.870000E-3	1.405180E-3
3.875000E-3	2.612948E-3
3.880000E-3	2.333283E-3
3.885000E-3	1.960397E-3
3.890000E-3	1.158416E-3
3.895000E-3	-1.409292E-3
3.900000E-3	-3.068089E-3
3.905000E-3	-2.464890E-3
3.910000E-3	-2.053618E-3
3.915000E-3	-1.587510E-3
3.920000E-3	-5.017519E-4
3.925000E-3	-7.457733E-4
3.930000E-3	-1.882255E-3
3.935000E-3	-1.325667E-3
3.940000E-3	-9.157658E-4
3.945000E-3	-1.934350E-3
3.950000E-3	-1.712263E-3
3.955000E-3	-2.455294E-3
3.960000E-3	-3.701448E-3
3.965000E-3	-2.641737E-3
3.970000E-3	-2.097487E-4
3.975000E-3	1.531303E-3
3.980000E-3	3.642499E-3
3.985000E-3	5.412340E-3
3.990000E-3	4.354000E-3
3.995000E-3	2.534807E-3
4.000000E-3	9.801984E-4
4.005000E-3	-1.521707E-3
4.010000E-3	-3.654838E-3
4.015000E-3	-4.123688E-3
4.020000E-3	-4.023612E-3
4.025000E-3	-2.429247E-3
4.030000E-3	9.308457E-4
4.035000E-3	3.701448E-3
4.040000E-3	4.345775E-3
4.045000E-3	4.216909E-3
4.050000E-3	2.935112E-3
4.055000E-3	1.188576E-3
4.060000E-3	3.331304E-4
4.065000E-3	-4.194975E-4
4.070000E-3	-1.662910E-3
4.075000E-3	-2.096117E-3
4.080000E-3	-2.314091E-3
4.085000E-3	-2.410054E-3
4.090000E-3	-1.883626E-3
4.095000E-3	-1.246154E-3
4.100000E-3	-1.809597E-3
4.105000E-3	-2.734959E-3
4.110000E-3	-4.207313E-3
4.115000E-3	-7.444024E-3
4.120000E-3	-1.010633E-2
4.125000E-3	-1.032567E-2
4.130000E-3	-9.959638E-3
4.135000E-3	-8.773804E-3
4.140000E-3	-6.286979E-3
4.145000E-3	-3.619194E-3
4.150000E-3	-1.698554E-3
4.155000E-3	6.086826E-4
4.160000E-3	2.397716E-3
4.165000E-3	2.974868E-3
4.170000E-3	4.491091E-3
4.175000E-3	5.918205E-3
4.180000E-3	6.158113E-3
4.185000E-3	6.062150E-3
4.190000E-3	5.574107E-3
4.195000E-3	3.129780E-3
4.200000E-3	6.443262E-4
4.205000E-3	1.412034E-4
4.210000E-3	1.919270E-5
4.215000E-3	-2.837777E-4
4.220000E-3	5.538464E-4
4.225000E-3	-1.137853E-4
4.230000E-3	-2.370298E-3
4.235000E-3	-3.912568E-3
4.240000E-3	-4.778981E-3
4.245000E-3	-6.133437E-3
4.250000E-3	-5.801678E-3
4.255000E-3	-4.255295E-3
4.260000E-3	-2.770603E-3
4.265000E-3	1.106322E-3
4.270000E-3	5.339682E-3
4.275000E-3	6.566644E-3
4.280000E-3	6.297946E-3
4.285000E-3	5.542576E-3
4.290000E-3	2.286673E-3
4.295000E-3	-4.085302E-4
4.300000E-3	-9.582639E-4
4.305000E-3	-2.518356E-3
4.310000E-3	-4.507542E-3
4.315000E-3	-4.454076E-3
4.320000E-3	-5.203962E-3
4.325000E-3	-6.402135E-3
4.330000E-3	-4.836559E-3
4.335000E-3	-3.147602E-3
4.340000E-3	-3.265500E-3
4.345000E-3	-2.606094E-3
4.350000E-3	-2.621174E-3
4.355000E-3	-3.839910E-3
4.360000E-3	-4.266262E-3
4.365000E-3	-3.643870E-3
4.370000E-3	-3.892004E-3
4.375000E-3	-3.026962E-3
4.380000E-3	-3.989339E-4
4.385000E-3	1.030922E-3
4.390000E-3	2.015233E-3
4.395000E-3	2.904952E-3
4.400000E-3	2.081037E-3
4.405000E-3	1.483321E-3
4.410000E-3	1.768470E-3
4.415000E-3	1.732826E-3
4.420000E-3	1.410663E-3
4.425000E-3	1.871288E-3
4.430000E-3	1.353085E-3
4.435000E-3	2.961159E-4
4.440000E-3	9.212494E-4
4.445000E-3	1.975477E-3
4.450000E-3	2.895355E-3
4.455000E-3	4.532218E-3
4.460000E-3	4.991472E-3
4.465000E-3	3.610969E-3
4.470000E-3	2.241433E-3
4.475000E-3	1.442194E-3
4.480000E-3	3.701448E-5
4.485000E-3	-9.774566E-4
4.490000E-3	-1.150191E-3
4.495000E-3	-2.131760E-3
4.500000E-3	-2.682865E-3
4.505000E-3	-2.174258E-3
4.510000E-3	-1.800001E-3
4.515000E-3	-1.820564E-3
4.520000E-3	-1.424372E-3
4.525000E-3	-2.373040E-3
4.530000E-3	-4.547298E-3
4.535000E-3	-5.948365E-3
4.540000E-3	-6.088197E-3
4.545000E-3	-5.334198E-3
4.550000E-3	-3.490329E-3
4.555000E-3	-1.786292E-3
4.560000E-3	-1.362681E-3
4.565000E-3	-1.392841E-3
4.570000E-3	-1.361310E-3
4.575000E-3	-1.769841E-3
4.580000E-3	-2.037168E-3
4.585000E-3	-1.092613E-3
4.590000E-3	-1.549125E-4
4.595000E-3	2.220869E-4
4.600000E-3	8.636713E-4
4.605000E-3	3.317595E-4
4.610000E-3	-1.311958E-3
4.615000E-3	-2.455294E-3
4.620000E-3	-3.325820E-3
4.625000E-3	-4.840672E-3
4.630000E-3	-5.734503E-3
4.635000E-3	-5.382180E-3
4.640000E-3	-4.881799E-3
4.645000E-3	-3.713787E-3
4.650000E-3	-1.649201E-3
4.655000E-3	2.700686E-4
4.660000E-3	1.454532E-3
4.665000E-3	3.148973E-3
4.670000E-3	4.094899E-3
4.675000E-3	3.883779E-3
4.680000E-3	3.615081E-3
4.685000E-3	2.881646E-3
4.690000E-3	2.004266E-3
4.695000E-3	2.482712E-3
4.700000E-3	2.924144E-3
4.705000E-3	2.630770E-3
4.710000E-3	2.089262E-3
4.715000E-3	6.196499E-4
4.720000E-3	-1.731455E-3
4.725000E-3	-3.661692E-3
4.730000E-3	-4.515767E-3
4.735000E-3	-5.014777E-3
4.740000E-3	-4.740596E-3
4.745000E-3	-3.506780E-3
4.750000E-3	-2.500534E-3
4.755000E-3	-1.710892E-3
4.760000E-3	-5.058646E-4
4.765000E-3	3.687739E-4
4.770000E-3	9.843111E-4
4.775000E-3	1.789033E-3
4.780000E-3	2.507389E-3
4.785000E-3	3.218889E-3
4.790000E-3	3.572583E-3
4.795000E-3	3.138006E-3
4.800000E-3	1.961768E-3
4.805000E-3	1.919270E-4
4.810000E-3	-2.240062E-3
4.815000E-3	-4.651487E-3
4.820000E-3	-6.193757E-3
4.825000E-3	-6.961465E-3
4.830000E-3	-7.697642E-3
4.835000E-3	-8.324146E-3
4.840000E-3	-8.244634E-3
4.845000E-3	-7.803202E-3
4.850000E-3	-6.651640E-3
4.855000E-3	-4.964054E-3
4.860000E-3	-3.430009E-3
4.865000E-3	-2.155066E-3
4.870000E-3	-8.389950E-4
4.875000E-3	1.507998E-4
4.880000E-3	1.184464E-3
4.885000E-3	2.299011E-3
4.890000E-3	3.778219E-3
4.895000E-3	4.795432E-3
4.900000E-3	5.228639E-3
4.905000E-3	5.380809E-3
4.910000E-3	4.933894E-3
4.915000E-3	3.586292E-3
4.920000E-3	1.812339E-3
4.925000E-3	2.878904E-5
4.930000E-3	-1.897335E-3
4.935000E-3	-2.996802E-3
4.940000E-3	-3.297031E-3
4.945000E-3	-3.135264E-3
4.950000E-3	-2.634883E-3
4.955000E-3	-1.612186E-3
4.960000E-3	-5.963445E-4
4.965000E-3	4.030466E-4
4.970000E-3	1.203656E-3
4.975000E-3	1.420259E-3
4.980000E-3	9.541512E-4
4.985000E-3	6.100535E-4
4.990000E-3	-2.056360E-5
4.995000E-3	-1.535416E-4
5.000000E-3	-4.661083E-5
5.005000E-3	2.988577E-4
5.010000E-3	1.180351E-3
5.015000E-3	1.809597E-3
5.020000E-3	2.135873E-3
5.025000E-3	1.879513E-3
5.030000E-3	9.747148E-4
5.035000E-3	-4.592538E-4
5.040000E-3	-2.473116E-3
5.045000E-3	-4.026353E-3
5.050000E-3	-4.506171E-3
5.055000E-3	-4.417062E-3
5.060000E-3	-3.284693E-3
5.065000E-3	-1.501143E-3
5.070000E-3	1.041889E-4
5.075000E-3	1.273572E-3
5.080000E-3	1.603961E-3
5.085000E-3	1.392841E-3
5.090000E-3	6.648898E-4
5.095000E-3	3.084540E-4
5.100000E-3	2.275705E-4
5.105000E-3	2.056360E-5
5.110000E-3	-2.961159E-4
5.115000E-3	-1.166642E-3
5.120000E-3	-2.351105E-3
5.125000E-3	-3.571212E-3
5.130000E-3	-4.491091E-3
5.135000E-3	-5.033970E-3
5.140000E-3	-4.658341E-3
5.145000E-3	-3.746688E-3
5.150000E-3	-2.924144E-3
5.155000E-3	-2.127647E-3
5.160000E-3	-1.364052E-3
5.165000E-3	-8.060932E-4
5.170000E-3	-4.715919E-4
5.175000E-3	-9.047985E-5
5.180000E-3	6.758571E-4
5.185000E-3	2.064586E-3
5.190000E-3	3.338158E-3
5.195000E-3	4.672050E-3
5.200000E-3	5.112112E-3
5.205000E-3	4.718661E-3
5.210000E-3	3.697336E-3
5.215000E-3	2.157807E-3
5.220000E-3	3.345013E-4
5.225000E-3	-1.390100E-3
5.230000E-3	-2.619803E-3
5.235000E-3	-3.413558E-3
5.240000E-3	-3.889263E-3
5.245000E-3	-4.024982E-3
5.250000E-3	-3.461540E-3
5.255000E-3	-2.893984E-3
5.260000E-3	-1.941204E-3
5.265000E-3	-4.839301E-4
5.270000E-3	3.153086E-4
5.275000E-3	7.663369E-4
5.280000E-3	1.024067E-3
5.285000E-3	6.141663E-4
5.290000E-3	4.208684E-4
5.295000E-3	1.247525E-4
5.300000E-3	-3.948212E-4
5.305000E-3	-1.148820E-3
5.310000E-3	-1.905560E-3
5.315000E-3	-2.771974E-3
5.320000E-3	-3.920794E-3
5.325000E-3	-4.695356E-3
5.330000E-3	-5.164206E-3
5.335000E-3	-5.146384E-3
5.340000E-3	-4.452705E-3
5.345000E-3	-3.532827E-3
5.350000E-3	-2.123535E-3
5.355000E-3	-4.030466E-4
5.360000E-3	9.075403E-4
5.365000E-3	1.868546E-3
5.370000E-3	2.747297E-3
5.375000E-3	3.258646E-3
5.380000E-3	3.328562E-3
5.385000E-3	3.711045E-3
5.390000E-3	3.909826E-3
5.395000E-3	3.645241E-3
5.400000E-3	3.109217E-3
5.405000E-3	1.954913E-3
5.410000E-3	4.386902E-5
5.415000E-3	-1.616299E-3
5.420000E-3	-2.896726E-3
5.425000E-3	-3.929019E-3
5.430000E-3	-4.093528E-3
5.435000E-3	-3.646612E-3
5.440000E-3	-2.881646E-3
5.445000E-3	-2.052248E-3
5.450000E-3	-1.780808E-3
5.455000E-3	-1.798630E-3
5.460000E-3	-2.179742E-3
5.465000E-3	-2.462149E-3
5.470000E-3	-2.422392E-3
5.475000E-3	-2.123535E-3
5.480000E-3	-1.664281E-3
5.485000E-3	-1.206398E-3
5.490000E-3	-1.435339E-3
5.495000E-3	-2.115309E-3
5.500000E-3	-3.220260E-3
5.505000E-3	-4.040062E-3
5.510000E-3	-4.393756E-3
5.515000E-3	-4.012644E-3
5.520000E-3	-3.372431E-3
5.525000E-3	-2.519727E-3
5.530000E-3	-1.510739E-3
5.535000E-3	-7.101297E-4
5.540000E-3	-1.370907E-5
5.545000E-3	3.509521E-4
5.550000E-3	6.210208E-4
5.555000E-3	7.814169E-4
5.560000E-3	1.322925E-3
5.565000E-3	1.736939E-3
5.570000E-3	2.031684E-3
5.575000E-3	1.716375E-3
5.580000E-3	1.342118E-3
5.585000E-3	5.922318E-4
5.590000E-3	3.427267E-5
5.595000E-3	-5.401373E-4
5.600000E-3	-9.034276E-4
5.605000E-3	-9.801984E-4
5.610000E-3	-1.159787E-3
5.615000E-3	-1.597106E-3
5.620000E-3	-2.360702E-3
5.625000E-3	-3.118813E-3
5.630000E-3	-3.376544E-3
5.635000E-3	-3.601372E-3
5.640000E-3	-3.377914E-3
5.645000E-3	-2.521098E-3
5.650000E-3	-1.571059E-3
5.655000E-3	-4.880428E-4
5.660000E-3	2.467632E-4
5.665000E-3	8.691549E-4
5.670000E-3	9.966493E-4
5.675000E-3	1.228333E-3
5.680000E-3	1.135111E-3
5.685000E-3	9.404421E-4
5.690000E-3	5.607009E-4
5.695000E-3	-5.812645E-4
5.700000E-3	-1.897335E-3
5.705000E-3	-2.778828E-3
5.710000E-3	-3.469765E-3
5.715000E-3	-3.797412E-3
5.720000E-3	-3.691852E-3
5.725000E-3	-3.471136E-3
5.730000E-3	-3.050268E-3
5.735000E-3	-2.219498E-3
5.740000E-3	-1.769841E-3
5.745000E-3	-1.739681E-3
5.750000E-3	-1.431227E-3
5.755000E-3	-8.156896E-4
5.760000E-3	-2.741814E-5
5.765000E-3	8.252859E-4
5.770000E-3	1.852095E-3
5.775000E-3	2.207160E-3
5.780000E-3	2.277076E-3
5.785000E-3	2.334654E-3
5.790000E-3	1.976848E-3
5.795000E-3	1.483321E-3
5.800000E-3	7.855296E-4
5.805000E-3	-7.869005E-4
5.810000E-3	-2.352476E-3
5.815000E-3	-3.835797E-3
5.820000E-3	-4.788578E-3
5.825000E-3	-5.409598E-3
5.830000E-3	-5.164206E-3
5.835000E-3	-4.018128E-3
5.840000E-3	-2.623916E-3
5.845000E-3	-1.351714E-3
5.850000E-3	-2.467632E-4
5.855000E-3	1.384616E-4
5.860000E-3	5.497336E-4
5.865000E-3	1.140594E-3
5.870000E-3	1.262605E-3
5.875000E-3	1.388729E-3
5.880000E-3	1.346231E-3
5.885000E-3	9.075403E-4
5.890000E-3	1.453161E-4
5.895000E-3	-7.073879E-4
5.900000E-3	-9.897947E-4
5.905000E-3	-1.225591E-3
5.910000E-3	-1.443565E-3
5.915000E-3	-1.125515E-3
5.920000E-3	-1.074791E-3
5.925000E-3	-3.920794E-4
5.930000E-3	7.677078E-5
5.935000E-3	-6.991625E-5
5.940000E-3	-3.824830E-4
5.945000E-3	-9.884238E-4
5.950000E-3	-2.023458E-3
5.955000E-3	-3.227115E-3
5.960000E-3	-3.808379E-3
5.965000E-3	-4.105866E-3
5.970000E-3	-3.791928E-3
5.975000E-3	-3.138006E-3
5.980000E-3	-2.669156E-3
5.985000E-3	-2.580047E-3
5.990000E-3	-2.197564E-3
5.995000E-3	-1.841128E-3
6.000000E-3	-1.789033E-3
6.005000E-3	-1.416147E-3
6.010000E-3	-8.965731E-4
6.015000E-3	-4.811883E-4
6.020000E-3	-1.932979E-4
6.025000E-3	-2.961159E-4
6.030000E-3	-7.635951E-4
6.035000E-3	-1.276314E-3
6.040000E-3	-1.283169E-3
6.045000E-3	-9.801984E-4
6.050000E-3	-5.908608E-4
6.055000E-3	1.562834E-4
6.060000E-3	6.443262E-4
6.065000E-3	9.829402E-4
6.070000E-3	1.423001E-3
6.075000E-3	1.357198E-3
6.080000E-3	9.472966E-4
6.085000E-3	3.646612E-4
6.090000E-3	-1.590252E-4
6.095000E-3	-7.526278E-4
6.100000E-3	-1.025438E-3
6.105000E-3	-9.143949E-4
6.110000E-3	-4.757047E-4
6.115000E-3	5.209446E-5
6.120000E-3	8.677840E-4
6.125000E-3	1.524448E-3
6.130000E-3	1.523077E-3
6.135000E-3	1.540899E-3
6.140000E-3	1.152933E-3
6.145000E-3	7.923841E-4
6.150000E-3	5.360246E-4
6.155000E-3	4.277229E-4
6.160000E-3	1.425743E-4
6.165000E-3	-2.042651E-4
6.170000E-3	-1.166642E-3
6.175000E-3	-2.257884E-3
6.180000E-3	-3.192842E-3
6.185000E-3	-3.817976E-3
6.190000E-3	-4.152477E-3
6.195000E-3	-4.067481E-3
6.200000E-3	-3.538311E-3
6.205000E-3	-2.522469E-3
6.210000E-3	-1.344860E-3
6.215000E-3	2.974868E-4
6.220000E-3	1.664281E-3
6.225000E-3	2.674639E-3
6.230000E-3	3.187358E-3
6.235000E-3	2.925515E-3
6.240000E-3	1.887739E-3
6.245000E-3	7.224679E-4
6.250000E-3	-2.796650E-4
6.255000E-3	-8.732677E-4
6.260000E-3	-1.407921E-3
6.265000E-3	-2.001524E-3
6.270000E-3	-2.759635E-3
6.275000E-3	-3.505409E-3
6.280000E-3	-4.448593E-3
6.285000E-3	-5.242348E-3
6.290000E-3	-5.626202E-3
6.295000E-3	-5.888045E-3
6.300000E-3	-5.897641E-3
6.305000E-3	-5.623460E-3
6.310000E-3	-4.999697E-3
6.315000E-3	-4.014015E-3
6.320000E-3	-2.608836E-3
6.325000E-3	-9.774566E-4
6.330000E-3	7.649660E-4
6.335000E-3	2.072811E-3
6.340000E-3	2.951562E-3
6.345000E-3	3.301144E-3
6.350000E-3	3.164053E-3
6.355000E-3	2.529323E-3
6.360000E-3	1.695812E-3
6.365000E-3	6.292462E-4
6.370000E-3	-1.754761E-4
6.375000E-3	-6.772280E-4
6.380000E-3	-8.732677E-4
6.385000E-3	-8.129478E-4
6.390000E-3	-5.072355E-4
6.395000E-3	-9.322166E-5
6.400000E-3	2.686977E-4
6.405000E-3	2.508759E-4
6.410000E-3	3.893375E-4
6.415000E-3	4.455447E-4
6.420000E-3	6.895661E-4
6.425000E-3	1.081645E-3
6.430000E-3	1.054227E-3
6.435000E-3	1.163900E-3
6.440000E-3	1.209140E-3
6.445000E-3	1.244783E-3
6.450000E-3	1.172125E-3
6.455000E-3	1.043260E-3
6.460000E-3	7.718205E-4
6.465000E-3	4.208684E-4
6.470000E-3	-8.047223E-4
6.475000E-3	-1.975477E-3
6.480000E-3	-3.338158E-3
6.485000E-3	-4.508913E-3
6.490000E-3	-5.209446E-3
6.495000E-3	-5.526125E-3
6.500000E-3	-5.601525E-3
6.505000E-3	-5.131304E-3
6.510000E-3	-4.384160E-3
6.515000E-3	-3.336787E-3
6.520000E-3	-1.776695E-3
6.525000E-3	6.169081E-5
6.530000E-3	1.560092E-3
6.535000E-3	2.614319E-3
6.540000E-3	3.262758E-3
6.545000E-3	3.318965E-3
6.550000E-3	2.586901E-3
6.555000E-3	1.348972E-3
6.560000E-3	-1.754761E-4
6.565000E-3	-1.540899E-3
6.570000E-3	-2.806246E-3
6.575000E-3	-3.683627E-3
6.580000E-3	-4.179895E-3
6.585000E-3	-4.410207E-3
6.590000E-3	-4.214168E-3
6.595000E-3	-3.952324E-3
6.600000E-3	-3.323078E-3
6.605000E-3	-2.651334E-3
6.610000E-3	-1.827419E-3
6.615000E-3	-1.177609E-3
6.620000E-3	-2.261996E-4
6.625000E-3	5.044937E-4
6.630000E-3	9.226203E-4
6.635000E-3	1.024067E-3
6.640000E-3	7.869005E-4
6.645000E-3	2.700686E-4
6.650000E-3	-3.523231E-4
6.655000E-3	-9.431839E-4
6.660000E-3	-1.510739E-3
6.665000E-3	-2.013862E-3
6.670000E-3	-2.397716E-3
6.675000E-3	-2.399087E-3
6.680000E-3	-2.156436E-3
6.685000E-3	-1.905560E-3
6.690000E-3	-1.436710E-3
6.695000E-3	-6.690025E-4
6.700000E-3	1.220107E-4
6.705000E-3	9.020567E-4
6.710000E-3	1.539528E-3
6.715000E-3	2.153695E-3
6.720000E-3	2.133131E-3
6.725000E-3	2.086520E-3
6.730000E-3	2.164662E-3
6.735000E-3	2.219498E-3
6.740000E-3	1.717746E-3
6.745000E-3	1.139224E-3
6.750000E-3	1.494288E-4
6.755000E-3	-8.609295E-4
6.760000E-3	-1.964509E-3
6.765000E-3	-3.233969E-3
6.770000E-3	-3.937244E-3
6.775000E-3	-4.029095E-3
6.780000E-3	-3.690481E-3
6.785000E-3	-3.272355E-3
6.790000E-3	-2.497792E-3
6.795000E-3	-1.800001E-3
6.800000E-3	-7.348061E-4
6.805000E-3	6.991625E-5
6.810000E-3	6.004572E-4
6.815000E-3	9.897947E-4
6.820000E-3	1.425743E-3
6.825000E-3	1.704037E-3
6.830000E-3	1.265347E-3
6.835000E-3	4.428029E-4
6.840000E-3	-3.002286E-4
6.845000E-3	-1.073420E-3
6.850000E-3	-1.693070E-3
6.855000E-3	-2.181113E-3
6.860000E-3	-2.559483E-3
6.865000E-3	-2.552629E-3
6.870000E-3	-2.667785E-3
6.875000E-3	-2.644479E-3
6.880000E-3	-2.895355E-3
6.885000E-3	-3.175020E-3
6.890000E-3	-3.094137E-3
6.895000E-3	-2.710283E-3
6.900000E-3	-1.985073E-3
6.905000E-3	-1.139224E-3
6.910000E-3	-4.702210E-4
6.915000E-3	1.507998E-5
6.920000E-3	2.618432E-4
6.925000E-3	5.291700E-4
6.930000E-3	7.786751E-4
6.935000E-3	9.966493E-4
6.940000E-3	1.342118E-3
6.945000E-3	1.479208E-3
6.950000E-3	1.321554E-3
6.955000E-3	9.061694E-4
6.960000E-3	4.085302E-4
6.965000E-3	-1.151562E-4
6.970000E-3	-5.908608E-4
6.975000E-3	-8.705258E-4
6.980000E-3	-1.125515E-3
6.985000E-3	-1.236558E-3
6.990000E-3	-1.124144E-3
6.995000E-3	-1.040518E-3
7.000000E-3	-1.115918E-3
7.005000E-3	-7.498860E-4
7.010000E-3	-3.125668E-4
7.015000E-3	3.043413E-4
7.020000E-3	7.581115E-4
7.025000E-3	1.032293E-3
7.030000E-3	9.897947E-4
7.035000E-3	5.648136E-4
7.040000E-3	-4.071593E-4
7.045000E-3	-1.507998E-3
7.050000E-3	-2.212644E-3
7.055000E-3	-2.515614E-3
7.060000E-3	-2.588272E-3
7.065000E-3	-2.394974E-3
7.070000E-3	-2.141356E-3
7.075000E-3	-2.241433E-3
7.080000E-3	-2.422392E-3
7.085000E-3	-2.403200E-3
7.090000E-3	-2.092004E-3
7.095000E-3	-2.266109E-3
7.100000E-3	-2.309978E-3
7.105000E-3	-2.368927E-3
7.110000E-3	-2.362072E-3
7.115000E-3	-2.330542E-3
7.120000E-3	-2.275705E-3
7.125000E-3	-1.965880E-3
7.130000E-3	-9.335876E-4
7.135000E-3	2.563596E-4
7.140000E-3	1.497030E-3
7.145000E-3	2.342880E-3
7.150000E-3	2.549887E-3
7.155000E-3	2.320945E-3
7.160000E-3	1.680732E-3
7.165000E-3	8.993149E-4
7.170000E-3	1.220107E-4
7.175000E-3	-5.840063E-4
7.180000E-3	-1.251638E-3
7.185000E-3	-1.571059E-3
7.190000E-3	-1.922011E-3
7.195000E-3	-2.053618E-3
7.200000E-3	-1.874030E-3
7.205000E-3	-1.406550E-3
7.210000E-3	-9.541512E-4
7.215000E-3	-5.661845E-4
7.220000E-3	-5.360246E-4
7.225000E-3	-6.607771E-4
7.230000E-3	-1.029551E-3
7.235000E-3	-1.051486E-3
7.240000E-3	-1.135111E-3
7.245000E-3	-1.069307E-3
7.250000E-3	-5.990863E-4
7.255000E-3	6.580353E-5
7.260000E-3	4.565120E-4
7.265000E-3	6.621480E-4
7.270000E-3	7.320642E-4
7.275000E-3	7.306933E-4
7.280000E-3	3.619194E-4
7.285000E-3	-6.854534E-6
7.290000E-3	-1.453161E-4
7.295000E-3	-2.467632E-4
7.300000E-3	-2.481341E-4
7.305000E-3	-2.056360E-5
7.310000E-3	1.466870E-4
7.315000E-3	4.140139E-4
7.320000E-3	3.564358E-4
7.325000E-3	-2.371669E-4
7.330000E-3	-7.279515E-4
7.335000E-3	-1.473725E-3
7.340000E-3	-2.098858E-3
7.345000E-3	-2.563596E-3
7.350000E-3	-2.549887E-3
7.355000E-3	-2.489567E-3
7.360000E-3	-2.389491E-3
7.365000E-3	-2.241433E-3
7.370000E-3	-2.002895E-3
7.375000E-3	-1.806855E-3
7.380000E-3	-1.557350E-3
7.385000E-3	-1.324296E-3
7.390000E-3	-1.236558E-3
7.395000E-3	-1.518965E-3
7.400000E-3	-1.677990E-3
7.405000E-3	-1.724601E-3
7.410000E-3	-1.561463E-3
7.415000E-3	-1.221478E-3
7.420000E-3	-7.964969E-4
7.425000E-3	-1.974106E-4
7.430000E-3	5.291700E-4
7.435000E-3	1.017213E-3
7.440000E-3	1.111805E-3
7.445000E-3	1.143336E-3
7.450000E-3	8.102059E-4
7.455000E-3	5.277991E-4
7.460000E-3	2.056360E-4
7.465000E-3	1.041889E-4
7.470000E-3	-2.083778E-4
7.475000E-3	-3.564358E-4
7.480000E-3	-6.045699E-4
7.485000E-3	-9.253621E-4
7.490000E-3	-9.171367E-4
7.495000E-3	-6.347299E-4
7.500000E-3	-3.345013E-4
7.505000E-3	3.811121E-4
7.510000E-3	1.050115E-3
7.515000E-3	1.569688E-3
7.520000E-3	1.745164E-3
7.525000E-3	1.554608E-3
7.530000E-3	1.266718E-3
7.535000E-3	8.623004E-4
7.540000E-3	3.591776E-4
7.545000E-3	6.854534E-5
7.550000E-3	-3.386140E-4
7.555000E-3	-9.993911E-4
7.560000E-3	-1.603961E-3
7.565000E-3	-2.278447E-3
7.570000E-3	-2.893984E-3
7.575000E-3	-3.325820E-3
7.580000E-3	-3.660321E-3
7.585000E-3	-3.628790E-3
7.590000E-3	-3.154457E-3
7.595000E-3	-2.723992E-3
7.600000E-3	-2.061844E-3
7.605000E-3	-1.551867E-3
7.610000E-3	-8.444786E-4
7.615000E-3	-2.152324E-4
7.620000E-3	4.249811E-4
7.625000E-3	7.416606E-4
7.630000E-3	9.472966E-4
7.635000E-3	1.247525E-3
7.640000E-3	1.247525E-3
7.645000E-3	1.091242E-3
7.650000E-3	8.485913E-4
7.655000E-3	2.385378E-4
7.660000E-3	-3.194213E-4
7.665000E-3	-5.182028E-4
7.670000E-3	-8.307695E-4
7.675000E-3	-1.083016E-3
7.680000E-3	-1.309216E-3
7.685000E-3	-1.427114E-3
7.690000E-3	-1.453161E-3
7.695000E-3	-1.251638E-3
7.700000E-3	-8.910894E-4
7.705000E-3	-2.741814E-4
7.710000E-3	1.631379E-4
7.715000E-3	6.607771E-4
7.720000E-3	1.069307E-3
7.725000E-3	1.572430E-3
7.730000E-3	1.687586E-3
7.735000E-3	1.649201E-3
7.740000E-3	1.479208E-3
7.745000E-3	1.061082E-3
7.750000E-3	4.112720E-4
7.755000E-3	-2.070069E-4
7.760000E-3	-6.319880E-4
7.765000E-3	-9.897947E-4
7.770000E-3	-1.495659E-3
7.775000E-3	-1.894593E-3
7.780000E-3	-2.307236E-3
7.785000E-3	-2.796650E-3
7.790000E-3	-3.015995E-3
7.795000E-3	-3.021479E-3
7.800000E-3	-2.928257E-3
7.805000E-3	-2.884388E-3
7.810000E-3	-3.011882E-3
7.815000E-3	-3.051639E-3
7.820000E-3	-2.564967E-3
7.825000E-3	-1.702666E-3
7.830000E-3	-6.703734E-4
7.835000E-3	-7.677078E-5
7.840000E-3	7.019043E-4
7.845000E-3	8.568168E-4
7.850000E-3	1.046002E-3
7.855000E-3	9.897947E-4
7.860000E-3	8.115768E-4
7.865000E-3	2.714396E-4
7.870000E-3	-4.071593E-4
7.875000E-3	-1.019955E-3
7.880000E-3	-1.701295E-3
7.885000E-3	-2.268851E-3
7.890000E-3	-2.822697E-3
7.895000E-3	-3.043413E-3
7.900000E-3	-2.785683E-3
7.905000E-3	-2.367556E-3
7.910000E-3	-1.997411E-3
7.915000E-3	-1.730084E-3
7.920000E-3	-1.217365E-3
7.925000E-3	-6.895661E-4
7.930000E-3	-3.166795E-4
7.935000E-3	-7.402897E-5
7.940000E-3	1.782179E-4
7.945000E-3	1.864433E-4
7.950000E-3	-8.773804E-5
7.955000E-3	-1.014471E-4
7.960000E-3	-1.028180E-4
7.965000E-3	-9.733438E-5
7.970000E-3	-2.371669E-4
7.975000E-3	-6.306171E-4
7.980000E-3	-9.829402E-4
7.985000E-3	-1.253009E-3
7.990000E-3	-1.547754E-3
7.995000E-3	-1.635492E-3
8.000000E-3	-1.687586E-3
8.005000E-3	-1.614928E-3
8.010000E-3	-1.431227E-3
8.015000E-3	-1.004875E-3
8.020000E-3	-7.087588E-4
8.025000E-3	-2.906322E-4
8.030000E-3	1.549125E-4
8.035000E-3	4.071593E-4
8.040000E-3	8.993149E-4
8.045000E-3	1.226962E-3
8.050000E-3	1.165271E-3
8.055000E-3	9.047985E-4
8.060000E-3	6.265044E-4
8.065000E-3	-1.645088E-5
8.070000E-3	-5.031228E-4
8.075000E-3	-8.732677E-4
8.080000E-3	-1.380503E-3
8.085000E-3	-1.646459E-3
8.090000E-3	-1.669765E-3
8.095000E-3	-1.394212E-3
8.100000E-3	-1.095355E-3
8.105000E-3	-8.842349E-4
8.110000E-3	-4.345775E-4
8.115000E-3	1.891851E-4
8.120000E-3	3.605485E-4
8.125000E-3	3.619194E-4
8.130000E-3	4.757047E-4
8.135000E-3	2.851486E-4
8.140000E-3	-1.316071E-4
8.145000E-3	-7.032752E-4
8.150000E-3	-1.010358E-3
8.155000E-3	-1.361310E-3
8.160000E-3	-1.612186E-3
8.165000E-3	-1.762986E-3
8.170000E-3	-1.849353E-3
8.175000E-3	-2.109826E-3
8.180000E-3	-2.113938E-3
8.185000E-3	-2.329171E-3
8.190000E-3	-2.168775E-3
8.195000E-3	-1.756132E-3
8.200000E-3	-1.418889E-3
8.205000E-3	-1.078904E-3
8.210000E-3	-1.209140E-3
8.215000E-3	-1.429856E-3
8.220000E-3	-1.606703E-3
8.225000E-3	-1.693070E-3
8.230000E-3	-1.668394E-3
8.235000E-3	-1.642346E-3
8.240000E-3	-1.587510E-3
8.245000E-3	-1.462758E-3
8.250000E-3	-1.350343E-3
8.255000E-3	-1.676619E-3
8.260000E-3	-1.897335E-3
8.265000E-3	-1.887739E-3
8.270000E-3	-1.650572E-3
8.275000E-3	-1.457274E-3
8.280000E-3	-1.420259E-3
8.285000E-3	-1.061082E-3
8.290000E-3	-1.069307E-3
8.295000E-3	-8.376241E-4
8.300000E-3	-6.799698E-4
8.305000E-3	-4.510283E-4
8.310000E-3	-3.646612E-4
8.315000E-3	-4.482865E-4
8.320000E-3	-4.085302E-4
8.325000E-3	-5.058646E-4
8.330000E-3	-5.277991E-4
8.335000E-3	-6.278753E-4
8.340000E-3	-6.909370E-4
8.345000E-3	-4.674792E-4
8.350000E-3	-4.537702E-4
8.355000E-3	-5.798936E-4
8.360000E-3	-4.784465E-4
8.365000E-3	-3.920794E-4
8.370000E-3	-2.741814E-4
8.375000E-3	-1.713634E-4
8.380000E-3	4.112720E-5
8.385000E-3	2.152324E-4
8.390000E-3	2.837777E-4
8.395000E-3	3.893375E-4
8.400000E-3	7.019043E-4
8.405000E-3	8.335114E-4
8.410000E-3	9.829402E-4
8.415000E-3	8.842349E-4
8.420000E-3	8.636713E-4
8.425000E-3	6.470680E-4
8.430000E-3	2.453923E-4
8.435000E-3	-1.083016E-4
8.440000E-3	-3.564358E-4
8.445000E-3	-7.745624E-4
8.450000E-3	-8.211732E-4
8.455000E-3	-1.292765E-3
8.460000E-3	-1.897335E-3
8.465000E-3	-2.389491E-3
8.470000E-3	-2.440214E-3
8.475000E-3	-2.601981E-3
8.480000E-3	-2.580047E-3
8.485000E-3	-2.422392E-3
8.490000E-3	-2.589643E-3
8.495000E-3	-2.496421E-3
8.500000E-3	-2.148211E-3
8.505000E-3	-1.938462E-3
8.510000E-3	-1.709521E-3
8.515000E-3	-1.473725E-3
8.520000E-3	-1.146078E-3
8.525000E-3	-8.403659E-4
8.530000E-3	-5.524755E-4
8.535000E-3	-1.974106E-4
8.540000E-3	-6.086826E-4
8.545000E-3	-6.662607E-4
8.550000E-3	-8.828640E-4
8.555000E-3	-1.235187E-3
8.560000E-3	-1.599848E-3
8.565000E-3	-1.702666E-3
8.570000E-3	-1.672506E-3
8.575000E-3	-1.532674E-3
8.580000E-3	-1.320183E-3
8.585000E-3	-7.855296E-4
8.590000E-3	-3.043413E-4
8.595000E-3	2.604723E-4
8.600000E-3	8.883476E-4
8.605000E-3	1.343489E-3
8.610000E-3	1.291394E-3
8.615000E-3	1.185834E-3
8.620000E-3	1.008987E-3
8.625000E-3	6.484389E-4
8.630000E-3	1.713634E-4
8.635000E-3	-1.891851E-4
8.640000E-3	-5.017519E-4
8.645000E-3	-5.867481E-4
8.650000E-3	-3.345013E-4
8.655000E-3	-3.509521E-4
8.660000E-3	-1.672506E-4
8.665000E-3	5.757809E-5
8.670000E-3	1.864433E-4
8.675000E-3	1.028180E-4
8.680000E-3	9.185076E-5
8.685000E-3	-8.636713E-5
8.690000E-3	-3.619194E-4
8.695000E-3	-9.541512E-4
8.700000E-3	-1.433969E-3
8.705000E-3	-1.756132E-3
8.710000E-3	-2.360702E-3
8.715000E-3	-2.445698E-3
8.720000E-3	-2.529323E-3
8.725000E-3	-2.359331E-3
8.730000E-3	-2.041280E-3
8.735000E-3	-1.868546E-3
8.740000E-3	-1.680732E-3
8.745000E-3	-1.524448E-3
8.750000E-3	-1.244783E-3
8.755000E-3	-1.120031E-3
8.760000E-3	-8.156896E-4
8.765000E-3	-7.690787E-4
8.770000E-3	-6.840825E-4
8.775000E-3	-1.029551E-3
8.780000E-3	-1.237929E-3
8.785000E-3	-1.458645E-3
8.790000E-3	-1.631379E-3
8.795000E-3	-1.813710E-3
8.800000E-3	-1.810968E-3
8.805000E-3	-1.789033E-3
8.810000E-3	-1.797259E-3
8.815000E-3	-1.532674E-3
8.820000E-3	-1.475096E-3
8.825000E-3	-1.161158E-3
8.830000E-3	-9.856820E-4
8.835000E-3	-6.114244E-4
8.840000E-3	-4.386902E-4
8.845000E-3	-1.041889E-4
8.850000E-3	1.137853E-4
8.855000E-3	1.782179E-4
8.860000E-3	2.810359E-4
8.865000E-3	2.686977E-4
8.870000E-3	1.206398E-4
8.875000E-3	2.549887E-4
8.880000E-3	3.358722E-4
8.885000E-3	5.360246E-4
8.890000E-3	4.016757E-4
8.895000E-3	4.455447E-4
8.900000E-3	4.441738E-4
8.905000E-3	9.733438E-5
8.910000E-3	-2.124906E-4
8.915000E-3	-3.797412E-4
8.920000E-3	-6.223917E-4
8.925000E-3	-8.705258E-4
8.930000E-3	-1.117289E-3
8.935000E-3	-1.376390E-3
8.940000E-3	-1.572430E-3
8.945000E-3	-1.843870E-3
8.950000E-3	-2.065957E-3
8.955000E-3	-2.161920E-3
8.960000E-3	-2.286673E-3
8.965000E-3	-2.150953E-3
8.970000E-3	-1.876771E-3
8.975000E-3	-1.601219E-3
8.980000E-3	-1.464128E-3
8.985000E-3	-1.296878E-3
8.990000E-3	-1.148820E-3
8.995000E-3	-1.413405E-3
9.000000E-3	-1.591623E-3
9.005000E-3	-1.623154E-3
9.010000E-3	-1.571059E-3
9.015000E-3	-1.820564E-3
9.020000E-3	-1.699924E-3
9.025000E-3	-1.839757E-3
9.030000E-3	-1.656055E-3
9.035000E-3	-1.540899E-3
9.040000E-3	-1.383245E-3
9.045000E-3	-1.130998E-3
9.050000E-3	-1.121402E-3
9.055000E-3	-1.055598E-3
9.060000E-3	-9.678602E-4
9.065000E-3	-7.334352E-4
9.070000E-3	-5.579591E-4
9.075000E-3	-5.908608E-4
9.080000E-3	-2.632141E-4
9.085000E-3	-5.209446E-5
9.090000E-3	2.138615E-4
9.095000E-3	5.058646E-4
9.100000E-3	5.250573E-4
9.105000E-3	4.153848E-4
9.110000E-3	5.209446E-5
9.115000E-3	-1.439452E-4
9.120000E-3	-4.428029E-4
9.125000E-3	-8.156896E-4
9.130000E-3	-1.155674E-3
9.135000E-3	-1.155674E-3
9.140000E-3	-1.141965E-3
9.145000E-3	-1.140594E-3
9.150000E-3	-9.020567E-4
9.155000E-3	-6.923079E-4
9.160000E-3	-3.948212E-4
9.165000E-3	-2.837777E-4
9.170000E-3	-3.303885E-4
9.175000E-3	-2.303123E-4
9.180000E-3	1.645088E-5
9.185000E-3	1.206398E-4
9.190000E-3	1.987815E-4
9.195000E-3	1.110435E-4
9.200000E-3	-1.096725E-5
9.205000E-3	-1.274943E-4
9.210000E-3	-2.810359E-4
9.215000E-3	-3.715158E-4
9.220000E-3	-6.936789E-4
9.225000E-3	-8.910894E-4
9.230000E-3	-1.181722E-3
9.235000E-3	-1.624525E-3
9.240000E-3	-2.011120E-3
9.245000E-3	-2.157807E-3
9.250000E-3	-2.068698E-3
9.255000E-3	-2.157807E-3
9.260000E-3	-2.223611E-3
9.265000E-3	-1.974106E-3
9.270000E-3	-1.745164E-3
9.275000E-3	-1.327038E-3
9.280000E-3	-9.856820E-4
9.285000E-3	-7.279515E-4
9.290000E-3	-5.250573E-4
9.295000E-3	-4.510283E-4
9.300000E-3	-5.264282E-4
9.305000E-3	-6.182790E-4
9.310000E-3	-8.623004E-4
9.315000E-3	-1.300991E-3
9.320000E-3	-1.608074E-3
9.325000E-3	-1.856208E-3
9.330000E-3	-1.715004E-3
9.335000E-3	-1.381874E-3
9.340000E-3	-1.355827E-3
9.345000E-3	-1.063824E-3
9.350000E-3	-5.798936E-4
9.355000E-3	-1.850724E-4
9.360000E-3	1.782179E-4
9.365000E-3	5.620718E-4
9.370000E-3	6.635189E-4
9.375000E-3	4.482865E-4
9.380000E-3	3.372431E-4
9.385000E-3	2.097487E-4
9.390000E-3	-1.562834E-4
9.395000E-3	-6.415844E-4
9.400000E-3	-1.107693E-3
9.405000E-3	-1.220107E-3
9.410000E-3	-1.440823E-3
9.415000E-3	-1.403809E-3
9.420000E-3	-1.291394E-3
9.425000E-3	-1.113176E-3
9.430000E-3	-1.096725E-3
9.435000E-3	-1.195431E-3
9.440000E-3	-1.088500E-3
9.445000E-3	-9.760857E-4
9.450000E-3	-8.485913E-4
9.455000E-3	-7.663369E-4
9.460000E-3	-8.321404E-4
9.465000E-3	-4.510283E-4
9.470000E-3	-1.384616E-4
9.475000E-3	-1.014471E-4
9.480000E-3	-3.454685E-4
9.485000E-3	-4.647374E-4
9.490000E-3	-7.663369E-4
9.495000E-3	-8.115768E-4
9.500000E-3	-9.719729E-4
9.505000E-3	-1.026809E-3
9.510000E-3	-1.285911E-3
9.515000E-3	-1.577914E-3
9.520000E-3	-1.486063E-3
9.525000E-3	-1.343489E-3
9.530000E-3	-8.842349E-4
9.535000E-3	-3.495812E-4
9.540000E-3	3.632903E-4
9.545000E-3	7.581115E-4
9.550000E-3	1.067936E-3
9.555000E-3	1.198173E-3
9.560000E-3	1.431227E-3
9.565000E-3	1.442194E-3
9.570000E-3	1.440823E-3
9.575000E-3	1.120031E-3
9.580000E-3	8.143187E-4
9.585000E-3	3.879666E-4
9.590000E-3	-1.507998E-5
9.595000E-3	-4.469156E-4
9.600000E-3	-9.966493E-4
9.605000E-3	-1.819193E-3
9.610000E-3	-2.305865E-3
9.615000E-3	-2.835035E-3
9.620000E-3	-3.140748E-3
9.625000E-3	-3.109217E-3
9.630000E-3	-3.166795E-3
9.635000E-3	-3.203809E-3
9.640000E-3	-2.645850E-3
9.645000E-3	-2.141356E-3
9.650000E-3	-1.864433E-3
9.655000E-3	-1.074791E-3
9.660000E-3	-4.839301E-4
9.665000E-3	-1.069307E-4
9.670000E-3	1.823306E-4
9.675000E-3	2.344251E-4
9.680000E-3	1.398325E-4
9.685000E-3	1.425743E-4
9.690000E-3	6.717443E-5
9.695000E-3	-2.878904E-5
9.700000E-3	-2.563596E-4
9.705000E-3	-3.221631E-4
9.710000E-3	-4.482865E-4
9.715000E-3	-8.527040E-4
9.720000E-3	-1.268089E-3
9.725000E-3	-1.483321E-3
9.730000E-3	-1.776695E-3
9.735000E-3	-1.662910E-3
9.740000E-3	-1.435339E-3
9.745000E-3	-1.061082E-3
9.750000E-3	-8.677840E-4
9.755000E-3	-4.537702E-4
9.760000E-3	-2.741814E-6
9.765000E-3	3.728867E-4
9.770000E-3	7.416606E-4
9.775000E-3	7.649660E-4
9.780000E-3	4.482865E-4
9.785000E-3	1.974106E-4
9.790000E-3	-2.070069E-4
9.795000E-3	-7.334352E-4
9.800000E-3	-1.427114E-3
9.805000E-3	-1.948059E-3
9.810000E-3	-2.271593E-3
9.815000E-3	-2.752781E-3
9.820000E-3	-2.788424E-3
9.825000E-3	-2.748668E-3
9.830000E-3	-2.551258E-3
9.835000E-3	-2.504647E-3
9.840000E-3	-2.552629E-3
9.845000E-3	-2.617061E-3
9.850000E-3	-2.370298E-3
9.855000E-3	-1.893222E-3
9.860000E-3	-1.429856E-3
9.865000E-3	-1.008987E-3
9.870000E-3	-6.566644E-4
9.875000E-3	-2.920032E-4
9.880000E-3	1.055598E-4
9.885000E-3	5.058646E-4
9.890000E-3	1.078904E-3
9.895000E-3	1.401067E-3
9.900000E-3	1.470983E-3
9.905000E-3	1.279056E-3
9.910000E-3	1.024067E-3
9.915000E-3	5.428791E-4
9.920000E-3	1.919270E-5
9.925000E-3	-7.183552E-4
9.930000E-3	-1.152933E-3
9.935000E-3	-1.299620E-3
9.940000E-3	-1.595736E-3
9.945000E-3	-1.731455E-3
9.950000E-3	-1.701295E-3
9.955000E-3	-1.647830E-3
9.960000E-3	-1.542270E-3
9.965000E-3	-1.237929E-3
9.970000E-3	-1.030922E-3
9.975000E-3	-7.910132E-4
9.980000E-3	-5.469918E-4
9.985000E-3	-7.594824E-4
9.990000E-3	-7.814169E-4
9.995000E-3	-5.689263E-4
