0.000000E+0	-8.058190E-3
5.000000E-6	-7.992387E-3
1.000000E-5	-7.860780E-3
1.500000E-5	-7.786751E-3
2.000000E-5	-8.041739E-3
2.500000E-5	-8.080125E-3
3.000000E-5	-7.958114E-3
3.500000E-5	-8.019805E-3
4.000000E-5	-7.829249E-3
4.500000E-5	-7.856667E-3
5.000000E-5	-7.762074E-3
5.500000E-5	-7.855296E-3
6.000000E-5	-7.899165E-3
6.500000E-5	-7.874489E-3
7.000000E-5	-8.047223E-3
7.500000E-5	-8.122623E-3
8.000000E-5	-8.096576E-3
8.500000E-5	-7.952631E-3
9.000000E-5	-7.923841E-3
9.500000E-5	-7.875860E-3
1.000000E-4	-8.008838E-3
1.050000E-4	-7.921100E-3
1.100000E-4	-7.895052E-3
1.150000E-4	-7.829249E-3
1.200000E-4	-8.003354E-3
1.250000E-4	-8.188426E-3
1.300000E-4	-8.222699E-3
1.350000E-4	-8.028030E-3
1.400000E-4	-8.085608E-3
1.450000E-4	-8.078754E-3
1.500000E-4	-7.886827E-3
1.550000E-4	-7.827878E-3
1.600000E-4	-7.819653E-3
1.650000E-4	-7.934809E-3
1.700000E-4	-7.949889E-3
1.750000E-4	-8.088350E-3
1.800000E-4	-7.954001E-3
1.850000E-4	-7.904649E-3
1.900000E-4	-8.014321E-3
1.950000E-4	-8.206248E-3
2.000000E-4	-8.219957E-3
2.050000E-4	-7.986903E-3
2.100000E-4	-7.970452E-3
2.150000E-4	-8.040369E-3
2.200000E-4	-8.022547E-3
2.250000E-4	-8.011580E-3
2.300000E-4	-8.065045E-3
2.350000E-4	-8.114398E-3
2.400000E-4	-7.930696E-3
2.450000E-4	-7.954001E-3
2.500000E-4	-7.915616E-3
2.550000E-4	-7.858038E-3
2.600000E-4	-7.895052E-3
2.650000E-4	-7.855296E-3
2.700000E-4	-7.867634E-3
2.750000E-4	-7.869005E-3
2.800000E-4	-7.967710E-3
2.850000E-4	-7.862151E-3
2.900000E-4	-7.810056E-3
2.950000E-4	-7.686675E-3
3.000000E-4	-7.810056E-3
3.050000E-4	-7.926583E-3
3.100000E-4	-8.100688E-3
3.150000E-4	-8.086979E-3
3.200000E-4	-8.019805E-3
3.250000E-4	-7.923841E-3
3.300000E-4	-7.870376E-3
3.350000E-4	-7.592082E-3
3.400000E-4	-7.921100E-3
3.450000E-4	-7.829249E-3
3.500000E-4	-7.736027E-3
3.550000E-4	-7.688046E-3
3.600000E-4	-7.677078E-3
3.650000E-4	-7.837474E-3
3.700000E-4	-7.884085E-3
3.750000E-4	-8.006096E-3
3.800000E-4	-8.047223E-3
3.850000E-4	-7.823765E-3
3.900000E-4	-7.777154E-3
3.950000E-4	-8.058190E-3
4.000000E-4	-8.067787E-3
4.050000E-4	-7.903278E-3
4.100000E-4	-8.084238E-3
4.150000E-4	-8.065045E-3
4.200000E-4	-8.078754E-3
4.250000E-4	-8.084238E-3
4.300000E-4	-7.785380E-3
4.350000E-4	-7.856667E-3
4.400000E-4	-7.744253E-3
4.450000E-4	-7.716835E-3
4.500000E-4	-7.823765E-3
4.550000E-4	-7.925212E-3
4.600000E-4	-7.870376E-3
4.650000E-4	-7.823765E-3
4.700000E-4	-7.815540E-3
4.750000E-4	-7.892311E-3
4.800000E-4	-7.955372E-3
4.850000E-4	-8.040369E-3
4.900000E-4	-7.999241E-3
4.950000E-4	-7.980049E-3
5.000000E-4	-8.033514E-3
5.050000E-4	-7.914245E-3
5.100000E-4	-7.901907E-3
5.150000E-4	-7.963598E-3
5.200000E-4	-8.040369E-3
5.250000E-4	-8.051336E-3
5.300000E-4	-8.092463E-3
5.350000E-4	-8.065045E-3
5.400000E-4	-7.845700E-3
5.450000E-4	-7.892311E-3
5.500000E-4	-7.918358E-3
5.550000E-4	-7.937551E-3
5.600000E-4	-7.812798E-3
5.650000E-4	-7.851183E-3
5.700000E-4	-7.947147E-3
5.750000E-4	-7.805943E-3
5.800000E-4	-7.752478E-3
5.850000E-4	-7.947147E-3
5.900000E-4	-8.074641E-3
5.950000E-4	-7.929325E-3
6.000000E-4	-8.010209E-3
6.050000E-4	-8.052707E-3
6.100000E-4	-7.977307E-3
6.150000E-4	-7.801831E-3
6.200000E-4	-7.930696E-3
6.250000E-4	-8.055449E-3
6.300000E-4	-7.991016E-3
6.350000E-4	-7.788122E-3
6.400000E-4	-7.818282E-3
6.450000E-4	-7.900536E-3
6.500000E-4	-7.969081E-3
6.550000E-4	-7.959485E-3
6.600000E-4	-8.000612E-3
6.650000E-4	-7.981420E-3
6.700000E-4	-7.925212E-3
6.750000E-4	-8.066416E-3
6.800000E-4	-7.919729E-3
6.850000E-4	-7.912874E-3
6.900000E-4	-7.984161E-3
6.950000E-4	-8.078754E-3
7.000000E-4	-7.954001E-3
7.050000E-4	-8.010209E-3
7.100000E-4	-8.097947E-3
7.150000E-4	-8.006096E-3
7.200000E-4	-7.923841E-3
7.250000E-4	-8.056819E-3
7.300000E-4	-7.871747E-3
7.350000E-4	-7.932067E-3
7.400000E-4	-8.048594E-3
7.450000E-4	-7.945776E-3
7.500000E-4	-8.059561E-3
7.550000E-4	-7.944405E-3
7.600000E-4	-7.803202E-3
7.650000E-4	-7.762074E-3
7.700000E-4	-7.751107E-3
7.750000E-4	-7.816911E-3
7.800000E-4	-7.860780E-3
7.850000E-4	-7.767558E-3
7.900000E-4	-7.699013E-3
7.950000E-4	-7.793605E-3
8.000000E-4	-7.916987E-3
8.050000E-4	-8.060932E-3
8.100000E-4	-8.048594E-3
8.150000E-4	-8.029401E-3
8.200000E-4	-7.978678E-3
8.250000E-4	-7.934809E-3
8.300000E-4	-7.877231E-3
8.350000E-4	-7.895052E-3
8.400000E-4	-7.694900E-3
8.450000E-4	-7.725060E-3
8.500000E-4	-7.860780E-3
8.550000E-4	-7.826507E-3
8.600000E-4	-7.919729E-3
8.650000E-4	-7.986903E-3
8.700000E-4	-7.823765E-3
8.750000E-4	-7.826507E-3
8.800000E-4	-7.914245E-3
8.850000E-4	-7.849813E-3
8.900000E-4	-7.720947E-3
8.950000E-4	-7.661998E-3
9.000000E-4	-7.816911E-3
9.050000E-4	-7.821023E-3
9.100000E-4	-7.807314E-3
9.150000E-4	-7.774413E-3
9.200000E-4	-7.808685E-3
9.250000E-4	-7.840216E-3
9.300000E-4	-7.956743E-3
9.350000E-4	-7.899165E-3
9.400000E-4	-7.686675E-3
9.450000E-4	-7.825136E-3
9.500000E-4	-8.130848E-3
9.550000E-4	-8.056819E-3
9.600000E-4	-7.933438E-3
9.650000E-4	-7.731915E-3
9.700000E-4	-7.682562E-3
9.750000E-4	-7.719576E-3
9.800000E-4	-7.932067E-3
9.850000E-4	-7.869005E-3
9.900000E-4	-7.715464E-3
9.950000E-4	-7.797718E-3
1.000000E-3	-7.858038E-3
1.005000E-3	-7.890940E-3
1.010000E-3	-7.764816E-3
1.015000E-3	-7.856667E-3
1.020000E-3	-7.908762E-3
1.025000E-3	-7.822394E-3
1.030000E-3	-7.867634E-3
1.035000E-3	-7.907391E-3
1.040000E-3	-7.770300E-3
1.045000E-3	-7.796347E-3
1.050000E-3	-7.789493E-3
1.055000E-3	-7.889569E-3
1.060000E-3	-7.899165E-3
1.065000E-3	-7.842958E-3
1.070000E-3	-7.805943E-3
1.075000E-3	-7.956743E-3
1.080000E-3	-7.930696E-3
1.085000E-3	-8.055449E-3
1.090000E-3	-7.974565E-3
1.095000E-3	-7.840216E-3
1.100000E-3	-7.775784E-3
1.105000E-3	-7.888198E-3
1.110000E-3	-7.954001E-3
1.115000E-3	-7.766187E-3
1.120000E-3	-7.821023E-3
1.125000E-3	-8.001983E-3
1.130000E-3	-7.836103E-3
1.135000E-3	-7.790864E-3
1.140000E-3	-7.915616E-3
1.145000E-3	-7.897794E-3
1.150000E-3	-7.906020E-3
1.155000E-3	-7.775784E-3
1.160000E-3	-7.914245E-3
1.165000E-3	-7.751107E-3
1.170000E-3	-7.973194E-3
1.175000E-3	-8.097947E-3
1.180000E-3	-7.971823E-3
1.185000E-3	-7.815540E-3
1.190000E-3	-7.784009E-3
1.195000E-3	-7.858038E-3
1.200000E-3	-7.834733E-3
1.205000E-3	-7.923841E-3
1.210000E-3	-7.877231E-3
1.215000E-3	-7.799089E-3
1.220000E-3	-7.800460E-3
1.225000E-3	-7.944405E-3
1.230000E-3	-7.927954E-3
1.235000E-3	-7.904649E-3
1.240000E-3	-7.992387E-3
1.245000E-3	-7.737398E-3
1.250000E-3	-7.842958E-3
1.255000E-3	-7.960856E-3
1.260000E-3	-7.842958E-3
1.265000E-3	-7.749736E-3
1.270000E-3	-7.837474E-3
1.275000E-3	-7.973194E-3
1.280000E-3	-7.943034E-3
1.285000E-3	-8.113027E-3
1.290000E-3	-8.158267E-3
1.295000E-3	-8.078754E-3
1.300000E-3	-7.853925E-3
1.305000E-3	-7.956743E-3
1.310000E-3	-8.054078E-3
1.315000E-3	-8.089721E-3
1.320000E-3	-8.033514E-3
1.325000E-3	-7.943034E-3
1.330000E-3	-7.915616E-3
1.335000E-3	-7.708609E-3
1.340000E-3	-7.582486E-3
1.345000E-3	-7.559180E-3
1.350000E-3	-7.864892E-3
1.355000E-3	-7.821023E-3
1.360000E-3	-7.738769E-3
1.365000E-3	-7.816911E-3
1.370000E-3	-7.885456E-3
1.375000E-3	-7.811427E-3
1.380000E-3	-7.811427E-3
1.385000E-3	-7.963598E-3
1.390000E-3	-7.796347E-3
1.395000E-3	-7.773042E-3
1.400000E-3	-7.766187E-3
1.405000E-3	-7.977307E-3
1.410000E-3	-7.770300E-3
1.415000E-3	-7.616758E-3
1.420000E-3	-7.930696E-3
1.425000E-3	-8.012950E-3
1.430000E-3	-8.008838E-3
1.435000E-3	-7.923841E-3
1.440000E-3	-7.921100E-3
1.445000E-3	-7.966340E-3
1.450000E-3	-7.771671E-3
1.455000E-3	-7.760704E-3
1.460000E-3	-7.901907E-3
1.465000E-3	-7.822394E-3
1.470000E-3	-7.871747E-3
1.475000E-3	-7.848442E-3
1.480000E-3	-7.888198E-3
1.485000E-3	-7.951260E-3
1.490000E-3	-8.066416E-3
1.495000E-3	-8.008838E-3
1.500000E-3	-7.996500E-3
1.505000E-3	-7.661998E-3
1.510000E-3	-7.837474E-3
1.515000E-3	-7.881343E-3
1.520000E-3	-7.885456E-3
1.525000E-3	-7.745624E-3
1.530000E-3	-7.704496E-3
1.535000E-3	-7.756591E-3
1.540000E-3	-7.889569E-3
1.545000E-3	-7.895052E-3
1.550000E-3	-7.738769E-3
1.555000E-3	-7.764816E-3
1.560000E-3	-7.785380E-3
1.565000E-3	-8.028030E-3
1.570000E-3	-8.018434E-3
1.575000E-3	-7.921100E-3
1.580000E-3	-7.764816E-3
1.585000E-3	-7.797718E-3
1.590000E-3	-7.742882E-3
1.595000E-3	-7.799089E-3
1.600000E-3	-7.775784E-3
1.605000E-3	-7.778525E-3
1.610000E-3	-7.858038E-3
1.615000E-3	-7.916987E-3
1.620000E-3	-7.756591E-3
1.625000E-3	-7.866263E-3
1.630000E-3	-7.768929E-3
1.635000E-3	-7.784009E-3
1.640000E-3	-7.882714E-3
1.645000E-3	-8.008838E-3
1.650000E-3	-7.844329E-3
1.655000E-3	-8.010209E-3
1.660000E-3	-7.967710E-3
1.665000E-3	-8.069158E-3
1.670000E-3	-8.136332E-3
1.675000E-3	-7.985532E-3
1.680000E-3	-7.930696E-3
1.685000E-3	-7.918358E-3
1.690000E-3	-7.803202E-3
1.695000E-3	-7.727802E-3
1.700000E-3	-7.734656E-3
1.705000E-3	-7.855296E-3
1.710000E-3	-7.943034E-3
1.715000E-3	-7.903278E-3
1.720000E-3	-7.907391E-3
1.725000E-3	-7.978678E-3
1.730000E-3	-8.000612E-3
1.735000E-3	-8.123994E-3
1.740000E-3	-8.049965E-3
1.745000E-3	-8.171976E-3
1.750000E-3	-8.084238E-3
1.755000E-3	-8.080125E-3
1.760000E-3	-7.958114E-3
1.765000E-3	-7.962227E-3
1.770000E-3	-7.930696E-3
1.775000E-3	-7.790864E-3
1.780000E-3	-7.815540E-3
1.785000E-3	-7.768929E-3
1.790000E-3	-7.760704E-3
1.795000E-3	-7.840216E-3
1.800000E-3	-7.804573E-3
1.805000E-3	-7.733285E-3
1.810000E-3	-7.930696E-3
1.815000E-3	-8.026659E-3
1.820000E-3	-7.967710E-3
1.825000E-3	-7.947147E-3
1.830000E-3	-8.095205E-3
1.835000E-3	-8.017063E-3
1.840000E-3	-8.028030E-3
1.845000E-3	-7.770300E-3
1.850000E-3	-7.925212E-3
1.855000E-3	-7.867634E-3
1.860000E-3	-7.895052E-3
1.865000E-3	-7.794976E-3
1.870000E-3	-7.774413E-3
1.875000E-3	-7.848442E-3
1.880000E-3	-7.822394E-3
1.885000E-3	-7.752478E-3
1.890000E-3	-7.796347E-3
1.895000E-3	-7.952631E-3
1.900000E-3	-7.690787E-3
1.905000E-3	-7.674336E-3
1.910000E-3	-7.855296E-3
1.915000E-3	-7.789493E-3
1.920000E-3	-7.762074E-3
1.925000E-3	-7.858038E-3
1.930000E-3	-7.869005E-3
1.935000E-3	-7.796347E-3
1.940000E-3	-7.969081E-3
1.945000E-3	-7.888198E-3
1.950000E-3	-7.653773E-3
1.955000E-3	-7.801831E-3
1.960000E-3	-7.907391E-3
1.965000E-3	-7.973194E-3
1.970000E-3	-7.892311E-3
1.975000E-3	-7.819653E-3
1.980000E-3	-7.893682E-3
1.985000E-3	-7.849813E-3
1.990000E-3	-7.804573E-3
1.995000E-3	-7.944405E-3
2.000000E-3	-7.927954E-3
2.005000E-3	-7.827878E-3
2.010000E-3	-7.767558E-3
2.015000E-3	-7.825136E-3
2.020000E-3	-7.969081E-3
2.025000E-3	-7.918358E-3
2.030000E-3	-8.084238E-3
2.035000E-3	-7.827878E-3
2.040000E-3	-7.726431E-3
2.045000E-3	-7.694900E-3
2.050000E-3	-7.819653E-3
2.055000E-3	-7.834733E-3
2.060000E-3	-7.941663E-3
2.065000E-3	-7.918358E-3
2.070000E-3	-8.004725E-3
2.075000E-3	-7.741511E-3
2.080000E-3	-7.863522E-3
2.085000E-3	-7.849813E-3
2.090000E-3	-7.947147E-3
2.095000E-3	-7.863522E-3
2.100000E-3	-7.899165E-3
2.105000E-3	-7.988274E-3
2.110000E-3	-7.764816E-3
2.115000E-3	-7.822394E-3
2.120000E-3	-7.849813E-3
2.125000E-3	-7.916987E-3
2.130000E-3	-7.971823E-3
2.135000E-3	-7.892311E-3
2.140000E-3	-7.805943E-3
2.145000E-3	-7.796347E-3
2.150000E-3	-7.826507E-3
2.155000E-3	-7.597566E-3
2.160000E-3	-7.633209E-3
2.165000E-3	-7.862151E-3
2.170000E-3	-7.971823E-3
2.175000E-3	-7.954001E-3
2.180000E-3	-7.877231E-3
2.185000E-3	-7.958114E-3
2.190000E-3	-7.999241E-3
2.195000E-3	-8.036256E-3
2.200000E-3	-8.047223E-3
2.205000E-3	-8.044481E-3
2.210000E-3	-7.919729E-3
2.215000E-3	-8.011580E-3
2.220000E-3	-7.711351E-3
2.225000E-3	-7.725060E-3
2.230000E-3	-7.668853E-3
2.235000E-3	-7.675707E-3
2.240000E-3	-7.830620E-3
2.245000E-3	-7.930696E-3
2.250000E-3	-7.858038E-3
2.255000E-3	-7.926583E-3
2.260000E-3	-7.991016E-3
2.265000E-3	-7.836103E-3
2.270000E-3	-7.855296E-3
2.275000E-3	-7.833362E-3
2.280000E-3	-7.963598E-3
2.285000E-3	-8.123994E-3
2.290000E-3	-8.048594E-3
2.295000E-3	-7.834733E-3
2.300000E-3	-7.812798E-3
2.305000E-3	-7.925212E-3
2.310000E-3	-7.855296E-3
2.315000E-3	-7.947147E-3
2.320000E-3	-7.815540E-3
2.325000E-3	-8.030772E-3
2.330000E-3	-7.818282E-3
2.335000E-3	-7.997870E-3
2.340000E-3	-7.748365E-3
2.345000E-3	-7.903278E-3
2.350000E-3	-7.568777E-3
2.355000E-3	-8.254230E-3
2.360000E-3	-7.520795E-3
2.365000E-3	-8.171976E-3
2.370000E-3	-7.449508E-3
2.375000E-3	-8.533895E-3
2.380000E-3	-6.983399E-3
2.385000E-3	-8.745015E-3
2.390000E-3	-6.824374E-3
2.395000E-3	-8.958876E-3
2.400000E-3	-6.424069E-3
2.405000E-3	-9.642959E-3
2.410000E-3	-5.975783E-3
2.415000E-3	-1.021600E-2
2.420000E-3	-5.095661E-3
2.425000E-3	-1.093709E-2
2.430000E-3	-3.768623E-3
2.435000E-3	-1.283306E-2
2.440000E-3	-1.338005E-3
2.445000E-3	-1.346368E-2
2.450000E-3	4.585683E-3
2.455000E-3	-1.367384E-1
2.460000E-3	-1.562560E-1
2.465000E-3	1.583672E-2
2.470000E-3	-1.993161E-1
2.475000E-3	-8.069432E-2
2.480000E-3	5.239743E-2
2.485000E-3	2.354670E-2
2.490000E-3	-1.281647E-1
2.495000E-3	7.741648E-2
2.500000E-3	1.088939E-1
2.505000E-3	6.107116E-2
2.510000E-3	2.152790E-1
2.515000E-3	2.649058E-1
2.520000E-3	6.656849E-2
2.525000E-3	1.252227E-1
2.530000E-3	5.724221E-2
2.535000E-3	-1.214404E-1
2.540000E-3	-8.846462E-3
2.545000E-3	3.720093E-2
2.550000E-3	-1.498401E-1
2.555000E-3	-7.509828E-2
2.560000E-3	1.521707E-4
2.565000E-3	-1.760107E-1
2.570000E-3	-1.643429E-1
2.575000E-3	-1.297563E-2
2.580000E-3	-9.975129E-2
2.585000E-3	-1.126035E-1
2.590000E-3	7.222486E-2
2.595000E-3	-7.661861E-2
2.600000E-3	-3.446460E-2
2.605000E-3	6.153041E-2
2.610000E-3	2.079529E-2
2.615000E-3	-2.730983E-2
2.620000E-3	1.307708E-1
2.625000E-3	4.737306E-2
2.630000E-3	-3.329933E-2
2.635000E-3	1.167560E-1
2.640000E-3	-4.079819E-3
2.645000E-3	-6.634504E-2
2.650000E-3	5.279225E-2
2.655000E-3	-1.272476E-2
2.660000E-3	-1.023999E-1
2.665000E-3	6.390756E-2
2.670000E-3	-7.105410E-3
2.675000E-3	-1.131903E-1
2.680000E-3	5.711335E-2
2.685000E-3	-2.933741E-4
2.690000E-3	-1.138428E-1
2.695000E-3	3.945059E-2
2.700000E-3	4.008806E-2
2.705000E-3	-9.841740E-2
2.710000E-3	5.297732E-2
2.715000E-3	6.233239E-2
2.720000E-3	-1.023574E-1
2.725000E-3	3.539819E-2
2.730000E-3	5.467314E-2
2.735000E-3	-8.542669E-2
2.740000E-3	-1.761752E-2
2.745000E-3	5.459225E-2
2.750000E-3	-7.487756E-2
2.755000E-3	-2.821052E-2
2.760000E-3	5.002028E-2
2.765000E-3	-3.604937E-2
2.770000E-3	-3.416163E-2
2.775000E-3	5.507755E-2
2.780000E-3	-2.419239E-2
2.785000E-3	-3.638661E-2
2.790000E-3	3.202575E-2
2.795000E-3	2.782941E-4
2.800000E-3	-2.964723E-2
2.805000E-3	2.774167E-2
2.810000E-3	-4.950345E-3
2.815000E-3	-3.503215E-2
2.820000E-3	1.650572E-2
2.825000E-3	-3.417671E-3
2.830000E-3	-3.292644E-2
2.835000E-3	1.352811E-2
2.840000E-3	-2.307647E-2
2.845000E-3	-3.779727E-2
2.850000E-3	-3.217518E-3
2.855000E-3	-1.992202E-2
2.860000E-3	-3.846627E-2
2.865000E-3	2.453238E-2
2.870000E-3	-4.359484E-3
2.875000E-3	-3.601509E-2
2.880000E-3	2.598143E-2
2.885000E-3	8.507848E-3
2.890000E-3	-2.202088E-2
2.895000E-3	1.554334E-2
2.900000E-3	1.072872E-2
2.905000E-3	-3.464693E-2
2.910000E-3	1.425469E-2
2.915000E-3	7.719576E-3
2.920000E-3	-5.493087E-2
2.925000E-3	1.403397E-2
2.930000E-3	1.566947E-2
2.935000E-3	-5.852950E-2
2.940000E-3	-1.266718E-2
2.945000E-3	1.550633E-2
2.950000E-3	-5.280459E-2
2.955000E-3	-1.448774E-2
2.960000E-3	2.754426E-2
2.965000E-3	-5.319530E-2
2.970000E-3	-9.701908E-3
2.975000E-3	2.993101E-2
2.980000E-3	-3.853345E-2
2.985000E-3	-1.063138E-2
2.990000E-3	4.643947E-2
2.995000E-3	-2.108729E-2
3.000000E-3	-1.125926E-2
3.005000E-3	4.412812E-2
3.010000E-3	-2.244312E-2
3.015000E-3	-3.209978E-2
3.020000E-3	3.100169E-2
3.025000E-3	-1.992887E-2
3.030000E-3	-4.100519E-2
3.035000E-3	2.001524E-2
3.040000E-3	-2.276939E-2
3.045000E-3	-4.641068E-2
3.050000E-3	2.094334E-2
3.055000E-3	-9.364665E-3
3.060000E-3	-3.201616E-2
3.065000E-3	1.589155E-2
3.070000E-3	1.322925E-3
3.075000E-3	-3.557503E-2
3.080000E-3	1.478934E-2
3.085000E-3	5.949736E-3
3.090000E-3	-2.454334E-2
3.095000E-3	1.787800E-2
3.100000E-3	-2.686977E-4
3.105000E-3	-3.191334E-2
3.110000E-3	3.935874E-3
3.115000E-3	4.351258E-3
3.120000E-3	-3.015584E-2
3.125000E-3	-1.782179E-5
3.130000E-3	-6.662607E-4
3.135000E-3	-3.257275E-2
3.140000E-3	-6.396651E-3
3.145000E-3	-7.404268E-3
3.150000E-3	-3.451806E-2
3.155000E-3	-3.321707E-3
3.160000E-3	2.275705E-4
3.165000E-3	-2.708775E-2
3.170000E-3	3.450572E-3
3.175000E-3	1.864707E-2
3.180000E-3	-1.391882E-2
3.185000E-3	-5.634427E-4
3.190000E-3	1.526231E-2
3.195000E-3	-1.842773E-2
3.200000E-3	-1.296604E-2
3.205000E-3	6.077230E-3
3.210000E-3	-2.006322E-2
3.215000E-3	-2.119833E-2
3.220000E-3	-6.883323E-3
3.225000E-3	-2.712613E-2
3.230000E-3	-3.246719E-2
3.235000E-3	-9.349585E-3
3.240000E-3	-1.988637E-2
3.245000E-3	-2.121478E-2
3.250000E-3	6.031990E-4
3.255000E-3	-5.704343E-3
3.260000E-3	-6.953239E-3
3.265000E-3	1.388592E-2
3.270000E-3	4.085302E-3
3.275000E-3	-6.810665E-3
3.280000E-3	9.374261E-3
3.285000E-3	1.257122E-3
3.290000E-3	-1.417792E-2
3.295000E-3	-4.843414E-3
3.300000E-3	-3.568470E-3
3.305000E-3	-1.686078E-2
3.310000E-3	-1.461524E-2
3.315000E-3	-8.421481E-3
3.320000E-3	-2.065545E-2
3.325000E-3	-1.264387E-2
3.330000E-3	-6.605029E-3
3.335000E-3	-2.212918E-2
3.340000E-3	-1.925987E-2
3.345000E-3	-6.358266E-3
3.350000E-3	-1.011592E-2
3.355000E-3	-9.843111E-3
3.360000E-3	6.222546E-3
3.365000E-3	-1.003504E-3
3.370000E-3	-6.437778E-3
3.375000E-3	8.602440E-3
3.380000E-3	1.749277E-3
3.385000E-3	-4.676163E-3
3.390000E-3	1.317579E-2
3.395000E-3	8.270681E-3
3.400000E-3	-9.711504E-3
3.405000E-3	-4.903734E-3
3.410000E-3	-2.549887E-4
3.415000E-3	-1.430953E-2
3.420000E-3	-1.588470E-2
3.425000E-3	-7.597566E-3
3.430000E-3	-2.130526E-2
3.435000E-3	-2.221966E-2
3.440000E-3	-1.278645E-2
3.445000E-3	-2.280504E-2
3.450000E-3	-2.159727E-2
3.455000E-3	-1.013374E-2
3.460000E-3	-1.175690E-2
3.465000E-3	-1.311135E-2
3.470000E-3	4.378676E-3
3.475000E-3	7.648289E-3
3.480000E-3	2.150953E-3
3.485000E-3	9.150803E-3
3.490000E-3	7.624984E-3
3.495000E-3	-3.587663E-3
3.500000E-3	-4.778981E-3
3.505000E-3	-3.109217E-3
3.510000E-3	-1.319087E-2
3.515000E-3	-1.506352E-2
3.520000E-3	-1.589018E-2
3.525000E-3	-2.073634E-2
3.530000E-3	-2.263504E-2
3.535000E-3	-1.796573E-2
3.540000E-3	-1.431227E-2
3.545000E-3	-1.474959E-2
3.550000E-3	-7.603049E-3
3.555000E-3	-6.410360E-3
3.560000E-3	-7.686675E-3
3.565000E-3	-8.266568E-4
3.570000E-3	7.829249E-3
3.575000E-3	8.182943E-3
3.580000E-3	8.990407E-3
3.585000E-3	8.038998E-3
3.590000E-3	3.583550E-3
3.595000E-3	-2.767861E-3
3.600000E-3	-6.199241E-3
3.605000E-3	-6.308913E-3
3.610000E-3	-1.283169E-2
3.615000E-3	-2.074045E-2
3.620000E-3	-2.167130E-2
3.625000E-3	-2.409232E-2
3.630000E-3	-2.972126E-2
3.635000E-3	-2.166992E-2
3.640000E-3	-1.630419E-2
3.645000E-3	-1.962864E-2
3.650000E-3	-1.354593E-2
3.655000E-3	-7.849813E-3
3.660000E-3	-9.945929E-3
3.665000E-3	-5.033970E-3
3.670000E-3	4.862607E-3
3.675000E-3	3.687739E-4
3.680000E-3	1.924753E-3
3.685000E-3	5.214930E-3
3.690000E-3	-2.159178E-3
3.695000E-3	-3.612339E-3
3.700000E-3	1.111805E-3
3.705000E-3	-1.451790E-3
3.710000E-3	-4.592538E-3
3.715000E-3	-4.414320E-4
3.720000E-3	-4.746079E-3
3.725000E-3	-9.279668E-3
3.730000E-3	-5.286217E-3
3.735000E-3	-6.330848E-3
3.740000E-3	-1.014745E-2
3.745000E-3	-9.526432E-3
3.750000E-3	-9.686828E-3
3.755000E-3	-1.246840E-2
3.760000E-3	-1.177061E-2
3.765000E-3	-1.329368E-2
3.770000E-3	-1.141280E-2
3.775000E-3	-1.165408E-2
3.780000E-3	-1.583672E-2
3.785000E-3	-1.760381E-2
3.790000E-3	-1.420259E-2
3.795000E-3	-1.240534E-2
3.800000E-3	-9.544253E-3
3.805000E-3	-6.920338E-3
3.810000E-3	-5.820870E-3
3.815000E-3	-5.778372E-3
3.820000E-3	-8.189797E-3
3.825000E-3	-8.173347E-3
3.830000E-3	-3.442347E-3
3.835000E-3	-2.198935E-3
3.840000E-3	-6.574869E-3
3.845000E-3	-4.647374E-3
3.850000E-3	-4.729629E-3
3.855000E-3	-9.679973E-3
3.860000E-3	-6.025136E-3
3.865000E-3	-4.888654E-3
3.870000E-3	-1.085895E-2
3.875000E-3	-8.232296E-3
3.880000E-3	-7.685304E-3
3.885000E-3	-1.495659E-2
3.890000E-3	-1.515538E-2
3.895000E-3	-1.033664E-2
3.900000E-3	-1.375294E-2
3.905000E-3	-1.209003E-2
3.910000E-3	-6.742120E-3
3.915000E-3	-8.858800E-3
3.920000E-3	-7.760704E-3
3.925000E-3	-2.673268E-3
3.930000E-3	-3.804266E-3
3.935000E-3	-5.960703E-3
3.940000E-3	2.248287E-4
3.945000E-3	5.648136E-4
3.950000E-3	-3.309369E-3
3.955000E-3	-2.167404E-3
3.960000E-3	-1.011729E-3
3.965000E-3	-6.554306E-3
3.970000E-3	-1.086444E-2
3.975000E-3	-1.413131E-2
3.980000E-3	-1.720899E-2
3.985000E-3	-1.755446E-2
3.990000E-3	-1.878965E-2
3.995000E-3	-1.722133E-2
4.000000E-3	-1.428622E-2
4.005000E-3	-1.217639E-2
4.010000E-3	-8.502364E-3
4.015000E-3	-5.575478E-3
4.020000E-3	-1.754761E-3
4.025000E-3	3.214777E-3
4.030000E-3	5.395889E-3
4.035000E-3	4.992843E-3
4.040000E-3	3.780961E-3
4.045000E-3	-4.661083E-4
4.050000E-3	-8.093834E-3
4.055000E-3	-1.195019E-2
4.060000E-3	-1.396817E-2
4.065000E-3	-1.923519E-2
4.070000E-3	-1.716924E-2
4.075000E-3	-1.332247E-2
4.080000E-3	-1.599300E-2
4.085000E-3	-1.290846E-2
4.090000E-3	-1.015019E-2
4.095000E-3	-1.155400E-2
4.100000E-3	-9.633362E-3
4.105000E-3	-1.520336E-3
4.110000E-3	-3.262758E-4
4.115000E-3	7.759333E-4
4.120000E-3	5.442500E-3
4.125000E-3	1.742423E-3
4.130000E-3	-3.760397E-3
4.135000E-3	-3.852248E-3
4.140000E-3	-8.446157E-3
4.145000E-3	-1.428485E-2
4.150000E-3	-1.295644E-2
4.155000E-3	-1.420534E-2
4.160000E-3	-1.883626E-2
4.165000E-3	-1.695126E-2
4.170000E-3	-1.448363E-2
4.175000E-3	-1.474959E-2
4.180000E-3	-1.168561E-2
4.185000E-3	-7.788122E-3
4.190000E-3	-7.134199E-3
4.195000E-3	-2.647221E-3
4.200000E-3	1.523077E-3
4.205000E-3	-5.977154E-4
4.210000E-3	1.974106E-4
4.215000E-3	5.894899E-5
4.220000E-3	-5.416453E-3
4.225000E-3	-1.027769E-2
4.230000E-3	-1.094258E-2
4.235000E-3	-1.362818E-2
4.240000E-3	-1.607937E-2
4.245000E-3	-1.451105E-2
4.250000E-3	-1.513618E-2
4.255000E-3	-1.438904E-2
4.260000E-3	-1.008987E-2
4.265000E-3	-7.372737E-3
4.270000E-3	-5.675554E-3
4.275000E-3	-1.296878E-3
4.280000E-3	9.980202E-4
4.285000E-3	-5.840063E-4
4.290000E-3	-3.194213E-4
4.295000E-3	-8.965731E-4
4.300000E-3	-4.859865E-3
4.305000E-3	-5.574107E-3
4.310000E-3	-3.926277E-3
4.315000E-3	-7.740140E-3
4.320000E-3	-9.542882E-3
4.325000E-3	-8.916378E-3
4.330000E-3	-1.108652E-2
4.335000E-3	-1.174319E-2
4.340000E-3	-1.074654E-2
4.345000E-3	-1.220244E-2
4.350000E-3	-1.363641E-2
4.355000E-3	-1.248074E-2
4.360000E-3	-1.379269E-2
4.365000E-3	-1.399696E-2
4.370000E-3	-1.044083E-2
4.375000E-3	-8.853316E-3
4.380000E-3	-9.176850E-3
4.385000E-3	-7.372737E-3
4.390000E-3	-8.930087E-3
4.395000E-3	-1.001447E-2
4.400000E-3	-8.632600E-3
4.405000E-3	-8.904040E-3
4.410000E-3	-9.244025E-3
4.415000E-3	-7.415235E-3
4.420000E-3	-7.150650E-3
4.425000E-3	-8.527040E-3
4.430000E-3	-5.023003E-3
4.435000E-3	-1.745164E-3
4.440000E-3	-1.390100E-3
4.445000E-3	1.362681E-3
4.450000E-3	5.583704E-3
4.455000E-3	5.205333E-3
4.460000E-3	4.131913E-3
4.465000E-3	5.405486E-3
4.470000E-3	1.007617E-3
4.475000E-3	-2.153695E-3
4.480000E-3	-2.799392E-3
4.485000E-3	-6.387055E-3
4.490000E-3	-1.015157E-2
4.495000E-3	-1.289612E-2
4.500000E-3	-1.394898E-2
4.505000E-3	-1.614791E-2
4.510000E-3	-1.802057E-2
4.515000E-3	-1.711714E-2
4.520000E-3	-1.664966E-2
4.525000E-3	-1.558995E-2
4.530000E-3	-1.308256E-2
4.535000E-3	-1.090282E-2
4.540000E-3	-8.536637E-3
4.545000E-3	-7.298708E-3
4.550000E-3	-6.158113E-3
4.555000E-3	-5.649507E-3
4.560000E-3	-5.849659E-3
4.565000E-3	-3.061235E-3
4.570000E-3	-2.274334E-3
4.575000E-3	-3.297031E-3
4.580000E-3	-2.131760E-3
4.585000E-3	-1.243412E-3
4.590000E-3	-3.046155E-3
4.595000E-3	-4.096270E-3
4.600000E-3	-4.141510E-3
4.605000E-3	-8.352935E-3
4.610000E-3	-1.115370E-2
4.615000E-3	-1.179391E-2
4.620000E-3	-1.515126E-2
4.625000E-3	-1.668394E-2
4.630000E-3	-1.613009E-2
4.635000E-3	-1.531440E-2
4.640000E-3	-1.450968E-2
4.645000E-3	-9.860933E-3
4.650000E-3	-6.263673E-3
4.655000E-3	-3.575325E-3
4.660000E-3	8.568168E-4
4.665000E-3	1.630008E-3
4.670000E-3	9.198785E-4
4.675000E-3	1.329780E-3
4.680000E-3	-1.010358E-3
4.685000E-3	-3.926277E-3
4.690000E-3	-7.449508E-3
4.695000E-3	-1.179391E-2
4.700000E-3	-1.436847E-2
4.705000E-3	-1.709932E-2
4.710000E-3	-1.755035E-2
4.715000E-3	-1.711303E-2
4.720000E-3	-1.564753E-2
4.725000E-3	-1.525545E-2
4.730000E-3	-1.434654E-2
4.735000E-3	-1.260960E-2
4.740000E-3	-1.082742E-2
4.745000E-3	-6.573498E-3
4.750000E-3	-3.158569E-3
4.755000E-3	-1.891851E-3
4.760000E-3	2.632141E-4
4.765000E-3	6.607771E-4
4.770000E-3	-2.430618E-3
4.775000E-3	-3.432751E-3
4.780000E-3	-3.162682E-3
4.785000E-3	-6.585836E-3
4.790000E-3	-8.051336E-3
4.795000E-3	-7.977307E-3
4.800000E-3	-1.097822E-2
4.805000E-3	-1.189947E-2
4.810000E-3	-1.040792E-2
4.815000E-3	-1.186657E-2
4.820000E-3	-1.148957E-2
4.825000E-3	-7.792234E-3
4.830000E-3	-7.057428E-3
4.835000E-3	-7.465959E-3
4.840000E-3	-5.427420E-3
4.845000E-3	-4.595280E-3
4.850000E-3	-5.187511E-3
4.855000E-3	-3.812492E-3
4.860000E-3	-3.468394E-3
4.865000E-3	-5.169690E-3
4.870000E-3	-4.979134E-3
4.875000E-3	-5.630314E-3
4.880000E-3	-8.596957E-3
4.885000E-3	-1.053953E-2
4.890000E-3	-1.102620E-2
4.895000E-3	-1.398873E-2
4.900000E-3	-1.670724E-2
4.905000E-3	-1.736391E-2
4.910000E-3	-1.853192E-2
4.915000E-3	-1.851273E-2
4.920000E-3	-1.525408E-2
4.925000E-3	-1.405042E-2
4.930000E-3	-1.274395E-2
4.935000E-3	-8.979440E-3
4.940000E-3	-6.799698E-3
4.945000E-3	-5.635798E-3
4.950000E-3	-2.193451E-3
4.955000E-3	1.185834E-3
4.960000E-3	1.928866E-3
4.965000E-3	2.442956E-3
4.970000E-3	2.957046E-3
4.975000E-3	1.188576E-3
4.980000E-3	-1.184464E-3
4.985000E-3	-9.431839E-4
4.990000E-3	-3.262758E-3
4.995000E-3	-5.508304E-3
5.000000E-3	-5.722165E-3
5.005000E-3	-7.740140E-3
5.010000E-3	-9.841740E-3
5.015000E-3	-1.013786E-2
5.020000E-3	-1.235873E-2
5.025000E-3	-1.353359E-2
5.030000E-3	-1.278782E-2
5.035000E-3	-1.351988E-2
5.040000E-3	-1.384890E-2
5.045000E-3	-1.223123E-2
5.050000E-3	-1.233405E-2
5.055000E-3	-1.317990E-2
5.060000E-3	-1.242864E-2
5.065000E-3	-1.144022E-2
5.070000E-3	-9.860933E-3
5.075000E-3	-8.014321E-3
5.080000E-3	-6.953239E-3
5.085000E-3	-5.994976E-3
5.090000E-3	-5.487740E-3
5.095000E-3	-6.079972E-3
5.100000E-3	-6.302059E-3
5.105000E-3	-6.108761E-3
5.110000E-3	-5.819499E-3
5.115000E-3	-6.271899E-3
5.120000E-3	-6.607771E-3
5.125000E-3	-6.018281E-3
5.130000E-3	-6.281495E-3
5.135000E-3	-6.243110E-3
5.140000E-3	-5.116224E-3
5.145000E-3	-4.975021E-3
5.150000E-3	-5.021632E-3
5.155000E-3	-4.789948E-3
5.160000E-3	-4.641891E-3
5.165000E-3	-4.773498E-3
5.170000E-3	-5.256057E-3
5.175000E-3	-5.609751E-3
5.180000E-3	-6.408989E-3
5.185000E-3	-8.446157E-3
5.190000E-3	-9.914398E-3
5.195000E-3	-1.053131E-2
5.200000E-3	-1.164585E-2
5.205000E-3	-1.245469E-2
5.210000E-3	-1.165271E-2
5.215000E-3	-1.181859E-2
5.220000E-3	-1.267266E-2
5.225000E-3	-1.256573E-2
5.230000E-3	-1.186657E-2
5.235000E-3	-1.123869E-2
5.240000E-3	-9.254992E-3
5.245000E-3	-6.674945E-3
5.250000E-3	-4.273117E-3
5.255000E-3	-1.952171E-3
5.260000E-3	-3.399849E-4
5.265000E-3	-9.843111E-4
5.270000E-3	-2.033055E-3
5.275000E-3	-3.066719E-3
5.280000E-3	-5.428791E-3
5.285000E-3	-7.275403E-3
5.290000E-3	-8.289874E-3
5.295000E-3	-1.011866E-2
5.300000E-3	-1.215720E-2
5.305000E-3	-1.303047E-2
5.310000E-3	-1.394212E-2
5.315000E-3	-1.322651E-2
5.320000E-3	-1.089323E-2
5.325000E-3	-8.947909E-3
5.330000E-3	-7.138312E-3
5.335000E-3	-3.966033E-3
5.340000E-3	-2.322316E-3
5.345000E-3	-1.505256E-3
5.350000E-3	-4.770756E-4
5.355000E-3	-1.450419E-3
5.360000E-3	-3.334045E-3
5.365000E-3	-5.164206E-3
5.370000E-3	-8.326888E-3
5.375000E-3	-1.117837E-2
5.380000E-3	-1.240808E-2
5.385000E-3	-1.321554E-2
5.390000E-3	-1.450831E-2
5.395000E-3	-1.361036E-2
5.400000E-3	-1.245332E-2
5.405000E-3	-1.139772E-2
5.410000E-3	-8.814931E-3
5.415000E-3	-6.088197E-3
5.420000E-3	-4.445851E-3
5.425000E-3	-3.538311E-3
5.430000E-3	-3.159940E-3
5.435000E-3	-4.388273E-3
5.440000E-3	-6.336331E-3
5.445000E-3	-7.672966E-3
5.450000E-3	-9.478450E-3
5.455000E-3	-1.093024E-2
5.460000E-3	-1.119757E-2
5.465000E-3	-1.141417E-2
5.470000E-3	-1.136756E-2
5.475000E-3	-1.064783E-2
5.480000E-3	-1.032156E-2
5.485000E-3	-1.089597E-2
5.490000E-3	-1.082057E-2
5.495000E-3	-9.725213E-3
5.500000E-3	-9.205639E-3
5.505000E-3	-8.255601E-3
5.510000E-3	-5.543947E-3
5.515000E-3	-4.162073E-3
5.520000E-3	-2.954304E-3
5.525000E-3	-1.078904E-3
5.530000E-3	-4.496574E-4
5.535000E-3	-7.773042E-4
5.540000E-3	-7.334352E-4
5.545000E-3	-1.468241E-3
5.550000E-3	-3.403962E-3
5.555000E-3	-4.809141E-3
5.560000E-3	-6.535113E-3
5.565000E-3	-9.460628E-3
5.570000E-3	-1.153755E-2
5.575000E-3	-1.286459E-2
5.580000E-3	-1.475507E-2
5.585000E-3	-1.591760E-2
5.590000E-3	-1.585454E-2
5.595000E-3	-1.538157E-2
5.600000E-3	-1.483458E-2
5.605000E-3	-1.294547E-2
5.610000E-3	-1.105773E-2
5.615000E-3	-9.412646E-3
5.620000E-3	-7.094443E-3
5.625000E-3	-5.279362E-3
5.630000E-3	-4.118204E-3
5.635000E-3	-2.946079E-3
5.640000E-3	-2.416909E-3
5.645000E-3	-3.210664E-3
5.650000E-3	-4.182637E-3
5.655000E-3	-5.878448E-3
5.660000E-3	-7.848442E-3
5.665000E-3	-9.324908E-3
5.670000E-3	-1.000351E-2
5.675000E-3	-1.043808E-2
5.680000E-3	-1.025987E-2
5.685000E-3	-9.782791E-3
5.690000E-3	-9.551108E-3
5.695000E-3	-8.904040E-3
5.700000E-3	-7.829249E-3
5.705000E-3	-6.899774E-3
5.710000E-3	-5.857885E-3
5.715000E-3	-4.710436E-3
5.720000E-3	-4.167557E-3
5.725000E-3	-4.227877E-3
5.730000E-3	-4.014015E-3
5.735000E-3	-4.641891E-3
5.740000E-3	-5.801678E-3
5.745000E-3	-7.049203E-3
5.750000E-3	-8.213103E-3
5.755000E-3	-9.592235E-3
5.760000E-3	-1.047921E-2
5.765000E-3	-1.134700E-2
5.770000E-3	-1.157045E-2
5.775000E-3	-1.068622E-2
5.780000E-3	-9.567559E-3
5.785000E-3	-8.576393E-3
5.790000E-3	-7.239759E-3
5.795000E-3	-6.614625E-3
5.800000E-3	-6.584466E-3
5.805000E-3	-6.389797E-3
5.810000E-3	-6.481647E-3
5.815000E-3	-7.040977E-3
5.820000E-3	-7.142425E-3
5.825000E-3	-7.298708E-3
5.830000E-3	-7.836103E-3
5.835000E-3	-8.058190E-3
5.840000E-3	-8.165121E-3
5.845000E-3	-8.458495E-3
5.850000E-3	-8.014321E-3
5.855000E-3	-7.449508E-3
5.860000E-3	-7.452250E-3
5.865000E-3	-6.906629E-3
5.870000E-3	-6.192386E-3
5.875000E-3	-5.842805E-3
5.880000E-3	-5.447984E-3
5.885000E-3	-5.177915E-3
5.890000E-3	-5.565882E-3
5.895000E-3	-6.340444E-3
5.900000E-3	-7.139683E-3
5.905000E-3	-7.944405E-3
5.910000E-3	-8.479059E-3
5.915000E-3	-8.499622E-3
5.920000E-3	-8.787513E-3
5.925000E-3	-8.899927E-3
5.930000E-3	-8.895814E-3
5.935000E-3	-9.021938E-3
5.940000E-3	-9.603202E-3
5.945000E-3	-9.948671E-3
5.950000E-3	-9.900689E-3
5.955000E-3	-1.010907E-2
5.960000E-3	-9.736180E-3
5.965000E-3	-9.083629E-3
5.970000E-3	-8.125365E-3
5.975000E-3	-7.076621E-3
5.980000E-3	-6.126583E-3
5.985000E-3	-5.302668E-3
5.990000E-3	-4.374564E-3
5.995000E-3	-4.015386E-3
6.000000E-3	-3.778219E-3
6.005000E-3	-4.011273E-3
6.010000E-3	-4.656971E-3
6.015000E-3	-5.435646E-3
6.020000E-3	-6.104648E-3
6.025000E-3	-7.315159E-3
6.030000E-3	-8.747756E-3
6.035000E-3	-9.416759E-3
6.040000E-3	-1.016939E-2
6.045000E-3	-1.079041E-2
6.050000E-3	-1.121539E-2
6.055000E-3	-1.137030E-2
6.060000E-3	-1.203930E-2
6.065000E-3	-1.216131E-2
6.070000E-3	-1.131958E-2
6.075000E-3	-1.102209E-2
6.080000E-3	-1.086581E-2
6.085000E-3	-9.670377E-3
6.090000E-3	-8.425593E-3
6.095000E-3	-7.334352E-3
6.100000E-3	-5.904496E-3
6.105000E-3	-4.762530E-3
6.110000E-3	-4.378676E-3
6.115000E-3	-4.493833E-3
6.120000E-3	-5.430162E-3
6.125000E-3	-6.680429E-3
6.130000E-3	-7.237017E-3
6.135000E-3	-7.365882E-3
6.140000E-3	-7.782638E-3
6.145000E-3	-8.048594E-3
6.150000E-3	-8.213103E-3
6.155000E-3	-9.058952E-3
6.160000E-3	-9.226203E-3
6.165000E-3	-8.998632E-3
6.170000E-3	-8.942425E-3
6.175000E-3	-8.598328E-3
6.180000E-3	-8.023918E-3
6.185000E-3	-7.736027E-3
6.190000E-3	-7.486522E-3
6.195000E-3	-6.521404E-3
6.200000E-3	-5.733132E-3
6.205000E-3	-5.373955E-3
6.210000E-3	-4.866719E-3
6.215000E-3	-4.702210E-3
6.220000E-3	-5.325973E-3
6.225000E-3	-6.021023E-3
6.230000E-3	-6.940901E-3
6.235000E-3	-8.480430E-3
6.240000E-3	-9.660780E-3
6.245000E-3	-1.045865E-2
6.250000E-3	-1.121813E-2
6.255000E-3	-1.154441E-2
6.260000E-3	-1.065743E-2
6.265000E-3	-9.962380E-3
6.270000E-3	-8.905411E-3
6.275000E-3	-7.365882E-3
6.280000E-3	-6.058037E-3
6.285000E-3	-4.943490E-3
6.290000E-3	-4.434884E-3
6.295000E-3	-4.821479E-3
6.300000E-3	-5.789340E-3
6.305000E-3	-6.547451E-3
6.310000E-3	-7.326126E-3
6.315000E-3	-8.077383E-3
6.320000E-3	-8.543491E-3
6.325000E-3	-8.773804E-3
6.330000E-3	-8.738160E-3
6.335000E-3	-7.943034E-3
6.340000E-3	-7.143795E-3
6.345000E-3	-5.867481E-3
6.350000E-3	-4.787207E-3
6.355000E-3	-3.885150E-3
6.360000E-3	-3.722012E-3
6.365000E-3	-3.372431E-3
6.370000E-3	-3.820717E-3
6.375000E-3	-4.987359E-3
6.380000E-3	-6.184161E-3
6.385000E-3	-7.284999E-3
6.390000E-3	-8.990407E-3
6.395000E-3	-1.024342E-2
6.400000E-3	-1.076299E-2
6.405000E-3	-1.132232E-2
6.410000E-3	-1.161295E-2
6.415000E-3	-1.151562E-2
6.420000E-3	-1.148272E-2
6.425000E-3	-1.125926E-2
6.430000E-3	-1.024204E-2
6.435000E-3	-9.448290E-3
6.440000E-3	-8.612037E-3
6.445000E-3	-7.354915E-3
6.450000E-3	-6.333590E-3
6.455000E-3	-5.715311E-3
6.460000E-3	-5.164206E-3
6.465000E-3	-5.088806E-3
6.470000E-3	-5.334198E-3
6.475000E-3	-6.038845E-3
6.480000E-3	-6.609142E-3
6.485000E-3	-7.173955E-3
6.490000E-3	-7.490635E-3
6.495000E-3	-7.825136E-3
6.500000E-3	-8.388579E-3
6.505000E-3	-8.751869E-3
6.510000E-3	-8.790255E-3
6.515000E-3	-8.688807E-3
6.520000E-3	-8.232296E-3
6.525000E-3	-7.546842E-3
6.530000E-3	-7.172585E-3
6.535000E-3	-7.327497E-3
6.540000E-3	-7.322013E-3
6.545000E-3	-7.475555E-3
6.550000E-3	-7.387817E-3
6.555000E-3	-7.232904E-3
6.560000E-3	-7.184923E-3
6.565000E-3	-7.183552E-3
6.570000E-3	-6.851792E-3
6.575000E-3	-6.717443E-3
6.580000E-3	-7.073879E-3
6.585000E-3	-7.616758E-3
6.590000E-3	-8.296728E-3
6.595000E-3	-8.883476E-3
6.600000E-3	-9.493530E-3
6.605000E-3	-1.002681E-2
6.610000E-3	-1.046962E-2
6.615000E-3	-1.062453E-2
6.620000E-3	-1.074791E-2
6.625000E-3	-1.092201E-2
6.630000E-3	-1.112628E-2
6.635000E-3	-1.119071E-2
6.640000E-3	-1.117152E-2
6.645000E-3	-1.101935E-2
6.650000E-3	-1.040930E-2
6.655000E-3	-9.599090E-3
6.660000E-3	-8.740902E-3
6.665000E-3	-7.475555E-3
6.670000E-3	-6.319880E-3
6.675000E-3	-5.494595E-3
6.680000E-3	-4.589796E-3
6.685000E-3	-3.972888E-3
6.690000E-3	-3.881037E-3
6.695000E-3	-3.831685E-3
6.700000E-3	-4.170299E-3
6.705000E-3	-4.868090E-3
6.710000E-3	-5.978525E-3
6.715000E-3	-7.293224E-3
6.720000E-3	-7.912874E-3
6.725000E-3	-8.407772E-3
6.730000E-3	-8.621633E-3
6.735000E-3	-8.629858E-3
6.740000E-3	-8.675098E-3
6.745000E-3	-8.854687E-3
6.750000E-3	-8.909523E-3
6.755000E-3	-8.725822E-3
6.760000E-3	-8.847833E-3
6.765000E-3	-8.976698E-3
6.770000E-3	-8.820415E-3
6.775000E-3	-8.742273E-3
6.780000E-3	-8.828640E-3
6.785000E-3	-8.720338E-3
6.790000E-3	-8.976698E-3
6.795000E-3	-9.180963E-3
6.800000E-3	-9.509981E-3
6.805000E-3	-1.012415E-2
6.810000E-3	-1.043534E-2
6.815000E-3	-1.058203E-2
6.820000E-3	-1.066154E-2
6.825000E-3	-1.047373E-2
6.830000E-3	-9.452403E-3
6.835000E-3	-8.203506E-3
6.840000E-3	-6.949127E-3
6.845000E-3	-5.900383E-3
6.850000E-3	-4.977763E-3
6.855000E-3	-4.489720E-3
6.860000E-3	-4.495203E-3
6.865000E-3	-4.425287E-3
6.870000E-3	-4.724145E-3
6.875000E-3	-5.230010E-3
6.880000E-3	-5.942881E-3
6.885000E-3	-6.794214E-3
6.890000E-3	-7.682562E-3
6.895000E-3	-8.436561E-3
6.900000E-3	-9.117901E-3
6.905000E-3	-9.455144E-3
6.910000E-3	-9.718359E-3
6.915000E-3	-9.774566E-3
6.920000E-3	-9.880126E-3
6.925000E-3	-9.409904E-3
6.930000E-3	-9.204268E-3
6.935000E-3	-9.067178E-3
6.940000E-3	-8.845091E-3
6.945000E-3	-8.531153E-3
6.950000E-3	-8.517444E-3
6.955000E-3	-8.336484E-3
6.960000E-3	-8.587360E-3
6.965000E-3	-9.106934E-3
6.970000E-3	-9.409904E-3
6.975000E-3	-1.005560E-2
6.980000E-3	-1.046962E-2
6.985000E-3	-1.054776E-2
6.990000E-3	-1.039559E-2
6.995000E-3	-1.025438E-2
7.000000E-3	-9.589493E-3
7.005000E-3	-8.805335E-3
7.010000E-3	-8.100688E-3
7.015000E-3	-7.256210E-3
7.020000E-3	-6.278753E-3
7.025000E-3	-5.681038E-3
7.030000E-3	-5.043566E-3
7.035000E-3	-4.482865E-3
7.040000E-3	-4.292309E-3
7.045000E-3	-4.157960E-3
7.050000E-3	-4.042804E-3
7.055000E-3	-4.386902E-3
7.060000E-3	-4.846156E-3
7.065000E-3	-5.299926E-3
7.070000E-3	-6.122470E-3
7.075000E-3	-6.958723E-3
7.080000E-3	-7.563293E-3
7.085000E-3	-8.169234E-3
7.090000E-3	-8.872509E-3
7.095000E-3	-9.237170E-3
7.100000E-3	-9.500384E-3
7.105000E-3	-9.329021E-3
7.110000E-3	-8.747756E-3
7.115000E-3	-7.993758E-3
7.120000E-3	-7.272661E-3
7.125000E-3	-6.735265E-3
7.130000E-3	-6.473422E-3
7.135000E-3	-6.355524E-3
7.140000E-3	-6.618738E-3
7.145000E-3	-7.003963E-3
7.150000E-3	-7.386446E-3
7.155000E-3	-7.981420E-3
7.160000E-3	-8.605182E-3
7.165000E-3	-8.947909E-3
7.170000E-3	-9.270072E-3
7.175000E-3	-9.621024E-3
7.180000E-3	-9.807467E-3
7.185000E-3	-9.686828E-3
7.190000E-3	-9.205639E-3
7.195000E-3	-8.828640E-3
7.200000E-3	-8.181572E-3
7.205000E-3	-7.433057E-3
7.210000E-3	-7.145166E-3
7.215000E-3	-7.084846E-3
7.220000E-3	-6.983399E-3
7.225000E-3	-6.938159E-3
7.230000E-3	-6.688654E-3
7.235000E-3	-6.524146E-3
7.240000E-3	-6.343186E-3
7.245000E-3	-6.186903E-3
7.250000E-3	-6.052554E-3
7.255000E-3	-5.918205E-3
7.260000E-3	-5.879819E-3
7.265000E-3	-5.616605E-3
7.270000E-3	-5.585074E-3
7.275000E-3	-5.704343E-3
7.280000E-3	-5.613863E-3
7.285000E-3	-5.612493E-3
7.290000E-3	-5.534351E-3
7.295000E-3	-5.730391E-3
7.300000E-3	-5.957961E-3
7.305000E-3	-6.201982E-3
7.310000E-3	-6.736636E-3
7.315000E-3	-7.069767E-3
7.320000E-3	-7.686675E-3
7.325000E-3	-8.254230E-3
7.330000E-3	-8.661389E-3
7.335000E-3	-8.932829E-3
7.340000E-3	-9.518206E-3
7.345000E-3	-9.833515E-3
7.350000E-3	-1.047236E-2
7.355000E-3	-1.117426E-2
7.360000E-3	-1.160610E-2
7.365000E-3	-1.179254E-2
7.370000E-3	-1.166368E-2
7.375000E-3	-1.125789E-2
7.380000E-3	-1.063001E-2
7.385000E-3	-9.982944E-3
7.390000E-3	-9.533286E-3
7.395000E-3	-9.157658E-3
7.400000E-3	-8.761466E-3
7.405000E-3	-8.321404E-3
7.410000E-3	-8.032143E-3
7.415000E-3	-7.746994E-3
7.420000E-3	-7.505715E-3
7.425000E-3	-7.398784E-3
7.430000E-3	-7.572889E-3
7.435000E-3	-7.871747E-3
7.440000E-3	-7.762074E-3
7.445000E-3	-7.756591E-3
7.450000E-3	-7.677078E-3
7.455000E-3	-7.601678E-3
7.460000E-3	-7.651031E-3
7.465000E-3	-7.815540E-3
7.470000E-3	-8.133590E-3
7.475000E-3	-8.091092E-3
7.480000E-3	-7.943034E-3
7.485000E-3	-7.731915E-3
7.490000E-3	-7.354915E-3
7.495000E-3	-7.278144E-3
7.500000E-3	-7.468700E-3
7.505000E-3	-7.757962E-3
7.510000E-3	-7.635951E-3
7.515000E-3	-7.444024E-3
7.520000E-3	-7.231534E-3
7.525000E-3	-7.160246E-3
7.530000E-3	-7.079363E-3
7.535000E-3	-6.824374E-3
7.540000E-3	-6.524146E-3
7.545000E-3	-6.154001E-3
7.550000E-3	-5.642653E-3
7.555000E-3	-5.641282E-3
7.560000E-3	-5.513787E-3
7.565000E-3	-5.763292E-3
7.570000E-3	-6.107390E-3
7.575000E-3	-6.742120E-3
7.580000E-3	-7.423460E-3
7.585000E-3	-8.056819E-3
7.590000E-3	-8.839607E-3
7.595000E-3	-9.401679E-3
7.600000E-3	-9.699166E-3
7.605000E-3	-9.782791E-3
7.610000E-3	-9.826660E-3
7.615000E-3	-9.689569E-3
7.620000E-3	-9.504497E-3
7.625000E-3	-9.175479E-3
7.630000E-3	-8.991778E-3
7.635000E-3	-8.588731E-3
7.640000E-3	-8.337855E-3
7.645000E-3	-8.011580E-3
7.650000E-3	-7.701755E-3
7.655000E-3	-7.472813E-3
7.660000E-3	-7.149279E-3
7.665000E-3	-6.818891E-3
7.670000E-3	-6.533742E-3
7.675000E-3	-6.282866E-3
7.680000E-3	-5.956590E-3
7.685000E-3	-5.879819E-3
7.690000E-3	-5.977154E-3
7.695000E-3	-6.144404E-3
7.700000E-3	-6.591320E-3
7.705000E-3	-7.065654E-3
7.710000E-3	-7.727802E-3
7.715000E-3	-8.208990E-3
7.720000E-3	-8.335114E-3
7.725000E-3	-8.458495E-3
7.730000E-3	-8.325517E-3
7.735000E-3	-8.211732E-3
7.740000E-3	-7.760704E-3
7.745000E-3	-7.195890E-3
7.750000E-3	-6.700993E-3
7.755000E-3	-6.058037E-3
7.760000E-3	-5.517900E-3
7.765000E-3	-5.439758E-3
7.770000E-3	-5.686522E-3
7.775000E-3	-6.207466E-3
7.780000E-3	-6.683171E-3
7.785000E-3	-7.073879E-3
7.790000E-3	-7.394671E-3
7.795000E-3	-7.958114E-3
7.800000E-3	-8.304954E-3
7.805000E-3	-8.676469E-3
7.810000E-3	-9.054840E-3
7.815000E-3	-9.405792E-3
7.820000E-3	-9.608686E-3
7.825000E-3	-9.708762E-3
7.830000E-3	-9.542882E-3
7.835000E-3	-9.335876E-3
7.840000E-3	-8.753240E-3
7.845000E-3	-8.117139E-3
7.850000E-3	-7.752478E-3
7.855000E-3	-7.142425E-3
7.860000E-3	-6.448746E-3
7.865000E-3	-5.938768E-3
7.870000E-3	-5.681038E-3
7.875000E-3	-5.768776E-3
7.880000E-3	-5.818129E-3
7.885000E-3	-6.126583E-3
7.890000E-3	-6.657124E-3
7.895000E-3	-7.247984E-3
7.900000E-3	-7.815540E-3
7.905000E-3	-8.346081E-3
7.910000E-3	-8.662760E-3
7.915000E-3	-8.649051E-3
7.920000E-3	-8.633971E-3
7.925000E-3	-8.484542E-3
7.930000E-3	-8.250117E-3
7.935000E-3	-7.856667E-3
7.940000E-3	-7.637322E-3
7.945000E-3	-7.775784E-3
7.950000E-3	-7.744253E-3
7.955000E-3	-7.644176E-3
7.960000E-3	-7.608533E-3
7.965000E-3	-7.712722E-3
7.970000E-3	-7.852554E-3
7.975000E-3	-7.812798E-3
7.980000E-3	-7.733285E-3
7.985000E-3	-7.487893E-3
7.990000E-3	-7.176697E-3
7.995000E-3	-6.888807E-3
8.000000E-3	-6.204724E-3
8.005000E-3	-5.787969E-3
8.010000E-3	-5.290329E-3
8.015000E-3	-4.969537E-3
8.020000E-3	-4.936635E-3
8.025000E-3	-4.955828E-3
8.030000E-3	-5.070984E-3
8.035000E-3	-5.460322E-3
8.040000E-3	-5.845547E-3
8.045000E-3	-6.528258E-3
8.050000E-3	-7.167101E-3
8.055000E-3	-7.601678E-3
8.060000E-3	-8.099318E-3
8.065000E-3	-8.542120E-3
8.070000E-3	-8.810818E-3
8.075000E-3	-8.823156E-3
8.080000E-3	-8.942425E-3
8.085000E-3	-9.046614E-3
8.090000E-3	-8.976698E-3
8.095000E-3	-8.558571E-3
8.100000E-3	-8.118510E-3
8.105000E-3	-7.833362E-3
8.110000E-3	-7.524908E-3
8.115000E-3	-7.378221E-3
8.120000E-3	-7.269919E-3
8.125000E-3	-7.312417E-3
8.130000E-3	-7.459104E-3
8.135000E-3	-7.305562E-3
8.140000E-3	-7.420719E-3
8.145000E-3	-7.620871E-3
8.150000E-3	-7.941663E-3
8.155000E-3	-8.038998E-3
8.160000E-3	-8.144557E-3
8.165000E-3	-8.237779E-3
8.170000E-3	-8.104801E-3
8.175000E-3	-7.852554E-3
8.180000E-3	-7.788122E-3
8.185000E-3	-7.544100E-3
8.190000E-3	-7.475555E-3
8.195000E-3	-7.512569E-3
8.200000E-3	-7.589340E-3
8.205000E-3	-7.641435E-3
8.210000E-3	-7.770300E-3
8.215000E-3	-7.862151E-3
8.220000E-3	-8.137703E-3
8.225000E-3	-8.413255E-3
8.230000E-3	-8.721709E-3
8.235000E-3	-8.566797E-3
8.240000E-3	-8.834124E-3
8.245000E-3	-9.030163E-3
8.250000E-3	-8.995891E-3
8.255000E-3	-8.994520E-3
8.260000E-3	-8.947909E-3
8.265000E-3	-8.930087E-3
8.270000E-3	-8.893073E-3
8.275000E-3	-9.026051E-3
8.280000E-3	-9.015083E-3
8.285000E-3	-9.074032E-3
8.290000E-3	-9.057581E-3
8.295000E-3	-8.915007E-3
8.300000E-3	-8.834124E-3
8.305000E-3	-8.617520E-3
8.310000E-3	-8.182943E-3
8.315000E-3	-7.626355E-3
8.320000E-3	-7.058799E-3
8.325000E-3	-7.058799E-3
8.330000E-3	-6.862760E-3
8.335000E-3	-6.596804E-3
8.340000E-3	-6.314397E-3
8.345000E-3	-6.221175E-3
8.350000E-3	-6.196499E-3
8.355000E-3	-6.398022E-3
8.360000E-3	-6.688654E-3
8.365000E-3	-6.975174E-3
8.370000E-3	-7.104039E-3
8.375000E-3	-7.494748E-3
8.380000E-3	-7.863522E-3
8.385000E-3	-7.974565E-3
8.390000E-3	-8.250117E-3
8.395000E-3	-8.605182E-3
8.400000E-3	-8.850574E-3
8.405000E-3	-9.085000E-3
8.410000E-3	-9.385228E-3
8.415000E-3	-9.529173E-3
8.420000E-3	-9.732068E-3
8.425000E-3	-9.743035E-3
8.430000E-3	-9.778678E-3
8.435000E-3	-9.711504E-3
8.440000E-3	-9.361923E-3
8.445000E-3	-8.924603E-3
8.450000E-3	-8.491397E-3
8.455000E-3	-8.033514E-3
8.460000E-3	-7.437170E-3
8.465000E-3	-7.142425E-3
8.470000E-3	-7.179439E-3
8.475000E-3	-7.002592E-3
8.480000E-3	-7.098556E-3
8.485000E-3	-7.359028E-3
8.490000E-3	-7.341206E-3
8.495000E-3	-7.492006E-3
8.500000E-3	-8.014321E-3
8.505000E-3	-8.040369E-3
8.510000E-3	-7.866263E-3
8.515000E-3	-7.618129E-3
8.520000E-3	-7.545471E-3
8.525000E-3	-7.190406E-3
8.530000E-3	-6.958723E-3
8.535000E-3	-6.762683E-3
8.540000E-3	-6.466568E-3
8.545000E-3	-6.617367E-3
8.550000E-3	-6.869614E-3
8.555000E-3	-6.994367E-3
8.560000E-3	-7.279515E-3
8.565000E-3	-7.601678E-3
8.570000E-3	-7.804573E-3
8.575000E-3	-8.236408E-3
8.580000E-3	-8.481801E-3
8.585000E-3	-8.797109E-3
8.590000E-3	-8.854687E-3
8.595000E-3	-8.871138E-3
8.600000E-3	-8.755982E-3
8.605000E-3	-8.598328E-3
8.610000E-3	-8.130848E-3
8.615000E-3	-7.818282E-3
8.620000E-3	-7.393301E-3
8.625000E-3	-6.994367E-3
8.630000E-3	-6.605029E-3
8.635000E-3	-6.303430E-3
8.640000E-3	-6.284237E-3
8.645000E-3	-6.114244E-3
8.650000E-3	-6.329477E-3
8.655000E-3	-6.569386E-3
8.660000E-3	-6.738007E-3
8.665000E-3	-6.949127E-3
8.670000E-3	-7.257581E-3
8.675000E-3	-7.537246E-3
8.680000E-3	-7.910132E-3
8.685000E-3	-8.250117E-3
8.690000E-3	-8.635342E-3
8.695000E-3	-8.857429E-3
8.700000E-3	-8.862913E-3
8.705000E-3	-8.577764E-3
8.710000E-3	-8.436561E-3
8.715000E-3	-8.247375E-3
8.720000E-3	-8.129478E-3
8.725000E-3	-7.605791E-3
8.730000E-3	-7.424831E-3
8.735000E-3	-7.298708E-3
8.740000E-3	-7.252097E-3
8.745000E-3	-7.437170E-3
8.750000E-3	-7.572889E-3
8.755000E-3	-7.814169E-3
8.760000E-3	-8.001983E-3
8.765000E-3	-8.174717E-3
8.770000E-3	-8.162379E-3
8.775000E-3	-8.266568E-3
8.780000E-3	-8.627117E-3
8.785000E-3	-8.594215E-3
8.790000E-3	-8.239150E-3
8.795000E-3	-8.006096E-3
8.800000E-3	-7.694900E-3
8.805000E-3	-7.156134E-3
8.810000E-3	-6.707847E-3
8.815000E-3	-6.210208E-3
8.820000E-3	-6.019652E-3
8.825000E-3	-5.930543E-3
8.830000E-3	-5.598783E-3
8.835000E-3	-5.648136E-3
8.840000E-3	-5.785227E-3
8.845000E-3	-5.801678E-3
8.850000E-3	-5.848289E-3
8.855000E-3	-6.158113E-3
8.860000E-3	-6.535113E-3
8.865000E-3	-6.905258E-3
8.870000E-3	-7.330239E-3
8.875000E-3	-7.984161E-3
8.880000E-3	-8.709371E-3
8.885000E-3	-9.223461E-3
8.890000E-3	-9.507239E-3
8.895000E-3	-9.785533E-3
8.900000E-3	-9.806097E-3
8.905000E-3	-9.536028E-3
8.910000E-3	-9.271443E-3
8.915000E-3	-8.942425E-3
8.920000E-3	-8.277535E-3
8.925000E-3	-7.822394E-3
8.930000E-3	-7.290483E-3
8.935000E-3	-6.754458E-3
8.940000E-3	-6.288350E-3
8.945000E-3	-6.174564E-3
8.950000E-3	-6.138921E-3
8.955000E-3	-6.103277E-3
8.960000E-3	-6.326735E-3
8.965000E-3	-6.724298E-3
8.970000E-3	-7.193148E-3
8.975000E-3	-7.683933E-3
8.980000E-3	-8.269310E-3
8.985000E-3	-8.792996E-3
8.990000E-3	-9.216607E-3
8.995000E-3	-9.348214E-3
9.000000E-3	-9.616911E-3
9.005000E-3	-9.422243E-3
9.010000E-3	-9.364665E-3
9.015000E-3	-8.931458E-3
9.020000E-3	-8.613408E-3
9.025000E-3	-8.341968E-3
9.030000E-3	-8.015692E-3
9.035000E-3	-7.498860E-3
9.040000E-3	-7.260323E-3
9.045000E-3	-7.341206E-3
9.050000E-3	-7.334352E-3
9.055000E-3	-7.457733E-3
9.060000E-3	-7.799089E-3
9.065000E-3	-8.315921E-3
9.070000E-3	-8.705258E-3
9.075000E-3	-9.017825E-3
9.080000E-3	-9.060323E-3
9.085000E-3	-9.139836E-3
9.090000E-3	-9.245396E-3
9.095000E-3	-9.145319E-3
9.100000E-3	-9.026051E-3
9.105000E-3	-8.743644E-3
9.110000E-3	-8.192539E-3
9.115000E-3	-7.752478E-3
9.120000E-3	-7.293224E-3
9.125000E-3	-6.602287E-3
9.130000E-3	-6.093681E-3
9.135000E-3	-5.803049E-3
9.140000E-3	-5.208075E-3
9.145000E-3	-4.970908E-3
9.150000E-3	-4.921556E-3
9.155000E-3	-5.234122E-3
9.160000E-3	-5.454838E-3
9.165000E-3	-5.789340E-3
9.170000E-3	-6.277382E-3
9.175000E-3	-6.585836E-3
9.180000E-3	-6.688654E-3
9.185000E-3	-7.105410E-3
9.190000E-3	-7.524908E-3
9.195000E-3	-7.785380E-3
9.200000E-3	-8.063674E-3
9.205000E-3	-8.255601E-3
9.210000E-3	-8.605182E-3
9.215000E-3	-8.971214E-3
9.220000E-3	-9.139836E-3
9.225000E-3	-9.445548E-3
9.230000E-3	-9.612799E-3
9.235000E-3	-9.769082E-3
9.240000E-3	-1.008439E-2
9.245000E-3	-1.002407E-2
9.250000E-3	-9.971976E-3
9.255000E-3	-9.767711E-3
9.260000E-3	-9.449661E-3
9.265000E-3	-8.968472E-3
9.270000E-3	-8.273423E-3
9.275000E-3	-7.727802E-3
9.280000E-3	-7.274032E-3
9.285000E-3	-6.824374E-3
9.290000E-3	-6.572127E-3
9.295000E-3	-6.130695E-3
9.300000E-3	-5.975783E-3
9.305000E-3	-5.907238E-3
9.310000E-3	-5.805790E-3
9.315000E-3	-5.789340E-3
9.320000E-3	-5.840063E-3
9.325000E-3	-6.018281E-3
9.330000E-3	-6.160855E-3
9.335000E-3	-6.328106E-3
9.340000E-3	-6.783247E-3
9.345000E-3	-7.125974E-3
9.350000E-3	-7.714093E-3
9.355000E-3	-8.402288E-3
9.360000E-3	-8.895814E-3
9.365000E-3	-9.359181E-3
9.370000E-3	-9.958267E-3
9.375000E-3	-1.052719E-2
9.380000E-3	-1.046824E-2
9.385000E-3	-1.029962E-2
9.390000E-3	-1.014608E-2
9.395000E-3	-9.586751E-3
9.400000E-3	-9.026051E-3
9.405000E-3	-8.684695E-3
9.410000E-3	-8.381724E-3
9.415000E-3	-7.981420E-3
9.420000E-3	-7.489264E-3
9.425000E-3	-7.320642E-3
9.430000E-3	-6.950498E-3
9.435000E-3	-6.768167E-3
9.440000E-3	-6.470680E-3
9.445000E-3	-6.255448E-3
9.450000E-3	-6.079972E-3
9.455000E-3	-6.062150E-3
9.460000E-3	-5.818129E-3
9.465000E-3	-5.904496E-3
9.470000E-3	-6.207466E-3
9.475000E-3	-6.574869E-3
9.480000E-3	-6.832600E-3
9.485000E-3	-6.916225E-3
9.490000E-3	-7.086217E-3
9.495000E-3	-7.228792E-3
9.500000E-3	-7.330239E-3
9.505000E-3	-7.417977E-3
9.510000E-3	-7.357657E-3
9.515000E-3	-7.409751E-3
9.520000E-3	-7.312417E-3
9.525000E-3	-6.938159E-3
9.530000E-3	-6.659865E-3
9.535000E-3	-6.211579E-3
9.540000E-3	-6.034732E-3
9.545000E-3	-6.022394E-3
9.550000E-3	-5.966187E-3
9.555000E-3	-6.101906E-3
9.560000E-3	-6.160855E-3
9.565000E-3	-6.588578E-3
9.570000E-3	-7.068396E-3
9.575000E-3	-7.448137E-3
9.580000E-3	-7.992387E-3
9.585000E-3	-8.195281E-3
9.590000E-3	-8.581877E-3
9.595000E-3	-9.028792E-3
9.600000E-3	-9.396195E-3
9.605000E-3	-9.534657E-3
9.610000E-3	-9.444177E-3
9.615000E-3	-9.168625E-3
9.620000E-3	-8.813560E-3
9.625000E-3	-8.570910E-3
9.630000E-3	-8.077383E-3
9.635000E-3	-7.391930E-3
9.640000E-3	-6.820261E-3
9.645000E-3	-6.444633E-3
9.650000E-3	-5.934656E-3
9.655000E-3	-5.687892E-3
9.660000E-3	-5.393147E-3
9.665000E-3	-5.208075E-3
9.670000E-3	-5.209446E-3
9.675000E-3	-5.383551E-3
9.680000E-3	-5.659103E-3
9.685000E-3	-5.708456E-3
9.690000E-3	-6.155372E-3
9.695000E-3	-6.461084E-3
9.700000E-3	-6.489873E-3
9.705000E-3	-6.610513E-3
9.710000E-3	-6.415844E-3
9.715000E-3	-6.488502E-3
9.720000E-3	-6.199241E-3
9.725000E-3	-6.078601E-3
9.730000E-3	-5.793452E-3
9.735000E-3	-5.682409E-3
9.740000E-3	-5.723536E-3
9.745000E-3	-5.942881E-3
9.750000E-3	-6.299317E-3
9.755000E-3	-6.897032E-3
9.760000E-3	-7.417977E-3
9.765000E-3	-7.941663E-3
9.770000E-3	-8.343339E-3
9.775000E-3	-8.830011E-3
9.780000E-3	-9.367406E-3
9.785000E-3	-9.915769E-3
9.790000E-3	-1.024616E-2
9.795000E-3	-1.029414E-2
9.800000E-3	-1.022971E-2
9.805000E-3	-1.042986E-2
9.810000E-3	-1.024616E-2
9.815000E-3	-9.732068E-3
9.820000E-3	-9.414017E-3
9.825000E-3	-8.891702E-3
9.830000E-3	-8.351564E-3
9.835000E-3	-8.093834E-3
9.840000E-3	-7.845700E-3
9.845000E-3	-7.821023E-3
9.850000E-3	-7.708609E-3
9.855000E-3	-7.594824E-3
9.860000E-3	-7.550955E-3
9.865000E-3	-7.376850E-3
9.870000E-3	-7.097185E-3
9.875000E-3	-7.050574E-3
9.880000E-3	-7.030010E-3
9.885000E-3	-6.945014E-3
9.890000E-3	-6.945014E-3
9.895000E-3	-6.718814E-3
9.900000E-3	-6.897032E-3
9.905000E-3	-6.932676E-3
9.910000E-3	-6.983399E-3
9.915000E-3	-7.098556E-3
9.920000E-3	-7.300079E-3
9.925000E-3	-7.511199E-3
9.930000E-3	-7.818282E-3
9.935000E-3	-7.969081E-3
9.940000E-3	-8.040369E-3
9.945000E-3	-7.960856E-3
9.950000E-3	-8.145928E-3
9.955000E-3	-8.273423E-3
9.960000E-3	-8.469462E-3
9.965000E-3	-8.539379E-3
9.970000E-3	-8.612037E-3
9.975000E-3	-8.964360E-3
9.980000E-3	-9.141207E-3
9.985000E-3	-9.312570E-3
9.990000E-3	-9.530544E-3
9.995000E-3	-9.612799E-3
