0.000000E+0	2.634883E-3
5.000000E-6	2.677381E-3
1.000000E-5	2.725363E-3
1.500000E-5	2.788424E-3
2.000000E-5	2.774715E-3
2.500000E-5	2.686977E-3
3.000000E-5	2.755523E-3
3.500000E-5	2.714396E-3
4.000000E-5	2.501905E-3
4.500000E-5	2.442956E-3
5.000000E-5	2.586901E-3
5.500000E-5	2.647221E-3
6.000000E-5	2.781570E-3
6.500000E-5	2.765119E-3
7.000000E-5	2.741814E-3
7.500000E-5	2.734959E-3
8.000000E-5	2.585530E-3
8.500000E-5	2.495050E-3
9.000000E-5	2.678752E-3
9.500000E-5	2.711654E-3
1.000000E-4	2.825439E-3
1.050000E-4	2.846003E-3
1.100000E-4	2.773345E-3
1.150000E-4	2.681494E-3
1.200000E-4	2.722621E-3
1.250000E-4	2.689719E-3
1.300000E-4	2.562225E-3
1.350000E-4	2.508759E-3
1.400000E-4	2.473116E-3
1.450000E-4	2.663672E-3
1.500000E-4	2.634883E-3
1.550000E-4	2.748668E-3
1.600000E-4	2.865195E-3
1.650000E-4	2.743185E-3
1.700000E-4	2.811730E-3
1.750000E-4	2.717137E-3
1.800000E-4	2.559483E-3
1.850000E-4	2.592385E-3
1.900000E-4	2.747297E-3
1.950000E-4	2.958417E-3
2.000000E-4	2.844632E-3
2.050000E-4	2.808988E-3
2.100000E-4	2.862453E-3
2.150000E-4	2.810359E-3
2.200000E-4	2.818584E-3
2.250000E-4	2.900839E-3
2.300000E-4	2.758265E-3
2.350000E-4	2.681494E-3
2.400000E-4	2.686977E-3
2.450000E-4	2.762377E-3
2.500000E-4	2.714396E-3
2.550000E-4	2.636254E-3
2.600000E-4	2.549887E-3
2.650000E-4	2.643108E-3
2.700000E-4	2.848744E-3
2.750000E-4	2.798021E-3
2.800000E-4	2.647221E-3
2.850000E-4	2.541661E-3
2.900000E-4	2.556741E-3
2.950000E-4	2.647221E-3
3.000000E-4	2.766490E-3
3.050000E-4	2.818584E-3
3.100000E-4	2.785683E-3
3.150000E-4	2.852857E-3
3.200000E-4	2.674639E-3
3.250000E-4	2.717137E-3
3.300000E-4	2.662301E-3
3.350000E-4	2.700686E-3
3.400000E-4	2.686977E-3
3.450000E-4	2.577305E-3
3.500000E-4	2.697945E-3
3.550000E-4	2.673268E-3
3.600000E-4	2.591014E-3
3.650000E-4	2.641737E-3
3.700000E-4	2.714396E-3
3.750000E-4	2.740443E-3
3.800000E-4	2.788424E-3
3.850000E-4	2.755523E-3
3.900000E-4	2.719879E-3
3.950000E-4	2.751410E-3
4.000000E-4	2.839148E-3
4.050000E-4	2.878904E-3
4.100000E-4	2.865195E-3
4.150000E-4	2.776086E-3
4.200000E-4	2.717137E-3
4.250000E-4	2.839148E-3
4.300000E-4	2.804875E-3
4.350000E-4	2.644479E-3
4.400000E-4	2.638996E-3
4.450000E-4	2.684236E-3
4.500000E-4	2.592385E-3
4.550000E-4	2.538919E-3
4.600000E-4	2.665043E-3
4.650000E-4	2.501905E-3
4.700000E-4	2.530694E-3
4.750000E-4	2.610207E-3
4.800000E-4	2.818584E-3
4.850000E-4	2.617061E-3
4.900000E-4	2.904952E-3
4.950000E-4	2.826810E-3
5.000000E-4	2.699316E-3
5.050000E-4	2.614319E-3
5.100000E-4	2.737701E-3
5.150000E-4	2.789795E-3
5.200000E-4	2.784312E-3
5.250000E-4	2.804875E-3
5.300000E-4	2.617061E-3
5.350000E-4	2.512872E-3
5.400000E-4	2.537549E-3
5.450000E-4	2.699316E-3
5.500000E-4	2.667785E-3
5.550000E-4	2.778828E-3
5.600000E-4	2.676010E-3
5.650000E-4	2.534807E-3
5.700000E-4	2.519727E-3
5.750000E-4	2.721250E-3
5.800000E-4	2.570450E-3
5.850000E-4	2.670527E-3
5.900000E-4	2.629399E-3
5.950000E-4	2.607465E-3
6.000000E-4	2.758265E-3
6.050000E-4	2.836406E-3
6.100000E-4	2.685606E-3
6.150000E-4	2.748668E-3
6.200000E-4	2.754152E-3
6.250000E-4	2.754152E-3
6.300000E-4	2.667785E-3
6.350000E-4	2.807617E-3
6.400000E-4	2.693832E-3
6.450000E-4	2.596498E-3
6.500000E-4	2.833664E-3
6.550000E-4	2.861083E-3
6.600000E-4	2.722621E-3
6.650000E-4	2.596498E-3
6.700000E-4	2.707541E-3
6.750000E-4	2.638996E-3
6.800000E-4	2.589643E-3
6.850000E-4	2.527952E-3
6.900000E-4	2.723992E-3
6.950000E-4	2.507389E-3
7.000000E-4	2.659559E-3
7.050000E-4	2.877533E-3
7.100000E-4	2.733588E-3
7.150000E-4	2.726734E-3
7.200000E-4	2.874792E-3
7.250000E-4	2.606094E-3
7.300000E-4	2.651334E-3
7.350000E-4	2.553999E-3
7.400000E-4	2.798021E-3
7.450000E-4	2.821326E-3
7.500000E-4	2.771974E-3
7.550000E-4	2.755523E-3
7.600000E-4	2.654076E-3
7.650000E-4	2.825439E-3
7.700000E-4	2.818584E-3
7.750000E-4	2.734959E-3
7.800000E-4	2.793908E-3
7.850000E-4	2.737701E-3
7.900000E-4	2.802134E-3
7.950000E-4	2.778828E-3
8.000000E-4	2.708912E-3
8.050000E-4	2.802134E-3
8.100000E-4	2.777457E-3
8.150000E-4	2.833664E-3
8.200000E-4	2.846003E-3
8.250000E-4	2.737701E-3
8.300000E-4	2.549887E-3
8.350000E-4	2.707541E-3
8.400000E-4	2.684236E-3
8.450000E-4	2.707541E-3
8.500000E-4	2.800763E-3
8.550000E-4	2.717137E-3
8.600000E-4	2.580047E-3
8.650000E-4	2.667785E-3
8.700000E-4	2.622545E-3
8.750000E-4	2.623916E-3
8.800000E-4	2.862453E-3
8.850000E-4	2.877533E-3
8.900000E-4	2.682865E-3
8.950000E-4	2.665043E-3
9.000000E-4	2.761006E-3
9.050000E-4	2.858341E-3
9.100000E-4	2.771974E-3
9.150000E-4	2.728105E-3
9.200000E-4	2.769232E-3
9.250000E-4	2.566338E-3
9.300000E-4	2.467632E-3
9.350000E-4	2.558112E-3
9.400000E-4	2.759635E-3
9.450000E-4	2.767861E-3
9.500000E-4	2.673268E-3
9.550000E-4	2.637625E-3
9.600000E-4	2.754152E-3
9.650000E-4	2.655447E-3
9.700000E-4	2.655447E-3
9.750000E-4	2.743185E-3
9.800000E-4	2.663672E-3
9.850000E-4	2.697945E-3
9.900000E-4	2.799392E-3
9.950000E-4	2.892613E-3
1.000000E-3	2.965271E-3
1.005000E-3	2.699316E-3
1.010000E-3	2.840519E-3
1.015000E-3	2.866566E-3
1.020000E-3	2.804875E-3
1.025000E-3	2.612948E-3
1.030000E-3	2.516985E-3
1.035000E-3	2.558112E-3
1.040000E-3	2.640367E-3
1.045000E-3	2.739072E-3
1.050000E-3	2.725363E-3
1.055000E-3	2.608836E-3
1.060000E-3	2.614319E-3
1.065000E-3	2.833664E-3
1.070000E-3	2.767861E-3
1.075000E-3	2.665043E-3
1.080000E-3	2.527952E-3
1.085000E-3	2.578676E-3
1.090000E-3	2.686977E-3
1.095000E-3	2.591014E-3
1.100000E-3	2.763748E-3
1.105000E-3	2.837777E-3
1.110000E-3	2.603352E-3
1.115000E-3	2.573192E-3
1.120000E-3	2.774715E-3
1.125000E-3	2.707541E-3
1.130000E-3	2.667785E-3
1.135000E-3	2.637625E-3
1.140000E-3	2.638996E-3
1.145000E-3	2.878904E-3
1.150000E-3	2.663672E-3
1.155000E-3	2.734959E-3
1.160000E-3	2.608836E-3
1.165000E-3	2.652705E-3
1.170000E-3	2.835035E-3
1.175000E-3	2.804875E-3
1.180000E-3	2.828181E-3
1.185000E-3	2.866566E-3
1.190000E-3	2.792537E-3
1.195000E-3	2.717137E-3
1.200000E-3	2.533436E-3
1.205000E-3	2.660930E-3
1.210000E-3	2.737701E-3
1.215000E-3	2.496421E-3
1.220000E-3	2.673268E-3
1.225000E-3	2.824068E-3
1.230000E-3	2.708912E-3
1.235000E-3	2.645850E-3
1.240000E-3	2.766490E-3
1.245000E-3	2.767861E-3
1.250000E-3	2.739072E-3
1.255000E-3	2.740443E-3
1.260000E-3	2.745926E-3
1.265000E-3	2.787054E-3
1.270000E-3	2.859712E-3
1.275000E-3	2.634883E-3
1.280000E-3	2.673268E-3
1.285000E-3	2.673268E-3
1.290000E-3	2.619803E-3
1.295000E-3	2.503276E-3
1.300000E-3	2.547145E-3
1.305000E-3	2.611578E-3
1.310000E-3	2.615690E-3
1.315000E-3	2.464890E-3
1.320000E-3	2.447069E-3
1.325000E-3	2.633512E-3
1.330000E-3	2.854228E-3
1.335000E-3	2.826810E-3
1.340000E-3	2.792537E-3
1.345000E-3	2.762377E-3
1.350000E-3	2.891243E-3
1.355000E-3	2.821326E-3
1.360000E-3	2.829552E-3
1.365000E-3	2.895355E-3
1.370000E-3	2.824068E-3
1.375000E-3	2.717137E-3
1.380000E-3	2.586901E-3
1.385000E-3	2.593756E-3
1.390000E-3	2.649963E-3
1.395000E-3	2.676010E-3
1.400000E-3	2.722621E-3
1.405000E-3	2.614319E-3
1.410000E-3	2.782941E-3
1.415000E-3	2.806246E-3
1.420000E-3	2.633512E-3
1.425000E-3	2.573192E-3
1.430000E-3	2.445698E-3
1.435000E-3	2.581418E-3
1.440000E-3	2.574563E-3
1.445000E-3	2.622545E-3
1.450000E-3	2.632141E-3
1.455000E-3	2.754152E-3
1.460000E-3	2.759635E-3
1.465000E-3	2.678752E-3
1.470000E-3	2.559483E-3
1.475000E-3	2.644479E-3
1.480000E-3	2.829552E-3
1.485000E-3	2.811730E-3
1.490000E-3	2.818584E-3
1.495000E-3	2.728105E-3
1.500000E-3	2.614319E-3
1.505000E-3	2.512872E-3
1.510000E-3	2.633512E-3
1.515000E-3	2.737701E-3
1.520000E-3	2.780199E-3
1.525000E-3	2.578676E-3
1.530000E-3	2.717137E-3
1.535000E-3	2.607465E-3
1.540000E-3	2.666414E-3
1.545000E-3	2.614319E-3
1.550000E-3	2.660930E-3
1.555000E-3	2.789795E-3
1.560000E-3	2.808988E-3
1.565000E-3	2.802134E-3
1.570000E-3	2.811730E-3
1.575000E-3	2.570450E-3
1.580000E-3	2.626657E-3
1.585000E-3	2.717137E-3
1.590000E-3	2.839148E-3
1.595000E-3	2.691090E-3
1.600000E-3	2.682865E-3
1.605000E-3	2.793908E-3
1.610000E-3	2.844632E-3
1.615000E-3	2.678752E-3
1.620000E-3	2.523839E-3
1.625000E-3	2.592385E-3
1.630000E-3	2.523839E-3
1.635000E-3	2.541661E-3
1.640000E-3	2.648592E-3
1.645000E-3	2.586901E-3
1.650000E-3	2.633512E-3
1.655000E-3	2.840519E-3
1.660000E-3	2.819955E-3
1.665000E-3	2.643108E-3
1.670000E-3	2.538919E-3
1.675000E-3	2.752781E-3
1.680000E-3	2.814472E-3
1.685000E-3	2.689719E-3
1.690000E-3	2.536178E-3
1.695000E-3	2.678752E-3
1.700000E-3	2.781570E-3
1.705000E-3	2.697945E-3
1.710000E-3	2.713025E-3
1.715000E-3	2.751410E-3
1.720000E-3	2.767861E-3
1.725000E-3	2.651334E-3
1.730000E-3	2.713025E-3
1.735000E-3	2.836406E-3
1.740000E-3	2.833664E-3
1.745000E-3	2.610207E-3
1.750000E-3	2.785683E-3
1.755000E-3	2.492309E-3
1.760000E-3	2.649963E-3
1.765000E-3	2.744555E-3
1.770000E-3	2.893984E-3
1.775000E-3	2.837777E-3
1.780000E-3	2.763748E-3
1.785000E-3	2.681494E-3
1.790000E-3	2.684236E-3
1.795000E-3	2.560854E-3
1.800000E-3	2.482712E-3
1.805000E-3	2.444327E-3
1.810000E-3	2.532065E-3
1.815000E-3	2.608836E-3
1.820000E-3	2.614319E-3
1.825000E-3	2.667785E-3
1.830000E-3	2.638996E-3
1.835000E-3	2.584159E-3
1.840000E-3	2.737701E-3
1.845000E-3	2.795279E-3
1.850000E-3	2.811730E-3
1.855000E-3	2.700686E-3
1.860000E-3	2.688348E-3
1.865000E-3	2.660930E-3
1.870000E-3	2.643108E-3
1.875000E-3	2.769232E-3
1.880000E-3	2.713025E-3
1.885000E-3	2.708912E-3
1.890000E-3	2.493680E-3
1.895000E-3	2.771974E-3
1.900000E-3	2.771974E-3
1.905000E-3	2.799392E-3
1.910000E-3	2.740443E-3
1.915000E-3	2.669156E-3
1.920000E-3	2.670527E-3
1.925000E-3	2.721250E-3
1.930000E-3	2.603352E-3
1.935000E-3	2.614319E-3
1.940000E-3	2.734959E-3
1.945000E-3	2.745926E-3
1.950000E-3	2.885759E-3
1.955000E-3	2.734959E-3
1.960000E-3	2.608836E-3
1.965000E-3	2.541661E-3
1.970000E-3	2.581418E-3
1.975000E-3	2.586901E-3
1.980000E-3	2.629399E-3
1.985000E-3	2.777457E-3
1.990000E-3	2.781570E-3
1.995000E-3	2.566338E-3
2.000000E-3	2.367556E-3
2.005000E-3	2.388120E-3
2.010000E-3	2.478600E-3
2.015000E-3	2.515614E-3
2.020000E-3	2.680123E-3
2.025000E-3	2.618432E-3
2.030000E-3	2.585530E-3
2.035000E-3	2.632141E-3
2.040000E-3	2.623916E-3
2.045000E-3	2.543032E-3
2.050000E-3	2.695203E-3
2.055000E-3	2.684236E-3
2.060000E-3	2.607465E-3
2.065000E-3	2.503276E-3
2.070000E-3	2.696574E-3
2.075000E-3	2.655447E-3
2.080000E-3	2.560854E-3
2.085000E-3	2.558112E-3
2.090000E-3	2.774715E-3
2.095000E-3	2.802134E-3
2.100000E-3	2.721250E-3
2.105000E-3	2.734959E-3
2.110000E-3	2.644479E-3
2.115000E-3	2.643108E-3
2.120000E-3	2.693832E-3
2.125000E-3	2.674639E-3
2.130000E-3	2.621174E-3
2.135000E-3	2.444327E-3
2.140000E-3	2.610207E-3
2.145000E-3	2.748668E-3
2.150000E-3	2.715766E-3
2.155000E-3	2.782941E-3
2.160000E-3	2.872050E-3
2.165000E-3	2.750039E-3
2.170000E-3	2.676010E-3
2.175000E-3	2.726734E-3
2.180000E-3	2.670527E-3
2.185000E-3	2.567708E-3
2.190000E-3	2.507389E-3
2.195000E-3	2.421021E-3
2.200000E-3	2.575934E-3
2.205000E-3	2.737701E-3
2.210000E-3	2.641737E-3
2.215000E-3	2.606094E-3
2.220000E-3	2.718508E-3
2.225000E-3	2.582788E-3
2.230000E-3	2.693832E-3
2.235000E-3	2.710283E-3
2.240000E-3	2.878904E-3
2.245000E-3	2.610207E-3
2.250000E-3	2.416909E-3
2.255000E-3	2.473116E-3
2.260000E-3	2.515614E-3
2.265000E-3	2.564967E-3
2.270000E-3	2.741814E-3
2.275000E-3	2.547145E-3
2.280000E-3	2.638996E-3
2.285000E-3	2.656817E-3
2.290000E-3	2.588272E-3
2.295000E-3	2.612948E-3
2.300000E-3	2.798021E-3
2.305000E-3	2.785683E-3
2.310000E-3	2.725363E-3
2.315000E-3	2.556741E-3
2.320000E-3	2.682865E-3
2.325000E-3	2.719879E-3
2.330000E-3	2.585530E-3
2.335000E-3	2.810359E-3
2.340000E-3	2.658188E-3
2.345000E-3	2.625287E-3
2.350000E-3	2.382636E-3
2.355000E-3	2.670527E-3
2.360000E-3	2.647221E-3
2.365000E-3	3.036559E-3
2.370000E-3	2.622545E-3
2.375000E-3	3.062606E-3
2.380000E-3	2.150953E-3
2.385000E-3	2.957046E-3
2.390000E-3	2.359331E-3
2.395000E-3	3.468394E-3
2.400000E-3	2.171516E-3
2.405000E-3	3.669918E-3
2.410000E-3	1.895964E-3
2.415000E-3	3.863215E-3
2.420000E-3	1.274943E-3
2.425000E-3	4.337549E-3
2.430000E-3	7.005334E-4
2.435000E-3	5.076468E-3
2.440000E-3	-3.482103E-4
2.445000E-3	7.257581E-3
2.450000E-3	2.059102E-3
2.455000E-3	1.470160E-2
2.460000E-3	-1.032238E-1
2.465000E-3	-2.564830E-1
2.470000E-3	-2.509815E-1
2.475000E-3	8.708000E-3
2.480000E-3	-5.055219E-2
2.485000E-3	-1.926453E-1
2.490000E-3	2.667785E-2
2.495000E-3	7.882714E-2
2.500000E-3	3.885219E-1
2.505000E-3	7.909269E-1
2.510000E-3	8.548427E-2
2.515000E-3	-3.213310E-1
2.520000E-3	2.231014E-1
2.525000E-3	2.155888E-2
2.530000E-3	-2.189009E-1
2.535000E-3	3.857567E-1
2.540000E-3	-6.889218E-2
2.545000E-3	-3.499418E-1
2.550000E-3	3.380519E-1
2.555000E-3	-3.795081E-2
2.560000E-3	-6.865817E-1
2.565000E-3	5.523932E-2
2.570000E-3	9.533286E-3
2.575000E-3	-5.397699E-1
2.580000E-3	2.170008E-1
2.585000E-3	2.223296E-1
2.590000E-3	-4.083973E-1
2.595000E-3	1.629528E-1
2.600000E-3	4.011904E-1
2.605000E-3	-2.732025E-1
2.610000E-3	6.910878E-2
2.615000E-3	4.339537E-1
2.620000E-3	-1.395364E-1
2.625000E-3	6.354153E-3
2.630000E-3	4.371603E-1
2.635000E-3	-1.218366E-1
2.640000E-3	-1.885394E-1
2.645000E-3	3.529317E-1
2.650000E-3	-1.444387E-2
2.655000E-3	-3.853317E-1
2.660000E-3	1.351563E-1
2.665000E-3	3.934091E-2
2.670000E-3	-3.751500E-1
2.675000E-3	7.181221E-2
2.680000E-3	1.944138E-1
2.685000E-3	-2.682700E-1
2.690000E-3	-8.594215E-2
2.695000E-3	1.683117E-1
2.700000E-3	-1.399723E-1
2.705000E-3	-6.243110E-3
2.710000E-3	2.864195E-1
2.715000E-3	-1.131272E-1
2.720000E-3	-3.892690E-2
2.725000E-3	3.303159E-1
2.730000E-3	-7.550681E-2
2.735000E-3	-1.780808E-1
2.740000E-3	1.644992E-1
2.745000E-3	-7.374930E-2
2.750000E-3	-1.511507E-1
2.755000E-3	2.033315E-1
2.760000E-3	-1.878417E-2
2.765000E-3	-2.219813E-1
2.770000E-3	1.558639E-1
2.775000E-3	8.283979E-2
2.780000E-3	-1.782618E-1
2.785000E-3	9.065396E-2
2.790000E-3	5.758631E-2
2.795000E-3	-1.467857E-1
2.800000E-3	8.448350E-2
2.805000E-3	9.906721E-2
2.810000E-3	-1.317633E-1
2.815000E-3	6.593376E-2
2.820000E-3	1.348671E-1
2.825000E-3	-8.363903E-2
2.830000E-3	-2.584708E-2
2.835000E-3	7.959896E-2
2.840000E-3	-6.943369E-2
2.845000E-3	-1.483732E-2
2.850000E-3	1.060355E-1
2.855000E-3	-3.571898E-2
2.860000E-3	-7.148731E-2
2.865000E-3	-3.482103E-4
2.870000E-3	-9.992951E-2
2.875000E-3	-4.217321E-2
2.880000E-3	8.837962E-2
2.885000E-3	-4.697138E-2
2.890000E-3	-6.864679E-2
2.895000E-3	9.219486E-2
2.900000E-3	3.013802E-2
2.905000E-3	-1.690328E-3
2.910000E-3	1.298578E-1
2.915000E-3	1.749963E-2
2.920000E-3	-4.434335E-2
2.925000E-3	1.072858E-1
2.930000E-3	2.355903E-2
2.935000E-3	-8.832890E-2
2.940000E-3	3.379285E-2
2.945000E-3	8.348823E-4
2.950000E-3	-9.940583E-2
2.955000E-3	7.888198E-3
2.960000E-3	-5.517900E-3
2.965000E-3	-1.133562E-1
2.970000E-3	6.147146E-3
2.975000E-3	5.946308E-2
2.980000E-3	-4.839712E-2
2.985000E-3	3.686368E-2
2.990000E-3	8.242851E-2
2.995000E-3	-5.912721E-3
3.000000E-3	2.867663E-2
3.005000E-3	7.662958E-2
3.010000E-3	-2.987069E-2
3.015000E-3	-2.949780E-2
3.020000E-3	4.767466E-2
3.025000E-3	-1.460016E-3
3.030000E-3	-3.468668E-2
3.035000E-3	1.246428E-2
3.040000E-3	-3.216833E-2
3.045000E-3	-6.928563E-2
3.050000E-3	1.833999E-2
3.055000E-3	-2.925515E-3
3.060000E-3	-5.438387E-2
3.065000E-3	1.152110E-2
3.070000E-3	1.228058E-2
3.075000E-3	-2.581418E-2
3.080000E-3	5.130208E-2
3.085000E-3	5.840749E-2
3.090000E-3	-5.781114E-3
3.095000E-3	4.073513E-2
3.100000E-3	6.773376E-2
3.105000E-3	1.555842E-2
3.110000E-3	3.784937E-2
3.115000E-3	5.718738E-2
3.120000E-3	-2.389491E-2
3.125000E-3	-2.665454E-2
3.130000E-3	2.315050E-2
3.135000E-3	-2.104616E-2
3.140000E-3	-4.239804E-2
3.145000E-3	-1.309216E-2
3.150000E-3	-7.838982E-2
3.155000E-3	-8.042151E-2
3.160000E-3	-9.536028E-3
3.165000E-3	-4.224724E-2
3.170000E-3	-4.424191E-2
3.175000E-3	1.851684E-2
3.180000E-3	2.163565E-2
3.185000E-3	2.428836E-2
3.190000E-3	7.391244E-2
3.195000E-3	6.298494E-2
3.200000E-3	5.231106E-2
3.205000E-3	7.362592E-2
3.210000E-3	3.888166E-2
3.215000E-3	1.295370E-2
3.220000E-3	2.604723E-2
3.225000E-3	-2.459955E-2
3.230000E-3	-4.633802E-2
3.235000E-3	-3.994823E-3
3.240000E-3	-1.467830E-2
3.245000E-3	-5.583155E-2
3.250000E-3	-3.286612E-2
3.255000E-3	-2.767724E-2
3.260000E-3	-5.626339E-2
3.265000E-3	-6.258190E-3
3.270000E-3	1.751196E-2
3.275000E-3	-1.249719E-2
3.280000E-3	3.340077E-2
3.285000E-3	6.533331E-2
3.290000E-3	1.511836E-2
3.295000E-3	3.234380E-2
3.300000E-3	6.055433E-2
3.305000E-3	4.593909E-3
3.310000E-3	-5.524755E-4
3.315000E-3	2.980626E-2
3.320000E-3	-1.893908E-2
3.325000E-3	-2.462971E-2
3.330000E-3	2.558386E-2
3.335000E-3	-8.399546E-3
3.340000E-3	-2.797061E-2
3.345000E-3	1.325256E-2
3.350000E-3	-1.220107E-4
3.355000E-3	-8.957505E-3
3.360000E-3	2.280778E-2
3.365000E-3	2.943337E-3
3.370000E-3	-2.350557E-2
3.375000E-3	-6.333590E-4
3.380000E-3	1.677579E-2
3.385000E-3	5.637169E-3
3.390000E-3	1.072049E-3
3.395000E-3	-3.070831E-3
3.400000E-3	-1.062864E-2
3.405000E-3	-1.099467E-2
3.410000E-3	-5.838692E-3
3.415000E-3	-1.447403E-2
3.420000E-3	-2.055401E-2
3.425000E-3	6.182790E-4
3.430000E-3	3.598630E-3
3.435000E-3	2.719879E-3
3.440000E-3	1.803565E-2
3.445000E-3	1.894182E-2
3.450000E-3	1.460975E-2
3.455000E-3	1.713222E-2
3.460000E-3	-2.220869E-3
3.465000E-3	-6.175935E-3
3.470000E-3	4.363596E-3
3.475000E-3	3.329933E-3
3.480000E-3	1.642621E-2
3.485000E-3	2.082133E-2
3.490000E-3	-1.980960E-3
3.495000E-3	-1.713634E-4
3.500000E-3	1.725286E-2
3.505000E-3	9.655297E-3
3.510000E-3	1.073420E-3
3.515000E-3	-2.564967E-3
3.520000E-3	-1.559269E-2
3.525000E-3	-1.020640E-2
3.530000E-3	2.543032E-3
3.535000E-3	6.371975E-3
3.540000E-3	1.623565E-2
3.545000E-3	2.259254E-2
3.550000E-3	1.279879E-2
3.555000E-3	5.106628E-3
3.560000E-3	2.898097E-3
3.565000E-3	-4.665196E-3
3.570000E-3	-1.312506E-2
3.575000E-3	-7.947147E-3
3.580000E-3	-1.069582E-2
3.585000E-3	-1.372278E-2
3.590000E-3	5.497336E-3
3.595000E-3	1.403123E-2
3.600000E-3	8.189797E-3
3.605000E-3	1.218873E-2
3.610000E-3	8.901298E-3
3.615000E-3	-9.246767E-3
3.620000E-3	-1.113999E-2
3.625000E-3	-1.398325E-3
3.630000E-3	-6.733894E-3
3.635000E-3	-7.378221E-3
3.640000E-3	2.756894E-3
3.645000E-3	-8.389950E-4
3.650000E-3	-3.571212E-3
3.655000E-3	2.618432E-3
3.660000E-3	4.921556E-4
3.665000E-3	1.768470E-3
3.670000E-3	1.164037E-2
3.675000E-3	1.067936E-2
3.680000E-3	1.137167E-2
3.685000E-3	2.777731E-2
3.690000E-3	2.603078E-2
3.695000E-3	7.101297E-3
3.700000E-3	6.074488E-3
3.705000E-3	1.214623E-3
3.710000E-3	-7.232904E-3
3.715000E-3	8.664131E-4
3.720000E-3	3.339529E-3
3.725000E-3	-3.346384E-3
3.730000E-3	9.102821E-3
3.735000E-3	1.503062E-2
3.740000E-3	-1.920640E-3
3.745000E-3	-5.155981E-3
3.750000E-3	-3.306627E-3
3.755000E-3	-1.988089E-2
3.760000E-3	-1.594776E-2
3.765000E-3	1.828790E-3
3.770000E-3	-2.070069E-3
3.775000E-3	-3.715158E-4
3.780000E-3	1.124692E-2
3.785000E-3	5.176544E-3
3.790000E-3	3.488958E-3
3.795000E-3	1.073557E-2
3.800000E-3	2.883017E-3
3.805000E-3	-8.444786E-4
3.810000E-3	7.028639E-3
3.815000E-3	-1.274943E-3
3.820000E-3	-4.783094E-3
3.825000E-3	8.518815E-3
3.830000E-3	7.910132E-3
3.835000E-3	9.699166E-3
3.840000E-3	2.129978E-2
3.845000E-3	1.313877E-2
3.850000E-3	3.808379E-3
3.855000E-3	1.186794E-2
3.860000E-3	1.813710E-3
3.865000E-3	-9.914398E-3
3.870000E-3	2.651334E-3
3.875000E-3	5.634427E-4
3.880000E-3	-1.168150E-2
3.885000E-3	-6.223917E-4
3.890000E-3	1.812339E-3
3.895000E-3	-2.311349E-3
3.900000E-3	1.053268E-2
3.905000E-3	1.181585E-2
3.910000E-3	3.347754E-3
3.915000E-3	1.040381E-2
3.920000E-3	1.678950E-2
3.925000E-3	4.969537E-3
3.930000E-3	-3.232598E-3
3.935000E-3	-4.975021E-3
3.940000E-3	-7.524908E-3
3.945000E-3	-3.055751E-3
3.950000E-3	2.045393E-3
3.955000E-3	-8.088350E-5
3.960000E-3	4.454076E-3
3.965000E-3	5.423307E-3
3.970000E-3	3.450572E-3
3.975000E-3	9.161770E-3
3.980000E-3	1.266444E-2
3.985000E-3	5.885303E-3
3.990000E-3	-2.219498E-3
3.995000E-3	-7.446766E-3
4.000000E-3	-1.163077E-2
4.005000E-3	-8.218586E-3
4.010000E-3	-7.424831E-3
4.015000E-3	-9.675860E-3
4.020000E-3	-2.474487E-3
4.025000E-3	-1.757503E-3
4.030000E-3	-5.341053E-3
4.035000E-3	5.931914E-3
4.040000E-3	7.261693E-3
4.045000E-3	6.832600E-3
4.050000E-3	2.516437E-2
4.055000E-3	2.319849E-2
4.060000E-3	8.819044E-3
4.065000E-3	1.930237E-2
4.070000E-3	1.780808E-2
4.075000E-3	-3.284693E-3
4.080000E-3	-1.288652E-3
4.085000E-3	1.332521E-3
4.090000E-3	-1.031882E-2
4.095000E-3	-2.167404E-3
4.100000E-3	2.087891E-3
4.105000E-3	-1.360214E-2
4.110000E-3	-5.053163E-3
4.115000E-3	1.438767E-2
4.120000E-3	1.008302E-2
4.125000E-3	1.107830E-2
4.130000E-3	2.059650E-2
4.135000E-3	1.213253E-2
4.140000E-3	5.914092E-3
4.145000E-3	8.960247E-3
4.150000E-3	-4.322469E-3
4.155000E-3	-1.638097E-2
4.160000E-3	-1.447403E-2
4.165000E-3	-1.842636E-2
4.170000E-3	-2.071577E-2
4.175000E-3	-1.295370E-2
4.180000E-3	-1.459330E-2
4.185000E-3	-1.671135E-2
4.190000E-3	-4.444480E-3
4.195000E-3	4.273117E-3
4.200000E-3	7.803202E-3
4.205000E-3	1.879650E-2
4.210000E-3	2.285439E-2
4.215000E-3	2.092278E-2
4.220000E-3	2.884388E-2
4.225000E-3	3.147739E-2
4.230000E-3	2.218676E-2
4.235000E-3	1.535553E-2
4.240000E-3	7.365882E-3
4.245000E-3	-2.471745E-3
4.250000E-3	-6.071746E-3
4.255000E-3	-1.409841E-2
4.260000E-3	-2.258021E-2
4.265000E-3	-2.026886E-2
4.270000E-3	-1.753253E-2
4.275000E-3	-1.761889E-2
4.280000E-3	-1.180625E-2
4.285000E-3	-6.572127E-3
4.290000E-3	-8.033514E-4
4.295000E-3	8.697033E-3
4.300000E-3	1.327860E-2
4.305000E-3	1.606566E-2
4.310000E-3	2.201539E-2
4.315000E-3	2.277076E-2
4.320000E-3	2.013040E-2
4.325000E-3	2.155888E-2
4.330000E-3	2.172202E-2
4.335000E-3	1.605195E-2
4.340000E-3	1.114410E-2
4.345000E-3	9.721100E-3
4.350000E-3	7.516682E-3
4.355000E-3	2.292156E-3
4.360000E-3	-3.767252E-3
4.365000E-3	-9.366035E-3
4.370000E-3	-1.103717E-2
4.375000E-3	-9.165883E-3
4.380000E-3	-6.230772E-3
4.385000E-3	-6.632447E-3
4.390000E-3	-6.901145E-3
4.395000E-3	-5.005181E-3
4.400000E-3	-2.078295E-3
4.405000E-3	-3.288805E-3
4.410000E-3	-2.710283E-3
4.415000E-3	2.597868E-3
4.420000E-3	1.403809E-3
4.425000E-3	6.196499E-4
4.430000E-3	1.031882E-2
4.435000E-3	1.284677E-2
4.440000E-3	1.153207E-2
4.445000E-3	1.837701E-2
4.450000E-3	1.787800E-2
4.455000E-3	1.372141E-2
4.460000E-3	2.333558E-2
4.465000E-3	1.732826E-2
4.470000E-3	8.444786E-4
4.475000E-3	1.619041E-3
4.480000E-3	-3.674030E-4
4.485000E-3	-1.289064E-2
4.490000E-3	-1.070130E-2
4.495000E-3	-1.121950E-2
4.500000E-3	-1.958477E-2
4.505000E-3	-9.163141E-3
4.510000E-3	-3.303885E-4
4.515000E-3	-4.210055E-3
4.520000E-3	4.751563E-3
4.525000E-3	1.348835E-2
4.530000E-3	9.496272E-3
4.535000E-3	1.476467E-2
4.540000E-3	2.033192E-2
4.545000E-3	1.248074E-2
4.550000E-3	7.944405E-3
4.555000E-3	5.369842E-3
4.560000E-3	-6.418586E-3
4.565000E-3	-9.371519E-3
4.570000E-3	-1.577914E-3
4.575000E-3	-2.649963E-3
4.580000E-3	-1.446307E-3
4.585000E-3	7.172585E-3
4.590000E-3	2.859712E-3
4.595000E-3	-4.510283E-4
4.600000E-3	7.512569E-3
4.605000E-3	3.963292E-3
4.610000E-3	-4.321098E-3
4.615000E-3	1.613557E-3
4.620000E-3	2.425134E-3
4.625000E-3	-8.568168E-4
4.630000E-3	8.273423E-3
4.635000E-3	9.615541E-3
4.640000E-3	2.682865E-3
4.645000E-3	9.087741E-3
4.650000E-3	1.158965E-2
4.655000E-3	2.208531E-3
4.660000E-3	3.173649E-3
4.665000E-3	5.896270E-3
4.670000E-3	-1.306474E-3
4.675000E-3	1.684844E-3
4.680000E-3	6.706476E-3
4.685000E-3	-1.152933E-3
4.690000E-3	-2.586901E-3
4.695000E-3	1.795888E-4
4.700000E-3	-6.354153E-3
4.705000E-3	-6.953239E-3
4.710000E-3	-4.222393E-4
4.715000E-3	-4.647374E-4
4.720000E-3	8.115768E-4
4.725000E-3	4.635036E-3
4.730000E-3	2.264738E-3
4.735000E-3	1.658797E-3
4.740000E-3	5.763292E-3
4.745000E-3	5.313635E-3
4.750000E-3	3.110588E-3
4.755000E-3	1.524448E-3
4.760000E-3	-4.359484E-3
4.765000E-3	-9.315312E-3
4.770000E-3	-6.341815E-3
4.775000E-3	-3.249049E-3
4.780000E-3	-2.252400E-3
4.785000E-3	2.589643E-3
4.790000E-3	5.841434E-3
4.795000E-3	6.506324E-3
4.800000E-3	8.751869E-3
4.805000E-3	7.485151E-3
4.810000E-3	2.926886E-3
4.815000E-3	3.521860E-3
4.820000E-3	6.249964E-3
4.825000E-3	7.457733E-3
4.830000E-3	8.784771E-3
4.835000E-3	8.623004E-3
4.840000E-3	8.422852E-3
4.845000E-3	1.038188E-2
4.850000E-3	1.010770E-2
4.855000E-3	5.974412E-3
4.860000E-3	2.490938E-3
4.865000E-3	-1.210511E-3
4.870000E-3	-5.282104E-3
4.875000E-3	-5.598783E-3
4.880000E-3	-5.531609E-3
4.885000E-3	-7.031381E-3
4.890000E-3	-6.965578E-3
4.895000E-3	-4.768014E-3
4.900000E-3	-1.088500E-3
4.905000E-3	4.231989E-3
4.910000E-3	9.446919E-3
4.915000E-3	1.254654E-2
4.920000E-3	1.268363E-2
4.925000E-3	1.046824E-2
4.930000E-3	9.641588E-3
4.935000E-3	9.207010E-3
4.940000E-3	5.679667E-3
4.945000E-3	5.620718E-4
4.950000E-3	-4.644632E-3
4.955000E-3	-9.267330E-3
4.960000E-3	-1.051623E-2
4.965000E-3	-9.470224E-3
4.970000E-3	-9.085000E-3
4.975000E-3	-7.390559E-3
4.980000E-3	-3.423154E-3
4.985000E-3	1.314700E-3
4.990000E-3	6.578982E-3
4.995000E-3	9.411275E-3
5.000000E-3	8.765578E-3
5.005000E-3	8.078754E-3
5.010000E-3	8.139074E-3
5.015000E-3	8.437932E-3
5.020000E-3	9.183705E-3
5.025000E-3	1.020640E-2
5.030000E-3	9.457886E-3
5.035000E-3	7.718205E-3
5.040000E-3	6.695509E-3
5.045000E-3	2.977610E-3
5.050000E-3	-2.108455E-3
5.055000E-3	-4.768014E-3
5.060000E-3	-7.424831E-3
5.065000E-3	-7.810056E-3
5.070000E-3	-2.245545E-3
5.075000E-3	1.217365E-3
5.080000E-3	2.105713E-3
5.085000E-3	6.322622E-3
5.090000E-3	8.588731E-3
5.095000E-3	7.306933E-3
5.100000E-3	9.799242E-3
5.105000E-3	1.027358E-2
5.110000E-3	6.764054E-3
5.115000E-3	7.590711E-3
5.120000E-3	7.937551E-3
5.125000E-3	4.299164E-3
5.130000E-3	4.327953E-3
5.135000E-3	4.315615E-3
5.140000E-3	7.416606E-4
5.145000E-3	-3.276467E-4
5.150000E-3	1.782179E-5
5.155000E-3	-3.046155E-3
5.160000E-3	-4.656971E-3
5.165000E-3	-4.208684E-3
5.170000E-3	-5.400002E-3
5.175000E-3	-5.094290E-3
5.180000E-3	-2.011120E-3
5.185000E-3	1.727343E-4
5.190000E-3	2.803504E-3
5.195000E-3	7.666111E-3
5.200000E-3	9.312570E-3
5.205000E-3	7.013559E-3
5.210000E-3	6.631076E-3
5.215000E-3	5.707085E-3
5.220000E-3	2.394974E-3
5.225000E-3	1.425743E-3
5.230000E-3	7.019043E-4
5.235000E-3	-6.977916E-4
5.240000E-3	1.996040E-3
5.245000E-3	4.096270E-3
5.250000E-3	4.200459E-3
5.255000E-3	6.359637E-3
5.260000E-3	8.468091E-3
5.265000E-3	8.698404E-3
5.270000E-3	9.870529E-3
5.275000E-3	9.789646E-3
5.280000E-3	6.369233E-3
5.285000E-3	3.379285E-3
5.290000E-3	1.118660E-3
5.295000E-3	-5.977154E-4
5.300000E-3	-9.335876E-4
5.305000E-3	9.445548E-4
5.310000E-3	3.164053E-3
5.315000E-3	3.554761E-3
5.320000E-3	3.839910E-3
5.325000E-3	3.996193E-3
5.330000E-3	2.479970E-3
5.335000E-3	9.075403E-4
5.340000E-3	-3.728867E-4
5.345000E-3	-1.332521E-3
5.350000E-3	-9.445548E-4
5.355000E-3	8.677840E-4
5.360000E-3	1.339376E-3
5.365000E-3	4.633665E-4
5.370000E-3	9.610057E-4
5.375000E-3	8.513331E-4
5.380000E-3	-8.883476E-4
5.385000E-3	-1.912415E-3
5.390000E-3	-2.978981E-3
5.395000E-3	-2.659559E-3
5.400000E-3	4.277229E-4
5.405000E-3	2.366185E-3
5.410000E-3	2.833664E-3
5.415000E-3	3.334045E-3
5.420000E-3	3.002286E-3
5.425000E-3	2.811730E-3
5.430000E-3	3.464282E-3
5.435000E-3	3.201067E-3
5.440000E-3	3.853619E-3
5.445000E-3	6.058037E-3
5.450000E-3	7.268548E-3
5.455000E-3	6.344557E-3
5.460000E-3	4.445851E-3
5.465000E-3	2.632141E-3
5.470000E-3	2.730846E-3
5.475000E-3	3.462911E-3
5.480000E-3	3.281951E-3
5.485000E-3	3.218889E-3
5.490000E-3	3.447831E-3
5.495000E-3	3.355980E-3
5.500000E-3	3.942728E-3
5.505000E-3	4.227877E-3
5.510000E-3	3.247678E-3
5.515000E-3	2.421021E-3
5.520000E-3	2.408683E-3
5.525000E-3	1.776695E-3
5.530000E-3	9.514093E-4
5.535000E-3	4.181266E-4
5.540000E-3	-1.645088E-4
5.545000E-3	-2.508759E-4
5.550000E-3	-2.906322E-4
5.555000E-3	-1.617670E-4
5.560000E-3	-2.220869E-4
5.565000E-3	3.536940E-4
5.570000E-3	8.143187E-4
5.575000E-3	6.813407E-4
5.580000E-3	1.246154E-3
5.585000E-3	1.085758E-3
5.590000E-3	4.455447E-4
5.595000E-3	3.269613E-3
5.600000E-3	5.083323E-3
5.605000E-3	4.987359E-3
5.610000E-3	7.790864E-3
5.615000E-3	9.516835E-3
5.620000E-3	8.484542E-3
5.625000E-3	1.027358E-2
5.630000E-3	9.849966E-3
5.635000E-3	5.560398E-3
5.640000E-3	4.821479E-3
5.645000E-3	3.660321E-3
5.650000E-3	1.273572E-3
5.655000E-3	2.438843E-3
5.660000E-3	2.130389E-3
5.665000E-3	-9.596348E-5
5.670000E-3	1.683474E-3
5.675000E-3	2.750039E-3
5.680000E-3	1.133740E-3
5.685000E-3	1.555979E-3
5.690000E-3	9.253621E-4
5.695000E-3	-1.782179E-3
5.700000E-3	-2.651334E-3
5.705000E-3	-2.991319E-3
5.710000E-3	-4.031837E-3
5.715000E-3	-2.843261E-3
5.720000E-3	4.345775E-4
5.725000E-3	2.377152E-3
5.730000E-3	3.317595E-3
5.735000E-3	3.772736E-3
5.740000E-3	2.832294E-3
5.745000E-3	2.385378E-3
5.750000E-3	4.358113E-3
5.755000E-3	4.900992E-3
5.760000E-3	3.664434E-3
5.765000E-3	4.396498E-3
5.770000E-3	3.890634E-3
5.775000E-3	1.926124E-3
5.780000E-3	3.276467E-3
5.785000E-3	4.759789E-3
5.790000E-3	3.920794E-3
5.795000E-3	4.508913E-3
5.800000E-3	4.780352E-3
5.805000E-3	2.622545E-3
5.810000E-3	3.324449E-3
5.815000E-3	4.465044E-3
5.820000E-3	3.014624E-3
5.825000E-3	4.607618E-3
5.830000E-3	6.095052E-3
5.835000E-3	5.668700E-3
5.840000E-3	7.831991E-3
5.845000E-3	8.989036E-3
5.850000E-3	6.430924E-3
5.855000E-3	4.900992E-3
5.860000E-3	3.450572E-3
5.865000E-3	-4.277229E-4
5.870000E-3	-2.750039E-3
5.875000E-3	-3.106475E-3
5.880000E-3	-4.539073E-3
5.885000E-3	-4.733741E-3
5.890000E-3	-3.013253E-3
5.895000E-3	-1.861691E-3
5.900000E-3	-4.743338E-4
5.905000E-3	1.248896E-3
5.910000E-3	1.746535E-3
5.915000E-3	2.149582E-3
5.920000E-3	4.185379E-3
5.925000E-3	5.678296E-3
5.930000E-3	7.035494E-3
5.935000E-3	9.829402E-3
5.940000E-3	1.243824E-2
5.945000E-3	1.359940E-2
5.950000E-3	1.413816E-2
5.955000E-3	1.112080E-2
5.960000E-3	5.060017E-3
5.965000E-3	-3.207922E-4
5.970000E-3	-4.873574E-3
5.975000E-3	-9.224832E-3
5.980000E-3	-1.064783E-2
5.985000E-3	-1.074791E-2
5.990000E-3	-1.008302E-2
5.995000E-3	-6.278753E-3
6.000000E-3	-2.060473E-3
6.005000E-3	1.169384E-3
6.010000E-3	5.031228E-3
6.015000E-3	7.267177E-3
6.020000E-3	7.656515E-3
6.025000E-3	9.382486E-3
6.030000E-3	1.063550E-2
6.035000E-3	9.612799E-3
6.040000E-3	8.897185E-3
6.045000E-3	8.274794E-3
6.050000E-3	7.412493E-3
6.055000E-3	6.803811E-3
6.060000E-3	5.863369E-3
6.065000E-3	3.615081E-3
6.070000E-3	1.246154E-3
6.075000E-3	-9.377003E-4
6.080000E-3	-3.373802E-3
6.085000E-3	-5.077839E-3
6.090000E-3	-5.005181E-3
6.095000E-3	-3.745317E-3
6.100000E-3	-2.311349E-3
6.105000E-3	-3.756285E-4
6.110000E-3	7.731915E-4
6.115000E-3	5.003810E-4
6.120000E-3	4.332066E-4
6.125000E-3	4.551411E-4
6.130000E-3	-2.974868E-4
6.135000E-3	3.180504E-4
6.140000E-3	1.617670E-3
6.145000E-3	2.366185E-3
6.150000E-3	3.299773E-3
6.155000E-3	3.613710E-3
6.160000E-3	3.251791E-3
6.165000E-3	4.262149E-3
6.170000E-3	5.642653E-3
6.175000E-3	6.414473E-3
6.180000E-3	7.796347E-3
6.185000E-3	9.145319E-3
6.190000E-3	8.854687E-3
6.195000E-3	8.830011E-3
6.200000E-3	7.889569E-3
6.205000E-3	5.823612E-3
6.210000E-3	4.088044E-3
6.215000E-3	1.402438E-3
6.220000E-3	-1.773953E-3
6.225000E-3	-4.467785E-3
6.230000E-3	-6.517291E-3
6.235000E-3	-7.115006E-3
6.240000E-3	-5.501449E-3
6.245000E-3	-2.526581E-3
6.250000E-3	1.856208E-3
6.255000E-3	5.670071E-3
6.260000E-3	8.732677E-3
6.265000E-3	1.100701E-2
6.270000E-3	1.173908E-2
6.275000E-3	1.113999E-2
6.280000E-3	1.079452E-2
6.285000E-3	9.334505E-3
6.290000E-3	7.396042E-3
6.295000E-3	6.289721E-3
6.300000E-3	4.699469E-3
6.305000E-3	2.955675E-3
6.310000E-3	1.954913E-3
6.315000E-3	7.992387E-4
6.320000E-3	-5.469918E-4
6.325000E-3	-1.246154E-3
6.330000E-3	-2.604723E-3
6.335000E-3	-3.476620E-3
6.340000E-3	-2.674639E-3
6.345000E-3	-9.431839E-4
6.350000E-3	1.821935E-3
6.355000E-3	4.774868E-3
6.360000E-3	7.380962E-3
6.365000E-3	9.943187E-3
6.370000E-3	1.112080E-2
6.375000E-3	1.113725E-2
6.380000E-3	1.029140E-2
6.385000E-3	8.646309E-3
6.390000E-3	7.156134E-3
6.395000E-3	5.986750E-3
6.400000E-3	4.591167E-3
6.405000E-3	3.765881E-3
6.410000E-3	2.999544E-3
6.415000E-3	2.079666E-3
6.420000E-3	1.908302E-3
6.425000E-3	1.847982E-3
6.430000E-3	1.754761E-3
6.435000E-3	2.558112E-3
6.440000E-3	3.037930E-3
6.445000E-3	3.244936E-3
6.450000E-3	4.177153E-3
6.455000E-3	4.730999E-3
6.460000E-3	5.324602E-3
6.465000E-3	6.470680E-3
6.470000E-3	6.336331E-3
6.475000E-3	5.250573E-3
6.480000E-3	4.120946E-3
6.485000E-3	2.327800E-3
6.490000E-3	6.347299E-4
6.495000E-3	2.248287E-4
6.500000E-3	2.193451E-5
6.505000E-3	3.920794E-4
6.510000E-3	1.643717E-3
6.515000E-3	2.907693E-3
6.520000E-3	4.214168E-3
6.525000E-3	5.198479E-3
6.530000E-3	4.604876E-3
6.535000E-3	3.138006E-3
6.540000E-3	1.401067E-3
6.545000E-3	-3.440976E-4
6.550000E-3	-1.165271E-3
6.555000E-3	-1.634121E-3
6.560000E-3	-1.736939E-3
6.565000E-3	-1.475096E-3
6.570000E-3	-1.575172E-3
6.575000E-3	-9.993911E-4
6.580000E-3	-4.112720E-5
6.585000E-3	8.060932E-4
6.590000E-3	2.337396E-3
6.595000E-3	3.957808E-3
6.600000E-3	5.360246E-3
6.605000E-3	7.238388E-3
6.610000E-3	9.074032E-3
6.615000E-3	1.021600E-2
6.620000E-3	1.093298E-2
6.625000E-3	1.056832E-2
6.630000E-3	9.178221E-3
6.635000E-3	7.705867E-3
6.640000E-3	5.335569E-3
6.645000E-3	2.337396E-3
6.650000E-3	1.302361E-4
6.655000E-3	-1.898706E-3
6.660000E-3	-3.519118E-3
6.665000E-3	-4.033208E-3
6.670000E-3	-4.721403E-3
6.675000E-3	-4.843414E-3
6.680000E-3	-3.830314E-3
6.685000E-3	-2.237320E-3
6.690000E-3	-5.634427E-4
6.695000E-3	8.814931E-4
6.700000E-3	1.964509E-3
6.705000E-3	2.695203E-3
6.710000E-3	2.582788E-3
6.715000E-3	1.715004E-3
6.720000E-3	3.358722E-4
6.725000E-3	-1.239300E-3
6.730000E-3	-2.252400E-3
6.735000E-3	-1.997411E-3
6.740000E-3	-8.389950E-4
6.745000E-3	1.339376E-3
6.750000E-3	4.012644E-3
6.755000E-3	6.156743E-3
6.760000E-3	8.081496E-3
6.765000E-3	9.023309E-3
6.770000E-3	8.631229E-3
6.775000E-3	7.884085E-3
6.780000E-3	6.787360E-3
6.785000E-3	5.033970E-3
6.790000E-3	3.708303E-3
6.795000E-3	2.161920E-3
6.800000E-3	1.024067E-3
6.805000E-3	5.689263E-4
6.810000E-3	8.773804E-5
6.815000E-3	-1.158416E-3
6.820000E-3	-1.853466E-3
6.825000E-3	-2.710283E-3
6.830000E-3	-3.184617E-3
6.835000E-3	-2.396345E-3
6.840000E-3	-1.455903E-3
6.845000E-3	1.480579E-4
6.850000E-3	2.630770E-3
6.855000E-3	4.894137E-3
6.860000E-3	6.681800E-3
6.865000E-3	8.054078E-3
6.870000E-3	9.102821E-3
6.875000E-3	9.812951E-3
6.880000E-3	1.003093E-2
6.885000E-3	9.194672E-3
6.890000E-3	7.234275E-3
6.895000E-3	4.377306E-3
6.900000E-3	8.609295E-4
6.905000E-3	-2.320945E-3
6.910000E-3	-4.910588E-3
6.915000E-3	-6.429553E-3
6.920000E-3	-6.813407E-3
6.925000E-3	-6.156743E-3
6.930000E-3	-4.391015E-3
6.935000E-3	-1.587510E-3
6.940000E-3	1.235187E-3
6.945000E-3	4.511654E-3
6.950000E-3	7.752478E-3
6.955000E-3	1.035035E-2
6.960000E-3	1.238614E-2
6.965000E-3	1.345545E-2
6.970000E-3	1.328683E-2
6.975000E-3	1.202697E-2
6.980000E-3	9.570301E-3
6.985000E-3	6.550193E-3
6.990000E-3	3.769994E-3
6.995000E-3	1.302361E-3
7.000000E-3	-6.772280E-4
7.005000E-3	-1.454532E-3
7.010000E-3	-2.074182E-3
7.015000E-3	-2.289414E-3
7.020000E-3	-1.717746E-3
7.025000E-3	-1.299620E-3
7.030000E-3	-6.498098E-4
7.035000E-3	3.413558E-4
7.040000E-3	1.396954E-3
7.045000E-3	2.680123E-3
7.050000E-3	4.182637E-3
7.055000E-3	5.150497E-3
7.060000E-3	5.594671E-3
7.065000E-3	5.901754E-3
7.070000E-3	5.371213E-3
7.075000E-3	4.173040E-3
7.080000E-3	2.626657E-3
7.085000E-3	7.005334E-4
7.090000E-3	-9.610057E-4
7.095000E-3	-2.271593E-3
7.100000E-3	-2.146840E-3
7.105000E-3	-1.421630E-3
7.110000E-3	-3.728867E-4
7.115000E-3	1.566947E-3
7.120000E-3	3.598630E-3
7.125000E-3	4.979134E-3
7.130000E-3	6.101906E-3
7.135000E-3	6.297946E-3
7.140000E-3	5.543947E-3
7.145000E-3	4.932523E-3
7.150000E-3	4.221022E-3
7.155000E-3	3.118813E-3
7.160000E-3	2.301753E-3
7.165000E-3	1.728714E-3
7.170000E-3	1.152933E-3
7.175000E-3	1.347601E-3
7.180000E-3	1.838386E-3
7.185000E-3	2.575934E-3
7.190000E-3	3.209293E-3
7.195000E-3	3.709674E-3
7.200000E-3	4.598022E-3
7.205000E-3	5.615234E-3
7.210000E-3	6.400764E-3
7.215000E-3	6.628335E-3
7.220000E-3	6.196499E-3
7.225000E-3	5.066872E-3
7.230000E-3	3.513634E-3
7.235000E-3	1.753390E-3
7.240000E-3	2.028942E-4
7.245000E-3	-4.647374E-4
7.250000E-3	-7.539988E-4
7.255000E-3	-7.032752E-4
7.260000E-3	-4.921556E-4
7.265000E-3	-4.523993E-4
7.270000E-3	-2.261996E-4
7.275000E-3	1.083016E-4
7.280000E-3	4.702210E-4
7.285000E-3	1.059711E-3
7.290000E-3	1.880884E-3
7.295000E-3	2.523839E-3
7.300000E-3	3.347754E-3
7.305000E-3	4.071593E-3
7.310000E-3	3.942728E-3
7.315000E-3	3.654838E-3
7.320000E-3	3.074944E-3
7.325000E-3	2.178371E-3
7.330000E-3	2.249658E-3
7.335000E-3	2.431989E-3
7.340000E-3	2.540290E-3
7.345000E-3	3.005028E-3
7.350000E-3	3.117442E-3
7.355000E-3	2.843261E-3
7.360000E-3	2.415538E-3
7.365000E-3	2.177000E-3
7.370000E-3	2.214015E-3
7.375000E-3	2.246916E-3
7.380000E-3	1.893222E-3
7.385000E-3	1.791775E-3
7.390000E-3	1.730084E-3
7.395000E-3	1.710892E-3
7.400000E-3	2.045393E-3
7.405000E-3	2.334654E-3
7.410000E-3	2.471745E-3
7.415000E-3	2.859712E-3
7.420000E-3	3.294289E-3
7.425000E-3	3.598630E-3
7.430000E-3	4.000306E-3
7.435000E-3	4.290938E-3
7.440000E-3	4.685760E-3
7.445000E-3	5.166948E-3
7.450000E-3	5.670071E-3
7.455000E-3	5.823612E-3
7.460000E-3	5.537093E-3
7.465000E-3	4.626811E-3
7.470000E-3	3.557503E-3
7.475000E-3	2.255142E-3
7.480000E-3	1.039147E-3
7.485000E-3	4.894137E-4
7.490000E-3	9.459257E-5
7.495000E-3	-1.000762E-4
7.500000E-3	2.412796E-4
7.505000E-3	6.676316E-4
7.510000E-3	1.066566E-3
7.515000E-3	1.628637E-3
7.520000E-3	2.272964E-3
7.525000E-3	2.411425E-3
7.530000E-3	2.385378E-3
7.535000E-3	2.389491E-3
7.540000E-3	2.340138E-3
7.545000E-3	2.937853E-3
7.550000E-3	3.261387E-3
7.555000E-3	3.454685E-3
7.560000E-3	3.793299E-3
7.565000E-3	4.360855E-3
7.570000E-3	4.918814E-3
7.575000E-3	5.567253E-3
7.580000E-3	6.114244E-3
7.585000E-3	6.810665E-3
7.590000E-3	6.668091E-3
7.595000E-3	5.620718E-3
7.600000E-3	4.332066E-3
7.605000E-3	2.082407E-3
7.610000E-3	-2.536178E-4
7.615000E-3	-1.991928E-3
7.620000E-3	-3.007770E-3
7.625000E-3	-3.143489E-3
7.630000E-3	-2.240062E-3
7.635000E-3	-6.950498E-4
7.640000E-3	1.461387E-3
7.645000E-3	4.049659E-3
7.650000E-3	6.185532E-3
7.655000E-3	7.420719E-3
7.660000E-3	8.115768E-3
7.665000E-3	7.922471E-3
7.670000E-3	7.115006E-3
7.675000E-3	5.642653E-3
7.680000E-3	4.051030E-3
7.685000E-3	2.473116E-3
7.690000E-3	1.300991E-3
7.695000E-3	9.185076E-5
7.700000E-3	-5.099773E-4
7.705000E-3	-9.034276E-4
7.710000E-3	-8.581877E-4
7.715000E-3	-1.617670E-4
7.720000E-3	5.881190E-4
7.725000E-3	1.662910E-3
7.730000E-3	2.452552E-3
7.735000E-3	2.884388E-3
7.740000E-3	3.360093E-3
7.745000E-3	3.789186E-3
7.750000E-3	3.716528E-3
7.755000E-3	3.885150E-3
7.760000E-3	4.055142E-3
7.765000E-3	4.286826E-3
7.770000E-3	4.863977E-3
7.775000E-3	5.475402E-3
7.780000E-3	5.679667E-3
7.785000E-3	5.748212E-3
7.790000E-3	5.851030E-3
7.795000E-3	5.472660E-3
7.800000E-3	4.695356E-3
7.805000E-3	3.848135E-3
7.810000E-3	3.157198E-3
7.815000E-3	2.858341E-3
7.820000E-3	3.025591E-3
7.825000E-3	3.395736E-3
7.830000E-3	3.975630E-3
7.835000E-3	4.199088E-3
7.840000E-3	3.796041E-3
7.845000E-3	3.147602E-3
7.850000E-3	2.139986E-3
7.855000E-3	1.392841E-3
7.860000E-3	4.853010E-4
7.865000E-3	-1.576543E-4
7.870000E-3	9.596348E-6
7.875000E-3	3.715158E-4
7.880000E-3	1.225591E-3
7.885000E-3	2.389491E-3
7.890000E-3	3.454685E-3
7.895000E-3	4.507542E-3
7.900000E-3	5.478144E-3
7.905000E-3	5.990863E-3
7.910000E-3	6.620109E-3
7.915000E-3	6.770909E-3
7.920000E-3	6.546080E-3
7.925000E-3	5.731761E-3
7.930000E-3	4.829705E-3
7.935000E-3	3.564358E-3
7.940000E-3	2.360702E-3
7.945000E-3	1.125515E-3
7.950000E-3	3.769994E-4
7.955000E-3	-5.483627E-4
7.960000E-3	-1.048744E-3
7.965000E-3	-1.137853E-3
7.970000E-3	-6.785989E-4
7.975000E-3	1.398325E-4
7.980000E-3	1.558721E-3
7.985000E-3	3.158569E-3
7.990000E-3	4.543185E-3
7.995000E-3	5.609751E-3
8.000000E-3	6.031990E-3
8.005000E-3	5.616605E-3
8.010000E-3	4.670680E-3
8.015000E-3	3.705561E-3
8.020000E-3	2.399087E-3
8.025000E-3	1.413405E-3
8.030000E-3	4.976392E-4
8.035000E-3	1.124144E-4
8.040000E-3	-8.910894E-5
8.045000E-3	-2.124906E-4
8.050000E-3	-5.524755E-4
8.055000E-3	-3.838539E-4
8.060000E-3	-1.741052E-4
8.065000E-3	2.097487E-4
8.070000E-3	1.011729E-3
8.075000E-3	2.220869E-3
8.080000E-3	3.413558E-3
8.085000E-3	4.519880E-3
8.090000E-3	5.502820E-3
8.095000E-3	6.521404E-3
8.100000E-3	7.138312E-3
8.105000E-3	7.178068E-3
8.110000E-3	6.680429E-3
8.115000E-3	5.623460E-3
8.120000E-3	4.433513E-3
8.125000E-3	3.062606E-3
8.130000E-3	1.513481E-3
8.135000E-3	3.427267E-4
8.140000E-3	-3.989339E-4
8.145000E-3	-1.137853E-3
8.150000E-3	-1.518965E-3
8.155000E-3	-1.202285E-3
8.160000E-3	-6.402135E-4
8.165000E-3	1.398325E-4
8.170000E-3	1.299620E-3
8.175000E-3	2.174258E-3
8.180000E-3	3.425896E-3
8.185000E-3	4.491091E-3
8.190000E-3	5.623460E-3
8.195000E-3	6.547451E-3
8.200000E-3	7.253468E-3
8.205000E-3	7.736027E-3
8.210000E-3	8.069158E-3
8.215000E-3	7.760704E-3
8.220000E-3	7.112265E-3
8.225000E-3	6.115615E-3
8.230000E-3	4.700840E-3
8.235000E-3	3.175020E-3
8.240000E-3	1.872659E-3
8.245000E-3	5.716681E-4
8.250000E-3	-7.128716E-4
8.255000E-3	-1.738310E-3
8.260000E-3	-2.555370E-3
8.265000E-3	-2.722621E-3
8.270000E-3	-2.843261E-3
8.275000E-3	-2.608836E-3
8.280000E-3	-2.196193E-3
8.285000E-3	-1.494288E-3
8.290000E-3	-1.088500E-3
8.295000E-3	-8.225441E-5
8.300000E-3	6.361008E-4
8.305000E-3	1.506627E-3
8.310000E-3	2.796650E-3
8.315000E-3	4.155219E-3
8.320000E-3	5.526125E-3
8.325000E-3	6.931305E-3
8.330000E-3	7.683933E-3
8.335000E-3	8.203506E-3
8.340000E-3	8.381724E-3
8.345000E-3	8.102059E-3
8.350000E-3	7.212341E-3
8.355000E-3	6.149888E-3
8.360000E-3	5.065501E-3
8.365000E-3	4.218280E-3
8.370000E-3	3.292918E-3
8.375000E-3	2.405941E-3
8.380000E-3	1.843870E-3
8.385000E-3	9.377003E-4
8.390000E-3	1.302361E-4
8.395000E-3	-7.019043E-4
8.400000E-3	-1.395583E-3
8.405000E-3	-1.627266E-3
8.410000E-3	-1.273572E-3
8.415000E-3	-7.293224E-4
8.420000E-3	1.891851E-4
8.425000E-3	1.081645E-3
8.430000E-3	1.547754E-3
8.435000E-3	1.901448E-3
8.440000E-3	2.272964E-3
8.445000E-3	2.371669E-3
8.450000E-3	2.490938E-3
8.455000E-3	2.405941E-3
8.460000E-3	2.257884E-3
8.465000E-3	2.500534E-3
8.470000E-3	2.710283E-3
8.475000E-3	2.795279E-3
8.480000E-3	2.603352E-3
8.485000E-3	2.142727E-3
8.490000E-3	1.651943E-3
8.495000E-3	1.433969E-3
8.500000E-3	1.159787E-3
8.505000E-3	1.546383E-3
8.510000E-3	1.802742E-3
8.515000E-3	2.130389E-3
8.520000E-3	2.929628E-3
8.525000E-3	3.414929E-3
8.530000E-3	3.314853E-3
8.535000E-3	3.035188E-3
8.540000E-3	2.721250E-3
8.545000E-3	2.253771E-3
8.550000E-3	2.271593E-3
8.555000E-3	2.270222E-3
8.560000E-3	2.522469E-3
8.565000E-3	2.700686E-3
8.570000E-3	2.559483E-3
8.575000E-3	2.559483E-3
8.580000E-3	2.035797E-3
8.585000E-3	1.549125E-3
8.590000E-3	1.214623E-3
8.595000E-3	1.233816E-3
8.600000E-3	1.380503E-3
8.605000E-3	1.923382E-3
8.610000E-3	2.344251E-3
8.615000E-3	2.669156E-3
8.620000E-3	2.837777E-3
8.625000E-3	2.651334E-3
8.630000E-3	2.352476E-3
8.635000E-3	2.126276E-3
8.640000E-3	1.762986E-3
8.645000E-3	1.775324E-3
8.650000E-3	2.208531E-3
8.655000E-3	2.622545E-3
8.660000E-3	3.394365E-3
8.665000E-3	4.012644E-3
8.670000E-3	4.157960E-3
8.675000E-3	3.913939E-3
8.680000E-3	3.410816E-3
8.685000E-3	2.230465E-3
8.690000E-3	1.211882E-3
8.695000E-3	4.619956E-4
8.700000E-3	1.302361E-4
8.705000E-3	1.658797E-4
8.710000E-3	6.456971E-4
8.715000E-3	1.333892E-3
8.720000E-3	2.374411E-3
8.725000E-3	3.103733E-3
8.730000E-3	3.742576E-3
8.735000E-3	4.253924E-3
8.740000E-3	4.492462E-3
8.745000E-3	4.721403E-3
8.750000E-3	5.287588E-3
8.755000E-3	5.735874E-3
8.760000E-3	6.554306E-3
8.765000E-3	7.535875E-3
8.770000E-3	8.507848E-3
8.775000E-3	9.313941E-3
8.780000E-3	9.634733E-3
8.785000E-3	8.993149E-3
8.790000E-3	8.043110E-3
8.795000E-3	6.436408E-3
8.800000E-3	4.470527E-3
8.805000E-3	2.810359E-3
8.810000E-3	1.098096E-3
8.815000E-3	-4.935265E-5
8.820000E-3	-5.826354E-4
8.825000E-3	-7.951260E-4
8.830000E-3	-7.855296E-4
8.835000E-3	-5.017519E-4
8.840000E-3	-4.249811E-4
8.845000E-3	-1.370907E-4
8.850000E-3	1.837015E-4
8.855000E-3	5.949736E-4
8.860000E-3	1.305103E-3
8.865000E-3	1.852095E-3
8.870000E-3	2.481341E-3
8.875000E-3	3.177762E-3
8.880000E-3	3.709674E-3
8.885000E-3	4.375935E-3
8.890000E-3	5.009294E-3
8.895000E-3	5.569994E-3
8.900000E-3	5.993605E-3
8.905000E-3	6.254077E-3
8.910000E-3	5.896270E-3
8.915000E-3	5.106628E-3
8.920000E-3	3.668547E-3
8.925000E-3	1.891851E-3
8.930000E-3	5.209446E-5
8.935000E-3	-1.856208E-3
8.940000E-3	-3.094137E-3
8.945000E-3	-3.885150E-3
8.950000E-3	-4.097641E-3
8.955000E-3	-3.661692E-3
8.960000E-3	-2.466261E-3
8.965000E-3	-1.166642E-3
8.970000E-3	4.263520E-4
8.975000E-3	2.322316E-3
8.980000E-3	4.160702E-3
8.985000E-3	5.816758E-3
8.990000E-3	7.343948E-3
8.995000E-3	8.222699E-3
9.000000E-3	8.941054E-3
9.005000E-3	9.248137E-3
9.010000E-3	8.813560E-3
9.015000E-3	8.008838E-3
9.020000E-3	7.016301E-3
9.025000E-3	5.395889E-3
9.030000E-3	3.772736E-3
9.035000E-3	2.101600E-3
9.040000E-3	7.786751E-4
9.045000E-3	-2.892613E-4
9.050000E-3	-1.069307E-3
9.055000E-3	-1.610816E-3
9.060000E-3	-1.529932E-3
9.065000E-3	-1.470983E-3
9.070000E-3	-1.716375E-3
9.075000E-3	-1.457274E-3
9.080000E-3	-9.239912E-4
9.085000E-3	-7.265806E-5
9.090000E-3	9.500384E-4
9.095000E-3	1.835644E-3
9.100000E-3	2.961159E-3
9.105000E-3	4.330695E-3
9.110000E-3	5.354762E-3
9.115000E-3	5.796194E-3
9.120000E-3	5.912721E-3
9.125000E-3	5.602896E-3
9.130000E-3	5.028486E-3
9.135000E-3	4.244328E-3
9.140000E-3	3.139377E-3
9.145000E-3	2.201676E-3
9.150000E-3	1.517594E-3
9.155000E-3	1.443565E-3
9.160000E-3	1.624525E-3
9.165000E-3	1.937091E-3
9.170000E-3	2.614319E-3
9.175000E-3	3.379285E-3
9.180000E-3	3.831685E-3
9.185000E-3	4.163444E-3
9.190000E-3	4.462302E-3
9.195000E-3	4.196346E-3
9.200000E-3	4.071593E-3
9.205000E-3	3.498554E-3
9.210000E-3	2.597868E-3
9.215000E-3	1.746535E-3
9.220000E-3	7.923841E-4
9.225000E-3	-2.741814E-6
9.230000E-3	-4.592538E-4
9.235000E-3	-5.798936E-4
9.240000E-3	-3.180504E-4
9.245000E-3	3.111959E-4
9.250000E-3	1.058340E-3
9.255000E-3	1.701295E-3
9.260000E-3	2.445698E-3
9.265000E-3	3.051639E-3
9.270000E-3	3.708303E-3
9.275000E-3	3.915310E-3
9.280000E-3	3.948212E-3
9.285000E-3	3.779590E-3
9.290000E-3	3.680885E-3
9.295000E-3	3.350496E-3
9.300000E-3	3.120184E-3
9.305000E-3	2.972126E-3
9.310000E-3	2.315462E-3
9.315000E-3	2.027571E-3
9.320000E-3	1.819193E-3
9.325000E-3	2.260625E-3
9.330000E-3	2.825439E-3
9.335000E-3	3.357351E-3
9.340000E-3	3.846765E-3
9.345000E-3	4.451334E-3
9.350000E-3	4.433513E-3
9.355000E-3	4.499316E-3
9.360000E-3	4.744709E-3
9.365000E-3	4.576087E-3
9.370000E-3	4.688501E-3
9.375000E-3	4.946232E-3
9.380000E-3	4.580200E-3
9.385000E-3	4.027724E-3
9.390000E-3	3.253162E-3
9.395000E-3	2.004266E-3
9.400000E-3	7.581115E-4
9.405000E-3	-5.415082E-4
9.410000E-3	-1.780808E-3
9.415000E-3	-2.582788E-3
9.420000E-3	-2.569079E-3
9.425000E-3	-2.312720E-3
9.430000E-3	-1.178980E-3
9.435000E-3	3.564358E-4
9.440000E-3	2.042651E-3
9.445000E-3	3.760397E-3
9.450000E-3	5.295813E-3
9.455000E-3	6.691396E-3
9.460000E-3	7.660627E-3
9.465000E-3	8.122623E-3
9.470000E-3	8.535266E-3
9.475000E-3	8.559942E-3
9.480000E-3	7.937551E-3
9.485000E-3	7.010818E-3
9.490000E-3	5.823612E-3
9.495000E-3	4.274487E-3
9.500000E-3	3.095508E-3
9.505000E-3	1.828790E-3
9.510000E-3	7.567406E-4
9.515000E-3	-1.603961E-4
9.520000E-3	-3.879666E-4
9.525000E-3	-1.686215E-4
9.530000E-3	2.632141E-4
9.535000E-3	1.030922E-3
9.540000E-3	2.148211E-3
9.545000E-3	3.281951E-3
9.550000E-3	4.334807E-3
9.555000E-3	5.415082E-3
9.560000E-3	6.334960E-3
9.565000E-3	7.023156E-3
9.570000E-3	7.520795E-3
9.575000E-3	7.417977E-3
9.580000E-3	6.795585E-3
9.585000E-3	6.059408E-3
9.590000E-3	4.981875E-3
9.595000E-3	3.572583E-3
9.600000E-3	2.559483E-3
9.605000E-3	1.262605E-3
9.610000E-3	3.838539E-5
9.615000E-3	-6.004572E-4
9.620000E-3	-1.188576E-3
9.625000E-3	-1.354456E-3
9.630000E-3	-1.370907E-3
9.635000E-3	-1.029551E-3
9.640000E-3	-5.702972E-4
9.645000E-3	3.153086E-4
9.650000E-3	1.044631E-3
9.655000E-3	2.399087E-3
9.660000E-3	3.382027E-3
9.665000E-3	4.523993E-3
9.670000E-3	5.635798E-3
9.675000E-3	6.399393E-3
9.680000E-3	6.747603E-3
9.685000E-3	7.102668E-3
9.690000E-3	7.131457E-3
9.695000E-3	7.131457E-3
9.700000E-3	6.898403E-3
9.705000E-3	6.271899E-3
9.710000E-3	5.495965E-3
9.715000E-3	4.839301E-3
9.720000E-3	3.649354E-3
9.725000E-3	2.467632E-3
9.730000E-3	1.292765E-3
9.735000E-3	2.179742E-4
9.740000E-3	-4.990101E-4
9.745000E-3	-1.062453E-3
9.750000E-3	-1.394212E-3
9.755000E-3	-1.237929E-3
9.760000E-3	-7.265806E-4
9.765000E-3	-2.220869E-4
9.770000E-3	9.514093E-4
9.775000E-3	2.057731E-3
9.780000E-3	3.136635E-3
9.785000E-3	4.454076E-3
9.790000E-3	5.317748E-3
9.795000E-3	5.580962E-3
9.800000E-3	5.526125E-3
9.805000E-3	4.983246E-3
9.810000E-3	4.458189E-3
9.815000E-3	3.686368E-3
9.820000E-3	2.506018E-3
9.825000E-3	1.741052E-3
9.830000E-3	8.060932E-4
9.835000E-3	3.564358E-5
9.840000E-3	-8.102059E-4
9.845000E-3	-1.316071E-3
9.850000E-3	-1.686215E-3
9.855000E-3	-1.200914E-3
9.860000E-3	-7.608533E-4
9.865000E-3	4.853010E-4
9.870000E-3	2.015233E-3
9.875000E-3	3.410816E-3
9.880000E-3	4.459560E-3
9.885000E-3	5.097032E-3
9.890000E-3	4.942119E-3
9.895000E-3	4.370451E-3
9.900000E-3	3.140748E-3
9.905000E-3	1.810968E-3
9.910000E-3	4.400611E-4
9.915000E-3	-2.275705E-4
9.920000E-3	-4.853010E-4
9.925000E-3	-2.261996E-4
9.930000E-3	6.018281E-4
9.935000E-3	1.439452E-3
9.940000E-3	2.370298E-3
9.945000E-3	2.811730E-3
9.950000E-3	3.194213E-3
9.955000E-3	3.538311E-3
9.960000E-3	3.589034E-3
9.965000E-3	3.497183E-3
9.970000E-3	3.499925E-3
9.975000E-3	3.070831E-3
9.980000E-3	2.504647E-3
9.985000E-3	1.982331E-3
9.990000E-3	1.531303E-3
9.995000E-3	1.311958E-3
