0.000000E+0	1.208718E+0
5.000000E-6	-5.972794E-1
1.000000E-5	-7.735314E-1
1.500000E-5	1.119018E+0
2.000000E-5	-7.171214E-2
2.500000E-5	-9.024447E-1
3.000000E-5	7.255853E-1
3.500000E-5	-3.104830E-2
4.000000E-5	-6.569701E-1
4.500000E-5	6.447430E-1
5.000000E-5	-4.202378E-2
5.500000E-5	-9.846072E-1
6.000000E-5	5.093618E-1
6.500000E-5	5.071848E-1
7.000000E-5	-8.579162E-1
7.500000E-5	2.933645E-1
8.000000E-5	5.460843E-1
8.500000E-5	-8.105158E-1
9.000000E-5	1.836714E-1
9.500000E-5	8.676373E-1
1.000000E-4	-7.256443E-1
1.050000E-4	-2.073565E-1
1.100000E-4	7.870842E-1
1.150000E-4	-4.195647E-1
1.200000E-4	-3.793491E-1
1.250000E-4	7.591945E-1
1.300000E-4	-1.157553E-1
1.350000E-4	-5.890458E-1
1.400000E-4	4.970840E-1
1.450000E-4	-2.733451E-2
1.500000E-4	-5.230339E-1
1.550000E-4	5.783979E-1
1.600000E-4	1.064509E-1
1.650000E-4	-6.405384E-1
1.700000E-4	3.863709E-1
1.750000E-4	2.559469E-1
1.800000E-4	-4.765258E-1
1.850000E-4	3.734940E-1
1.900000E-4	3.204440E-1
1.950000E-4	-6.079327E-1
2.000000E-4	2.151844E-1
2.050000E-4	4.498809E-1
2.100000E-4	-4.831857E-1
2.150000E-4	9.223872E-2
2.200000E-4	4.019965E-1
2.250000E-4	-4.702265E-1
2.300000E-4	-1.553306E-1
2.350000E-4	4.759884E-1
2.400000E-4	-2.198016E-1
2.450000E-4	-2.451552E-1
2.500000E-4	4.215895E-1
2.550000E-4	-1.229265E-1
2.600000E-4	-3.275549E-1
2.650000E-4	3.910567E-1
2.700000E-4	4.455447E-2
2.750000E-4	-3.343587E-1
2.800000E-4	3.297511E-1
2.850000E-4	4.871929E-2
2.900000E-4	-3.599522E-1
2.950000E-4	1.918625E-1
3.000000E-4	1.663308E-1
3.050000E-4	-2.390683E-1
3.100000E-4	1.751800E-1
3.150000E-4	1.611871E-1
3.200000E-4	-2.957622E-1
3.250000E-4	8.571732E-2
3.300000E-4	2.024432E-1
3.350000E-4	-2.383541E-1
3.400000E-4	6.872219E-2
3.450000E-4	2.316723E-1
3.500000E-4	-2.433798E-1
3.550000E-4	4.499316E-3
3.600000E-4	2.744747E-1
3.650000E-4	-1.859758E-1
3.700000E-4	-6.627101E-2
3.750000E-4	2.707843E-1
3.800000E-4	-8.664405E-2
3.850000E-4	-1.406660E-1
3.900000E-4	1.871493E-1
3.950000E-4	-7.246614E-3
4.000000E-4	-7.660216E-2
4.050000E-4	2.199031E-1
4.100000E-4	-2.551258E-2
4.150000E-4	-2.029874E-1
4.200000E-4	1.469283E-1
4.250000E-4	5.800170E-2
4.300000E-4	-1.648844E-1
4.350000E-4	7.306522E-2
4.400000E-4	7.266217E-2
4.450000E-4	-1.407880E-1
4.500000E-4	4.766780E-2
4.550000E-4	1.099920E-1
4.600000E-4	-8.722532E-2
4.650000E-4	5.683094E-2
4.700000E-4	8.324420E-2
4.750000E-4	-1.168588E-1
4.800000E-4	3.332400E-2
4.850000E-4	1.290668E-1
4.900000E-4	-1.022134E-1
4.950000E-4	-4.264891E-2
5.000000E-4	1.141362E-1
5.050000E-4	-3.528029E-2
5.100000E-4	-1.089185E-2
5.150000E-4	1.302704E-1
5.200000E-4	-1.231623E-2
5.250000E-4	-5.457032E-2
5.300000E-4	8.698815E-2
5.350000E-4	3.624541E-2
5.400000E-4	-6.104374E-2
5.450000E-4	6.717581E-2
5.500000E-4	4.279560E-2
5.550000E-4	-6.290954E-2
5.600000E-4	5.242211E-2
5.650000E-4	3.704602E-2
5.700000E-4	-7.159972E-2
5.750000E-4	3.853619E-3
5.800000E-4	2.500534E-2
5.850000E-4	-5.020124E-2
5.900000E-4	3.652644E-2
5.950000E-4	6.227481E-2
6.000000E-4	-4.027176E-2
6.050000E-4	2.347404E-2
6.100000E-4	7.635266E-2
6.150000E-4	-6.497687E-2
6.200000E-4	-7.436210E-2
6.250000E-4	3.923535E-2
6.300000E-4	3.355980E-3
6.350000E-4	8.018434E-3
6.400000E-4	8.567756E-2
6.450000E-4	2.710694E-2
6.500000E-4	-8.524299E-3
6.550000E-4	3.554213E-2
6.600000E-4	7.940292E-3
6.650000E-4	-1.327449E-2
6.700000E-4	4.797077E-2
6.750000E-4	3.243154E-2
6.800000E-4	-3.624541E-2
6.850000E-4	-1.510328E-2
6.900000E-4	-1.571745E-2
6.950000E-4	-1.334578E-2
7.000000E-4	3.832370E-2
7.050000E-4	1.859772E-2
7.100000E-4	-7.991016E-3
7.150000E-4	3.091669E-2
7.200000E-4	5.533803E-2
7.250000E-4	1.171988E-2
7.300000E-4	-4.495203E-3
7.350000E-4	3.326094E-2
7.400000E-4	9.245396E-3
7.450000E-4	-8.835495E-3
7.500000E-4	3.589582E-2
7.550000E-4	4.176331E-2
7.600000E-4	-2.033329E-2
7.650000E-4	-8.008838E-3
7.700000E-4	3.621525E-2
7.750000E-4	-6.243110E-3
7.800000E-4	3.693223E-3
7.850000E-4	3.932583E-2
7.900000E-4	-3.985226E-3
7.950000E-4	-1.482636E-2
8.000000E-4	1.724327E-2
8.050000E-4	-2.394974E-3
8.100000E-4	-2.889872E-3
8.150000E-4	2.308196E-2
8.200000E-4	1.364326E-2
8.250000E-4	-7.054687E-3
8.300000E-4	1.063824E-3
8.350000E-4	3.164464E-2
8.400000E-4	3.759301E-2
8.450000E-4	2.966505E-2
8.500000E-4	1.251501E-2
8.550000E-4	-9.228945E-3
8.600000E-4	8.147299E-3
8.650000E-4	2.276391E-2
8.700000E-4	-1.596010E-2
8.750000E-4	-1.209140E-2
8.800000E-4	3.818250E-2
8.850000E-4	1.838797E-2
8.900000E-4	9.276927E-3
8.950000E-4	8.113027E-3
9.000000E-4	-7.470071E-3
9.050000E-4	3.078097E-2
9.100000E-4	2.934974E-2
9.150000E-4	-2.146840E-3
9.200000E-4	1.403946E-2
9.250000E-4	2.229369E-2
9.300000E-4	-2.178371E-3
9.350000E-4	1.169384E-3
9.400000E-4	2.141494E-2
9.450000E-4	-7.365882E-3
9.500000E-4	1.494288E-4
9.550000E-4	1.925850E-2
9.600000E-4	-8.902669E-3
9.650000E-4	2.052248E-3
9.700000E-4	2.252126E-2
9.750000E-4	-6.114244E-4
9.800000E-4	-4.547298E-3
9.850000E-4	1.293176E-2
9.900000E-4	9.630620E-3
9.950000E-4	1.389688E-2
1.000000E-3	2.280778E-2
1.005000E-3	-6.303430E-3
1.010000E-3	4.100382E-3
1.015000E-3	5.855966E-2
1.020000E-3	3.641814E-2
1.025000E-3	6.731153E-3
1.030000E-3	2.519727E-2
1.035000E-3	7.305562E-3
1.040000E-3	-1.431364E-2
1.045000E-3	2.425683E-2
1.050000E-3	3.258646E-2
1.055000E-3	-1.330054E-2
1.060000E-3	-1.525819E-3
1.065000E-3	4.137671E-2
1.070000E-3	1.511973E-2
1.075000E-3	-2.902210E-3
1.080000E-3	5.645394E-3
1.085000E-3	-1.183504E-2
1.090000E-3	6.499469E-3
1.095000E-3	3.216422E-2
1.100000E-3	1.726520E-2
1.105000E-3	7.651031E-3
1.110000E-3	2.446109E-2
1.115000E-3	1.613283E-2
1.120000E-3	-1.996040E-3
1.125000E-3	2.420336E-2
1.130000E-3	1.103854E-2
1.135000E-3	-1.261097E-2
1.140000E-3	1.142102E-2
1.145000E-3	1.061630E-2
1.150000E-3	1.462758E-3
1.155000E-3	8.520186E-3
1.160000E-3	1.054639E-2
1.165000E-3	-1.139909E-2
1.170000E-3	-1.942027E-2
1.175000E-3	1.503885E-2
1.180000E-3	3.197366E-2
1.185000E-3	1.532811E-2
1.190000E-3	1.450282E-2
1.195000E-3	2.057457E-2
1.200000E-3	1.911455E-2
1.205000E-3	1.710343E-2
1.210000E-3	6.503582E-3
1.215000E-3	8.740902E-3
1.220000E-3	2.249247E-2
1.225000E-3	6.663978E-3
1.230000E-3	-8.664131E-3
1.235000E-3	1.237106E-2
1.240000E-3	2.105027E-2
1.245000E-3	5.545318E-3
1.250000E-3	1.411486E-2
1.255000E-3	2.268302E-2
1.260000E-3	1.588744E-2
1.265000E-3	1.619726E-2
1.270000E-3	1.501966E-2
1.275000E-3	4.877687E-3
1.280000E-3	-4.448593E-3
1.285000E-3	-5.646765E-3
1.290000E-3	-2.157807E-3
1.295000E-3	1.941204E-3
1.300000E-3	-8.156896E-4
1.305000E-3	8.402288E-3
1.310000E-3	2.886033E-2
1.315000E-3	2.061981E-2
1.320000E-3	6.557047E-3
1.325000E-3	1.241082E-2
1.330000E-3	1.945865E-2
1.335000E-3	1.146352E-2
1.340000E-3	1.068896E-2
1.345000E-3	1.778889E-2
1.350000E-3	2.954304E-3
1.355000E-3	-2.855599E-3
1.360000E-3	1.089048E-2
1.365000E-3	2.311349E-3
1.370000E-3	-6.466568E-3
1.375000E-3	1.156634E-2
1.380000E-3	1.753253E-2
1.385000E-3	1.041067E-2
1.390000E-3	1.760519E-2
1.395000E-3	1.834685E-2
1.400000E-3	4.663825E-3
1.405000E-3	2.147663E-2
1.410000E-3	2.755249E-2
1.415000E-3	7.142425E-3
1.420000E-3	1.812065E-2
1.425000E-3	2.885622E-2
1.430000E-3	8.677840E-4
1.435000E-3	-8.494139E-3
1.440000E-3	1.380229E-2
1.445000E-3	9.486675E-3
1.450000E-3	4.336178E-3
1.455000E-3	2.452826E-2
1.460000E-3	1.508135E-2
1.465000E-3	-1.013100E-2
1.470000E-3	3.313482E-3
1.475000E-3	1.309901E-2
1.480000E-3	2.856970E-3
1.485000E-3	1.336497E-2
1.490000E-3	1.513892E-2
1.495000E-3	-6.361008E-4
1.500000E-3	9.640217E-3
1.505000E-3	2.693695E-2
1.510000E-3	1.863611E-2
1.515000E-3	2.096665E-2
1.520000E-3	2.815706E-2
1.525000E-3	8.857429E-3
1.530000E-3	1.157594E-2
1.535000E-3	2.777731E-2
1.540000E-3	1.111805E-2
1.545000E-3	6.262302E-3
1.550000E-3	2.042514E-2
1.555000E-3	7.173955E-3
1.560000E-3	2.532065E-3
1.565000E-3	2.182758E-2
1.570000E-3	1.535141E-2
1.575000E-3	5.970299E-3
1.580000E-3	2.237594E-2
1.585000E-3	1.537198E-2
1.590000E-3	-1.730084E-3
1.595000E-3	1.942438E-2
1.600000E-3	2.982271E-2
1.605000E-3	5.960703E-3
1.610000E-3	7.914245E-3
1.615000E-3	1.640016E-2
1.620000E-3	-1.983702E-3
1.625000E-3	-1.687586E-3
1.630000E-3	1.306748E-2
1.635000E-3	7.999241E-3
1.640000E-3	5.781114E-3
1.645000E-3	1.168150E-2
1.650000E-3	-1.220107E-4
1.655000E-3	-1.550496E-3
1.660000E-3	8.705258E-3
1.665000E-3	2.186596E-3
1.670000E-3	7.900536E-3
1.675000E-3	2.436376E-2
1.680000E-3	1.734471E-2
1.685000E-3	6.972432E-3
1.690000E-3	1.274943E-2
1.695000E-3	1.573801E-3
1.700000E-3	-1.438355E-2
1.705000E-3	8.376241E-4
1.710000E-3	1.231349E-2
1.715000E-3	6.149888E-3
1.720000E-3	1.452339E-2
1.725000E-3	2.008379E-2
1.730000E-3	1.096588E-2
1.735000E-3	1.892811E-2
1.740000E-3	2.719331E-2
1.745000E-3	1.076984E-2
1.750000E-3	1.085347E-2
1.755000E-3	2.691090E-2
1.760000E-3	1.580793E-2
1.765000E-3	8.886218E-3
1.770000E-3	1.939696E-2
1.775000E-3	1.120031E-3
1.780000E-3	-1.515675E-2
1.785000E-3	5.360246E-3
1.790000E-3	1.204753E-2
1.795000E-3	5.210817E-3
1.800000E-3	2.030176E-2
1.805000E-3	1.943260E-2
1.810000E-3	-1.300991E-3
1.815000E-3	5.593300E-4
1.820000E-3	6.265044E-3
1.825000E-3	-4.688501E-4
1.830000E-3	8.320034E-3
1.835000E-3	1.885957E-2
1.840000E-3	1.243550E-2
1.845000E-3	1.379132E-2
1.850000E-3	1.739955E-2
1.855000E-3	1.514030E-2
1.860000E-3	2.064997E-2
1.865000E-3	2.258569E-2
1.870000E-3	9.105563E-3
1.875000E-3	7.090330E-3
1.880000E-3	1.565713E-2
1.885000E-3	1.025438E-2
1.890000E-3	1.491410E-2
1.895000E-3	2.638173E-2
1.900000E-3	1.384616E-2
1.905000E-3	3.964663E-3
1.910000E-3	1.192003E-2
1.915000E-3	1.048332E-2
1.920000E-3	6.026506E-3
1.925000E-3	1.320732E-2
1.930000E-3	8.591473E-3
1.935000E-3	8.225441E-6
1.940000E-3	1.231897E-2
1.945000E-3	1.695400E-2
1.950000E-3	6.016910E-3
1.955000E-3	1.358294E-2
1.960000E-3	2.340549E-2
1.965000E-3	1.094943E-2
1.970000E-3	1.841128E-3
1.975000E-3	2.599239E-3
1.980000E-3	2.360702E-3
1.985000E-3	1.000351E-2
1.990000E-3	1.665652E-2
1.995000E-3	1.048058E-2
2.000000E-3	9.282410E-3
2.005000E-3	1.336360E-2
2.010000E-3	8.947909E-3
2.015000E-3	1.101387E-2
2.020000E-3	1.821935E-2
2.025000E-3	1.455903E-2
2.030000E-3	1.364052E-2
2.035000E-3	1.792324E-2
2.040000E-3	1.284403E-2
2.045000E-3	3.291547E-3
2.050000E-3	2.371669E-3
2.055000E-3	1.538157E-3
2.060000E-3	3.153086E-4
2.065000E-3	8.791625E-3
2.070000E-3	1.276314E-2
2.075000E-3	7.642806E-3
2.080000E-3	7.878602E-3
2.085000E-3	9.952784E-3
2.090000E-3	7.943034E-3
2.095000E-3	1.159239E-2
2.100000E-3	1.470160E-2
2.105000E-3	1.021188E-2
2.110000E-3	1.027906E-2
2.115000E-3	1.375842E-2
2.120000E-3	1.015431E-2
2.125000E-3	1.299071E-2
2.130000E-3	1.830709E-2
2.135000E-3	1.005971E-2
2.140000E-3	7.322013E-3
2.145000E-3	1.341158E-2
2.150000E-3	9.876013E-3
2.155000E-3	5.613863E-3
2.160000E-3	7.121861E-3
2.165000E-3	5.362988E-3
2.170000E-3	3.281951E-3
2.175000E-3	9.205639E-3
2.180000E-3	1.417792E-2
2.185000E-3	1.341158E-2
2.190000E-3	1.387632E-2
2.195000E-3	1.039559E-2
2.200000E-3	5.657732E-3
2.205000E-3	1.014882E-2
2.210000E-3	1.213664E-2
2.215000E-3	8.821785E-3
2.220000E-3	1.139498E-2
2.225000E-3	1.761752E-2
2.230000E-3	1.860458E-2
2.235000E-3	1.904738E-2
2.240000E-3	2.051699E-2
2.245000E-3	1.400793E-2
2.250000E-3	8.276165E-3
2.255000E-3	8.708000E-3
2.260000E-3	6.132066E-3
2.265000E-3	4.303277E-3
2.270000E-3	9.006858E-3
2.275000E-3	1.257396E-2
2.280000E-3	1.218188E-2
2.285000E-3	1.039010E-2
2.290000E-3	8.384466E-3
2.295000E-3	7.035494E-3
2.300000E-3	7.507086E-3
2.305000E-3	8.893073E-3
2.310000E-3	9.204268E-3
2.315000E-3	1.059163E-2
2.320000E-3	1.211607E-2
2.325000E-3	1.108378E-2
2.330000E-3	9.833515E-3
2.335000E-3	9.557962E-3
2.340000E-3	9.590864E-3
2.345000E-3	1.106459E-2
2.350000E-3	1.685530E-2
2.355000E-3	1.880610E-2
2.360000E-3	1.338279E-2
2.365000E-3	1.037639E-2
2.370000E-3	1.251227E-2
2.375000E-3	1.648653E-2
2.380000E-3	1.758051E-2
2.385000E-3	1.156360E-2
2.390000E-3	4.938006E-3
2.395000E-3	5.053163E-3
2.400000E-3	9.919882E-3
2.405000E-3	1.227784E-2
2.410000E-3	1.183367E-2
2.415000E-3	8.845091E-3
2.420000E-3	4.950345E-3
2.425000E-3	5.032599E-3
2.430000E-3	7.098556E-3
2.435000E-3	5.885303E-3
2.440000E-3	4.761159E-3
2.445000E-3	3.414929E-3
2.450000E-3	6.827116E-4
2.455000E-3	-4.559636E-3
2.460000E-3	-1.172262E-2
2.465000E-3	-1.980412E-2
2.470000E-3	-2.252126E-2
2.475000E-3	-1.535416E-2
2.480000E-3	-1.324570E-2
2.485000E-3	2.892613E-4
2.490000E-3	3.115112E-2
2.495000E-3	7.316941E-2
2.500000E-3	9.297079E-2
2.505000E-3	5.955631E-2
2.510000E-3	2.199346E-2
2.515000E-3	3.383124E-2
2.520000E-3	2.695477E-2
2.525000E-3	-1.024067E-3
2.530000E-3	3.263170E-2
2.535000E-3	3.371882E-2
2.540000E-3	-1.481402E-2
2.545000E-3	5.993605E-3
2.550000E-3	2.812004E-2
2.555000E-3	-1.456589E-2
2.560000E-3	-1.464951E-2
2.565000E-3	1.919132E-2
2.570000E-3	-4.052401E-3
2.575000E-3	-5.859256E-3
2.580000E-3	1.818097E-2
2.585000E-3	-6.149888E-3
2.590000E-3	-5.975783E-3
2.595000E-3	3.127724E-2
2.600000E-3	8.906782E-3
2.605000E-3	-9.037018E-3
2.610000E-3	2.666277E-2
2.615000E-3	1.627952E-2
2.620000E-3	2.256513E-3
2.625000E-3	3.198737E-2
2.630000E-3	1.996177E-2
2.635000E-3	-1.568317E-2
2.640000E-3	1.019543E-2
2.645000E-3	2.024281E-2
2.650000E-3	-7.958114E-3
2.655000E-3	7.689416E-3
2.660000E-3	2.278721E-2
2.665000E-3	-7.993758E-3
2.670000E-3	-1.676619E-3
2.675000E-3	2.405804E-2
2.680000E-3	1.011044E-2
2.685000E-3	1.355690E-2
2.690000E-3	3.063565E-2
2.695000E-3	6.540596E-3
2.700000E-3	1.713634E-4
2.705000E-3	2.389216E-2
2.710000E-3	1.115233E-2
2.715000E-3	7.490635E-3
2.720000E-3	2.670389E-2
2.725000E-3	9.239912E-3
2.730000E-3	1.816452E-3
2.735000E-3	2.465302E-2
2.740000E-3	1.011181E-2
2.745000E-3	-7.131457E-3
2.750000E-3	1.223123E-2
2.755000E-3	5.364358E-3
2.760000E-3	-7.770300E-3
2.765000E-3	1.717883E-2
2.770000E-3	2.412111E-2
2.775000E-3	5.315006E-3
2.780000E-3	1.546520E-2
2.785000E-3	2.254045E-2
2.790000E-3	4.277229E-4
2.795000E-3	6.540596E-3
2.800000E-3	1.815629E-2
2.805000E-3	-3.783703E-4
2.810000E-3	-1.313329E-3
2.815000E-3	1.059026E-2
2.820000E-3	-2.026200E-3
2.825000E-3	6.799698E-4
2.830000E-3	2.064312E-2
2.835000E-3	1.355141E-2
2.840000E-3	1.070404E-2
2.845000E-3	2.295858E-2
2.850000E-3	1.331699E-2
2.855000E-3	5.357504E-3
2.860000E-3	1.798493E-2
2.865000E-3	1.245195E-2
2.870000E-3	4.691243E-3
2.875000E-3	1.602179E-2
2.880000E-3	1.279879E-2
2.885000E-3	7.853925E-3
2.890000E-3	1.779711E-2
2.895000E-3	1.510739E-2
2.900000E-3	2.314091E-3
2.905000E-3	1.169932E-2
2.910000E-3	1.311135E-2
2.915000E-3	2.711654E-3
2.920000E-3	9.917140E-3
2.925000E-3	1.821661E-2
2.930000E-3	1.545149E-2
2.935000E-3	1.654410E-2
2.940000E-3	1.506078E-2
2.945000E-3	7.271290E-3
2.950000E-3	7.619500E-3
2.955000E-3	1.019818E-2
2.960000E-3	5.670071E-3
2.965000E-3	6.300688E-3
2.970000E-3	1.357198E-2
2.975000E-3	1.785058E-2
2.980000E-3	2.111471E-2
2.985000E-3	1.838660E-2
2.990000E-3	1.461524E-2
2.995000E-3	1.372141E-2
3.000000E-3	1.095492E-2
3.005000E-3	5.258799E-3
3.010000E-3	3.964663E-3
3.015000E-3	4.440367E-3
3.020000E-3	6.200612E-3
3.025000E-3	8.596957E-3
3.030000E-3	1.179117E-2
3.035000E-3	1.449597E-2
3.040000E-3	1.774228E-2
3.045000E-3	1.433283E-2
3.050000E-3	7.450879E-3
3.055000E-3	5.929172E-3
3.060000E-3	5.171061E-3
3.065000E-3	7.084846E-3
3.070000E-3	1.366383E-2
3.075000E-3	1.757228E-2
3.080000E-3	1.677442E-2
3.085000E-3	1.674151E-2
3.090000E-3	1.487297E-2
3.095000E-3	9.296119E-3
3.100000E-3	6.738007E-3
3.105000E-3	5.372584E-3
3.110000E-3	3.031075E-3
3.115000E-3	5.365729E-3
3.120000E-3	6.513178E-3
3.125000E-3	4.308760E-3
3.130000E-3	7.903278E-3
3.135000E-3	1.203382E-2
3.140000E-3	9.152174E-3
3.145000E-3	6.395280E-3
3.150000E-3	7.371366E-3
3.155000E-3	8.093834E-3
3.160000E-3	1.487708E-2
3.165000E-3	2.230603E-2
3.170000E-3	2.051151E-2
3.175000E-3	1.715142E-2
3.180000E-3	1.615202E-2
3.185000E-3	1.019132E-2
3.190000E-3	5.157351E-3
3.195000E-3	7.276773E-3
3.200000E-3	4.746079E-3
3.205000E-3	9.459257E-5
3.210000E-3	1.616299E-3
3.215000E-3	3.601372E-3
3.220000E-3	3.955066E-3
3.225000E-3	1.211745E-2
3.230000E-3	1.680183E-2
3.235000E-3	1.416832E-2
3.240000E-3	1.492780E-2
3.245000E-3	1.581204E-2
3.250000E-3	1.166916E-2
3.255000E-3	1.083291E-2
3.260000E-3	1.244509E-2
3.265000E-3	1.028728E-2
3.270000E-3	1.270831E-2
3.275000E-3	1.554883E-2
3.280000E-3	1.256847E-2
3.285000E-3	1.215309E-2
3.290000E-3	1.293588E-2
3.295000E-3	7.649660E-3
3.300000E-3	6.829858E-3
3.305000E-3	1.045728E-2
3.310000E-3	7.104039E-3
3.315000E-3	6.580353E-3
3.320000E-3	1.181448E-2
3.325000E-3	1.162392E-2
3.330000E-3	1.162666E-2
3.335000E-3	1.495796E-2
3.340000E-3	1.340336E-2
3.345000E-3	1.134700E-2
3.350000E-3	1.579696E-2
3.355000E-3	1.647282E-2
3.360000E-3	1.429445E-2
3.365000E-3	1.833862E-2
3.370000E-3	1.926124E-2
3.375000E-3	1.389277E-2
3.380000E-3	1.141828E-2
3.385000E-3	9.039760E-3
3.390000E-3	4.747450E-3
3.395000E-3	6.026506E-3
3.400000E-3	7.073879E-3
3.405000E-3	3.816605E-3
3.410000E-3	4.829705E-3
3.415000E-3	7.176697E-3
3.420000E-3	4.334807E-3
3.425000E-3	4.965425E-3
3.430000E-3	1.071227E-2
3.435000E-3	1.382971E-2
3.440000E-3	1.608211E-2
3.445000E-3	1.713359E-2
3.450000E-3	1.431090E-2
3.455000E-3	1.251227E-2
3.460000E-3	1.261097E-2
3.465000E-3	9.917140E-3
3.470000E-3	7.249355E-3
3.475000E-3	7.160246E-3
3.480000E-3	6.044328E-3
3.485000E-3	5.956590E-3
3.490000E-3	8.606553E-3
3.495000E-3	1.016665E-2
3.500000E-3	1.026535E-2
3.505000E-3	1.193511E-2
3.510000E-3	1.223260E-2
3.515000E-3	1.172674E-2
3.520000E-3	1.219833E-2
3.525000E-3	1.088089E-2
3.530000E-3	8.644938E-3
3.535000E-3	8.173347E-3
3.540000E-3	9.415388E-3
3.545000E-3	1.156908E-2
3.550000E-3	1.347876E-2
3.555000E-3	1.303595E-2
3.560000E-3	1.202285E-2
3.565000E-3	1.149368E-2
3.570000E-3	1.072186E-2
3.575000E-3	9.878755E-3
3.580000E-3	1.066154E-2
3.585000E-3	1.059985E-2
3.590000E-3	9.727955E-3
3.595000E-3	1.023519E-2
3.600000E-3	1.017487E-2
3.605000E-3	7.476926E-3
3.610000E-3	6.607771E-3
3.615000E-3	8.359790E-3
3.620000E-3	1.027220E-2
3.625000E-3	1.220655E-2
3.630000E-3	1.307845E-2
3.635000E-3	1.210511E-2
3.640000E-3	1.220518E-2
3.645000E-3	1.365834E-2
3.650000E-3	1.288104E-2
3.655000E-3	1.189399E-2
3.660000E-3	1.146489E-2
3.665000E-3	9.301603E-3
3.670000E-3	7.186294E-3
3.675000E-3	6.887436E-3
3.680000E-3	5.594671E-3
3.685000E-3	4.511654E-3
3.690000E-3	5.838692E-3
3.695000E-3	8.006096E-3
3.700000E-3	9.692311E-3
3.705000E-3	1.293862E-2
3.710000E-3	1.629597E-2
3.715000E-3	1.716375E-2
3.720000E-3	1.694167E-2
3.725000E-3	1.737213E-2
3.730000E-3	1.638097E-2
3.735000E-3	1.396132E-2
3.740000E-3	1.200777E-2
3.745000E-3	1.119345E-2
3.750000E-3	1.141965E-2
3.755000E-3	1.163077E-2
3.760000E-3	1.080823E-2
3.765000E-3	1.088500E-2
3.770000E-3	1.177883E-2
3.775000E-3	1.203382E-2
3.780000E-3	1.223123E-2
3.785000E-3	1.239300E-2
3.790000E-3	1.195842E-2
3.795000E-3	1.098096E-2
3.800000E-3	1.059026E-2
3.805000E-3	9.862304E-3
3.810000E-3	9.418130E-3
3.815000E-3	9.601831E-3
3.820000E-3	1.049703E-2
3.825000E-3	1.207495E-2
3.830000E-3	1.335537E-2
3.835000E-3	1.369810E-2
3.840000E-3	1.414639E-2
3.845000E-3	1.330328E-2
3.850000E-3	1.115781E-2
3.855000E-3	9.452403E-3
3.860000E-3	9.020567E-3
3.865000E-3	9.265959E-3
3.870000E-3	9.764969E-3
3.875000E-3	1.041478E-2
3.880000E-3	1.010495E-2
3.885000E-3	9.153545E-3
3.890000E-3	9.472966E-3
3.895000E-3	1.072186E-2
3.900000E-3	1.168835E-2
3.905000E-3	1.236421E-2
3.910000E-3	1.264662E-2
3.915000E-3	1.181448E-2
3.920000E-3	1.021051E-2
3.925000E-3	9.611428E-3
3.930000E-3	9.405792E-3
3.935000E-3	9.941816E-3
3.940000E-3	1.035309E-2
3.945000E-3	1.010358E-2
3.950000E-3	9.734809E-3
3.955000E-3	1.004189E-2
3.960000E-3	9.605944E-3
3.965000E-3	8.877993E-3
3.970000E-3	9.685457E-3
3.975000E-3	1.134700E-2
3.980000E-3	1.187342E-2
3.985000E-3	1.244509E-2
3.990000E-3	1.266992E-2
3.995000E-3	1.184601E-2
4.000000E-3	1.167190E-2
4.005000E-3	1.156223E-2
4.010000E-3	1.040244E-2
4.015000E-3	8.790255E-3
4.020000E-3	8.239150E-3
4.025000E-3	8.181572E-3
4.030000E-3	7.656515E-3
4.035000E-3	7.838845E-3
4.040000E-3	8.433819E-3
4.045000E-3	9.086370E-3
4.050000E-3	1.082057E-2
4.055000E-3	1.207083E-2
4.060000E-3	1.267952E-2
4.065000E-3	1.337183E-2
4.070000E-3	1.359391E-2
4.075000E-3	1.262468E-2
4.080000E-3	1.190907E-2
4.085000E-3	1.227510E-2
4.090000E-3	1.258492E-2
4.095000E-3	1.317716E-2
4.100000E-3	1.368713E-2
4.105000E-3	1.353496E-2
4.110000E-3	1.307297E-2
4.115000E-3	1.244646E-2
4.120000E-3	1.112491E-2
4.125000E-3	1.078081E-2
4.130000E-3	1.083839E-2
4.135000E-3	1.001447E-2
4.140000E-3	9.196043E-3
4.145000E-3	9.527802E-3
4.150000E-3	9.738922E-3
4.155000E-3	9.333134E-3
4.160000E-3	9.749889E-3
4.165000E-3	1.016390E-2
4.170000E-3	9.531915E-3
4.175000E-3	9.559333E-3
4.180000E-3	9.574413E-3
4.185000E-3	9.239912E-3
4.190000E-3	9.392083E-3
4.195000E-3	1.047921E-2
4.200000E-3	1.139909E-2
4.205000E-3	1.168972E-2
4.210000E-3	1.064783E-2
4.215000E-3	7.986903E-3
4.220000E-3	5.689263E-3
4.225000E-3	4.525363E-3
4.230000E-3	3.701448E-3
4.235000E-3	4.240215E-3
4.240000E-3	6.461084E-3
4.245000E-3	8.163750E-3
4.250000E-3	8.856058E-3
4.255000E-3	9.611428E-3
4.260000E-3	1.021600E-2
4.265000E-3	1.101661E-2
4.270000E-3	1.221478E-2
4.275000E-3	1.292902E-2
4.280000E-3	1.302499E-2
4.285000E-3	1.311684E-2
4.290000E-3	1.274121E-2
4.295000E-3	1.113451E-2
4.300000E-3	1.046276E-2
4.305000E-3	1.024342E-2
4.310000E-3	1.021051E-2
4.315000E-3	1.127571E-2
4.320000E-3	1.240534E-2
4.325000E-3	1.189536E-2
4.330000E-3	1.080412E-2
4.335000E-3	9.659410E-3
4.340000E-3	7.840216E-3
4.345000E-3	6.805182E-3
4.350000E-3	7.493377E-3
4.355000E-3	9.226203E-3
4.360000E-3	1.146626E-2
4.365000E-3	1.323611E-2
4.370000E-3	1.399285E-2
4.375000E-3	1.356238E-2
4.380000E-3	1.349247E-2
4.385000E-3	1.312917E-2
4.390000E-3	1.224083E-2
4.395000E-3	1.151562E-2
4.400000E-3	1.080686E-2
4.405000E-3	9.512722E-3
4.410000E-3	8.488655E-3
4.415000E-3	7.774413E-3
4.420000E-3	7.688046E-3
4.425000E-3	8.314550E-3
4.430000E-3	8.562684E-3
4.435000E-3	8.163750E-3
4.440000E-3	8.082867E-3
4.445000E-3	8.824527E-3
4.450000E-3	9.612799E-3
4.455000E-3	1.101935E-2
4.460000E-3	1.267129E-2
4.465000E-3	1.371866E-2
4.470000E-3	1.443702E-2
4.475000E-3	1.512384E-2
4.480000E-3	1.534456E-2
4.485000E-3	1.528561E-2
4.490000E-3	1.518965E-2
4.495000E-3	1.373512E-2
4.500000E-3	1.164037E-2
4.505000E-3	1.056695E-2
4.510000E-3	1.056969E-2
4.515000E-3	1.053542E-2
4.520000E-3	1.033938E-2
4.525000E-3	9.411275E-3
4.530000E-3	8.491397E-3
4.535000E-3	8.627117E-3
4.540000E-3	9.499013E-3
4.545000E-3	1.032019E-2
4.550000E-3	1.093572E-2
4.555000E-3	1.144159E-2
4.560000E-3	1.119757E-2
4.565000E-3	1.094943E-2
4.570000E-3	1.060671E-2
4.575000E-3	9.684086E-3
4.580000E-3	8.406401E-3
4.585000E-3	7.500231E-3
4.590000E-3	6.709218E-3
4.595000E-3	6.562531E-3
4.600000E-3	7.002592E-3
4.605000E-3	7.083476E-3
4.610000E-3	7.760704E-3
4.615000E-3	8.904040E-3
4.620000E-3	9.911656E-3
4.625000E-3	1.067936E-2
4.630000E-3	1.122087E-2
4.635000E-3	1.116055E-2
4.640000E-3	1.043397E-2
4.645000E-3	9.921253E-3
4.650000E-3	1.006383E-2
4.655000E-3	1.052445E-2
4.660000E-3	1.176101E-2
4.665000E-3	1.266855E-2
4.670000E-3	1.260412E-2
4.675000E-3	1.223397E-2
4.680000E-3	1.175278E-2
4.685000E-3	1.148820E-2
4.690000E-3	1.128256E-2
4.695000E-3	1.139224E-2
4.700000E-3	1.177061E-2
4.705000E-3	1.227784E-2
4.710000E-3	1.254654E-2
4.715000E-3	1.243138E-2
4.720000E-3	1.149917E-2
4.725000E-3	1.035994E-2
4.730000E-3	9.493530E-3
4.735000E-3	9.682715E-3
4.740000E-3	1.008713E-2
4.745000E-3	1.048332E-2
4.750000E-3	1.126200E-2
4.755000E-3	1.204890E-2
4.760000E-3	1.241904E-2
4.765000E-3	1.304144E-2
4.770000E-3	1.343215E-2
4.775000E-3	1.328683E-2
4.780000E-3	1.289475E-2
4.785000E-3	1.262468E-2
4.790000E-3	1.188165E-2
4.795000E-3	1.076847E-2
4.800000E-3	1.025164E-2
4.805000E-3	9.943187E-3
4.810000E-3	9.383857E-3
4.815000E-3	9.119272E-3
4.820000E-3	9.222090E-3
4.825000E-3	9.281039E-3
4.830000E-3	9.888351E-3
4.835000E-3	1.069307E-2
4.840000E-3	1.146078E-2
4.845000E-3	1.127297E-2
4.850000E-3	1.126063E-2
4.855000E-3	1.093984E-2
4.860000E-3	1.073557E-2
4.865000E-3	1.039422E-2
4.870000E-3	1.038325E-2
4.875000E-3	1.043671E-2
4.880000E-3	1.089597E-2
4.885000E-3	1.163763E-2
4.890000E-3	1.213253E-2
4.895000E-3	1.180899E-2
4.900000E-3	1.168698E-2
4.905000E-3	1.134288E-2
4.910000E-3	1.044768E-2
4.915000E-3	9.156287E-3
4.920000E-3	8.054078E-3
4.925000E-3	7.441282E-3
4.930000E-3	7.202744E-3
4.935000E-3	7.172585E-3
4.940000E-3	7.172585E-3
4.945000E-3	7.416606E-3
4.950000E-3	7.258952E-3
4.955000E-3	7.372737E-3
4.960000E-3	7.962227E-3
4.965000E-3	8.538008E-3
4.970000E-3	9.201527E-3
4.975000E-3	1.017898E-2
4.980000E-3	1.161295E-2
4.985000E-3	1.282620E-2
4.990000E-3	1.390648E-2
4.995000E-3	1.450968E-2
5.000000E-3	1.423413E-2
5.005000E-3	1.354182E-2
5.010000E-3	1.211882E-2
5.015000E-3	1.044494E-2
5.020000E-3	9.163141E-3
5.025000E-3	8.422852E-3
5.030000E-3	8.095205E-3
5.035000E-3	8.418739E-3
5.040000E-3	9.392083E-3
5.045000E-3	1.054090E-2
5.050000E-3	1.131958E-2
5.055000E-3	1.141554E-2
5.060000E-3	1.156497E-2
5.065000E-3	1.154441E-2
5.070000E-3	1.124418E-2
5.075000E-3	1.059985E-2
5.080000E-3	1.030374E-2
5.085000E-3	1.040792E-2
5.090000E-3	1.099056E-2
5.095000E-3	1.145530E-2
5.100000E-3	1.178157E-2
5.105000E-3	1.218051E-2
5.110000E-3	1.223123E-2
5.115000E-3	1.200777E-2
5.120000E-3	1.151288E-2
5.125000E-3	1.081645E-2
5.130000E-3	9.969234E-3
5.135000E-3	9.715617E-3
5.140000E-3	9.849966E-3
5.145000E-3	1.005012E-2
5.150000E-3	9.870529E-3
5.155000E-3	9.677231E-3
5.160000E-3	9.989798E-3
5.165000E-3	1.033801E-2
5.170000E-3	1.110709E-2
5.175000E-3	1.216131E-2
5.180000E-3	1.347876E-2
5.185000E-3	1.485378E-2
5.190000E-3	1.572841E-2
5.195000E-3	1.620412E-2
5.200000E-3	1.589155E-2
5.205000E-3	1.511151E-2
5.210000E-3	1.400244E-2
5.215000E-3	1.270145E-2
5.220000E-3	1.089597E-2
5.225000E-3	9.089112E-3
5.230000E-3	7.895052E-3
5.235000E-3	7.385075E-3
5.240000E-3	7.752478E-3
5.245000E-3	8.351564E-3
5.250000E-3	9.393454E-3
5.255000E-3	1.022834E-2
5.260000E-3	1.044494E-2
5.265000E-3	1.015568E-2
5.270000E-3	9.899318E-3
5.275000E-3	9.993911E-3
5.280000E-3	1.049155E-2
5.285000E-3	1.081920E-2
5.290000E-3	1.097685E-2
5.295000E-3	1.116329E-2
5.300000E-3	1.113588E-2
5.305000E-3	1.061630E-2
5.310000E-3	9.897947E-3
5.315000E-3	9.339988E-3
5.320000E-3	8.790255E-3
5.325000E-3	8.995891E-3
5.330000E-3	9.837627E-3
5.335000E-3	1.087677E-2
5.340000E-3	1.180488E-2
5.345000E-3	1.244372E-2
5.350000E-3	1.273710E-2
5.355000E-3	1.282483E-2
5.360000E-3	1.276863E-2
5.365000E-3	1.242727E-2
5.370000E-3	1.223397E-2
5.375000E-3	1.208591E-2
5.380000E-3	1.173770E-2
5.385000E-3	1.121813E-2
5.390000E-3	1.101935E-2
5.395000E-3	1.071501E-2
5.400000E-3	1.043534E-2
5.405000E-3	9.859562E-3
5.410000E-3	9.282410E-3
5.415000E-3	8.517444E-3
5.420000E-3	8.003354E-3
5.425000E-3	7.690787E-3
5.430000E-3	7.777154E-3
5.435000E-3	8.237779E-3
5.440000E-3	8.931458E-3
5.445000E-3	9.578526E-3
5.450000E-3	1.053131E-2
5.455000E-3	1.147723E-2
5.460000E-3	1.203382E-2
5.465000E-3	1.204753E-2
5.470000E-3	1.145804E-2
5.475000E-3	1.070678E-2
5.480000E-3	9.726584E-3
5.485000E-3	9.309828E-3
5.490000E-3	9.545624E-3
5.495000E-3	1.062179E-2
5.500000E-3	1.193237E-2
5.505000E-3	1.294410E-2
5.510000E-3	1.314288E-2
5.515000E-3	1.265073E-2
5.520000E-3	1.170892E-2
5.525000E-3	1.035309E-2
5.530000E-3	9.548366E-3
5.535000E-3	9.227574E-3
5.540000E-3	9.349585E-3
5.545000E-3	1.012689E-2
5.550000E-3	1.108241E-2
5.555000E-3	1.243687E-2
5.560000E-3	1.347601E-2
5.565000E-3	1.389414E-2
5.570000E-3	1.344174E-2
5.575000E-3	1.256573E-2
5.580000E-3	1.129216E-2
5.585000E-3	1.010770E-2
5.590000E-3	9.638846E-3
5.595000E-3	1.000351E-2
5.600000E-3	1.093298E-2
5.605000E-3	1.188576E-2
5.610000E-3	1.212841E-2
5.615000E-3	1.162940E-2
5.620000E-3	1.042849E-2
5.625000E-3	9.248137E-3
5.630000E-3	8.154154E-3
5.635000E-3	7.422090E-3
5.640000E-3	7.326126E-3
5.645000E-3	8.048594E-3
5.650000E-3	8.924603E-3
5.655000E-3	9.943187E-3
5.660000E-3	1.083565E-2
5.665000E-3	1.145804E-2
5.670000E-3	1.185971E-2
5.675000E-3	1.193923E-2
5.680000E-3	1.164174E-2
5.685000E-3	1.157045E-2
5.690000E-3	1.163489E-2
5.695000E-3	1.171851E-2
5.700000E-3	1.138538E-2
5.705000E-3	1.057243E-2
5.710000E-3	9.991169E-3
5.715000E-3	9.468853E-3
5.720000E-3	9.416759E-3
5.725000E-3	9.329021E-3
5.730000E-3	9.335876E-3
5.735000E-3	9.441435E-3
5.740000E-3	9.811580E-3
5.745000E-3	9.937704E-3
5.750000E-3	9.636104E-3
5.755000E-3	9.183705E-3
5.760000E-3	8.599699E-3
5.765000E-3	7.755220E-3
5.770000E-3	7.040977E-3
5.775000E-3	6.562531E-3
5.780000E-3	6.319880E-3
5.785000E-3	6.706476E-3
5.790000E-3	7.781267E-3
5.795000E-3	9.122014E-3
5.800000E-3	1.030511E-2
5.805000E-3	1.116329E-2
5.810000E-3	1.189536E-2
5.815000E-3	1.234913E-2
5.820000E-3	1.269323E-2
5.825000E-3	1.278508E-2
5.830000E-3	1.224631E-2
5.835000E-3	1.177609E-2
5.840000E-3	1.134700E-2
5.845000E-3	1.125377E-2
5.850000E-3	1.120853E-2
5.855000E-3	1.134974E-2
5.860000E-3	1.150191E-2
5.865000E-3	1.142925E-2
5.870000E-3	1.120716E-2
5.875000E-3	1.123595E-2
5.880000E-3	1.137853E-2
5.885000E-3	1.133466E-2
5.890000E-3	1.162392E-2
5.895000E-3	1.180488E-2
5.900000E-3	1.189673E-2
5.905000E-3	1.178020E-2
5.910000E-3	1.147038E-2
5.915000E-3	1.131272E-2
5.920000E-3	1.083428E-2
5.925000E-3	1.008439E-2
5.930000E-3	8.958876E-3
5.935000E-3	7.967710E-3
5.940000E-3	6.925821E-3
5.945000E-3	6.155372E-3
5.950000E-3	6.027877E-3
5.955000E-3	6.923079E-3
5.960000E-3	8.584619E-3
5.965000E-3	9.858191E-3
5.970000E-3	1.099604E-2
5.975000E-3	1.163352E-2
5.980000E-3	1.210511E-2
5.985000E-3	1.206398E-2
5.990000E-3	1.171440E-2
5.995000E-3	1.112628E-2
6.000000E-3	1.080549E-2
6.005000E-3	1.067525E-2
6.010000E-3	1.107830E-2
6.015000E-3	1.152658E-2
6.020000E-3	1.215309E-2
6.025000E-3	1.267678E-2
6.030000E-3	1.259041E-2
6.035000E-3	1.221889E-2
6.040000E-3	1.149094E-2
6.045000E-3	1.044768E-2
6.050000E-3	9.457886E-3
6.055000E-3	8.442044E-3
6.060000E-3	7.829249E-3
6.065000E-3	7.568777E-3
6.070000E-3	7.860780E-3
6.075000E-3	8.215845E-3
6.080000E-3	8.558571E-3
6.085000E-3	9.248137E-3
6.090000E-3	1.006383E-2
6.095000E-3	1.062864E-2
6.100000E-3	1.066291E-2
6.105000E-3	1.054776E-2
6.110000E-3	1.060122E-2
6.115000E-3	1.040792E-2
6.120000E-3	1.007617E-2
6.125000E-3	9.756744E-3
6.130000E-3	9.264588E-3
6.135000E-3	8.814931E-3
6.140000E-3	8.620262E-3
6.145000E-3	8.931458E-3
6.150000E-3	9.286523E-3
6.155000E-3	9.885609E-3
6.160000E-3	1.020366E-2
6.165000E-3	1.052719E-2
6.170000E-3	1.086307E-2
6.175000E-3	1.102346E-2
6.180000E-3	1.106596E-2
6.185000E-3	1.113039E-2
6.190000E-3	1.119208E-2
6.195000E-3	1.143610E-2
6.200000E-3	1.185971E-2
6.205000E-3	1.259863E-2
6.210000E-3	1.307434E-2
6.215000E-3	1.345682E-2
6.220000E-3	1.370496E-2
6.225000E-3	1.376253E-2
6.230000E-3	1.352811E-2
6.235000E-3	1.313055E-2
6.240000E-3	1.290983E-2
6.245000E-3	1.221341E-2
6.250000E-3	1.169658E-2
6.255000E-3	1.094806E-2
6.260000E-3	1.028728E-2
6.265000E-3	9.740293E-3
6.270000E-3	9.723842E-3
6.275000E-3	1.013786E-2
6.280000E-3	1.075476E-2
6.285000E-3	1.115370E-2
6.290000E-3	1.142514E-2
6.295000E-3	1.162255E-2
6.300000E-3	1.196939E-2
6.305000E-3	1.222849E-2
6.310000E-3	1.247936E-2
6.315000E-3	1.237106E-2
6.320000E-3	1.236969E-2
6.325000E-3	1.198995E-2
6.330000E-3	1.144433E-2
6.335000E-3	1.086032E-2
6.340000E-3	1.014334E-2
6.345000E-3	9.714246E-3
6.350000E-3	9.505868E-3
6.355000E-3	9.493530E-3
6.360000E-3	9.678602E-3
6.365000E-3	9.605944E-3
6.370000E-3	9.477079E-3
6.375000E-3	9.215236E-3
6.380000E-3	8.768320E-3
6.385000E-3	8.516073E-3
6.390000E-3	8.287132E-3
6.395000E-3	8.198023E-3
6.400000E-3	8.414626E-3
6.405000E-3	8.941054E-3
6.410000E-3	9.353697E-3
6.415000E-3	9.669006E-3
6.420000E-3	9.902060E-3
6.425000E-3	9.954154E-3
6.430000E-3	9.663522E-3
6.435000E-3	9.219348E-3
6.440000E-3	8.566797E-3
6.445000E-3	8.152783E-3
6.450000E-3	7.609904E-3
6.455000E-3	7.319272E-3
6.460000E-3	7.556438E-3
6.465000E-3	7.859409E-3
6.470000E-3	8.044481E-3
6.475000E-3	8.414626E-3
6.480000E-3	8.686066E-3
6.485000E-3	9.217978E-3
6.490000E-3	9.782791E-3
6.495000E-3	1.046002E-2
6.500000E-3	1.133466E-2
6.505000E-3	1.211196E-2
6.510000E-3	1.273572E-2
6.515000E-3	1.288652E-2
6.520000E-3	1.263428E-2
6.525000E-3	1.220930E-2
6.530000E-3	1.180625E-2
6.535000E-3	1.147723E-2
6.540000E-3	1.096177E-2
6.545000E-3	1.052582E-2
6.550000E-3	1.032978E-2
6.555000E-3	1.012963E-2
6.560000E-3	9.951413E-3
6.565000E-3	9.855449E-3
6.570000E-3	9.852707E-3
6.575000E-3	1.029551E-2
6.580000E-3	1.101249E-2
6.585000E-3	1.176924E-2
6.590000E-3	1.234365E-2
6.595000E-3	1.262194E-2
6.600000E-3	1.307571E-2
6.605000E-3	1.317030E-2
6.610000E-3	1.340747E-2
6.615000E-3	1.337045E-2
6.620000E-3	1.332521E-2
6.625000E-3	1.284128E-2
6.630000E-3	1.242179E-2
6.635000E-3	1.212430E-2
6.640000E-3	1.175690E-2
6.645000E-3	1.156086E-2
6.650000E-3	1.151562E-2
6.655000E-3	1.150054E-2
6.660000E-3	1.147312E-2
6.665000E-3	1.152796E-2
6.670000E-3	1.166779E-2
6.675000E-3	1.178157E-2
6.680000E-3	1.158690E-2
6.685000E-3	1.128942E-2
6.690000E-3	1.116604E-2
6.695000E-3	1.097685E-2
6.700000E-3	1.066154E-2
6.705000E-3	1.042300E-2
6.710000E-3	1.018721E-2
6.715000E-3	1.028180E-2
6.720000E-3	1.026261E-2
6.725000E-3	1.040792E-2
6.730000E-3	1.053131E-2
6.735000E-3	1.020640E-2
6.740000E-3	9.727955E-3
6.745000E-3	9.174109E-3
6.750000E-3	8.616149E-3
6.755000E-3	8.093834E-3
6.760000E-3	7.648289E-3
6.765000E-3	7.516682E-3
6.770000E-3	7.630467E-3
6.775000E-3	7.914245E-3
6.780000E-3	8.473575E-3
6.785000E-3	9.034276E-3
6.790000E-3	9.475708E-3
6.795000E-3	9.966493E-3
6.800000E-3	1.028454E-2
6.805000E-3	1.037776E-2
6.810000E-3	1.003504E-2
6.815000E-3	9.795129E-3
6.820000E-3	9.695053E-3
6.825000E-3	9.859562E-3
6.830000E-3	1.031882E-2
6.835000E-3	1.077807E-2
6.840000E-3	1.130313E-2
6.845000E-3	1.147175E-2
6.850000E-3	1.150739E-2
6.855000E-3	1.138264E-2
6.860000E-3	1.123869E-2
6.865000E-3	1.077533E-2
6.870000E-3	1.045042E-2
6.875000E-3	1.012415E-2
6.880000E-3	1.014608E-2
6.885000E-3	1.029551E-2
6.890000E-3	1.057655E-2
6.895000E-3	1.074928E-2
6.900000E-3	1.053953E-2
6.905000E-3	1.022834E-2
6.910000E-3	1.001722E-2
6.915000E-3	1.005149E-2
6.920000E-3	1.001173E-2
6.925000E-3	9.971976E-3
6.930000E-3	1.007205E-2
6.935000E-3	1.016665E-2
6.940000E-3	1.037091E-2
6.945000E-3	1.031882E-2
6.950000E-3	1.049292E-2
6.955000E-3	1.081783E-2
6.960000E-3	1.120442E-2
6.965000E-3	1.152521E-2
6.970000E-3	1.176238E-2
6.975000E-3	1.200640E-2
6.980000E-3	1.208043E-2
6.985000E-3	1.212156E-2
6.990000E-3	1.191592E-2
6.995000E-3	1.168424E-2
7.000000E-3	1.166642E-2
7.005000E-3	1.188850E-2
7.010000E-3	1.201051E-2
7.015000E-3	1.246291E-2
7.020000E-3	1.296192E-2
7.025000E-3	1.304281E-2
7.030000E-3	1.274258E-2
7.035000E-3	1.238477E-2
7.040000E-3	1.209003E-2
7.045000E-3	1.154166E-2
7.050000E-3	1.097000E-2
7.055000E-3	1.054090E-2
7.060000E-3	1.049566E-2
7.065000E-3	1.018035E-2
7.070000E-3	9.919882E-3
7.075000E-3	1.001996E-2
7.080000E-3	9.981573E-3
7.085000E-3	1.025712E-2
7.090000E-3	1.049018E-2
7.095000E-3	1.035309E-2
7.100000E-3	1.017076E-2
7.105000E-3	9.966493E-3
7.110000E-3	9.560704E-3
7.115000E-3	9.361923E-3
7.120000E-3	8.942425E-3
7.125000E-3	8.686066E-3
7.130000E-3	8.490026E-3
7.135000E-3	8.491397E-3
7.140000E-3	8.794367E-3
7.145000E-3	9.254992E-3
7.150000E-3	9.545624E-3
7.155000E-3	9.832144E-3
7.160000E-3	1.017076E-2
7.165000E-3	1.056832E-2
7.170000E-3	1.104540E-2
7.175000E-3	1.113039E-2
7.180000E-3	1.151699E-2
7.185000E-3	1.142788E-2
7.190000E-3	1.138949E-2
7.195000E-3	1.126474E-2
7.200000E-3	1.106459E-2
7.205000E-3	1.085347E-2
7.210000E-3	1.066291E-2
7.215000E-3	1.058751E-2
7.220000E-3	1.053816E-2
7.225000E-3	1.076710E-2
7.230000E-3	1.100153E-2
7.235000E-3	1.150328E-2
7.240000E-3	1.175141E-2
7.245000E-3	1.185149E-2
7.250000E-3	1.202011E-2
7.255000E-3	1.202422E-2
7.260000E-3	1.190495E-2
7.265000E-3	1.167190E-2
7.270000E-3	1.120991E-2
7.275000E-3	1.061219E-2
7.280000E-3	1.027220E-2
7.285000E-3	9.744406E-3
7.290000E-3	9.479821E-3
7.295000E-3	9.692311E-3
7.300000E-3	9.966493E-3
7.305000E-3	1.029962E-2
7.310000E-3	1.078629E-2
7.315000E-3	1.151288E-2
7.320000E-3	1.214761E-2
7.325000E-3	1.227099E-2
7.330000E-3	1.224357E-2
7.335000E-3	1.210099E-2
7.340000E-3	1.179940E-2
7.345000E-3	1.140732E-2
7.350000E-3	1.133192E-2
7.355000E-3	1.116741E-2
7.360000E-3	1.082468E-2
7.365000E-3	1.055461E-2
7.370000E-3	1.030236E-2
7.375000E-3	9.943187E-3
7.380000E-3	9.370148E-3
7.385000E-3	8.716226E-3
7.390000E-3	8.525670E-3
7.395000E-3	8.004725E-3
7.400000E-3	7.541358E-3
7.405000E-3	7.626355E-3
7.410000E-3	7.793605E-3
7.415000E-3	8.374870E-3
7.420000E-3	9.035647E-3
7.425000E-3	1.024204E-2
7.430000E-3	1.104951E-2
7.435000E-3	1.176238E-2
7.440000E-3	1.209688E-2
7.445000E-3	1.224768E-2
7.450000E-3	1.192415E-2
7.455000E-3	1.115096E-2
7.460000E-3	1.048058E-2
7.465000E-3	9.483933E-3
7.470000E-3	8.902669E-3
7.475000E-3	8.461237E-3
7.480000E-3	8.539379E-3
7.485000E-3	9.069920E-3
7.490000E-3	9.756744E-3
7.495000E-3	1.026946E-2
7.500000E-3	1.090282E-2
7.505000E-3	1.115096E-2
7.510000E-3	1.130450E-2
7.515000E-3	1.127571E-2
7.520000E-3	1.144022E-2
7.525000E-3	1.143748E-2
7.530000E-3	1.150054E-2
7.535000E-3	1.182956E-2
7.540000E-3	1.193374E-2
7.545000E-3	1.224083E-2
7.550000E-3	1.221752E-2
7.555000E-3	1.212704E-2
7.560000E-3	1.177472E-2
7.565000E-3	1.151150E-2
7.570000E-3	1.113039E-2
7.575000E-3	1.074106E-2
7.580000E-3	1.067799E-2
7.585000E-3	1.046139E-2
7.590000E-3	1.021463E-2
7.595000E-3	1.032156E-2
7.600000E-3	1.042026E-2
7.605000E-3	1.059163E-2
7.610000E-3	1.076573E-2
7.615000E-3	1.085484E-2
7.620000E-3	1.105088E-2
7.625000E-3	1.120716E-2
7.630000E-3	1.137441E-2
7.635000E-3	1.172811E-2
7.640000E-3	1.174456E-2
7.645000E-3	1.169521E-2
7.650000E-3	1.164037E-2
7.655000E-3	1.136482E-2
7.660000E-3	1.079452E-2
7.665000E-3	1.029414E-2
7.670000E-3	9.928107E-3
7.675000E-3	9.615541E-3
7.680000E-3	9.603202E-3
7.685000E-3	9.882867E-3
7.690000E-3	1.035035E-2
7.695000E-3	1.084113E-2
7.700000E-3	1.113039E-2
7.705000E-3	1.160061E-2
7.710000E-3	1.186109E-2
7.715000E-3	1.180625E-2
7.720000E-3	1.195979E-2
7.725000E-3	1.191181E-2
7.730000E-3	1.166230E-2
7.735000E-3	1.126200E-2
7.740000E-3	1.090831E-2
7.745000E-3	1.028866E-2
7.750000E-3	9.734809E-3
7.755000E-3	9.279668E-3
7.760000E-3	9.019196E-3
7.765000E-3	8.820415E-3
7.770000E-3	8.558571E-3
7.775000E-3	8.646309E-3
7.780000E-3	8.997262E-3
7.785000E-3	9.297490E-3
7.790000E-3	9.754002E-3
7.795000E-3	1.005423E-2
7.800000E-3	1.042300E-2
7.805000E-3	1.071227E-2
7.810000E-3	1.071227E-2
7.815000E-3	1.075751E-2
7.820000E-3	1.075888E-2
7.825000E-3	1.072323E-2
7.830000E-3	1.084387E-2
7.835000E-3	1.097000E-2
7.840000E-3	1.126200E-2
7.845000E-3	1.128942E-2
7.850000E-3	1.126611E-2
7.855000E-3	1.147723E-2
7.860000E-3	1.170480E-2
7.865000E-3	1.164722E-2
7.870000E-3	1.151836E-2
7.875000E-3	1.137167E-2
7.880000E-3	1.103580E-2
7.885000E-3	1.080412E-2
7.890000E-3	1.063550E-2
7.895000E-3	1.047647E-2
7.900000E-3	1.009125E-2
7.905000E-3	1.002681E-2
7.910000E-3	9.978831E-3
7.915000E-3	9.977460E-3
7.920000E-3	9.923995E-3
7.925000E-3	1.014882E-2
7.930000E-3	1.016802E-2
7.935000E-3	9.952784E-3
7.940000E-3	9.756744E-3
7.945000E-3	9.644330E-3
7.950000E-3	9.520948E-3
7.955000E-3	9.424984E-3
7.960000E-3	9.278297E-3
7.965000E-3	9.211123E-3
7.970000E-3	9.222090E-3
7.975000E-3	9.286523E-3
7.980000E-3	9.596348E-3
7.985000E-3	1.003778E-2
7.990000E-3	1.039010E-2
7.995000E-3	1.070541E-2
8.000000E-3	1.107281E-2
8.005000E-3	1.137853E-2
8.010000E-3	1.161158E-2
8.015000E-3	1.202971E-2
8.020000E-3	1.229429E-2
8.025000E-3	1.236421E-2
8.030000E-3	1.243550E-2
8.035000E-3	1.258081E-2
8.040000E-3	1.262468E-2
8.045000E-3	1.233816E-2
8.050000E-3	1.194334E-2
8.055000E-3	1.154852E-2
8.060000E-3	1.129901E-2
8.065000E-3	1.098233E-2
8.070000E-3	1.108241E-2
8.075000E-3	1.104677E-2
8.080000E-3	1.129901E-2
8.085000E-3	1.178706E-2
8.090000E-3	1.221204E-2
8.095000E-3	1.271242E-2
8.100000E-3	1.279879E-2
8.105000E-3	1.236969E-2
8.110000E-3	1.175964E-2
8.115000E-3	1.126748E-2
8.120000E-3	1.074243E-2
8.125000E-3	1.001722E-2
8.130000E-3	9.503126E-3
8.135000E-3	9.278297E-3
8.140000E-3	9.085000E-3
8.145000E-3	8.935571E-3
8.150000E-3	8.879364E-3
8.155000E-3	8.904040E-3
8.160000E-3	8.786142E-3
8.165000E-3	8.714855E-3
8.170000E-3	8.732677E-3
8.175000E-3	8.967102E-3
8.180000E-3	9.283781E-3
8.185000E-3	9.782791E-3
8.190000E-3	1.018447E-2
8.195000E-3	1.061904E-2
8.200000E-3	1.097000E-2
8.205000E-3	1.127434E-2
8.210000E-3	1.161295E-2
8.215000E-3	1.192141E-2
8.220000E-3	1.206398E-2
8.225000E-3	1.198447E-2
8.230000E-3	1.170892E-2
8.235000E-3	1.141554E-2
8.240000E-3	1.101524E-2
8.245000E-3	1.048607E-2
8.250000E-3	1.007479E-2
8.255000E-3	9.774566E-3
8.260000E-3	9.522319E-3
8.265000E-3	9.460628E-3
8.270000E-3	9.264588E-3
8.275000E-3	9.257734E-3
8.280000E-3	9.623766E-3
8.285000E-3	9.962380E-3
8.290000E-3	1.035446E-2
8.295000E-3	1.047921E-2
8.300000E-3	1.070267E-2
8.305000E-3	1.058888E-2
8.310000E-3	1.051211E-2
8.315000E-3	1.047373E-2
8.320000E-3	1.036954E-2
8.325000E-3	1.043260E-2
8.330000E-3	1.033664E-2
8.335000E-3	1.012552E-2
8.340000E-3	9.989798E-3
8.345000E-3	9.859562E-3
8.350000E-3	9.777308E-3
8.355000E-3	9.640217E-3
8.360000E-3	9.544253E-3
8.365000E-3	9.446919E-3
8.370000E-3	9.869158E-3
8.375000E-3	9.919882E-3
8.380000E-3	1.012689E-2
8.385000E-3	1.041067E-2
8.390000E-3	1.081508E-2
8.395000E-3	1.115370E-2
8.400000E-3	1.143336E-2
8.405000E-3	1.138538E-2
8.410000E-3	1.143748E-2
8.415000E-3	1.144570E-2
8.420000E-3	1.121539E-2
8.425000E-3	1.105636E-2
8.430000E-3	1.106185E-2
8.435000E-3	1.097411E-2
8.440000E-3	1.089460E-2
8.445000E-3	1.095629E-2
8.450000E-3	1.098371E-2
8.455000E-3	1.086307E-2
8.460000E-3	1.078492E-2
8.465000E-3	1.081783E-2
8.470000E-3	1.081371E-2
8.475000E-3	1.080823E-2
8.480000E-3	1.060122E-2
8.485000E-3	1.043671E-2
8.490000E-3	1.045865E-2
8.495000E-3	1.058340E-2
8.500000E-3	1.082468E-2
8.505000E-3	1.102209E-2
8.510000E-3	1.118523E-2
8.515000E-3	1.135933E-2
8.520000E-3	1.113862E-2
8.525000E-3	1.106733E-2
8.530000E-3	1.103306E-2
8.535000E-3	1.088089E-2
8.540000E-3	1.076162E-2
8.545000E-3	1.080823E-2
8.550000E-3	1.087952E-2
8.555000E-3	1.092064E-2
8.560000E-3	1.089734E-2
8.565000E-3	1.077259E-2
8.570000E-3	1.065880E-2
8.575000E-3	1.035720E-2
8.580000E-3	9.989798E-3
8.585000E-3	9.784162E-3
8.590000E-3	9.686828E-3
8.595000E-3	9.625137E-3
8.600000E-3	9.677231E-3
8.605000E-3	9.745777E-3
8.610000E-3	1.012552E-2
8.615000E-3	1.024753E-2
8.620000E-3	1.049840E-2
8.625000E-3	1.042986E-2
8.630000E-3	1.038873E-2
8.635000E-3	1.015568E-2
8.640000E-3	1.011455E-2
8.645000E-3	9.854078E-3
8.650000E-3	9.681344E-3
8.655000E-3	9.622395E-3
8.660000E-3	9.589493E-3
8.665000E-3	9.684086E-3
8.670000E-3	9.730697E-3
8.675000E-3	1.006520E-2
8.680000E-3	1.016527E-2
8.685000E-3	1.038736E-2
8.690000E-3	1.044220E-2
8.695000E-3	1.054776E-2
8.700000E-3	1.055598E-2
8.705000E-3	1.078492E-2
8.710000E-3	1.096177E-2
8.715000E-3	1.116878E-2
8.720000E-3	1.105225E-2
8.725000E-3	1.106185E-2
8.730000E-3	1.137716E-2
8.735000E-3	1.155674E-2
8.740000E-3	1.154578E-2
8.745000E-3	1.133740E-2
8.750000E-3	1.104265E-2
8.755000E-3	1.112628E-2
8.760000E-3	1.146901E-2
8.765000E-3	1.160336E-2
8.770000E-3	1.166368E-2
8.775000E-3	1.171988E-2
8.780000E-3	1.186657E-2
8.785000E-3	1.193649E-2
8.790000E-3	1.180488E-2
8.795000E-3	1.166505E-2
8.800000E-3	1.160610E-2
8.805000E-3	1.159650E-2
8.810000E-3	1.143336E-2
8.815000E-3	1.153070E-2
8.820000E-3	1.160884E-2
8.825000E-3	1.150054E-2
8.830000E-3	1.158005E-2
8.835000E-3	1.146078E-2
8.840000E-3	1.113451E-2
8.845000E-3	1.084113E-2
8.850000E-3	1.042849E-2
8.855000E-3	1.015705E-2
8.860000E-3	9.851336E-3
8.865000E-3	9.727955E-3
8.870000E-3	9.383857E-3
8.875000E-3	9.053469E-3
8.880000E-3	9.080887E-3
8.885000E-3	9.185076E-3
8.890000E-3	9.419501E-3
8.895000E-3	9.531915E-3
8.900000E-3	9.663522E-3
8.905000E-3	9.574413E-3
8.910000E-3	9.630620E-3
8.915000E-3	9.715617E-3
8.920000E-3	9.544253E-3
8.925000E-3	9.579897E-3
8.930000E-3	9.586751E-3
8.935000E-3	9.611428E-3
8.940000E-3	9.817064E-3
8.945000E-3	9.965122E-3
8.950000E-3	1.029277E-2
8.955000E-3	1.057518E-2
8.960000E-3	1.102209E-2
8.965000E-3	1.097411E-2
8.970000E-3	1.099330E-2
8.975000E-3	1.112628E-2
8.980000E-3	1.102209E-2
8.985000E-3	1.077670E-2
8.990000E-3	1.036543E-2
8.995000E-3	1.018447E-2
9.000000E-3	9.929478E-3
9.005000E-3	9.700537E-3
9.010000E-3	9.527802E-3
9.015000E-3	9.437323E-3
9.020000E-3	9.318054E-3
9.025000E-3	9.579897E-3
9.030000E-3	9.700537E-3
9.035000E-3	9.660780E-3
9.040000E-3	9.675860E-3
9.045000E-3	9.552479E-3
9.050000E-3	9.541512E-3
9.055000E-3	9.963751E-3
9.060000E-3	1.026398E-2
9.065000E-3	1.046002E-2
9.070000E-3	1.071638E-2
9.075000E-3	1.100564E-2
9.080000E-3	1.112491E-2
9.085000E-3	1.142788E-2
9.090000E-3	1.172537E-2
9.095000E-3	1.179117E-2
9.100000E-3	1.182407E-2
9.105000E-3	1.181448E-2
9.110000E-3	1.150328E-2
9.115000E-3	1.120031E-2
9.120000E-3	1.098508E-2
9.125000E-3	1.078767E-2
9.130000E-3	1.068896E-2
9.135000E-3	1.053542E-2
9.140000E-3	1.048332E-2
9.145000E-3	1.053679E-2
9.150000E-3	1.065332E-2
9.155000E-3	1.073968E-2
9.160000E-3	1.075751E-2
9.165000E-3	1.083565E-2
9.170000E-3	1.097137E-2
9.175000E-3	1.090968E-2
9.180000E-3	1.111668E-2
9.185000E-3	1.097274E-2
9.190000E-3	1.097959E-2
9.195000E-3	1.072049E-2
9.200000E-3	1.041752E-2
9.205000E-3	1.018858E-2
9.210000E-3	1.000214E-2
9.215000E-3	9.893835E-3
9.220000E-3	9.744406E-3
9.225000E-3	9.631991E-3
9.230000E-3	9.681344E-3
9.235000E-3	9.701908E-3
9.240000E-3	9.699166E-3
9.245000E-3	9.852707E-3
9.250000E-3	9.860933E-3
9.255000E-3	9.812951E-3
9.260000E-3	1.000351E-2
9.265000E-3	1.005012E-2
9.270000E-3	1.010770E-2
9.275000E-3	1.014471E-2
9.280000E-3	1.012826E-2
9.285000E-3	1.009399E-2
9.290000E-3	1.000762E-2
9.295000E-3	1.016527E-2
9.300000E-3	1.032567E-2
9.305000E-3	1.026946E-2
9.310000E-3	1.049018E-2
9.315000E-3	1.046550E-2
9.320000E-3	1.026535E-2
9.325000E-3	1.020777E-2
9.330000E-3	1.005971E-2
9.335000E-3	1.020503E-2
9.340000E-3	1.020640E-2
9.345000E-3	1.012278E-2
9.350000E-3	1.006931E-2
9.355000E-3	1.016939E-2
9.360000E-3	1.020777E-2
9.365000E-3	1.034349E-2
9.370000E-3	1.033938E-2
9.375000E-3	1.007068E-2
9.380000E-3	9.807467E-3
9.385000E-3	9.741664E-3
9.390000E-3	9.601831E-3
9.395000E-3	9.490788E-3
9.400000E-3	9.607315E-3
9.405000E-3	9.708762E-3
9.410000E-3	9.943187E-3
9.415000E-3	1.011455E-2
9.420000E-3	1.032019E-2
9.425000E-3	1.050252E-2
9.430000E-3	1.039696E-2
9.435000E-3	1.037914E-2
9.440000E-3	1.030374E-2
9.445000E-3	1.018310E-2
9.450000E-3	1.021188E-2
9.455000E-3	1.033801E-2
9.460000E-3	1.051623E-2
9.465000E-3	1.060534E-2
9.470000E-3	1.097137E-2
9.475000E-3	1.131409E-2
9.480000E-3	1.142651E-2
9.485000E-3	1.171851E-2
9.490000E-3	1.178980E-2
9.495000E-3	1.167601E-2
9.500000E-3	1.164037E-2
9.505000E-3	1.120442E-2
9.510000E-3	1.100153E-2
9.515000E-3	1.076984E-2
9.520000E-3	1.037365E-2
9.525000E-3	1.006931E-2
9.530000E-3	9.871900E-3
9.535000E-3	1.017898E-2
9.540000E-3	1.025027E-2
9.545000E-3	1.056969E-2
9.550000E-3	1.065469E-2
9.555000E-3	1.083428E-2
9.560000E-3	1.123869E-2
9.565000E-3	1.152247E-2
9.570000E-3	1.172948E-2
9.575000E-3	1.202422E-2
9.580000E-3	1.220930E-2
9.585000E-3	1.217091E-2
9.590000E-3	1.192141E-2
9.595000E-3	1.173222E-2
9.600000E-3	1.161706E-2
9.605000E-3	1.130176E-2
9.610000E-3	1.093572E-2
9.615000E-3	1.067525E-2
9.620000E-3	1.044768E-2
9.625000E-3	1.035035E-2
9.630000E-3	1.031196E-2
9.635000E-3	1.039833E-2
9.640000E-3	1.048470E-2
9.645000E-3	1.040655E-2
9.650000E-3	1.043123E-2
9.655000E-3	1.033527E-2
9.660000E-3	1.019955E-2
9.665000E-3	1.016116E-2
9.670000E-3	1.022011E-2
9.675000E-3	1.010495E-2
9.680000E-3	1.022148E-2
9.685000E-3	1.052582E-2
9.690000E-3	1.048195E-2
9.695000E-3	1.053953E-2
9.700000E-3	1.057929E-2
9.705000E-3	1.061767E-2
9.710000E-3	1.045728E-2
9.715000E-3	1.033527E-2
9.720000E-3	1.021874E-2
9.725000E-3	1.003504E-2
9.730000E-3	9.999394E-3
9.735000E-3	9.969234E-3
9.740000E-3	9.771824E-3
9.745000E-3	9.860933E-3
9.750000E-3	9.995282E-3
9.755000E-3	1.016116E-2
9.760000E-3	1.033527E-2
9.765000E-3	1.064920E-2
9.770000E-3	1.113999E-2
9.775000E-3	1.157182E-2
9.780000E-3	1.184875E-2
9.785000E-3	1.212019E-2
9.790000E-3	1.202559E-2
9.795000E-3	1.185423E-2
9.800000E-3	1.156634E-2
9.805000E-3	1.121402E-2
9.810000E-3	1.081920E-2
9.815000E-3	1.058340E-2
9.820000E-3	1.044357E-2
9.825000E-3	1.024479E-2
9.830000E-3	1.024342E-2
9.835000E-3	1.037228E-2
9.840000E-3	1.040518E-2
9.845000E-3	1.071364E-2
9.850000E-3	1.066154E-2
9.855000E-3	1.064920E-2
9.860000E-3	1.035446E-2
9.865000E-3	1.017076E-2
9.870000E-3	9.918511E-3
9.875000E-3	9.651184E-3
9.880000E-3	9.597719E-3
9.885000E-3	9.404421E-3
9.890000E-3	9.254992E-3
9.895000E-3	9.287894E-3
9.900000E-3	9.385228E-3
9.905000E-3	9.434581E-3
9.910000E-3	9.456515E-3
9.915000E-3	9.589493E-3
9.920000E-3	9.651184E-3
9.925000E-3	9.559333E-3
9.930000E-3	9.696424E-3
9.935000E-3	9.621024E-3
9.940000E-3	9.660780E-3
9.945000E-3	1.005560E-2
9.950000E-3	1.037639E-2
9.955000E-3	1.062727E-2
9.960000E-3	1.125515E-2
9.965000E-3	1.145804E-2
9.970000E-3	1.180625E-2
9.975000E-3	1.185149E-2
9.980000E-3	1.197624E-2
9.985000E-3	1.193511E-2
9.990000E-3	1.177746E-2
9.995000E-3	1.135385E-2
