0.000000E+0	-1.462758E-3
5.000000E-6	-1.639605E-3
1.000000E-5	-1.699924E-3
1.500000E-5	-1.575172E-3
2.000000E-5	-1.427114E-3
2.500000E-5	-1.206398E-3
3.000000E-5	-1.239300E-3
3.500000E-5	-1.220107E-3
4.000000E-5	-1.276314E-3
4.500000E-5	-1.582026E-3
5.000000E-5	-1.436710E-3
5.500000E-5	-1.427114E-3
6.000000E-5	-1.210511E-3
6.500000E-5	-1.222849E-3
7.000000E-5	-1.266718E-3
7.500000E-5	-1.412034E-3
8.000000E-5	-1.457274E-3
8.500000E-5	-1.462758E-3
9.000000E-5	-1.443565E-3
9.500000E-5	-1.402438E-3
1.000000E-4	-1.290023E-3
1.050000E-4	-1.420259E-3
1.100000E-4	-1.543641E-3
1.150000E-4	-1.438081E-3
1.200000E-4	-1.687586E-3
1.250000E-4	-1.451790E-3
1.300000E-4	-1.338005E-3
1.350000E-4	-1.494288E-3
1.400000E-4	-1.409292E-3
1.450000E-4	-1.518965E-3
1.500000E-4	-1.606703E-3
1.550000E-4	-1.351714E-3
1.600000E-4	-1.402438E-3
1.650000E-4	-1.316071E-3
1.700000E-4	-1.424372E-3
1.750000E-4	-1.477838E-3
1.800000E-4	-1.473725E-3
1.850000E-4	-1.296878E-3
1.900000E-4	-1.379132E-3
1.950000E-4	-1.444936E-3
2.000000E-4	-1.460016E-3
2.050000E-4	-1.449049E-3
2.100000E-4	-1.539528E-3
2.150000E-4	-1.517594E-3
2.200000E-4	-1.468241E-3
2.250000E-4	-1.376390E-3
2.300000E-4	-1.451790E-3
2.350000E-4	-1.473725E-3
2.400000E-4	-1.425743E-3
2.450000E-4	-1.339376E-3
2.500000E-4	-1.333892E-3
2.550000E-4	-1.316071E-3
2.600000E-4	-1.242042E-3
2.650000E-4	-1.491547E-3
2.700000E-4	-1.351714E-3
2.750000E-4	-1.443565E-3
2.800000E-4	-1.545012E-3
2.850000E-4	-1.605332E-3
2.900000E-4	-1.451790E-3
2.950000E-4	-1.583397E-3
3.000000E-4	-1.479208E-3
3.050000E-4	-1.418889E-3
3.100000E-4	-1.291394E-3
3.150000E-4	-1.439452E-3
3.200000E-4	-1.473725E-3
3.250000E-4	-1.539528E-3
3.300000E-4	-1.566947E-3
3.350000E-4	-1.572430E-3
3.400000E-4	-1.524448E-3
3.450000E-4	-1.528561E-3
3.500000E-4	-1.503885E-3
3.550000E-4	-1.291394E-3
3.600000E-4	-1.265347E-3
3.650000E-4	-1.396954E-3
3.700000E-4	-1.438081E-3
3.750000E-4	-1.322925E-3
3.800000E-4	-1.388729E-3
3.850000E-4	-1.720488E-3
3.900000E-4	-1.507998E-3
3.950000E-4	-1.586139E-3
4.000000E-4	-1.420259E-3
4.050000E-4	-1.281798E-3
4.100000E-4	-1.368165E-3
4.150000E-4	-1.207769E-3
4.200000E-4	-1.329780E-3
4.250000E-4	-1.311958E-3
4.300000E-4	-1.523077E-3
4.350000E-4	-1.229703E-3
4.400000E-4	-1.287282E-3
4.450000E-4	-1.497030E-3
4.500000E-4	-1.518965E-3
4.550000E-4	-1.277685E-3
4.600000E-4	-1.350343E-3
4.650000E-4	-1.322925E-3
4.700000E-4	-1.384616E-3
4.750000E-4	-1.394212E-3
4.800000E-4	-1.390100E-3
4.850000E-4	-1.258492E-3
4.900000E-4	-1.220107E-3
4.950000E-4	-1.325667E-3
5.000000E-4	-1.279056E-3
5.050000E-4	-1.285911E-3
5.100000E-4	-1.376390E-3
5.150000E-4	-1.413405E-3
5.200000E-4	-1.392841E-3
5.250000E-4	-1.462758E-3
5.300000E-4	-1.336634E-3
5.350000E-4	-1.395583E-3
5.400000E-4	-1.403809E-3
5.450000E-4	-1.329780E-3
5.500000E-4	-1.432598E-3
5.550000E-4	-1.599848E-3
5.600000E-4	-1.443565E-3
5.650000E-4	-1.291394E-3
5.700000E-4	-1.194060E-3
5.750000E-4	-1.169384E-3
5.800000E-4	-1.162529E-3
5.850000E-4	-1.257122E-3
5.900000E-4	-1.210511E-3
5.950000E-4	-1.392841E-3
6.000000E-4	-1.396954E-3
6.050000E-4	-1.353085E-3
6.100000E-4	-1.355827E-3
6.150000E-4	-1.517594E-3
6.200000E-4	-1.501143E-3
6.250000E-4	-1.269460E-3
6.300000E-4	-1.176238E-3
6.350000E-4	-1.316071E-3
6.400000E-4	-1.296878E-3
6.450000E-4	-1.535416E-3
6.500000E-4	-1.491547E-3
6.550000E-4	-1.333892E-3
6.600000E-4	-1.473725E-3
6.650000E-4	-1.268089E-3
6.700000E-4	-1.236558E-3
6.750000E-4	-1.139224E-3
6.800000E-4	-1.450419E-3
6.850000E-4	-1.488805E-3
6.900000E-4	-1.257122E-3
6.950000E-4	-1.233816E-3
7.000000E-4	-1.325667E-3
7.050000E-4	-1.316071E-3
7.100000E-4	-1.380503E-3
7.150000E-4	-1.420259E-3
7.200000E-4	-1.435339E-3
7.250000E-4	-1.576543E-3
7.300000E-4	-1.603961E-3
7.350000E-4	-1.560092E-3
7.400000E-4	-1.433969E-3
7.450000E-4	-1.509368E-3
7.500000E-4	-1.447678E-3
7.550000E-4	-1.327038E-3
7.600000E-4	-1.244783E-3
7.650000E-4	-1.497030E-3
7.700000E-4	-1.487434E-3
7.750000E-4	-1.612186E-3
7.800000E-4	-1.412034E-3
7.850000E-4	-1.279056E-3
7.900000E-4	-1.310587E-3
7.950000E-4	-1.320183E-3
8.000000E-4	-1.327038E-3
8.050000E-4	-1.292765E-3
8.100000E-4	-1.340747E-3
8.150000E-4	-1.390100E-3
8.200000E-4	-1.369536E-3
8.250000E-4	-1.251638E-3
8.300000E-4	-1.338005E-3
8.350000E-4	-1.476467E-3
8.400000E-4	-1.409292E-3
8.450000E-4	-1.366794E-3
8.500000E-4	-1.412034E-3
8.550000E-4	-1.514852E-3
8.600000E-4	-1.331151E-3
8.650000E-4	-1.317441E-3
8.700000E-4	-1.329780E-3
8.750000E-4	-1.376390E-3
8.800000E-4	-1.591623E-3
8.850000E-4	-1.603961E-3
8.900000E-4	-1.492918E-3
8.950000E-4	-1.370907E-3
9.000000E-4	-1.328409E-3
9.050000E-4	-1.473725E-3
9.100000E-4	-1.560092E-3
9.150000E-4	-1.481950E-3
9.200000E-4	-1.554608E-3
9.250000E-4	-1.406550E-3
9.300000E-4	-1.376390E-3
9.350000E-4	-1.274943E-3
9.400000E-4	-1.299620E-3
9.450000E-4	-1.395583E-3
9.500000E-4	-1.369536E-3
9.550000E-4	-1.346231E-3
9.600000E-4	-1.338005E-3
9.650000E-4	-1.501143E-3
9.700000E-4	-1.517594E-3
9.750000E-4	-1.383245E-3
9.800000E-4	-1.290023E-3
9.850000E-4	-1.407921E-3
9.900000E-4	-1.412034E-3
9.950000E-4	-1.401067E-3
1.000000E-3	-1.317441E-3
1.005000E-3	-1.196802E-3
1.010000E-3	-1.350343E-3
1.015000E-3	-1.296878E-3
1.020000E-3	-1.388729E-3
1.025000E-3	-1.524448E-3
1.030000E-3	-1.494288E-3
1.035000E-3	-1.387358E-3
1.040000E-3	-1.539528E-3
1.045000E-3	-1.429856E-3
1.050000E-3	-1.381874E-3
1.055000E-3	-1.383245E-3
1.060000E-3	-1.332521E-3
1.065000E-3	-1.276314E-3
1.070000E-3	-1.383245E-3
1.075000E-3	-1.398325E-3
1.080000E-3	-1.346231E-3
1.085000E-3	-1.516223E-3
1.090000E-3	-1.366794E-3
1.095000E-3	-1.423001E-3
1.100000E-3	-1.258492E-3
1.105000E-3	-1.290023E-3
1.110000E-3	-1.257122E-3
1.115000E-3	-1.239300E-3
1.120000E-3	-1.222849E-3
1.125000E-3	-1.130998E-3
1.130000E-3	-1.188576E-3
1.135000E-3	-1.365423E-3
1.140000E-3	-1.417518E-3
1.145000E-3	-1.554608E-3
1.150000E-3	-1.454532E-3
1.155000E-3	-1.512110E-3
1.160000E-3	-1.514852E-3
1.165000E-3	-1.370907E-3
1.170000E-3	-1.314700E-3
1.175000E-3	-1.211882E-3
1.180000E-3	-1.202285E-3
1.185000E-3	-1.453161E-3
1.190000E-3	-1.398325E-3
1.195000E-3	-1.248896E-3
1.200000E-3	-1.383245E-3
1.205000E-3	-1.355827E-3
1.210000E-3	-1.398325E-3
1.215000E-3	-1.151562E-3
1.220000E-3	-1.296878E-3
1.225000E-3	-1.384616E-3
1.230000E-3	-1.402438E-3
1.235000E-3	-1.365423E-3
1.240000E-3	-1.417518E-3
1.245000E-3	-1.318812E-3
1.250000E-3	-1.418889E-3
1.255000E-3	-1.416147E-3
1.260000E-3	-1.438081E-3
1.265000E-3	-1.284540E-3
1.270000E-3	-1.303732E-3
1.275000E-3	-1.141965E-3
1.280000E-3	-1.194060E-3
1.285000E-3	-1.447678E-3
1.290000E-3	-1.409292E-3
1.295000E-3	-1.554608E-3
1.300000E-3	-1.551867E-3
1.305000E-3	-1.468241E-3
1.310000E-3	-1.423001E-3
1.315000E-3	-1.328409E-3
1.320000E-3	-1.279056E-3
1.325000E-3	-1.265347E-3
1.330000E-3	-1.237929E-3
1.335000E-3	-1.272202E-3
1.340000E-3	-1.294136E-3
1.345000E-3	-1.376390E-3
1.350000E-3	-1.305103E-3
1.355000E-3	-1.174867E-3
1.360000E-3	-1.288652E-3
1.365000E-3	-1.468241E-3
1.370000E-3	-1.379132E-3
1.375000E-3	-1.206398E-3
1.380000E-3	-1.276314E-3
1.385000E-3	-1.365423E-3
1.390000E-3	-1.401067E-3
1.395000E-3	-1.480579E-3
1.400000E-3	-1.414776E-3
1.405000E-3	-1.395583E-3
1.410000E-3	-1.236558E-3
1.415000E-3	-1.410663E-3
1.420000E-3	-1.465499E-3
1.425000E-3	-1.550496E-3
1.430000E-3	-1.391470E-3
1.435000E-3	-1.421630E-3
1.440000E-3	-1.461387E-3
1.445000E-3	-1.387358E-3
1.450000E-3	-1.251638E-3
1.455000E-3	-1.348972E-3
1.460000E-3	-1.361310E-3
1.465000E-3	-1.458645E-3
1.470000E-3	-1.498401E-3
1.475000E-3	-1.322925E-3
1.480000E-3	-1.387358E-3
1.485000E-3	-1.266718E-3
1.490000E-3	-1.329780E-3
1.495000E-3	-1.224220E-3
1.500000E-3	-1.348972E-3
1.505000E-3	-1.350343E-3
1.510000E-3	-1.283169E-3
1.515000E-3	-1.372278E-3
1.520000E-3	-1.365423E-3
1.525000E-3	-1.274943E-3
1.530000E-3	-1.183093E-3
1.535000E-3	-1.406550E-3
1.540000E-3	-1.438081E-3
1.545000E-3	-1.348972E-3
1.550000E-3	-1.614928E-3
1.555000E-3	-1.538157E-3
1.560000E-3	-1.203656E-3
1.565000E-3	-1.296878E-3
1.570000E-3	-1.451790E-3
1.575000E-3	-1.379132E-3
1.580000E-3	-1.479208E-3
1.585000E-3	-1.547754E-3
1.590000E-3	-1.534045E-3
1.595000E-3	-1.347601E-3
1.600000E-3	-1.287282E-3
1.605000E-3	-1.235187E-3
1.610000E-3	-1.237929E-3
1.615000E-3	-1.310587E-3
1.620000E-3	-1.388729E-3
1.625000E-3	-1.379132E-3
1.630000E-3	-1.217365E-3
1.635000E-3	-1.254380E-3
1.640000E-3	-1.383245E-3
1.645000E-3	-1.443565E-3
1.650000E-3	-1.235187E-3
1.655000E-3	-1.311958E-3
1.660000E-3	-1.321554E-3
1.665000E-3	-1.331151E-3
1.670000E-3	-1.311958E-3
1.675000E-3	-1.488805E-3
1.680000E-3	-1.380503E-3
1.685000E-3	-1.309216E-3
1.690000E-3	-1.383245E-3
1.695000E-3	-1.444936E-3
1.700000E-3	-1.435339E-3
1.705000E-3	-1.573801E-3
1.710000E-3	-1.573801E-3
1.715000E-3	-1.443565E-3
1.720000E-3	-1.385987E-3
1.725000E-3	-1.392841E-3
1.730000E-3	-1.246154E-3
1.735000E-3	-1.320183E-3
1.740000E-3	-1.369536E-3
1.745000E-3	-1.535416E-3
1.750000E-3	-1.483321E-3
1.755000E-3	-1.406550E-3
1.760000E-3	-1.443565E-3
1.765000E-3	-1.206398E-3
1.770000E-3	-1.272202E-3
1.775000E-3	-1.309216E-3
1.780000E-3	-1.239300E-3
1.785000E-3	-1.213253E-3
1.790000E-3	-1.388729E-3
1.795000E-3	-1.457274E-3
1.800000E-3	-1.476467E-3
1.805000E-3	-1.427114E-3
1.810000E-3	-1.361310E-3
1.815000E-3	-1.566947E-3
1.820000E-3	-1.457274E-3
1.825000E-3	-1.396954E-3
1.830000E-3	-1.324296E-3
1.835000E-3	-1.402438E-3
1.840000E-3	-1.464128E-3
1.845000E-3	-1.294136E-3
1.850000E-3	-1.505256E-3
1.855000E-3	-1.266718E-3
1.860000E-3	-1.259863E-3
1.865000E-3	-1.277685E-3
1.870000E-3	-1.499772E-3
1.875000E-3	-1.406550E-3
1.880000E-3	-1.310587E-3
1.885000E-3	-1.292765E-3
1.890000E-3	-1.344860E-3
1.895000E-3	-1.435339E-3
1.900000E-3	-1.306474E-3
1.905000E-3	-1.387358E-3
1.910000E-3	-1.292765E-3
1.915000E-3	-1.225591E-3
1.920000E-3	-1.294136E-3
1.925000E-3	-1.283169E-3
1.930000E-3	-1.340747E-3
1.935000E-3	-1.468241E-3
1.940000E-3	-1.407921E-3
1.945000E-3	-1.290023E-3
1.950000E-3	-1.117289E-3
1.955000E-3	-1.313329E-3
1.960000E-3	-1.354456E-3
1.965000E-3	-1.294136E-3
1.970000E-3	-1.295507E-3
1.975000E-3	-1.266718E-3
1.980000E-3	-1.251638E-3
1.985000E-3	-1.307845E-3
1.990000E-3	-1.413405E-3
1.995000E-3	-1.381874E-3
2.000000E-3	-1.250267E-3
2.005000E-3	-1.130998E-3
2.010000E-3	-1.303732E-3
2.015000E-3	-1.377761E-3
2.020000E-3	-1.435339E-3
2.025000E-3	-1.354456E-3
2.030000E-3	-1.325667E-3
2.035000E-3	-1.246154E-3
2.040000E-3	-1.176238E-3
2.045000E-3	-1.343489E-3
2.050000E-3	-1.311958E-3
2.055000E-3	-1.318812E-3
2.060000E-3	-1.221478E-3
2.065000E-3	-1.170754E-3
2.070000E-3	-1.318812E-3
2.075000E-3	-1.398325E-3
2.080000E-3	-1.443565E-3
2.085000E-3	-1.113176E-3
2.090000E-3	-1.276314E-3
2.095000E-3	-1.401067E-3
2.100000E-3	-1.379132E-3
2.105000E-3	-1.191318E-3
2.110000E-3	-1.229703E-3
2.115000E-3	-1.248896E-3
2.120000E-3	-1.351714E-3
2.125000E-3	-1.313329E-3
2.130000E-3	-1.281798E-3
2.135000E-3	-1.369536E-3
2.140000E-3	-1.425743E-3
2.145000E-3	-1.325667E-3
2.150000E-3	-1.309216E-3
2.155000E-3	-1.269460E-3
2.160000E-3	-1.313329E-3
2.165000E-3	-1.328409E-3
2.170000E-3	-1.373649E-3
2.175000E-3	-1.317441E-3
2.180000E-3	-1.438081E-3
2.185000E-3	-1.300991E-3
2.190000E-3	-1.226962E-3
2.195000E-3	-1.322925E-3
2.200000E-3	-1.372278E-3
2.205000E-3	-1.451790E-3
2.210000E-3	-1.431227E-3
2.215000E-3	-1.447678E-3
2.220000E-3	-1.237929E-3
2.225000E-3	-1.205027E-3
2.230000E-3	-1.254380E-3
2.235000E-3	-1.354456E-3
2.240000E-3	-1.362681E-3
2.245000E-3	-1.512110E-3
2.250000E-3	-1.520336E-3
2.255000E-3	-1.462758E-3
2.260000E-3	-1.332521E-3
2.265000E-3	-1.370907E-3
2.270000E-3	-1.435339E-3
2.275000E-3	-1.466870E-3
2.280000E-3	-1.462758E-3
2.285000E-3	-1.407921E-3
2.290000E-3	-1.124144E-3
2.295000E-3	-1.302361E-3
2.300000E-3	-1.228333E-3
2.305000E-3	-1.351714E-3
2.310000E-3	-1.366794E-3
2.315000E-3	-1.236558E-3
2.320000E-3	-1.303732E-3
2.325000E-3	-1.292765E-3
2.330000E-3	-1.383245E-3
2.335000E-3	-1.394212E-3
2.340000E-3	-1.643717E-3
2.345000E-3	-1.440823E-3
2.350000E-3	-1.479208E-3
2.355000E-3	-1.350343E-3
2.360000E-3	-1.634121E-3
2.365000E-3	-1.181722E-3
2.370000E-3	-1.669765E-3
2.375000E-3	-1.178980E-3
2.380000E-3	-1.686215E-3
2.385000E-3	-9.143949E-4
2.390000E-3	-1.941204E-3
2.395000E-3	-6.977916E-4
2.400000E-3	-2.086520E-3
2.405000E-3	-5.401373E-4
2.410000E-3	-2.569079E-3
2.415000E-3	6.854534E-6
2.420000E-3	-2.729475E-3
2.425000E-3	4.044175E-4
2.430000E-3	-3.535569E-3
2.435000E-3	1.228333E-3
2.440000E-3	1.192689E-4
2.445000E-3	-1.827419E-3
2.450000E-3	-2.647632E-2
2.455000E-3	3.695965E-3
2.460000E-3	-1.161076E-1
2.465000E-3	-1.358377E-1
2.470000E-3	-9.099942E-2
2.475000E-3	-1.903024E-1
2.480000E-3	-5.612355E-2
2.485000E-3	-7.187665E-3
2.490000E-3	-1.957408E-1
2.495000E-3	2.994746E-2
2.500000E-3	2.045379E-1
2.505000E-3	2.180414E-1
2.510000E-3	3.964279E-1
2.515000E-3	3.630381E-1
2.520000E-3	8.694977E-2
2.525000E-3	6.748152E-2
2.530000E-3	1.416860E-1
2.535000E-3	-1.763233E-1
2.540000E-3	-3.363520E-2
2.545000E-3	1.723244E-1
2.550000E-3	-3.302007E-1
2.555000E-3	-2.636912E-1
2.560000E-3	1.063412E-1
2.565000E-3	-1.413268E-1
2.570000E-3	-3.272958E-1
2.575000E-3	-2.500945E-2
2.580000E-3	-5.598372E-2
2.585000E-3	-3.464049E-1
2.590000E-3	1.941149E-1
2.595000E-3	2.961104E-1
2.600000E-3	-2.540839E-1
2.605000E-3	6.128091E-2
2.610000E-3	2.586092E-1
2.615000E-3	-7.469797E-2
2.620000E-3	8.062166E-2
2.625000E-3	2.881166E-1
2.630000E-3	-3.167892E-2
2.635000E-3	3.719270E-3
2.640000E-3	2.503358E-1
2.645000E-3	-8.987528E-2
2.650000E-3	-2.038634E-1
2.655000E-3	1.728055E-1
2.660000E-3	-1.183271E-1
2.665000E-3	-2.716534E-1
2.670000E-3	4.559636E-3
2.675000E-3	-5.640733E-2
2.680000E-3	-1.531234E-1
2.685000E-3	2.462149E-2
2.690000E-3	6.415021E-2
2.695000E-3	-9.638298E-2
2.700000E-3	3.334457E-2
2.705000E-3	1.236147E-1
2.710000E-3	-1.253420E-2
2.715000E-3	1.553004E-1
2.720000E-3	1.189056E-1
2.725000E-3	-9.516561E-2
2.730000E-3	5.261952E-2
2.735000E-3	1.340144E-1
2.740000E-3	-8.746934E-2
2.745000E-3	-3.821951E-2
2.750000E-3	1.471545E-1
2.755000E-3	-5.664587E-2
2.760000E-3	-1.330095E-1
2.765000E-3	7.006979E-2
2.770000E-3	-1.098220E-1
2.775000E-3	-1.957888E-1
2.780000E-3	9.028518E-2
2.785000E-3	5.809355E-2
2.790000E-3	-1.113382E-1
2.795000E-3	-2.702880E-2
2.800000E-3	-1.563519E-2
2.805000E-3	-7.862699E-2
2.810000E-3	7.408792E-2
2.815000E-3	1.043836E-1
2.820000E-3	-2.644479E-2
2.825000E-3	5.108684E-2
2.830000E-3	8.768320E-2
2.835000E-3	-1.740366E-2
2.840000E-3	1.427251E-2
2.845000E-3	7.514077E-2
2.850000E-3	-5.294579E-2
2.855000E-3	-5.510223E-2
2.860000E-3	2.979940E-2
2.865000E-3	-8.644527E-2
2.870000E-3	-3.563398E-2
2.875000E-3	1.290736E-1
2.880000E-3	-3.742027E-2
2.885000E-3	-1.169562E-1
2.890000E-3	7.241952E-2
2.895000E-3	5.641282E-3
2.900000E-3	-6.395829E-2
2.905000E-3	1.020750E-1
2.910000E-3	8.820415E-3
2.915000E-3	-9.909189E-2
2.920000E-3	7.376027E-2
2.925000E-3	2.153283E-2
2.930000E-3	-1.137921E-1
2.935000E-3	5.564511E-2
2.940000E-3	7.193011E-2
2.945000E-3	-8.592981E-2
2.950000E-3	-2.861631E-2
2.955000E-3	2.922773E-2
2.960000E-3	-7.521892E-2
2.965000E-3	-2.159590E-2
2.970000E-3	7.169157E-2
2.975000E-3	-4.743338E-2
2.980000E-3	-2.579361E-2
2.985000E-3	6.158251E-2
2.990000E-3	-3.307450E-2
2.995000E-3	-2.728105E-3
3.000000E-3	8.055037E-2
3.005000E-3	-2.144647E-2
3.010000E-3	-1.658386E-2
3.015000E-3	5.639362E-2
3.020000E-3	-2.906048E-2
3.025000E-3	-4.527283E-2
3.030000E-3	4.614884E-2
3.035000E-3	-2.233618E-2
3.040000E-3	-4.448318E-2
3.045000E-3	6.776667E-2
3.050000E-3	-4.621327E-3
3.055000E-3	-6.473285E-2
3.060000E-3	3.233558E-2
3.065000E-3	-1.318949E-2
3.070000E-3	-4.755127E-2
3.075000E-3	1.754075E-2
3.080000E-3	1.222575E-2
3.085000E-3	-1.338553E-2
3.090000E-3	6.106019E-3
3.095000E-3	2.328074E-2
3.100000E-3	1.054364E-2
3.105000E-3	3.340900E-2
3.110000E-3	3.813726E-2
3.115000E-3	-2.510816E-2
3.120000E-3	1.043260E-3
3.125000E-3	4.403353E-2
3.130000E-3	-1.139086E-2
3.135000E-3	-2.295858E-2
3.140000E-3	1.726383E-2
3.145000E-3	-9.397566E-3
3.150000E-3	-5.398631E-2
3.155000E-3	1.420259E-2
3.160000E-3	3.796041E-3
3.165000E-3	-3.871989E-2
3.170000E-3	5.396301E-2
3.175000E-3	2.302575E-2
3.180000E-3	-4.761845E-2
3.185000E-3	5.653620E-3
3.190000E-3	-5.737245E-3
3.195000E-3	-3.741068E-2
3.200000E-3	1.128256E-2
3.205000E-3	2.829552E-2
3.210000E-3	-2.101189E-2
3.215000E-3	-5.065501E-3
3.220000E-3	6.635189E-3
3.225000E-3	-5.041236E-2
3.230000E-3	-6.762683E-3
3.235000E-3	2.680397E-2
3.240000E-3	-1.328820E-2
3.245000E-3	1.477426E-2
3.250000E-3	2.127922E-2
3.255000E-3	-2.175081E-2
3.260000E-3	-1.300716E-2
3.265000E-3	2.766079E-2
3.270000E-3	8.113027E-3
3.275000E-3	-2.427465E-2
3.280000E-3	8.761466E-3
3.285000E-3	-1.671135E-2
3.290000E-3	-2.796787E-2
3.295000E-3	8.753240E-3
3.300000E-3	-2.415538E-2
3.305000E-3	-2.991593E-2
3.310000E-3	2.171516E-3
3.315000E-3	-5.512416E-3
3.320000E-3	-1.055872E-2
3.325000E-3	1.499772E-2
3.330000E-3	2.575934E-2
3.335000E-3	-7.781267E-3
3.340000E-3	3.345013E-4
3.345000E-3	1.262605E-2
3.350000E-3	-7.105410E-3
3.355000E-3	1.411349E-2
3.360000E-3	2.235538E-2
3.365000E-3	9.085000E-3
3.370000E-3	5.357504E-3
3.375000E-3	-1.047373E-3
3.380000E-3	1.130313E-2
3.385000E-3	2.159864E-2
3.390000E-3	3.165287E-2
3.395000E-3	5.903125E-3
3.400000E-3	-2.336985E-2
3.405000E-3	-1.125377E-2
3.410000E-3	-1.835507E-2
3.415000E-3	-2.220732E-2
3.420000E-3	-1.253968E-2
3.425000E-3	-1.840168E-2
3.430000E-3	-2.217031E-2
3.435000E-3	-1.777381E-2
3.440000E-3	-1.079726E-2
3.445000E-3	-2.250755E-2
3.450000E-3	-8.033514E-3
3.455000E-3	1.012141E-2
3.460000E-3	-7.840216E-3
3.465000E-3	3.223002E-3
3.470000E-3	8.195281E-3
3.475000E-3	-1.260412E-2
3.480000E-3	-1.336086E-2
3.485000E-3	-3.375173E-3
3.490000E-3	9.249508E-3
3.495000E-3	5.480886E-3
3.500000E-3	1.427114E-2
3.505000E-3	3.733391E-2
3.510000E-3	3.153634E-2
3.515000E-3	2.601844E-2
3.520000E-3	2.440625E-2
3.525000E-3	7.856667E-3
3.530000E-3	-9.656668E-3
3.535000E-3	-1.179117E-2
3.540000E-3	-9.333134E-3
3.545000E-3	-1.996177E-2
3.550000E-3	-1.274258E-2
3.555000E-3	-1.504707E-2
3.560000E-3	-3.168714E-2
3.565000E-3	-2.100503E-2
3.570000E-3	-1.694441E-2
3.575000E-3	-1.738721E-2
3.580000E-3	-1.365834E-2
3.585000E-3	-2.223474E-2
3.590000E-3	-2.186596E-2
3.595000E-3	-1.816589E-2
3.600000E-3	-2.493680E-3
3.605000E-3	1.226139E-2
3.610000E-3	1.310313E-2
3.615000E-3	2.795827E-2
3.620000E-3	3.199148E-2
3.625000E-3	2.092826E-2
3.630000E-3	1.782179E-2
3.635000E-3	1.521569E-2
3.640000E-3	8.701146E-3
3.645000E-3	8.437932E-3
3.650000E-3	1.262879E-2
3.655000E-3	-8.930087E-3
3.660000E-3	-1.605606E-2
3.665000E-3	7.635951E-4
3.670000E-3	-1.101387E-2
3.675000E-3	-1.123047E-2
3.680000E-3	-3.552020E-3
3.685000E-3	-2.243489E-2
3.690000E-3	-3.601646E-2
3.695000E-3	-1.877457E-2
3.700000E-3	-8.579135E-3
3.705000E-3	-6.648898E-3
3.710000E-3	7.408381E-3
3.715000E-3	3.138006E-2
3.720000E-3	3.155553E-2
3.725000E-3	4.133832E-2
3.730000E-3	3.120458E-2
3.735000E-3	9.884238E-3
3.740000E-3	-1.589841E-2
3.745000E-3	-3.920931E-2
3.750000E-3	-1.996177E-2
3.755000E-3	-1.670724E-2
3.760000E-3	-2.378935E-2
3.765000E-3	-1.293588E-2
3.770000E-3	-1.338553E-2
3.775000E-3	-3.521997E-2
3.780000E-3	-3.434807E-2
3.785000E-3	-1.481676E-2
3.790000E-3	-2.039361E-2
3.795000E-3	-1.201189E-2
3.800000E-3	2.193177E-2
3.805000E-3	1.568729E-2
3.810000E-3	1.813436E-2
3.815000E-3	3.871030E-2
3.820000E-3	3.536391E-2
3.825000E-3	2.767175E-2
3.830000E-3	3.562438E-2
3.835000E-3	2.965820E-2
3.840000E-3	2.322865E-2
3.845000E-3	2.526170E-2
3.850000E-3	2.150267E-2
3.855000E-3	-3.180504E-3
3.860000E-3	-2.430618E-3
3.865000E-3	-1.403946E-2
3.870000E-3	-4.324526E-2
3.875000E-3	-5.678570E-2
3.880000E-3	-5.967832E-2
3.885000E-3	-6.310284E-2
3.890000E-3	-5.484313E-2
3.895000E-3	-3.427678E-2
3.900000E-3	-1.012963E-2
3.905000E-3	1.464677E-2
3.910000E-3	3.303337E-2
3.915000E-3	3.998935E-2
3.920000E-3	4.017168E-2
3.925000E-3	3.563261E-2
3.930000E-3	2.897412E-2
3.935000E-3	1.762986E-2
3.940000E-3	4.721403E-3
3.945000E-3	-1.505941E-2
3.950000E-3	-2.250618E-2
3.955000E-3	-1.960808E-2
3.960000E-3	-1.462895E-2
3.965000E-3	-1.168013E-2
3.970000E-3	-7.777154E-3
3.975000E-3	-6.100535E-3
3.980000E-3	-8.129478E-3
3.985000E-3	6.470680E-4
3.990000E-3	5.883932E-3
3.995000E-3	-7.667482E-3
4.000000E-3	-7.997870E-3
4.005000E-3	3.934503E-4
4.010000E-3	2.400458E-3
4.015000E-3	3.807008E-3
4.020000E-3	6.052554E-3
4.025000E-3	8.509219E-3
4.030000E-3	1.096588E-2
4.035000E-3	2.123398E-2
4.040000E-3	1.908851E-2
4.045000E-3	1.398051E-2
4.050000E-3	1.260000E-2
4.055000E-3	3.516376E-3
4.060000E-3	-1.728714E-3
4.065000E-3	-1.217914E-2
4.070000E-3	-2.610755E-2
4.075000E-3	-2.464205E-2
4.080000E-3	-1.937777E-2
4.085000E-3	-1.793283E-2
4.090000E-3	-9.604573E-3
4.095000E-3	3.528714E-3
4.100000E-3	5.305409E-4
4.105000E-3	-3.366947E-3
4.110000E-3	3.066719E-3
4.115000E-3	9.664893E-4
4.120000E-3	-4.778981E-3
4.125000E-3	3.509521E-4
4.130000E-3	5.203962E-3
4.135000E-3	2.920032E-3
4.140000E-3	4.267633E-3
4.145000E-3	6.594062E-4
4.150000E-3	-4.958570E-3
4.155000E-3	-4.336178E-3
4.160000E-3	-1.087129E-3
4.165000E-3	-2.632141E-3
4.170000E-3	-2.828181E-3
4.175000E-3	-3.749430E-3
4.180000E-3	-9.311199E-3
4.185000E-3	-1.007342E-2
4.190000E-3	-6.784618E-3
4.195000E-3	-5.449355E-3
4.200000E-3	6.361008E-4
4.205000E-3	7.228792E-3
4.210000E-3	1.122773E-2
4.215000E-3	1.758599E-2
4.220000E-3	1.733649E-2
4.225000E-3	1.014471E-2
4.230000E-3	5.896270E-3
4.235000E-3	4.481494E-3
4.240000E-3	-2.179742E-4
4.245000E-3	-3.471136E-3
4.250000E-3	-5.339682E-3
4.255000E-3	-1.206535E-2
4.260000E-3	-1.459467E-2
4.265000E-3	-9.483933E-3
4.270000E-3	-7.845700E-3
4.275000E-3	-8.547604E-3
4.280000E-3	-6.918967E-3
4.285000E-3	-4.088044E-3
4.290000E-3	-4.190862E-3
4.295000E-3	-1.743793E-3
4.300000E-3	3.793299E-3
4.305000E-3	3.000915E-3
4.310000E-3	1.424372E-3
4.315000E-3	-1.055598E-4
4.320000E-3	-3.802896E-3
4.325000E-3	-4.375935E-3
4.330000E-3	-3.409445E-3
4.335000E-3	-3.701448E-5
4.340000E-3	5.319118E-3
4.345000E-3	9.349585E-3
4.350000E-3	9.356439E-3
4.355000E-3	5.357504E-3
4.360000E-3	1.084387E-3
4.365000E-3	-7.253468E-3
4.370000E-3	-1.324433E-2
4.375000E-3	-1.530480E-2
4.380000E-3	-2.101874E-2
4.385000E-3	-2.276391E-2
4.390000E-3	-1.665652E-2
4.395000E-3	-5.013406E-3
4.400000E-3	6.531000E-3
4.405000E-3	1.700199E-2
4.410000E-3	2.053618E-2
4.415000E-3	1.485926E-2
4.420000E-3	1.272750E-2
4.425000E-3	1.047647E-2
4.430000E-3	2.629399E-3
4.435000E-3	6.223917E-4
4.440000E-3	1.232445E-3
4.445000E-3	-1.018584E-3
4.450000E-3	-1.613557E-3
4.455000E-3	1.008987E-3
4.460000E-3	2.092004E-3
4.465000E-3	2.415538E-3
4.470000E-3	7.482409E-3
4.475000E-3	2.713025E-3
4.480000E-3	-7.903278E-3
4.485000E-3	-7.555068E-3
4.490000E-3	-7.537246E-3
4.495000E-3	-1.076162E-2
4.500000E-3	-1.062453E-2
4.505000E-3	-8.956134E-3
4.510000E-3	-8.854687E-3
4.515000E-3	-7.742882E-3
4.520000E-3	-5.637169E-3
4.525000E-3	-6.927192E-3
4.530000E-3	-8.254230E-3
4.535000E-3	-8.129478E-3
4.540000E-3	-6.765425E-3
4.545000E-3	-1.890481E-3
4.550000E-3	2.253771E-3
4.555000E-3	4.936635E-3
4.560000E-3	6.666720E-3
4.565000E-3	3.826201E-3
4.570000E-3	-4.784465E-4
4.575000E-3	-7.212341E-3
4.580000E-3	-1.218462E-2
4.585000E-3	-8.267939E-3
4.590000E-3	2.998173E-3
4.595000E-3	1.698279E-2
4.600000E-3	2.282834E-2
4.605000E-3	1.825637E-2
4.610000E-3	1.158416E-2
4.615000E-3	6.866872E-3
4.620000E-3	5.922318E-4
4.625000E-3	-3.003657E-3
4.630000E-3	-1.255751E-3
4.635000E-3	-5.593300E-4
4.640000E-3	-1.560092E-3
4.645000E-3	2.947450E-4
4.650000E-3	1.535416E-4
4.655000E-3	-9.116530E-4
4.660000E-3	2.810359E-4
4.665000E-3	-9.377003E-4
4.670000E-3	-4.898250E-3
4.675000E-3	-8.091092E-3
4.680000E-3	-1.069444E-2
4.685000E-3	-1.400107E-2
4.690000E-3	-1.523763E-2
4.695000E-3	-1.294684E-2
4.700000E-3	-1.253420E-2
4.705000E-3	-1.242864E-2
4.710000E-3	-8.295357E-3
4.715000E-3	-3.305256E-3
4.720000E-3	9.706020E-4
4.725000E-3	7.472813E-3
4.730000E-3	1.035309E-2
4.735000E-3	7.234275E-3
4.740000E-3	8.506477E-3
4.745000E-3	1.095355E-2
4.750000E-3	7.001221E-3
4.755000E-3	4.492462E-3
4.760000E-3	1.407921E-3
4.765000E-3	-3.317595E-3
4.770000E-3	-2.008379E-3
4.775000E-3	-7.910132E-4
4.780000E-3	-4.351258E-3
4.785000E-3	-6.358266E-3
4.790000E-3	-7.912874E-3
4.795000E-3	-1.113451E-2
4.800000E-3	-1.259589E-2
4.805000E-3	-1.392293E-2
4.810000E-3	-1.523900E-2
4.815000E-3	-1.026946E-2
4.820000E-3	-4.075706E-3
4.825000E-3	-1.177609E-3
4.830000E-3	2.115309E-3
4.835000E-3	3.427267E-3
4.840000E-3	2.464890E-3
4.845000E-3	1.743793E-3
4.850000E-3	2.655447E-3
4.855000E-3	3.715158E-3
4.860000E-3	1.950800E-3
4.865000E-3	3.099620E-3
4.870000E-3	6.954610E-3
4.875000E-3	6.823003E-3
4.880000E-3	6.628335E-3
4.885000E-3	4.991472E-3
4.890000E-3	1.284540E-3
4.895000E-3	1.418889E-3
4.900000E-3	1.321554E-3
4.905000E-3	-6.607771E-3
4.910000E-3	-1.321554E-2
4.915000E-3	-1.478386E-2
4.920000E-3	-1.724601E-2
4.925000E-3	-1.367205E-2
4.930000E-3	-4.293680E-3
4.935000E-3	-1.974106E-4
4.940000E-3	2.895355E-3
4.945000E-3	5.707085E-3
4.950000E-3	2.896726E-3
4.955000E-3	2.422392E-3
4.960000E-3	5.993605E-3
4.965000E-3	8.699775E-3
4.970000E-3	9.903431E-3
4.975000E-3	1.003641E-2
4.980000E-3	6.084085E-3
4.985000E-3	6.690025E-4
4.990000E-3	-4.031837E-3
4.995000E-3	-6.694138E-3
5.000000E-3	-1.204479E-2
5.005000E-3	-1.621372E-2
5.010000E-3	-1.878965E-2
5.015000E-3	-5.094427E-2
5.020000E-3	-8.839607E-2
5.025000E-3	-2.727419E-2
5.030000E-3	-6.411731E-3
5.035000E-3	-4.896879E-2
5.040000E-3	2.816254E-2
5.045000E-3	6.793118E-2
5.050000E-3	1.583260E-2
5.055000E-3	6.574047E-2
5.060000E-3	1.348876E-1
5.065000E-3	4.258722E-2
5.070000E-3	6.617367E-3
5.075000E-3	6.490147E-2
5.080000E-3	-8.511961E-3
5.085000E-3	-5.391777E-2
5.090000E-3	2.406901E-2
5.095000E-3	-1.889658E-2
5.100000E-3	-9.077048E-2
5.105000E-3	-3.041905E-2
5.110000E-3	-3.096467E-2
5.115000E-3	-8.462608E-2
5.120000E-3	-2.274883E-2
5.125000E-3	-1.006246E-3
5.130000E-3	-5.283064E-2
5.135000E-3	1.830161E-3
5.140000E-3	3.511852E-2
5.145000E-3	-1.489079E-2
5.150000E-3	3.214091E-2
5.155000E-3	4.511106E-2
5.160000E-3	-3.842652E-3
5.165000E-3	2.685744E-2
5.170000E-3	5.656636E-2
5.175000E-3	1.093572E-2
5.180000E-3	1.338416E-2
5.185000E-3	3.649765E-2
5.190000E-3	-1.434380E-2
5.195000E-3	-2.031547E-2
5.200000E-3	-4.999697E-3
5.205000E-3	-4.545379E-2
5.210000E-3	-4.271883E-2
5.215000E-3	-7.878602E-3
5.220000E-3	-3.330070E-2
5.225000E-3	-3.629750E-2
5.230000E-3	1.254106E-2
5.235000E-3	9.075403E-4
5.240000E-3	-1.630831E-2
5.245000E-3	2.974594E-2
5.250000E-3	3.154594E-2
5.255000E-3	-1.860321E-3
5.260000E-3	2.931547E-2
5.265000E-3	4.175782E-2
5.270000E-3	2.541661E-3
5.275000E-3	8.617520E-3
5.280000E-3	2.535903E-2
5.285000E-3	-7.354915E-3
5.290000E-3	-1.244098E-2
5.295000E-3	2.677381E-3
5.300000E-3	-2.593756E-2
5.305000E-3	-2.651471E-2
5.310000E-3	-1.191592E-2
5.315000E-3	-3.468120E-2
5.320000E-3	-3.406703E-2
5.325000E-3	-2.925515E-3
5.330000E-3	-1.590252E-2
5.335000E-3	-1.591897E-2
5.340000E-3	1.754898E-2
5.345000E-3	6.744862E-4
5.350000E-3	-1.418340E-2
5.355000E-3	1.883078E-2
5.360000E-3	2.273786E-2
5.365000E-3	1.033664E-3
5.370000E-3	2.502590E-2
5.375000E-3	2.478600E-2
5.380000E-3	-1.541448E-2
5.385000E-3	9.459257E-4
5.390000E-3	1.577502E-2
5.395000E-3	-2.072126E-2
5.400000E-3	-1.469201E-2
5.405000E-3	7.535875E-3
5.410000E-3	-2.589506E-2
5.415000E-3	-2.376604E-2
5.420000E-3	1.042712E-2
5.425000E-3	-1.639742E-2
5.430000E-3	-1.726520E-2
5.435000E-3	1.827830E-2
5.440000E-3	-3.695965E-3
5.445000E-3	-1.313466E-2
5.450000E-3	2.388942E-2
5.455000E-3	1.234776E-2
5.460000E-3	-6.095052E-3
5.465000E-3	1.977670E-2
5.470000E-3	1.504433E-2
5.475000E-3	-3.301144E-3
5.480000E-3	1.634121E-2
5.485000E-3	9.260476E-3
5.490000E-3	-1.773542E-2
5.495000E-3	-5.645394E-3
5.500000E-3	-1.069307E-2
5.505000E-3	-3.257412E-2
5.510000E-3	-1.280975E-2
5.515000E-3	-1.480579E-4
5.520000E-3	-1.327038E-2
5.525000E-3	7.097185E-3
5.530000E-3	1.569688E-2
5.535000E-3	-1.154166E-2
5.540000E-3	-2.451181E-3
5.545000E-3	7.712722E-3
5.550000E-3	-1.529521E-2
5.555000E-3	-8.987665E-3
5.560000E-3	4.805028E-3
5.565000E-3	-9.111047E-3
5.570000E-3	-3.440976E-3
5.575000E-3	1.205301E-2
5.580000E-3	-9.856820E-4
5.585000E-3	-4.733741E-3
5.590000E-3	6.920338E-3
5.595000E-3	-2.135873E-3
5.600000E-3	-5.812645E-3
5.605000E-3	3.486216E-3
5.610000E-3	-2.274334E-3
5.615000E-3	-1.675248E-3
5.620000E-3	1.082468E-2
5.625000E-3	1.083428E-2
5.630000E-3	6.292462E-4
5.635000E-3	4.744709E-3
5.640000E-3	9.228945E-3
5.645000E-3	-6.639302E-3
5.650000E-3	-7.785380E-3
5.655000E-3	-8.389950E-4
5.660000E-3	-1.156908E-2
5.665000E-3	-1.341295E-2
5.670000E-3	3.920794E-4
5.675000E-3	-1.440823E-3
5.680000E-3	-3.213406E-3
5.685000E-3	1.026672E-2
5.690000E-3	5.782485E-3
5.695000E-3	-1.987815E-4
5.700000E-3	1.083839E-2
5.705000E-3	5.039454E-3
5.710000E-3	-1.860321E-3
5.715000E-3	7.630467E-3
5.720000E-3	3.372431E-3
5.725000E-3	-4.097641E-3
5.730000E-3	3.388882E-3
5.735000E-3	-1.017213E-3
5.740000E-3	-9.758115E-3
5.745000E-3	-4.163444E-3
5.750000E-3	-4.907846E-3
5.755000E-3	-1.753664E-2
5.760000E-3	-1.412034E-2
5.765000E-3	-1.016802E-2
5.770000E-3	-2.118188E-2
5.775000E-3	-1.100838E-2
5.780000E-3	-3.353238E-3
5.785000E-3	-7.252097E-3
5.790000E-3	-9.925365E-4
5.795000E-3	7.160246E-3
5.800000E-3	4.947603E-3
5.805000E-3	6.551564E-3
5.810000E-3	1.550221E-2
5.815000E-3	8.703887E-3
5.820000E-3	6.528258E-3
5.825000E-3	1.058751E-2
5.830000E-3	-1.754761E-4
5.835000E-3	-3.121555E-3
5.840000E-3	9.692311E-4
5.845000E-3	-4.052401E-3
5.850000E-3	-8.176088E-3
5.855000E-3	-5.182028E-3
5.860000E-3	-6.653011E-3
5.865000E-3	-8.293986E-3
5.870000E-3	-3.410816E-3
5.875000E-3	-1.603961E-3
5.880000E-3	-4.928410E-3
5.885000E-3	-7.594824E-4
5.890000E-3	-2.015233E-4
5.895000E-3	-3.558874E-3
5.900000E-3	4.702210E-4
5.905000E-3	4.480124E-3
5.910000E-3	2.237320E-3
5.915000E-3	-2.604723E-5
5.920000E-3	3.539681E-3
5.925000E-3	3.262758E-4
5.930000E-3	-1.730084E-3
5.935000E-3	3.970146E-3
5.940000E-3	1.357198E-3
5.945000E-3	-1.723230E-3
5.950000E-3	4.030466E-4
5.955000E-3	-6.785989E-4
5.960000E-3	-3.741205E-3
5.965000E-3	-5.086064E-4
5.970000E-3	-6.868243E-4
5.975000E-3	-5.650878E-3
5.980000E-3	-6.259561E-3
5.985000E-3	-5.746841E-3
5.990000E-3	-6.992996E-3
5.995000E-3	-5.925059E-3
6.000000E-3	-2.989948E-3
6.005000E-3	-2.604723E-5
6.010000E-3	-1.000762E-3
6.015000E-3	-1.429856E-3
6.020000E-3	1.039147E-3
6.025000E-3	-1.144707E-3
6.030000E-3	-2.072811E-3
6.035000E-3	1.380503E-3
6.040000E-3	1.343489E-3
6.045000E-3	-2.289414E-4
6.050000E-3	1.051486E-3
6.055000E-3	-1.032293E-3
6.060000E-3	-4.619956E-3
6.065000E-3	-3.931761E-3
6.070000E-3	-6.982028E-3
6.075000E-3	-9.222090E-3
6.080000E-3	-8.803964E-3
6.085000E-3	-8.617520E-3
6.090000E-3	-7.367253E-3
6.095000E-3	-4.385531E-3
6.100000E-3	-2.984464E-3
6.105000E-3	-3.527343E-3
6.110000E-3	-2.092004E-3
6.115000E-3	-5.346537E-5
6.120000E-3	1.658797E-3
6.125000E-3	2.713025E-3
6.130000E-3	5.457580E-3
6.135000E-3	6.644785E-3
6.140000E-3	4.577458E-3
6.145000E-3	6.887436E-3
6.150000E-3	8.221328E-3
6.155000E-3	6.881952E-3
6.160000E-3	8.058190E-3
6.165000E-3	6.189644E-3
6.170000E-3	2.569079E-3
6.175000E-3	1.150191E-3
6.180000E-3	-2.750039E-3
6.185000E-3	-6.568015E-3
6.190000E-3	-5.258799E-3
6.195000E-3	-7.142425E-3
6.200000E-3	-1.100701E-2
6.205000E-3	-1.031882E-2
6.210000E-3	-1.091379E-2
6.215000E-3	-1.008028E-2
6.220000E-3	-4.733741E-3
6.225000E-3	-3.532827E-3
6.230000E-3	-2.677381E-3
6.235000E-3	2.201676E-3
6.240000E-3	4.737854E-3
6.245000E-3	6.322622E-3
6.250000E-3	1.035583E-2
6.255000E-3	1.141554E-2
6.260000E-3	1.028317E-2
6.265000E-3	1.027906E-2
6.270000E-3	7.720947E-3
6.275000E-3	2.401829E-3
6.280000E-3	-2.918661E-3
6.285000E-3	-6.872356E-3
6.290000E-3	-1.028866E-2
6.295000E-3	-1.221889E-2
6.300000E-3	-1.050800E-2
6.305000E-3	-9.049356E-3
6.310000E-3	-7.287741E-3
6.315000E-3	-3.764510E-3
6.320000E-3	-2.052248E-3
6.325000E-3	-3.320336E-3
6.330000E-3	-3.446460E-3
6.335000E-3	-3.536940E-3
6.340000E-3	-3.073573E-3
6.345000E-3	3.454685E-4
6.350000E-3	4.301906E-3
6.355000E-3	6.846309E-3
6.360000E-3	9.323537E-3
6.365000E-3	1.018721E-2
6.370000E-3	8.620262E-3
6.375000E-3	7.966340E-3
6.380000E-3	5.807161E-3
6.385000E-3	3.196955E-3
6.390000E-3	1.377761E-3
6.395000E-3	-2.111197E-4
6.400000E-3	-1.682103E-3
6.405000E-3	-5.009294E-3
6.410000E-3	-9.533286E-3
6.415000E-3	-1.366657E-2
6.420000E-3	-1.668394E-2
6.425000E-3	-1.871288E-2
6.430000E-3	-1.687723E-2
6.435000E-3	-1.188028E-2
6.440000E-3	-6.673574E-3
6.445000E-3	2.248287E-4
6.450000E-3	6.876469E-3
6.455000E-3	1.222438E-2
6.460000E-3	1.625210E-2
6.465000E-3	1.558584E-2
6.470000E-3	1.254243E-2
6.475000E-3	9.149432E-3
6.480000E-3	3.451943E-3
6.485000E-3	-1.513481E-3
6.490000E-3	-5.696118E-3
6.495000E-3	-1.058614E-2
6.500000E-3	-1.341844E-2
6.505000E-3	-1.419574E-2
6.510000E-3	-1.410252E-2
6.515000E-3	-1.154989E-2
6.520000E-3	-6.589949E-3
6.525000E-3	-2.527952E-3
6.530000E-3	2.455294E-3
6.535000E-3	6.759942E-3
6.540000E-3	7.985532E-3
6.545000E-3	8.894444E-3
6.550000E-3	8.609295E-3
6.555000E-3	7.578373E-3
6.560000E-3	7.289112E-3
6.565000E-3	5.471289E-3
6.570000E-3	3.102362E-3
6.575000E-3	3.687739E-4
6.580000E-3	-2.876163E-3
6.585000E-3	-5.223155E-3
6.590000E-3	-6.467938E-3
6.595000E-3	-8.558571E-3
6.600000E-3	-1.033527E-2
6.605000E-3	-1.096725E-2
6.610000E-3	-1.127845E-2
6.615000E-3	-1.059574E-2
6.620000E-3	-8.103430E-3
6.625000E-3	-5.400002E-3
6.630000E-3	-1.236558E-3
6.635000E-3	2.538919E-3
6.640000E-3	4.048288E-3
6.645000E-3	5.543947E-3
6.650000E-3	5.177915E-3
6.655000E-3	3.114700E-3
6.660000E-3	7.210970E-4
6.665000E-3	-1.310587E-3
6.670000E-3	-2.906322E-3
6.675000E-3	-4.388273E-3
6.680000E-3	-4.700840E-3
6.685000E-3	-3.993452E-3
6.690000E-3	-4.260778E-3
6.695000E-3	-4.537702E-3
6.700000E-3	-4.318357E-3
6.705000E-3	-4.108608E-3
6.710000E-3	-4.020870E-3
6.715000E-3	-3.697336E-3
6.720000E-3	-4.471898E-3
6.725000E-3	-5.360246E-3
6.730000E-3	-4.495203E-3
6.735000E-3	-2.643108E-3
6.740000E-3	1.549125E-3
6.745000E-3	6.441891E-3
6.750000E-3	8.570910E-3
6.755000E-3	9.952784E-3
6.760000E-3	1.054776E-2
6.765000E-3	8.931458E-3
6.770000E-3	7.869005E-3
6.775000E-3	5.705714E-3
6.780000E-3	1.838386E-3
6.785000E-3	-7.498860E-4
6.790000E-3	-2.682865E-3
6.795000E-3	-4.743338E-3
6.800000E-3	-4.862607E-3
6.805000E-3	-5.585074E-3
6.810000E-3	-7.542729E-3
6.815000E-3	-7.261693E-3
6.820000E-3	-6.234884E-3
6.825000E-3	-6.201982E-3
6.830000E-3	-4.921556E-3
6.835000E-3	-4.781723E-3
6.840000E-3	-6.404877E-3
6.845000E-3	-7.652402E-3
6.850000E-3	-9.893835E-3
6.855000E-3	-1.245743E-2
6.860000E-3	-1.425058E-2
6.865000E-3	-1.476467E-2
6.870000E-3	-1.334441E-2
6.875000E-3	-1.068622E-2
6.880000E-3	-6.769538E-3
6.885000E-3	-1.375020E-3
6.890000E-3	3.708303E-3
6.895000E-3	7.619500E-3
6.900000E-3	1.094532E-2
6.905000E-3	1.214212E-2
6.910000E-3	1.140732E-2
6.915000E-3	1.012141E-2
6.920000E-3	7.332981E-3
6.925000E-3	4.480124E-3
6.930000E-3	2.532065E-3
6.935000E-3	9.377003E-4
6.940000E-3	9.747148E-4
6.945000E-3	1.998782E-3
6.950000E-3	2.293527E-3
6.955000E-3	2.581418E-3
6.960000E-3	1.895964E-3
6.965000E-3	-4.085302E-4
6.970000E-3	-3.260016E-3
6.975000E-3	-6.170452E-3
6.980000E-3	-8.851945E-3
6.985000E-3	-9.242654E-3
6.990000E-3	-8.661389E-3
6.995000E-3	-7.936180E-3
7.000000E-3	-6.492615E-3
7.005000E-3	-5.239606E-3
7.010000E-3	-4.392385E-3
7.015000E-3	-3.314853E-3
7.020000E-3	-2.925515E-3
7.025000E-3	-2.867937E-3
7.030000E-3	-3.424525E-3
7.035000E-3	-4.873574E-3
7.040000E-3	-5.298555E-3
7.045000E-3	-5.437016E-3
7.050000E-3	-5.951107E-3
7.055000E-3	-5.267024E-3
7.060000E-3	-4.514396E-3
7.065000E-3	-3.458798E-3
7.070000E-3	-1.109064E-3
7.075000E-3	8.088350E-4
7.080000E-3	2.968013E-3
7.085000E-3	6.051183E-3
7.090000E-3	8.517444E-3
7.095000E-3	1.042163E-2
7.100000E-3	1.209551E-2
7.105000E-3	1.190084E-2
7.110000E-3	1.077944E-2
7.115000E-3	9.154916E-3
7.120000E-3	5.530238E-3
7.125000E-3	1.976848E-3
7.130000E-3	-9.514093E-4
7.135000E-3	-3.823459E-3
7.140000E-3	-5.352020E-3
7.145000E-3	-5.896270E-3
7.150000E-3	-7.009447E-3
7.155000E-3	-8.702517E-3
7.160000E-3	-1.015431E-2
7.165000E-3	-1.082057E-2
7.170000E-3	-1.005560E-2
7.175000E-3	-8.289874E-3
7.180000E-3	-5.103886E-3
7.185000E-3	-2.059102E-3
7.190000E-3	-6.237626E-4
7.195000E-3	9.143949E-4
7.200000E-3	1.484692E-3
7.205000E-3	6.635189E-4
7.210000E-3	2.837777E-4
7.215000E-3	-7.745624E-4
7.220000E-3	-2.625287E-3
7.225000E-3	-3.072202E-3
7.230000E-3	-3.406703E-3
7.235000E-3	-3.608227E-3
7.240000E-3	-2.695203E-3
7.245000E-3	-2.323687E-3
7.250000E-3	-2.754152E-3
7.255000E-3	-2.116680E-3
7.260000E-3	-2.002895E-3
7.265000E-3	-1.263976E-3
7.270000E-3	1.070678E-3
7.275000E-3	3.255904E-3
7.280000E-3	4.911959E-3
7.285000E-3	6.016910E-3
7.290000E-3	5.331457E-3
7.295000E-3	4.078448E-3
7.300000E-3	2.585530E-3
7.305000E-3	-3.632903E-4
7.310000E-3	-3.150344E-3
7.315000E-3	-5.571365E-3
7.320000E-3	-7.849813E-3
7.325000E-3	-8.553088E-3
7.330000E-3	-8.078754E-3
7.335000E-3	-7.594824E-3
7.340000E-3	-6.199241E-3
7.345000E-3	-4.530847E-3
7.350000E-3	-2.496421E-3
7.355000E-3	-1.919270E-4
7.360000E-3	1.413405E-3
7.365000E-3	3.155828E-3
7.370000E-3	4.122317E-3
7.375000E-3	3.147602E-3
7.380000E-3	2.215385E-3
7.385000E-3	1.140594E-3
7.390000E-3	2.015233E-4
7.395000E-3	8.225441E-4
7.400000E-3	1.225591E-3
7.405000E-3	3.742576E-4
7.410000E-3	-6.169081E-4
7.415000E-3	-2.283931E-3
7.420000E-3	-4.724145E-3
7.425000E-3	-6.566644E-3
7.430000E-3	-8.488655E-3
7.435000E-3	-1.047784E-2
7.440000E-3	-1.074517E-2
7.445000E-3	-1.045042E-2
7.450000E-3	-8.831382E-3
7.455000E-3	-5.778372E-3
7.460000E-3	-2.536178E-3
7.465000E-3	1.050115E-3
7.470000E-3	4.374564E-3
7.475000E-3	6.650269E-3
7.480000E-3	7.594824E-3
7.485000E-3	7.779896E-3
7.490000E-3	6.339073E-3
7.495000E-3	4.523993E-3
7.500000E-3	1.979589E-3
7.505000E-3	-5.744100E-4
7.510000E-3	-2.844632E-3
7.515000E-3	-4.735112E-3
7.520000E-3	-5.532980E-3
7.525000E-3	-5.400002E-3
7.530000E-3	-5.719423E-3
7.535000E-3	-5.277991E-3
7.540000E-3	-4.621327E-3
7.545000E-3	-4.659712E-3
7.550000E-3	-3.896117E-3
7.555000E-3	-3.228486E-3
7.560000E-3	-3.235340E-3
7.565000E-3	-2.193451E-3
7.570000E-3	-3.715158E-4
7.575000E-3	1.480579E-3
7.580000E-3	4.504800E-3
7.585000E-3	7.082105E-3
7.590000E-3	8.081496E-3
7.595000E-3	8.293986E-3
7.600000E-3	7.150650E-3
7.605000E-3	4.326582E-3
7.610000E-3	2.235949E-3
7.615000E-3	-4.729629E-4
7.620000E-3	-2.806246E-3
7.625000E-3	-4.064739E-3
7.630000E-3	-5.382180E-3
7.635000E-3	-6.073117E-3
7.640000E-3	-5.642653E-3
7.645000E-3	-5.024374E-3
7.650000E-3	-3.290176E-3
7.655000E-3	-1.206398E-3
7.660000E-3	5.209446E-4
7.665000E-3	2.215385E-3
7.670000E-3	3.087282E-3
7.675000E-3	2.608836E-3
7.680000E-3	1.911044E-3
7.685000E-3	4.373193E-4
7.690000E-3	-1.066566E-3
7.695000E-3	-1.675248E-3
7.700000E-3	-2.407312E-3
7.705000E-3	-2.138615E-3
7.710000E-3	-1.199543E-3
7.715000E-3	-1.041889E-3
7.720000E-3	-1.353085E-3
7.725000E-3	-1.617670E-3
7.730000E-3	-2.691090E-3
7.735000E-3	-3.384769E-3
7.740000E-3	-3.691852E-3
7.745000E-3	-3.558874E-3
7.750000E-3	-2.644479E-3
7.755000E-3	-1.586139E-3
7.760000E-3	-7.964969E-4
7.765000E-3	6.223917E-4
7.770000E-3	1.291394E-3
7.775000E-3	9.788275E-4
7.780000E-3	5.373955E-4
7.785000E-3	-5.264282E-4
7.790000E-3	-1.772583E-3
7.795000E-3	-2.442956E-3
7.800000E-3	-3.121555E-3
7.805000E-3	-3.469765E-3
7.810000E-3	-3.048897E-3
7.815000E-3	-2.873421E-3
7.820000E-3	-2.582788E-3
7.825000E-3	-2.329171E-3
7.830000E-3	-2.109826E-3
7.835000E-3	-1.694441E-3
7.840000E-3	-1.587510E-3
7.845000E-3	-1.963139E-3
7.850000E-3	-1.475096E-3
7.855000E-3	-9.801984E-4
7.860000E-3	1.343489E-4
7.865000E-3	1.900077E-3
7.870000E-3	3.277838E-3
7.875000E-3	4.081190E-3
7.880000E-3	4.356742E-3
7.885000E-3	3.184617E-3
7.890000E-3	1.451790E-3
7.895000E-3	-1.384616E-4
7.900000E-3	-2.152324E-3
7.905000E-3	-3.568470E-3
7.910000E-3	-4.766643E-3
7.915000E-3	-5.907238E-3
7.920000E-3	-6.435037E-3
7.925000E-3	-6.917596E-3
7.930000E-3	-7.396042E-3
7.935000E-3	-6.876469E-3
7.940000E-3	-6.074488E-3
7.945000E-3	-5.336940E-3
7.950000E-3	-4.041433E-3
7.955000E-3	-3.096879E-3
7.960000E-3	-2.451181E-3
7.965000E-3	-1.723230E-3
7.970000E-3	-1.580656E-3
7.975000E-3	-1.435339E-3
7.980000E-3	-1.643717E-3
7.985000E-3	-2.440214E-3
7.990000E-3	-3.061235E-3
7.995000E-3	-3.346384E-3
8.000000E-3	-3.469765E-3
8.005000E-3	-2.102971E-3
8.010000E-3	-3.207922E-4
8.015000E-3	1.454532E-3
8.020000E-3	3.412187E-3
8.025000E-3	4.249811E-3
8.030000E-3	4.481494E-3
8.035000E-3	4.785836E-3
8.040000E-3	4.813254E-3
8.045000E-3	5.043566E-3
8.050000E-3	5.992234E-3
8.055000E-3	6.673574E-3
8.060000E-3	7.172585E-3
8.065000E-3	7.073879E-3
8.070000E-3	5.511045E-3
8.075000E-3	3.092766E-3
8.080000E-3	-2.385378E-4
8.085000E-3	-4.626811E-3
8.090000E-3	-8.488655E-3
8.095000E-3	-1.153892E-2
8.100000E-3	-1.363093E-2
8.105000E-3	-1.394898E-2
8.110000E-3	-1.322514E-2
8.115000E-3	-1.213527E-2
8.120000E-3	-1.032156E-2
8.125000E-3	-8.394063E-3
8.130000E-3	-6.581724E-3
8.135000E-3	-4.366338E-3
8.140000E-3	-2.325058E-3
8.145000E-3	-1.096725E-5
8.150000E-3	2.722621E-3
8.155000E-3	4.866719E-3
8.160000E-3	7.322013E-3
8.165000E-3	9.109676E-3
8.170000E-3	1.023656E-2
8.175000E-3	1.086581E-2
8.180000E-3	1.008987E-2
8.185000E-3	7.385075E-3
8.190000E-3	4.197717E-3
8.195000E-3	-3.674030E-4
8.200000E-3	-4.800916E-3
8.205000E-3	-8.070529E-3
8.210000E-3	-1.043808E-2
8.215000E-3	-1.154029E-2
8.220000E-3	-1.093161E-2
8.225000E-3	-9.785533E-3
8.230000E-3	-7.789493E-3
8.235000E-3	-4.946232E-3
8.240000E-3	-2.238691E-3
8.245000E-3	4.455447E-4
8.250000E-3	2.593756E-3
8.255000E-3	3.649354E-3
8.260000E-3	3.724754E-3
8.265000E-3	2.846003E-3
8.270000E-3	9.006858E-4
8.275000E-3	-8.472204E-4
8.280000E-3	-3.017366E-3
8.285000E-3	-4.829705E-3
8.290000E-3	-5.859256E-3
8.295000E-3	-6.488502E-3
8.300000E-3	-6.557047E-3
8.305000E-3	-6.052554E-3
8.310000E-3	-5.626202E-3
8.315000E-3	-4.521251E-3
8.320000E-3	-2.873421E-3
8.325000E-3	-1.797259E-3
8.330000E-3	-3.358722E-4
8.335000E-3	9.637475E-4
8.340000E-3	1.657426E-3
8.345000E-3	2.652705E-3
8.350000E-3	3.735721E-3
8.355000E-3	4.249811E-3
8.360000E-3	4.632294E-3
8.365000E-3	3.785074E-3
8.370000E-3	2.346992E-3
8.375000E-3	9.418130E-4
8.380000E-3	-7.855296E-4
8.385000E-3	-1.985073E-3
8.390000E-3	-2.463520E-3
8.395000E-3	-3.070831E-3
8.400000E-3	-3.018737E-3
8.405000E-3	-2.338767E-3
8.410000E-3	-2.048135E-3
8.415000E-3	-1.923382E-3
8.420000E-3	-1.895964E-3
8.425000E-3	-2.644479E-3
8.430000E-3	-3.291547E-3
8.435000E-3	-3.981113E-3
8.440000E-3	-4.720032E-3
8.445000E-3	-4.768014E-3
8.450000E-3	-4.765272E-3
8.455000E-3	-4.157960E-3
8.460000E-3	-2.841890E-3
8.465000E-3	-1.863062E-3
8.470000E-3	-1.041889E-3
8.475000E-3	-2.083778E-4
8.480000E-3	3.303885E-4
8.485000E-3	9.198785E-4
8.490000E-3	1.594365E-3
8.495000E-3	1.738310E-3
8.500000E-3	1.860321E-3
8.505000E-3	1.455903E-3
8.510000E-3	3.345013E-4
8.515000E-3	-9.185076E-4
8.520000E-3	-2.471745E-3
8.525000E-3	-4.204571E-3
8.530000E-3	-5.460322E-3
8.535000E-3	-6.614625E-3
8.540000E-3	-7.378221E-3
8.545000E-3	-6.747603E-3
8.550000E-3	-6.048441E-3
8.555000E-3	-4.667938E-3
8.560000E-3	-2.673268E-3
8.565000E-3	-1.653314E-3
8.570000E-3	-1.211882E-3
8.575000E-3	-7.539988E-4
8.580000E-3	-9.815693E-4
8.585000E-3	-1.192689E-3
8.590000E-3	-1.187205E-3
8.595000E-3	-1.339376E-3
8.600000E-3	-9.006858E-4
8.605000E-3	-2.824068E-4
8.610000E-3	-2.481341E-4
8.615000E-3	1.165271E-4
8.620000E-3	2.837777E-4
8.625000E-3	4.482865E-4
8.630000E-3	1.025438E-3
8.635000E-3	1.307845E-3
8.640000E-3	1.534045E-3
8.645000E-3	1.963139E-3
8.650000E-3	1.917899E-3
8.655000E-3	1.551867E-3
8.660000E-3	1.553237E-3
8.665000E-3	1.225591E-3
8.670000E-3	1.096725E-3
8.675000E-3	8.746386E-4
8.680000E-3	5.031228E-4
8.685000E-3	4.304647E-4
8.690000E-3	3.345013E-4
8.695000E-3	-2.275705E-4
8.700000E-3	-4.619956E-4
8.705000E-3	-1.162529E-3
8.710000E-3	-2.507389E-3
8.715000E-3	-3.615081E-3
8.720000E-3	-5.216300E-3
8.725000E-3	-6.877840E-3
8.730000E-3	-7.797718E-3
8.735000E-3	-8.899927E-3
8.740000E-3	-9.342730E-3
8.745000E-3	-8.835495E-3
8.750000E-3	-8.099318E-3
8.755000E-3	-6.288350E-3
8.760000E-3	-3.687739E-3
8.765000E-3	-1.011729E-3
8.770000E-3	1.687586E-3
8.775000E-3	3.811121E-3
8.780000E-3	4.916072E-3
8.785000E-3	5.395889E-3
8.790000E-3	5.075097E-3
8.795000E-3	3.623307E-3
8.800000E-3	2.179742E-3
8.805000E-3	5.552173E-4
8.810000E-3	-8.444786E-4
8.815000E-3	-1.606703E-3
8.820000E-3	-2.259254E-3
8.825000E-3	-2.604723E-3
8.830000E-3	-2.666414E-3
8.835000E-3	-2.363443E-3
8.840000E-3	-1.486063E-3
8.845000E-3	1.028180E-4
8.850000E-3	1.361310E-3
8.855000E-3	2.867937E-3
8.860000E-3	4.020870E-3
8.865000E-3	4.151106E-3
8.870000E-3	4.207313E-3
8.875000E-3	3.498554E-3
8.880000E-3	2.089262E-3
8.885000E-3	6.690025E-4
8.890000E-3	-1.115918E-3
8.895000E-3	-2.618432E-3
8.900000E-3	-3.593147E-3
8.905000E-3	-4.688501E-3
8.910000E-3	-5.476773E-3
8.915000E-3	-6.004572E-3
8.920000E-3	-6.758571E-3
8.925000E-3	-7.075250E-3
8.930000E-3	-6.920338E-3
8.935000E-3	-6.805182E-3
8.940000E-3	-5.830467E-3
8.945000E-3	-4.610360E-3
8.950000E-3	-3.425896E-3
8.955000E-3	-1.601219E-3
8.960000E-3	1.220107E-4
8.965000E-3	1.200914E-3
8.970000E-3	2.686977E-3
8.975000E-3	3.738463E-3
8.980000E-3	4.364967E-3
8.985000E-3	4.639149E-3
8.990000E-3	4.145622E-3
8.995000E-3	3.242195E-3
9.000000E-3	2.094746E-3
9.005000E-3	1.823306E-4
9.010000E-3	-1.841128E-3
9.015000E-3	-3.536940E-3
9.020000E-3	-5.548060E-3
9.025000E-3	-6.647527E-3
9.030000E-3	-7.298708E-3
9.035000E-3	-7.840216E-3
9.040000E-3	-7.498860E-3
9.045000E-3	-7.316530E-3
9.050000E-3	-6.951869E-3
9.055000E-3	-6.101906E-3
9.060000E-3	-5.261540E-3
9.065000E-3	-4.218280E-3
9.070000E-3	-2.601981E-3
9.075000E-3	-1.210511E-3
9.080000E-3	8.362532E-5
9.085000E-3	1.484692E-3
9.090000E-3	2.252400E-3
9.095000E-3	2.556741E-3
9.100000E-3	2.693832E-3
9.105000E-3	2.331913E-3
9.110000E-3	1.694441E-3
9.115000E-3	9.692311E-4
9.120000E-3	-5.620718E-5
9.125000E-3	-8.088350E-4
9.130000E-3	-1.694441E-3
9.135000E-3	-2.659559E-3
9.140000E-3	-2.902210E-3
9.145000E-3	-2.754152E-3
9.150000E-3	-2.382636E-3
9.155000E-3	-1.225591E-3
9.160000E-3	1.247525E-4
9.165000E-3	1.849353E-3
9.170000E-3	3.604114E-3
9.175000E-3	4.422545E-3
9.180000E-3	5.143642E-3
9.185000E-3	5.483627E-3
9.190000E-3	4.530847E-3
9.195000E-3	3.310740E-3
9.200000E-3	1.562834E-3
9.205000E-3	-6.977916E-4
9.210000E-3	-2.676010E-3
9.215000E-3	-4.766643E-3
9.220000E-3	-6.647527E-3
9.225000E-3	-7.688046E-3
9.230000E-3	-8.218586E-3
9.235000E-3	-8.324146E-3
9.240000E-3	-7.412493E-3
9.245000E-3	-6.419957E-3
9.250000E-3	-5.012035E-3
9.255000E-3	-2.800763E-3
9.260000E-3	-8.527040E-4
9.265000E-3	1.066566E-3
9.270000E-3	2.518356E-3
9.275000E-3	3.288805E-3
9.280000E-3	3.613710E-3
9.285000E-3	3.827572E-3
9.290000E-3	3.723383E-3
9.295000E-3	3.886521E-3
9.300000E-3	3.519118E-3
9.305000E-3	2.607465E-3
9.310000E-3	1.512110E-3
9.315000E-3	-1.494288E-4
9.320000E-3	-1.709521E-3
9.325000E-3	-2.678752E-3
9.330000E-3	-3.726125E-3
9.335000E-3	-4.806399E-3
9.340000E-3	-5.550802E-3
9.345000E-3	-6.286979E-3
9.350000E-3	-6.728411E-3
9.355000E-3	-6.441891E-3
9.360000E-3	-5.899012E-3
9.365000E-3	-4.809141E-3
9.370000E-3	-3.314853E-3
9.375000E-3	-1.884997E-3
9.380000E-3	-4.003048E-4
9.385000E-3	4.140139E-4
9.390000E-3	5.894899E-4
9.395000E-3	5.387664E-4
9.400000E-3	-1.137853E-4
9.405000E-3	-1.348972E-3
9.410000E-3	-2.384007E-3
9.415000E-3	-3.539681E-3
9.420000E-3	-4.626811E-3
9.425000E-3	-4.869461E-3
9.430000E-3	-4.936635E-3
9.435000E-3	-4.581571E-3
9.440000E-3	-3.307998E-3
9.445000E-3	-2.160549E-3
9.450000E-3	-4.976392E-4
9.455000E-3	1.458645E-3
9.460000E-3	2.887130E-3
9.465000E-3	4.397869E-3
9.470000E-3	5.365729E-3
9.475000E-3	5.275249E-3
9.480000E-3	5.042195E-3
9.485000E-3	4.059255E-3
9.490000E-3	2.978981E-3
9.495000E-3	2.330542E-3
9.500000E-3	1.148820E-3
9.505000E-3	-3.427267E-5
9.510000E-3	-1.030922E-3
9.515000E-3	-2.194822E-3
9.520000E-3	-3.043413E-3
9.525000E-3	-3.318965E-3
9.530000E-3	-3.964663E-3
9.535000E-3	-4.304647E-3
9.540000E-3	-4.196346E-3
9.545000E-3	-4.181266E-3
9.550000E-3	-3.667176E-3
9.555000E-3	-2.925515E-3
9.560000E-3	-2.333283E-3
9.565000E-3	-1.479208E-3
9.570000E-3	-6.073117E-4
9.575000E-3	-2.563596E-4
9.580000E-3	7.951260E-5
9.585000E-3	7.814169E-5
9.590000E-3	-3.865957E-4
9.595000E-3	-5.072355E-4
9.600000E-3	-1.314700E-3
9.605000E-3	-2.108455E-3
9.610000E-3	-2.279818E-3
9.615000E-3	-2.759635E-3
9.620000E-3	-2.744555E-3
9.625000E-3	-2.037168E-3
9.630000E-3	-1.385987E-3
9.635000E-3	-3.098249E-4
9.640000E-3	3.591776E-4
9.645000E-3	7.073879E-4
9.650000E-3	1.039147E-3
9.655000E-3	7.649660E-4
9.660000E-3	3.303885E-4
9.665000E-3	-6.717443E-5
9.670000E-3	-8.198023E-4
9.675000E-3	-1.850724E-3
9.680000E-3	-2.237320E-3
9.685000E-3	-2.754152E-3
9.690000E-3	-2.984464E-3
9.695000E-3	-2.647221E-3
9.700000E-3	-2.327800E-3
9.705000E-3	-1.642346E-3
9.710000E-3	-6.333590E-4
9.715000E-3	-2.124906E-4
9.720000E-3	7.252097E-4
9.725000E-3	1.125515E-3
9.730000E-3	7.677078E-4
9.735000E-3	5.209446E-4
9.740000E-3	1.370907E-5
9.745000E-3	-1.028180E-3
9.750000E-3	-1.594365E-3
9.755000E-3	-2.120793E-3
9.760000E-3	-2.633512E-3
9.765000E-3	-2.530694E-3
9.770000E-3	-2.597868E-3
9.775000E-3	-2.825439E-3
9.780000E-3	-2.534807E-3
9.785000E-3	-2.776086E-3
9.790000E-3	-3.092766E-3
9.795000E-3	-2.830923E-3
9.800000E-3	-2.928257E-3
9.805000E-3	-2.493680E-3
9.810000E-3	-1.831532E-3
9.815000E-3	-1.612186E-3
9.820000E-3	-7.690787E-4
9.825000E-3	-5.099773E-4
9.830000E-3	-7.348061E-4
9.835000E-3	-8.389950E-4
9.840000E-3	-1.599848E-3
9.845000E-3	-2.756894E-3
9.850000E-3	-3.368318E-3
9.855000E-3	-4.175782E-3
9.860000E-3	-4.640520E-3
9.865000E-3	-4.338920E-3
9.870000E-3	-4.263520E-3
9.875000E-3	-3.556132E-3
9.880000E-3	-2.658188E-3
9.885000E-3	-1.845241E-3
9.890000E-3	-9.006858E-4
9.895000E-3	1.850724E-4
9.900000E-3	7.910132E-4
9.905000E-3	1.643717E-3
9.910000E-3	2.548516E-3
9.915000E-3	2.541661E-3
9.920000E-3	2.941966E-3
9.925000E-3	2.925515E-3
9.930000E-3	2.286673E-3
9.935000E-3	1.702666E-3
9.940000E-3	8.883476E-4
9.945000E-3	-2.399087E-4
9.950000E-3	-1.394212E-3
9.955000E-3	-3.009140E-3
9.960000E-3	-4.238844E-3
9.965000E-3	-5.098403E-3
9.970000E-3	-6.133437E-3
9.975000E-3	-6.738007E-3
9.980000E-3	-6.555676E-3
9.985000E-3	-6.378829E-3
9.990000E-3	-5.665958E-3
9.995000E-3	-4.766643E-3
