0.000000E+0	-4.997778E-2
5.000000E-6	-5.002439E-2
1.000000E-5	-4.995859E-2
1.500000E-5	-5.004221E-2
2.000000E-5	-4.999971E-2
2.500000E-5	-4.996270E-2
3.000000E-5	-4.994625E-2
3.500000E-5	-5.000794E-2
4.000000E-5	-4.992020E-2
4.500000E-5	-5.002713E-2
5.000000E-5	-5.001205E-2
5.500000E-5	-5.000246E-2
6.000000E-5	-5.006278E-2
6.500000E-5	-5.009431E-2
7.000000E-5	-4.992568E-2
7.500000E-5	-4.991883E-2
8.000000E-5	-4.984343E-2
8.500000E-5	-4.988730E-2
9.000000E-5	-4.989964E-2
9.500000E-5	-4.998875E-2
1.000000E-4	-4.987770E-2
1.050000E-4	-4.978037E-2
1.100000E-4	-4.995859E-2
1.150000E-4	-5.003810E-2
1.200000E-4	-4.995310E-2
1.250000E-4	-4.989415E-2
1.300000E-4	-5.007374E-2
1.350000E-4	-5.007374E-2
1.400000E-4	-4.988593E-2
1.450000E-4	-4.995036E-2
1.500000E-4	-5.012447E-2
1.550000E-4	-4.997092E-2
1.600000E-4	-4.985577E-2
1.650000E-4	-4.983246E-2
1.700000E-4	-4.990923E-2
1.750000E-4	-4.988456E-2
1.800000E-4	-4.986399E-2
1.850000E-4	-4.980505E-2
1.900000E-4	-4.986948E-2
1.950000E-4	-4.980916E-2
2.000000E-4	-4.991883E-2
2.050000E-4	-4.993528E-2
2.100000E-4	-4.988730E-2
2.150000E-4	-4.991060E-2
2.200000E-4	-4.990375E-2
2.250000E-4	-5.004632E-2
2.300000E-4	-5.003399E-2
2.350000E-4	-4.990923E-2
2.400000E-4	-4.992706E-2
2.450000E-4	-4.981464E-2
2.500000E-4	-4.982150E-2
2.550000E-4	-4.987085E-2
2.600000E-4	-4.991198E-2
2.650000E-4	-4.982150E-2
2.700000E-4	-4.982698E-2
2.750000E-4	-4.982698E-2
2.800000E-4	-4.986948E-2
2.850000E-4	-4.999697E-2
2.900000E-4	-4.995173E-2
2.950000E-4	-4.998326E-2
3.000000E-4	-4.991060E-2
3.050000E-4	-4.994214E-2
3.100000E-4	-4.992020E-2
3.150000E-4	-4.988045E-2
3.200000E-4	-4.995722E-2
3.250000E-4	-4.987359E-2
3.300000E-4	-4.992020E-2
3.350000E-4	-5.006552E-2
3.400000E-4	-5.003262E-2
3.450000E-4	-5.005866E-2
3.500000E-4	-5.013406E-2
3.550000E-4	-4.985166E-2
3.600000E-4	-4.987633E-2
3.650000E-4	-4.994351E-2
3.700000E-4	-4.994076E-2
3.750000E-4	-5.005318E-2
3.800000E-4	-4.990512E-2
3.850000E-4	-5.005866E-2
3.900000E-4	-5.005181E-2
3.950000E-4	-5.016971E-2
4.000000E-4	-4.995584E-2
4.050000E-4	-4.973239E-2
4.100000E-4	-4.984343E-2
4.150000E-4	-4.996133E-2
4.200000E-4	-4.991472E-2
4.250000E-4	-4.989004E-2
4.300000E-4	-4.996681E-2
4.350000E-4	-4.991883E-2
4.400000E-4	-4.996270E-2
4.450000E-4	-4.995036E-2
4.500000E-4	-4.999423E-2
4.550000E-4	-4.983795E-2
4.600000E-4	-4.997092E-2
4.650000E-4	-4.996818E-2
4.700000E-4	-5.005181E-2
4.750000E-4	-5.000657E-2
4.800000E-4	-5.010253E-2
4.850000E-4	-4.988319E-2
4.900000E-4	-4.996133E-2
4.950000E-4	-5.003536E-2
5.000000E-4	-4.998875E-2
5.050000E-4	-4.991609E-2
5.100000E-4	-4.996955E-2
5.150000E-4	-4.987496E-2
5.200000E-4	-4.981053E-2
5.250000E-4	-4.982698E-2
5.300000E-4	-4.989278E-2
5.350000E-4	-4.995310E-2
5.400000E-4	-4.998738E-2
5.450000E-4	-4.999560E-2
5.500000E-4	-4.986125E-2
5.550000E-4	-4.984343E-2
5.600000E-4	-4.972965E-2
5.650000E-4	-4.981601E-2
5.700000E-4	-4.991198E-2
5.750000E-4	-4.997092E-2
5.800000E-4	-5.001754E-2
5.850000E-4	-4.992706E-2
5.900000E-4	-4.982424E-2
5.950000E-4	-4.991883E-2
6.000000E-4	-4.996407E-2
6.050000E-4	-4.997092E-2
6.100000E-4	-5.000383E-2
6.150000E-4	-5.008060E-2
6.200000E-4	-4.997778E-2
6.250000E-4	-4.999971E-2
6.300000E-4	-4.995310E-2
6.350000E-4	-4.977489E-2
6.400000E-4	-4.979819E-2
6.450000E-4	-4.993528E-2
6.500000E-4	-4.992706E-2
6.550000E-4	-4.992020E-2
6.600000E-4	-5.000520E-2
6.650000E-4	-4.987907E-2
6.700000E-4	-4.986125E-2
6.750000E-4	-4.985851E-2
6.800000E-4	-5.006278E-2
6.850000E-4	-5.002713E-2
6.900000E-4	-4.998326E-2
6.950000E-4	-5.017656E-2
7.000000E-4	-5.007237E-2
7.050000E-4	-4.989278E-2
7.100000E-4	-4.982561E-2
7.150000E-4	-4.979271E-2
7.200000E-4	-4.987359E-2
7.250000E-4	-4.982561E-2
7.300000E-4	-4.990375E-2
7.350000E-4	-5.007374E-2
7.400000E-4	-5.002713E-2
7.450000E-4	-5.001479E-2
7.500000E-4	-4.999971E-2
7.550000E-4	-4.973924E-2
7.600000E-4	-4.971319E-2
7.650000E-4	-4.974061E-2
7.700000E-4	-4.982561E-2
7.750000E-4	-4.957473E-2
7.800000E-4	-4.959530E-2
7.850000E-4	-4.972416E-2
7.900000E-4	-4.971319E-2
7.950000E-4	-4.969400E-2
8.000000E-4	-4.996544E-2
8.050000E-4	-5.016011E-2
8.100000E-4	-5.014640E-2
8.150000E-4	-5.012995E-2
8.200000E-4	-5.008745E-2
8.250000E-4	-5.010390E-2
8.300000E-4	-5.012172E-2
8.350000E-4	-5.003124E-2
8.400000E-4	-4.990923E-2
8.450000E-4	-5.001616E-2
8.500000E-4	-5.006003E-2
8.550000E-4	-5.001754E-2
8.600000E-4	-4.987907E-2
8.650000E-4	-4.995310E-2
8.700000E-4	-4.998463E-2
8.750000E-4	-4.995859E-2
8.800000E-4	-4.992568E-2
8.850000E-4	-5.005592E-2
8.900000E-4	-5.005318E-2
8.950000E-4	-5.004358E-2
9.000000E-4	-4.994488E-2
9.050000E-4	-5.008060E-2
9.100000E-4	-4.984480E-2
9.150000E-4	-5.000520E-2
9.200000E-4	-4.999697E-2
9.250000E-4	-5.004770E-2
9.300000E-4	-4.993117E-2
9.350000E-4	-5.004084E-2
9.400000E-4	-5.016834E-2
9.450000E-4	-5.007786E-2
9.500000E-4	-4.993254E-2
9.550000E-4	-4.988045E-2
9.600000E-4	-5.013406E-2
9.650000E-4	-4.999560E-2
9.700000E-4	-4.983658E-2
9.750000E-4	-4.985440E-2
9.800000E-4	-4.982561E-2
9.850000E-4	-4.986262E-2
9.900000E-4	-4.984343E-2
9.950000E-4	-4.984754E-2
1.000000E-3	-5.000657E-2
1.005000E-3	-4.991198E-2
1.010000E-3	-4.989415E-2
1.015000E-3	-4.984617E-2
1.020000E-3	-4.991883E-2
1.025000E-3	-4.996270E-2
1.030000E-3	-4.986262E-2
1.035000E-3	-4.988730E-2
1.040000E-3	-4.989690E-2
1.045000E-3	-4.991883E-2
1.050000E-3	-5.006552E-2
1.055000E-3	-4.996818E-2
1.060000E-3	-4.986125E-2
1.065000E-3	-4.981875E-2
1.070000E-3	-5.004907E-2
1.075000E-3	-4.985577E-2
1.080000E-3	-4.988593E-2
1.085000E-3	-4.988045E-2
1.090000E-3	-4.999560E-2
1.095000E-3	-5.012035E-2
1.100000E-3	-5.024099E-2
1.105000E-3	-4.992020E-2
1.110000E-3	-4.989827E-2
1.115000E-3	-4.994351E-2
1.120000E-3	-4.999560E-2
1.125000E-3	-4.994899E-2
1.130000E-3	-5.001205E-2
1.135000E-3	-5.002713E-2
1.140000E-3	-4.992843E-2
1.145000E-3	-5.001342E-2
1.150000E-3	-4.997915E-2
1.155000E-3	-4.986125E-2
1.160000E-3	-4.968715E-2
1.165000E-3	-4.986674E-2
1.170000E-3	-4.990786E-2
1.175000E-3	-5.000657E-2
1.180000E-3	-4.995447E-2
1.185000E-3	-5.016011E-2
1.190000E-3	-4.996818E-2
1.195000E-3	-5.006689E-2
1.200000E-3	-4.994076E-2
1.205000E-3	-4.996133E-2
1.210000E-3	-4.995722E-2
1.215000E-3	-4.996818E-2
1.220000E-3	-4.982698E-2
1.225000E-3	-4.988045E-2
1.230000E-3	-4.992706E-2
1.235000E-3	-4.994625E-2
1.240000E-3	-4.989964E-2
1.245000E-3	-4.973787E-2
1.250000E-3	-4.985577E-2
1.255000E-3	-4.964465E-2
1.260000E-3	-4.961860E-2
1.265000E-3	-4.987222E-2
1.270000E-3	-5.006003E-2
1.275000E-3	-5.006963E-2
1.280000E-3	-4.995859E-2
1.285000E-3	-4.993391E-2
1.290000E-3	-5.006003E-2
1.295000E-3	-4.984754E-2
1.300000E-3	-4.979408E-2
1.305000E-3	-4.993939E-2
1.310000E-3	-5.005318E-2
1.315000E-3	-5.007648E-2
1.320000E-3	-5.002439E-2
1.325000E-3	-4.989415E-2
1.330000E-3	-4.992431E-2
1.335000E-3	-4.991198E-2
1.340000E-3	-4.997504E-2
1.345000E-3	-5.001891E-2
1.350000E-3	-4.993528E-2
1.355000E-3	-5.005181E-2
1.360000E-3	-4.994351E-2
1.365000E-3	-4.996133E-2
1.370000E-3	-4.994762E-2
1.375000E-3	-4.989690E-2
1.380000E-3	-5.010939E-2
1.385000E-3	-4.999149E-2
1.390000E-3	-4.994899E-2
1.395000E-3	-4.990238E-2
1.400000E-3	-4.991746E-2
1.405000E-3	-4.995584E-2
1.410000E-3	-4.990238E-2
1.415000E-3	-4.983109E-2
1.420000E-3	-4.983658E-2
1.425000E-3	-4.981875E-2
1.430000E-3	-4.977077E-2
1.435000E-3	-4.992431E-2
1.440000E-3	-4.992568E-2
1.445000E-3	-5.006415E-2
1.450000E-3	-5.011213E-2
1.455000E-3	-5.025882E-2
1.460000E-3	-5.001891E-2
1.465000E-3	-4.991335E-2
1.470000E-3	-4.973650E-2
1.475000E-3	-4.984343E-2
1.480000E-3	-4.975843E-2
1.485000E-3	-4.995584E-2
1.490000E-3	-4.982013E-2
1.495000E-3	-4.977900E-2
1.500000E-3	-5.007237E-2
1.505000E-3	-5.008334E-2
1.510000E-3	-4.982150E-2
1.515000E-3	-4.975158E-2
1.520000E-3	-4.993802E-2
1.525000E-3	-4.975295E-2
1.530000E-3	-4.975158E-2
1.535000E-3	-4.982287E-2
1.540000E-3	-4.982698E-2
1.545000E-3	-4.990923E-2
1.550000E-3	-4.999286E-2
1.555000E-3	-5.002028E-2
1.560000E-3	-4.997367E-2
1.565000E-3	-5.001068E-2
1.570000E-3	-5.011213E-2
1.575000E-3	-4.987222E-2
1.580000E-3	-4.993528E-2
1.585000E-3	-4.983521E-2
1.590000E-3	-4.988593E-2
1.595000E-3	-4.982972E-2
1.600000E-3	-4.988456E-2
1.605000E-3	-4.985440E-2
1.610000E-3	-4.986948E-2
1.615000E-3	-5.000246E-2
1.620000E-3	-4.994488E-2
1.625000E-3	-4.994625E-2
1.630000E-3	-5.012035E-2
1.635000E-3	-4.989141E-2
1.640000E-3	-4.976940E-2
1.645000E-3	-4.997641E-2
1.650000E-3	-5.002028E-2
1.655000E-3	-4.998189E-2
1.660000E-3	-4.993939E-2
1.665000E-3	-4.981464E-2
1.670000E-3	-4.963779E-2
1.675000E-3	-4.984891E-2
1.680000E-3	-5.009294E-2
1.685000E-3	-5.002302E-2
1.690000E-3	-4.990512E-2
1.695000E-3	-4.989690E-2
1.700000E-3	-4.972553E-2
1.705000E-3	-4.972279E-2
1.710000E-3	-5.001479E-2
1.715000E-3	-5.017108E-2
1.720000E-3	-4.983246E-2
1.725000E-3	-4.991060E-2
1.730000E-3	-5.000108E-2
1.735000E-3	-5.016148E-2
1.740000E-3	-5.002987E-2
1.745000E-3	-5.007374E-2
1.750000E-3	-4.992294E-2
1.755000E-3	-4.998875E-2
1.760000E-3	-5.001342E-2
1.765000E-3	-5.014503E-2
1.770000E-3	-4.999286E-2
1.775000E-3	-4.979682E-2
1.780000E-3	-4.967344E-2
1.785000E-3	-4.976392E-2
1.790000E-3	-4.982698E-2
1.795000E-3	-4.996818E-2
1.800000E-3	-5.008334E-2
1.805000E-3	-5.021495E-2
1.810000E-3	-5.003947E-2
1.815000E-3	-5.005318E-2
1.820000E-3	-4.996544E-2
1.825000E-3	-4.992706E-2
1.830000E-3	-4.997504E-2
1.835000E-3	-4.980916E-2
1.840000E-3	-4.977077E-2
1.845000E-3	-4.976255E-2
1.850000E-3	-4.996270E-2
1.855000E-3	-5.004907E-2
1.860000E-3	-5.016285E-2
1.865000E-3	-5.010939E-2
1.870000E-3	-5.012172E-2
1.875000E-3	-4.993117E-2
1.880000E-3	-4.980916E-2
1.885000E-3	-4.970497E-2
1.890000E-3	-4.961997E-2
1.895000E-3	-4.972827E-2
1.900000E-3	-4.998738E-2
1.905000E-3	-4.991609E-2
1.910000E-3	-4.972690E-2
1.915000E-3	-4.985029E-2
1.920000E-3	-4.990238E-2
1.925000E-3	-4.988730E-2
1.930000E-3	-4.981875E-2
1.935000E-3	-4.989964E-2
1.940000E-3	-4.984206E-2
1.945000E-3	-4.974610E-2
1.950000E-3	-4.997367E-2
1.955000E-3	-4.979819E-2
1.960000E-3	-4.986399E-2
1.965000E-3	-4.988867E-2
1.970000E-3	-4.985303E-2
1.975000E-3	-4.989141E-2
1.980000E-3	-4.999560E-2
1.985000E-3	-5.013680E-2
1.990000E-3	-5.011487E-2
1.995000E-3	-5.007786E-2
2.000000E-3	-5.000383E-2
2.005000E-3	-4.989278E-2
2.010000E-3	-4.991609E-2
2.015000E-3	-4.975569E-2
2.020000E-3	-4.994076E-2
2.025000E-3	-5.007511E-2
2.030000E-3	-5.004770E-2
2.035000E-3	-4.978037E-2
2.040000E-3	-4.988045E-2
2.045000E-3	-4.994351E-2
2.050000E-3	-4.988182E-2
2.055000E-3	-4.998189E-2
2.060000E-3	-4.994625E-2
2.065000E-3	-4.999012E-2
2.070000E-3	-4.992980E-2
2.075000E-3	-5.005866E-2
2.080000E-3	-5.001068E-2
2.085000E-3	-4.990512E-2
2.090000E-3	-4.998600E-2
2.095000E-3	-5.005318E-2
2.100000E-3	-5.012721E-2
2.105000E-3	-5.010939E-2
2.110000E-3	-5.007374E-2
2.115000E-3	-4.995996E-2
2.120000E-3	-4.995310E-2
2.125000E-3	-5.006552E-2
2.130000E-3	-5.008608E-2
2.135000E-3	-4.996818E-2
2.140000E-3	-4.999834E-2
2.145000E-3	-4.989004E-2
2.150000E-3	-4.986125E-2
2.155000E-3	-4.988867E-2
2.160000E-3	-4.988593E-2
2.165000E-3	-4.994899E-2
2.170000E-3	-4.994762E-2
2.175000E-3	-4.991609E-2
2.180000E-3	-4.987222E-2
2.185000E-3	-5.007786E-2
2.190000E-3	-4.992843E-2
2.195000E-3	-4.998875E-2
2.200000E-3	-4.988045E-2
2.205000E-3	-4.984617E-2
2.210000E-3	-4.994214E-2
2.215000E-3	-5.002987E-2
2.220000E-3	-5.003536E-2
2.225000E-3	-4.990923E-2
2.230000E-3	-5.004907E-2
2.235000E-3	-4.996818E-2
2.240000E-3	-4.986537E-2
2.245000E-3	-4.990512E-2
2.250000E-3	-4.990786E-2
2.255000E-3	-4.997915E-2
2.260000E-3	-4.999423E-2
2.265000E-3	-4.994625E-2
2.270000E-3	-4.987496E-2
2.275000E-3	-4.985577E-2
2.280000E-3	-5.011487E-2
2.285000E-3	-5.006140E-2
2.290000E-3	-4.974335E-2
2.295000E-3	-4.987907E-2
2.300000E-3	-4.974335E-2
2.305000E-3	-4.981875E-2
2.310000E-3	-4.997778E-2
2.315000E-3	-5.005318E-2
2.320000E-3	-4.999971E-2
2.325000E-3	-5.010664E-2
2.330000E-3	-5.029720E-2
2.335000E-3	-5.016559E-2
2.340000E-3	-4.985577E-2
2.345000E-3	-4.979134E-2
2.350000E-3	-4.976803E-2
2.355000E-3	-4.985440E-2
2.360000E-3	-4.989141E-2
2.365000E-3	-4.999971E-2
2.370000E-3	-4.986262E-2
2.375000E-3	-4.967344E-2
2.380000E-3	-4.962957E-2
2.385000E-3	-4.996681E-2
2.390000E-3	-4.972142E-2
2.395000E-3	-4.998738E-2
2.400000E-3	-4.972416E-2
2.405000E-3	-5.013955E-2
2.410000E-3	-4.959255E-2
2.415000E-3	-5.039179E-2
2.420000E-3	-4.947054E-2
2.425000E-3	-5.054396E-2
2.430000E-3	-4.923749E-2
2.435000E-3	-5.072081E-2
2.440000E-3	-4.885912E-2
2.445000E-3	-5.084556E-2
2.450000E-3	-4.903871E-2
2.455000E-3	-5.122805E-2
2.460000E-3	-4.895645E-2
2.465000E-3	-4.797626E-2
2.470000E-3	-7.365060E-2
2.475000E-3	-2.834556E-1
2.480000E-3	-7.767161E-1
2.485000E-3	-7.861122E-1
2.490000E-3	-6.112832E-1
2.495000E-3	-7.667770E-1
2.500000E-3	1.520703E+0
2.505000E-3	1.767595E+0
2.510000E-3	-1.005697E+0
2.515000E-3	7.361468E-1
2.520000E-3	1.093490E+0
2.525000E-3	-1.143214E+0
2.530000E-3	-3.481171E-1
2.535000E-3	7.445546E-1
2.540000E-3	-1.914622E-1
2.545000E-3	-1.742354E-1
2.550000E-3	5.027664E-1
2.555000E-3	-1.460509E-1
2.560000E-3	-4.005502E-1
2.565000E-3	5.313772E-2
2.570000E-3	-3.572240E-1
2.575000E-3	-3.919203E-1
2.580000E-3	1.696552E-1
2.585000E-3	-1.772062E-1
2.590000E-3	-5.849536E-1
2.595000E-3	1.227812E-1
2.600000E-3	-1.047469E-1
2.605000E-3	-6.986210E-1
2.610000E-3	2.298270E-1
2.615000E-3	2.569175E-1
2.620000E-3	-4.805659E-1
2.625000E-3	2.715067E-1
2.630000E-3	2.045544E-1
2.635000E-3	-4.849720E-1
2.640000E-3	1.194937E-1
2.645000E-3	2.590822E-1
2.650000E-3	-2.406366E-1
2.655000E-3	1.510314E-1
2.660000E-3	1.107953E-1
2.665000E-3	-5.039522E-1
2.670000E-3	-9.383172E-2
2.675000E-3	1.150492E-1
2.680000E-3	-4.036046E-1
2.685000E-3	1.828516E-2
2.690000E-3	4.208094E-1
2.695000E-3	-2.016467E-1
2.700000E-3	-1.502788E-1
2.705000E-3	2.964627E-1
2.710000E-3	-1.946907E-1
2.715000E-3	-1.657646E-1
2.720000E-3	2.378016E-1
2.725000E-3	-2.086082E-1
2.730000E-3	-2.302150E-1
2.735000E-3	2.026228E-1
2.740000E-3	-1.168547E-1
2.745000E-3	-2.436376E-1
2.750000E-3	1.007219E-1
2.755000E-3	-1.064029E-1
2.760000E-3	-2.856367E-1
2.765000E-3	2.397346E-1
2.770000E-3	1.507984E-1
2.775000E-3	-3.458304E-1
2.780000E-3	-2.823794E-2
2.785000E-3	7.755905E-2
2.790000E-3	-3.059535E-1
2.795000E-3	-8.201313E-2
2.800000E-3	2.545747E-1
2.805000E-3	-1.586112E-1
2.810000E-3	-2.303151E-1
2.815000E-3	1.537774E-1
2.820000E-3	-1.308681E-1
2.825000E-3	-2.406682E-1
2.830000E-3	2.834610E-1
2.835000E-3	3.385454E-2
2.840000E-3	-3.368839E-1
2.845000E-3	6.825882E-2
2.850000E-3	6.271076E-2
2.855000E-3	-2.653431E-1
2.860000E-3	3.691578E-2
2.865000E-3	6.120688E-2
2.870000E-3	-3.206743E-1
2.875000E-3	4.867953E-2
2.880000E-3	2.111073E-1
2.885000E-3	-3.285296E-1
2.890000E-3	-1.447266E-2
2.895000E-3	2.613319E-1
2.900000E-3	-3.173512E-1
2.905000E-3	-1.139840E-1
2.910000E-3	2.460586E-1
2.915000E-3	-2.136531E-1
2.920000E-3	-1.735787E-1
2.925000E-3	1.880308E-1
2.930000E-3	-2.369544E-1
2.935000E-3	-3.089503E-1
2.940000E-3	1.963824E-1
2.945000E-3	-9.150118E-2
2.950000E-3	-1.916679E-1
2.955000E-3	2.600268E-1
2.960000E-3	-7.897657E-2
2.965000E-3	-3.235039E-1
2.970000E-3	1.569894E-1
2.975000E-3	-9.493530E-3
2.980000E-3	-3.034146E-1
2.985000E-3	9.791428E-2
2.990000E-3	6.321251E-2
2.995000E-3	-2.558647E-1
3.000000E-3	7.805121E-2
3.005000E-3	4.290938E-2
3.010000E-3	-2.521125E-1
3.015000E-3	1.332343E-1
3.020000E-3	1.288968E-1
3.025000E-3	-2.493597E-1
3.030000E-3	-1.203108E-2
3.035000E-3	6.295478E-2
3.040000E-3	-2.503701E-1
3.045000E-3	-1.126090E-1
3.050000E-3	3.041220E-2
3.055000E-3	-1.750936E-1
3.060000E-3	-1.202834E-2
3.065000E-3	1.125117E-1
3.070000E-3	-2.066450E-1
3.075000E-3	-5.527633E-2
3.080000E-3	1.185848E-1
3.085000E-3	-1.833053E-1
3.090000E-3	-7.195342E-2
3.095000E-3	1.230307E-1
3.100000E-3	-1.557145E-1
3.105000E-3	-1.336881E-1
3.110000E-3	1.243358E-1
3.115000E-3	-8.380079E-2
3.120000E-3	-1.265182E-1
3.125000E-3	1.021600E-1
3.130000E-3	-1.076792E-1
3.135000E-3	-1.896348E-1
3.140000E-3	2.893436E-2
3.145000E-3	-8.135784E-2
3.150000E-3	-1.555842E-1
3.155000E-3	4.353040E-2
3.160000E-3	-2.210176E-2
3.165000E-3	-1.469544E-1
3.170000E-3	-1.533771E-2
3.175000E-3	-4.580611E-2
3.180000E-3	-1.461990E-1
3.185000E-3	3.582317E-2
3.190000E-3	4.640520E-2
3.195000E-3	-9.584010E-2
3.200000E-3	-1.159376E-2
3.205000E-3	-1.258630E-2
3.210000E-3	-8.195966E-2
3.215000E-3	-3.661692E-2
3.220000E-3	-7.295281E-2
3.225000E-3	-1.254188E-1
3.230000E-3	-5.236179E-2
3.235000E-3	-6.779546E-2
3.240000E-3	-1.488037E-1
3.245000E-3	-4.672599E-2
3.250000E-3	-7.428944E-3
3.255000E-3	-1.364381E-1
3.260000E-3	-4.778981E-2
3.265000E-3	3.448790E-2
3.270000E-3	-7.175875E-2
3.275000E-3	7.057428E-3
3.280000E-3	7.466918E-2
3.285000E-3	-4.133558E-2
3.290000E-3	-5.510086E-2
3.295000E-3	1.231486E-2
3.300000E-3	1.820564E-3
3.305000E-3	-1.835096E-2
3.310000E-3	-1.861966E-2
3.315000E-3	-5.621815E-2
3.320000E-3	-6.854534E-2
3.325000E-3	-5.466354E-2
3.330000E-3	-8.223522E-2
3.335000E-3	-9.870255E-2
3.340000E-3	-5.450451E-2
3.345000E-3	-4.075021E-2
3.350000E-3	-9.181648E-2
3.355000E-3	-7.318449E-2
3.360000E-3	-4.509187E-2
3.365000E-3	-1.182078E-1
3.370000E-3	-8.228868E-2
3.375000E-3	2.215934E-2
3.380000E-3	-5.264693E-2
3.385000E-3	-6.582820E-2
3.390000E-3	2.636802E-2
3.395000E-3	-5.815387E-2
3.400000E-3	-1.252858E-1
3.405000E-3	-4.370862E-2
3.410000E-3	-5.869949E-2
3.415000E-3	-9.839684E-2
3.420000E-3	-3.088790E-2
3.425000E-3	-2.352202E-2
3.430000E-3	-9.223050E-2
3.435000E-3	-4.747313E-2
3.440000E-3	-3.453726E-2
3.445000E-3	-9.981436E-2
3.450000E-3	-3.735447E-2
3.455000E-3	7.793605E-3
3.460000E-3	-4.532903E-2
3.465000E-3	-4.744297E-2
3.470000E-3	-3.385592E-2
3.475000E-3	-5.673224E-2
3.480000E-3	-8.546233E-2
3.485000E-3	-7.698053E-2
3.490000E-3	-6.812996E-2
3.495000E-3	-8.399820E-2
3.500000E-3	-5.240291E-2
3.505000E-3	-3.209704E-2
3.510000E-3	-6.248319E-2
3.515000E-3	-4.221708E-2
3.520000E-3	-2.048409E-2
3.525000E-3	-5.663353E-2
3.530000E-3	-3.170085E-2
3.535000E-3	1.104403E-2
3.540000E-3	-4.640657E-2
3.545000E-3	-6.395143E-2
3.550000E-3	5.748212E-3
3.555000E-3	-8.577764E-3
3.560000E-3	-4.112858E-2
3.565000E-3	-2.927983E-2
3.570000E-3	-4.924434E-2
3.575000E-3	-6.190741E-2
3.580000E-3	-4.468745E-2
3.585000E-3	-4.451334E-2
3.590000E-3	-6.466568E-2
3.595000E-3	-6.562942E-2
3.600000E-3	-8.012539E-2
3.605000E-3	-1.092311E-1
3.610000E-3	-7.363415E-2
3.615000E-3	-4.395950E-2
3.620000E-3	-4.346871E-2
3.625000E-3	-1.901859E-2
3.630000E-3	-4.112995E-2
3.635000E-3	-6.935418E-2
3.640000E-3	-5.007100E-2
3.645000E-3	-5.566019E-2
3.650000E-3	-7.513392E-2
3.655000E-3	-6.376499E-2
3.660000E-3	-6.481922E-2
3.665000E-3	-6.509751E-2
3.670000E-3	-2.670115E-2
3.675000E-3	-3.659362E-2
3.680000E-3	-6.200063E-2
3.685000E-3	-2.896178E-2
3.690000E-3	-4.055142E-2
3.695000E-3	-6.063110E-2
3.700000E-3	-3.046840E-2
3.705000E-3	-4.730725E-2
3.710000E-3	-6.619424E-2
3.715000E-3	-2.318341E-2
3.720000E-3	-3.626734E-2
3.725000E-3	-9.163141E-2
3.730000E-3	-4.805714E-2
3.735000E-3	-3.157747E-2
3.740000E-3	-8.896226E-2
3.745000E-3	-3.364617E-2
3.750000E-3	1.551044E-2
3.755000E-3	-4.959667E-2
3.760000E-3	-5.929172E-2
3.765000E-3	-2.386749E-2
3.770000E-3	-3.817838E-2
3.775000E-3	-4.319179E-2
3.780000E-3	-3.528851E-2
3.785000E-3	-5.689400E-2
3.790000E-3	-5.749172E-2
3.795000E-3	-3.390527E-2
3.800000E-3	-5.520231E-2
3.805000E-3	-6.853986E-2
3.810000E-3	-5.145836E-2
3.815000E-3	-8.211595E-2
3.820000E-3	-9.944832E-2
3.825000E-3	-6.330025E-2
3.830000E-3	-6.955707E-2
3.835000E-3	-8.863598E-2
3.840000E-3	-5.506933E-2
3.845000E-3	-5.736697E-2
3.850000E-3	-8.474672E-2
3.855000E-3	-5.373544E-2
3.860000E-3	-4.049522E-2
3.865000E-3	-6.346613E-2
3.870000E-3	-6.717443E-4
3.875000E-3	7.604420E-3
3.880000E-3	-3.768760E-2
3.885000E-3	3.844023E-3
3.890000E-3	9.130239E-3
3.895000E-3	-5.483216E-2
3.900000E-3	-4.909766E-2
3.905000E-3	-3.320885E-2
3.910000E-3	-8.560765E-2
3.915000E-3	-9.620339E-2
3.920000E-3	-5.178738E-2
3.925000E-3	-6.439698E-2
3.930000E-3	-5.991274E-2
3.935000E-3	-1.277137E-2
3.940000E-3	-3.755188E-2
3.945000E-3	-6.293148E-2
3.950000E-3	-4.855204E-2
3.955000E-3	-6.050634E-2
3.960000E-3	-7.843918E-2
3.965000E-3	-7.215905E-2
3.970000E-3	-6.069964E-2
3.975000E-3	-6.802166E-2
3.980000E-3	-5.576575E-2
3.985000E-3	-4.337001E-2
3.990000E-3	-5.671853E-2
3.995000E-3	-5.144328E-2
4.000000E-3	-2.758676E-2
4.005000E-3	-2.602392E-2
4.010000E-3	-3.943276E-2
4.015000E-3	-2.794594E-2
4.020000E-3	-2.139848E-2
4.025000E-3	-4.708928E-2
4.030000E-3	-5.201906E-2
4.035000E-3	-4.450238E-2
4.040000E-3	-6.085455E-2
4.045000E-3	-6.504130E-2
4.050000E-3	-4.408973E-2
4.055000E-3	-2.073908E-2
4.060000E-3	-2.194959E-2
4.065000E-3	-3.724617E-2
4.070000E-3	-3.649080E-2
4.075000E-3	-4.410344E-2
4.080000E-3	-7.356697E-2
4.085000E-3	-9.311885E-2
4.090000E-3	-9.135038E-2
4.095000E-3	-8.089721E-2
4.100000E-3	-6.594747E-2
4.105000E-3	-4.406232E-2
4.110000E-3	-2.925378E-2
4.115000E-3	-3.208196E-2
4.120000E-3	-3.667450E-2
4.125000E-3	-4.367983E-2
4.130000E-3	-5.569309E-2
4.135000E-3	-5.886537E-2
4.140000E-3	-6.603932E-2
4.145000E-3	-8.014047E-2
4.150000E-3	-8.323872E-2
4.155000E-3	-6.802303E-2
4.160000E-3	-5.568349E-2
4.165000E-3	-4.927725E-2
4.170000E-3	-3.815508E-2
4.175000E-3	-3.056437E-2
4.180000E-3	-3.163230E-2
4.185000E-3	-3.887343E-2
4.190000E-3	-3.377503E-2
4.195000E-3	-2.954304E-2
4.200000E-3	-4.760611E-2
4.205000E-3	-5.255783E-2
4.210000E-3	-5.491716E-2
4.215000E-3	-6.139743E-2
4.220000E-3	-4.519331E-2
4.225000E-3	-4.141235E-2
4.230000E-3	-4.884815E-2
4.235000E-3	-3.206551E-2
4.240000E-3	-2.365774E-2
4.245000E-3	-3.919560E-2
4.250000E-3	-4.392523E-2
4.255000E-3	-4.818189E-2
4.260000E-3	-7.019317E-2
4.265000E-3	-6.922120E-2
4.270000E-3	-5.571640E-2
4.275000E-3	-6.692082E-2
4.280000E-3	-5.762196E-2
4.285000E-3	-3.302240E-2
4.290000E-3	-4.090101E-2
4.295000E-3	-4.911548E-2
4.300000E-3	-4.043627E-2
4.305000E-3	-5.019027E-2
4.310000E-3	-6.233925E-2
4.315000E-3	-3.479087E-2
4.320000E-3	-2.652705E-2
4.325000E-3	-4.886597E-2
4.330000E-3	-4.492599E-2
4.335000E-3	-5.806613E-2
4.340000E-3	-8.400095E-2
4.345000E-3	-6.835616E-2
4.350000E-3	-5.392051E-2
4.355000E-3	-6.201434E-2
4.360000E-3	-5.521876E-2
4.365000E-3	-4.473406E-2
4.370000E-3	-5.541754E-2
4.375000E-3	-5.378890E-2
4.380000E-3	-4.927862E-2
4.385000E-3	-6.792980E-2
4.390000E-3	-5.424130E-2
4.395000E-3	-3.528988E-2
4.400000E-3	-6.099164E-2
4.405000E-3	-6.004435E-2
4.410000E-3	-3.704464E-2
4.415000E-3	-5.376422E-2
4.420000E-3	-5.385882E-2
4.425000E-3	-2.495873E-2
4.430000E-3	-3.701174E-2
4.435000E-3	-4.505485E-2
4.440000E-3	-2.156025E-2
4.445000E-3	-3.607816E-2
4.450000E-3	-5.067283E-2
4.455000E-3	-3.321570E-2
4.460000E-3	-5.077976E-2
4.465000E-3	-6.586111E-2
4.470000E-3	-3.991944E-2
4.475000E-3	-4.356468E-2
4.480000E-3	-6.669462E-2
4.485000E-3	-5.518723E-2
4.490000E-3	-5.550802E-2
4.495000E-3	-7.170939E-2
4.500000E-3	-4.963094E-2
4.505000E-3	-3.957397E-2
4.510000E-3	-5.424678E-2
4.515000E-3	-3.538311E-2
4.520000E-3	-3.648806E-2
4.525000E-3	-6.605166E-2
4.530000E-3	-5.768365E-2
4.535000E-3	-4.477108E-2
4.540000E-3	-6.207466E-2
4.545000E-3	-4.765546E-2
4.550000E-3	-2.340823E-2
4.555000E-3	-3.784251E-2
4.560000E-3	-4.821342E-2
4.565000E-3	-2.605820E-2
4.570000E-3	-6.114656E-2
4.575000E-3	-1.038928E-1
4.580000E-3	-1.099440E-1
4.585000E-3	-1.416270E-1
4.590000E-3	-1.298413E-1
4.595000E-3	-9.176576E-2
4.600000E-3	-4.819423E-2
4.605000E-3	1.091242E-2
4.610000E-3	4.825729E-2
4.615000E-3	3.994960E-2
4.620000E-3	9.530544E-3
4.625000E-3	-1.286048E-2
4.630000E-3	-1.931471E-2
4.635000E-3	-4.332614E-2
4.640000E-3	-4.191685E-2
4.645000E-3	-3.427541E-2
4.650000E-3	-4.237062E-2
4.655000E-3	-3.619331E-2
4.660000E-3	-3.849781E-2
4.665000E-3	-6.711686E-2
4.670000E-3	-7.881755E-2
4.675000E-3	-7.820749E-2
4.680000E-3	-8.760095E-2
4.685000E-3	-8.786142E-2
4.690000E-3	-7.358754E-2
4.695000E-3	-7.763720E-2
4.700000E-3	-8.033240E-2
4.705000E-3	-6.892782E-2
4.710000E-3	-7.035905E-2
4.715000E-3	-6.261754E-2
4.720000E-3	-3.302377E-2
4.725000E-3	-2.484494E-2
4.730000E-3	-2.788013E-2
4.735000E-3	-1.529521E-2
4.740000E-3	-2.439117E-2
4.745000E-3	-4.524952E-2
4.750000E-3	-3.871715E-2
4.755000E-3	-4.756087E-2
4.760000E-3	-6.486720E-2
4.765000E-3	-5.735052E-2
4.770000E-3	-5.465806E-2
4.775000E-3	-6.189644E-2
4.780000E-3	-4.764175E-2
4.785000E-3	-4.001951E-2
4.790000E-3	-4.952401E-2
4.795000E-3	-4.442835E-2
4.800000E-3	-3.775340E-2
4.805000E-3	-4.232264E-2
4.810000E-3	-3.611654E-2
4.815000E-3	-3.099209E-2
4.820000E-3	-4.318357E-2
4.825000E-3	-5.504191E-2
4.830000E-3	-6.000322E-2
4.835000E-3	-6.816834E-2
4.840000E-3	-6.641906E-2
4.845000E-3	-5.574381E-2
4.850000E-3	-5.223840E-2
4.855000E-3	-5.441540E-2
4.860000E-3	-5.364633E-2
4.865000E-3	-5.470741E-2
4.870000E-3	-6.172782E-2
4.875000E-3	-5.785364E-2
4.880000E-3	-5.188060E-2
4.885000E-3	-6.077641E-2
4.890000E-3	-6.148243E-2
4.895000E-3	-4.579651E-2
4.900000E-3	-4.584724E-2
4.905000E-3	-5.135143E-2
4.910000E-3	-4.323292E-2
4.915000E-3	-4.442012E-2
4.920000E-3	-4.930192E-2
4.925000E-3	-3.946704E-2
4.930000E-3	-4.437351E-2
4.935000E-3	-5.474716E-2
4.940000E-3	-4.231030E-2
4.945000E-3	-4.067481E-2
4.950000E-3	-5.500627E-2
4.955000E-3	-4.682744E-2
4.960000E-3	-3.877610E-2
4.965000E-3	-5.120474E-2
4.970000E-3	-5.154061E-2
4.975000E-3	-4.393756E-2
4.980000E-3	-4.945821E-2
4.985000E-3	-4.519606E-2
4.990000E-3	-3.801936E-2
4.995000E-3	-4.971594E-2
5.000000E-3	-5.306780E-2
5.005000E-3	-4.258722E-2
5.010000E-3	-4.562515E-2
5.015000E-3	-5.490071E-2
5.020000E-3	-5.833620E-2
5.025000E-3	-6.248868E-2
5.030000E-3	-6.786126E-2
5.035000E-3	-5.715173E-2
5.040000E-3	-4.817504E-2
5.045000E-3	-5.443048E-2
5.050000E-3	-5.689812E-2
5.055000E-3	-5.208898E-2
5.060000E-3	-5.724907E-2
5.065000E-3	-6.415296E-2
5.070000E-3	-5.212599E-2
5.075000E-3	-4.789400E-2
5.080000E-3	-4.426110E-2
5.085000E-3	-3.381890E-2
5.090000E-3	-3.236437E-2
5.095000E-3	-3.175294E-2
5.100000E-3	-3.148562E-2
5.105000E-3	-3.414655E-2
5.110000E-3	-3.586978E-2
5.115000E-3	-3.561205E-2
5.120000E-3	-4.085165E-2
5.125000E-3	-5.358875E-2
5.130000E-3	-6.173193E-2
5.135000E-3	-6.949401E-2
5.140000E-3	-7.910269E-2
5.145000E-3	-7.667208E-2
5.150000E-3	-6.963933E-2
5.155000E-3	-6.491929E-2
5.160000E-3	-5.370253E-2
5.165000E-3	-4.132324E-2
5.170000E-3	-3.582728E-2
5.175000E-3	-3.393954E-2
5.180000E-3	-3.630024E-2
5.185000E-3	-4.124236E-2
5.190000E-3	-4.186475E-2
5.195000E-3	-3.897351E-2
5.200000E-3	-4.429948E-2
5.205000E-3	-5.046034E-2
5.210000E-3	-4.749095E-2
5.215000E-3	-4.768425E-2
5.220000E-3	-4.458874E-2
5.225000E-3	-3.524739E-2
5.230000E-3	-4.270375E-2
5.235000E-3	-5.492538E-2
5.240000E-3	-5.859256E-2
5.245000E-3	-6.628746E-2
5.250000E-3	-7.472402E-2
5.255000E-3	-7.111442E-2
5.260000E-3	-6.606674E-2
5.265000E-3	-6.736499E-2
5.270000E-3	-5.792081E-2
5.275000E-3	-4.275584E-2
5.280000E-3	-3.293741E-2
5.285000E-3	-2.588135E-2
5.290000E-3	-2.287221E-2
5.295000E-3	-3.467435E-2
5.300000E-3	-4.725653E-2
5.305000E-3	-5.103612E-2
5.310000E-3	-5.671716E-2
5.315000E-3	-6.143034E-2
5.320000E-3	-5.782622E-2
5.325000E-3	-5.919302E-2
5.330000E-3	-6.869066E-2
5.335000E-3	-6.665897E-2
5.340000E-3	-6.279027E-2
5.345000E-3	-6.229812E-2
5.350000E-3	-4.995996E-2
5.355000E-3	-3.802896E-2
5.360000E-3	-4.030192E-2
5.365000E-3	-4.244602E-2
5.370000E-3	-4.183459E-2
5.375000E-3	-5.111563E-2
5.380000E-3	-5.503780E-2
5.385000E-3	-4.568547E-2
5.390000E-3	-4.448456E-2
5.395000E-3	-4.876727E-2
5.400000E-3	-4.533041E-2
5.405000E-3	-4.388684E-2
5.410000E-3	-4.405957E-2
5.415000E-3	-4.118067E-2
5.420000E-3	-4.505485E-2
5.425000E-3	-5.297047E-2
5.430000E-3	-5.432630E-2
5.435000E-3	-5.578768E-2
5.440000E-3	-6.214869E-2
5.445000E-3	-6.288075E-2
5.450000E-3	-5.803186E-2
5.455000E-3	-5.515981E-2
5.460000E-3	-4.848075E-2
5.465000E-3	-4.426247E-2
5.470000E-3	-4.499727E-2
5.475000E-3	-4.187024E-2
5.480000E-3	-3.933817E-2
5.485000E-3	-3.893101E-2
5.490000E-3	-4.093939E-2
5.495000E-3	-4.350436E-2
5.500000E-3	-4.729903E-2
5.505000E-3	-5.162698E-2
5.510000E-3	-5.484039E-2
5.515000E-3	-5.744922E-2
5.520000E-3	-5.843490E-2
5.525000E-3	-5.722988E-2
5.530000E-3	-5.497336E-2
5.535000E-3	-5.034930E-2
5.540000E-3	-4.207313E-2
5.545000E-3	-3.718036E-2
5.550000E-3	-3.811121E-2
5.555000E-3	-3.973711E-2
5.560000E-3	-4.678768E-2
5.565000E-3	-5.598921E-2
5.570000E-3	-5.694199E-2
5.575000E-3	-5.352569E-2
5.580000E-3	-5.043155E-2
5.585000E-3	-4.541129E-2
5.590000E-3	-4.457366E-2
5.595000E-3	-4.861510E-2
5.600000E-3	-5.484313E-2
5.605000E-3	-6.085181E-2
5.610000E-3	-6.259012E-2
5.615000E-3	-6.072980E-2
5.620000E-3	-5.738753E-2
5.625000E-3	-5.526537E-2
5.630000E-3	-5.623323E-2
5.635000E-3	-5.545181E-2
5.640000E-3	-5.169553E-2
5.645000E-3	-4.737443E-2
5.650000E-3	-4.231989E-2
5.655000E-3	-3.780001E-2
5.660000E-3	-3.741753E-2
5.665000E-3	-4.015112E-2
5.670000E-3	-4.468608E-2
5.675000E-3	-5.191898E-2
5.680000E-3	-5.497885E-2
5.685000E-3	-5.210268E-2
5.690000E-3	-4.871106E-2
5.695000E-3	-4.523307E-2
5.700000E-3	-4.533315E-2
5.705000E-3	-4.898250E-2
5.710000E-3	-5.010527E-2
5.715000E-3	-4.999971E-2
5.720000E-3	-5.160367E-2
5.725000E-3	-5.254138E-2
5.730000E-3	-5.075508E-2
5.735000E-3	-4.957473E-2
5.740000E-3	-5.210406E-2
5.745000E-3	-5.518311E-2
5.750000E-3	-5.380124E-2
5.755000E-3	-4.932112E-2
5.760000E-3	-4.408151E-2
5.765000E-3	-3.692400E-2
5.770000E-3	-3.247815E-2
5.775000E-3	-3.780687E-2
5.780000E-3	-4.639286E-2
5.785000E-3	-5.160779E-2
5.790000E-3	-5.756986E-2
5.795000E-3	-6.072706E-2
5.800000E-3	-5.734092E-2
5.805000E-3	-5.587816E-2
5.810000E-3	-5.743963E-2
5.815000E-3	-5.611396E-2
5.820000E-3	-5.594534E-2
5.825000E-3	-5.712980E-2
5.830000E-3	-5.414534E-2
5.835000E-3	-5.263871E-2
5.840000E-3	-5.455524E-2
5.845000E-3	-5.255371E-2
5.850000E-3	-4.890710E-2
5.855000E-3	-4.675204E-2
5.860000E-3	-4.057747E-2
5.865000E-3	-3.591776E-2
5.870000E-3	-3.932172E-2
5.875000E-3	-4.207861E-2
5.880000E-3	-4.449689E-2
5.885000E-3	-5.087847E-2
5.890000E-3	-5.260170E-2
5.895000E-3	-4.930055E-2
5.900000E-3	-4.963642E-2
5.905000E-3	-4.962820E-2
5.910000E-3	-4.672462E-2
5.915000E-3	-4.963917E-2
5.920000E-3	-5.506110E-2
5.925000E-3	-5.554366E-2
5.930000E-3	-5.794412E-2
5.935000E-3	-6.185120E-2
5.940000E-3	-5.998814E-2
5.945000E-3	-5.737519E-2
5.950000E-3	-5.409461E-2
5.955000E-3	-4.693711E-2
5.960000E-3	-4.389095E-2
5.965000E-3	-4.580200E-2
5.970000E-3	-4.462165E-2
5.975000E-3	-4.322469E-2
5.980000E-3	-4.445440E-2
5.985000E-3	-4.164541E-2
5.990000E-3	-3.943002E-2
5.995000E-3	-4.213208E-2
6.000000E-3	-4.352081E-2
6.005000E-3	-4.628319E-2
6.010000E-3	-5.251670E-2
6.015000E-3	-5.637306E-2
6.020000E-3	-5.824983E-2
6.025000E-3	-6.023216E-2
6.030000E-3	-5.888456E-2
6.035000E-3	-5.591381E-2
6.040000E-3	-5.462790E-2
6.045000E-3	-5.064952E-2
6.050000E-3	-4.599118E-2
6.055000E-3	-4.766095E-2
6.060000E-3	-5.225074E-2
6.065000E-3	-5.554777E-2
6.070000E-3	-5.927116E-2
6.075000E-3	-5.994153E-2
6.080000E-3	-5.589324E-2
6.085000E-3	-5.300200E-2
6.090000E-3	-5.110878E-2
6.095000E-3	-4.742789E-2
6.100000E-3	-4.534960E-2
6.105000E-3	-4.325074E-2
6.110000E-3	-3.821540E-2
6.115000E-3	-3.573954E-2
6.120000E-3	-3.837168E-2
6.125000E-3	-4.116148E-2
6.130000E-3	-4.394990E-2
6.135000E-3	-4.724556E-2
6.140000E-3	-4.886186E-2
6.145000E-3	-5.047405E-2
6.150000E-3	-5.329400E-2
6.155000E-3	-5.472523E-2
6.160000E-3	-5.409461E-2
6.165000E-3	-5.173528E-2
6.170000E-3	-4.722774E-2
6.175000E-3	-4.452705E-2
6.180000E-3	-4.688776E-2
6.185000E-3	-5.247009E-2
6.190000E-3	-5.723810E-2
6.195000E-3	-5.846643E-2
6.200000E-3	-5.524755E-2
6.205000E-3	-4.983109E-2
6.210000E-3	-4.594320E-2
6.215000E-3	-4.507405E-2
6.220000E-3	-4.512614E-2
6.225000E-3	-4.574990E-2
6.230000E-3	-4.808182E-2
6.235000E-3	-5.022454E-2
6.240000E-3	-5.183536E-2
6.245000E-3	-5.462927E-2
6.250000E-3	-5.585074E-2
6.255000E-3	-5.384785E-2
6.260000E-3	-5.135006E-2
6.265000E-3	-5.029583E-2
6.270000E-3	-5.018067E-2
6.275000E-3	-5.277306E-2
6.280000E-3	-5.547649E-2
6.285000E-3	-5.536407E-2
6.290000E-3	-5.399042E-2
6.295000E-3	-5.254686E-2
6.300000E-3	-5.006552E-2
6.305000E-3	-4.767740E-2
6.310000E-3	-4.664922E-2
6.315000E-3	-4.537976E-2
6.320000E-3	-4.403490E-2
6.325000E-3	-4.338235E-2
6.330000E-3	-4.288882E-2
6.335000E-3	-4.234457E-2
6.340000E-3	-4.295462E-2
6.345000E-3	-4.446262E-2
6.350000E-3	-4.767329E-2
6.355000E-3	-5.239606E-2
6.360000E-3	-5.617839E-2
6.365000E-3	-5.804420E-2
6.370000E-3	-5.904359E-2
6.375000E-3	-5.790025E-2
6.380000E-3	-5.550528E-2
6.385000E-3	-5.401373E-2
6.390000E-3	-5.232614E-2
6.395000E-3	-5.071259E-2
6.400000E-3	-5.029720E-2
6.405000E-3	-4.929507E-2
6.410000E-3	-4.714686E-2
6.415000E-3	-4.522759E-2
6.420000E-3	-4.354137E-2
6.425000E-3	-4.245424E-2
6.430000E-3	-4.319865E-2
6.435000E-3	-4.431593E-2
6.440000E-3	-4.412538E-2
6.445000E-3	-4.421997E-2
6.450000E-3	-4.442561E-2
6.455000E-3	-4.346049E-2
6.460000E-3	-4.342759E-2
6.465000E-3	-4.577321E-2
6.470000E-3	-4.932934E-2
6.475000E-3	-5.384648E-2
6.480000E-3	-5.770832E-2
6.485000E-3	-5.916286E-2
6.490000E-3	-5.792356E-2
6.495000E-3	-5.544084E-2
6.500000E-3	-5.167496E-2
6.505000E-3	-4.869872E-2
6.510000E-3	-4.793239E-2
6.515000E-3	-4.824358E-2
6.520000E-3	-4.880977E-2
6.525000E-3	-5.003399E-2
6.530000E-3	-4.942805E-2
6.535000E-3	-4.804754E-2
6.540000E-3	-4.746217E-2
6.545000E-3	-4.730451E-2
6.550000E-3	-4.707009E-2
6.555000E-3	-4.815996E-2
6.560000E-3	-4.971868E-2
6.565000E-3	-5.085379E-2
6.570000E-3	-5.130208E-2
6.575000E-3	-5.016559E-2
6.580000E-3	-4.863977E-2
6.585000E-3	-4.885912E-2
6.590000E-3	-5.135280E-2
6.595000E-3	-5.487192E-2
6.600000E-3	-5.798113E-2
6.605000E-3	-5.978113E-2
6.610000E-3	-5.925745E-2
6.615000E-3	-5.686659E-2
6.620000E-3	-5.378067E-2
6.625000E-3	-4.980779E-2
6.630000E-3	-4.618859E-2
6.635000E-3	-4.382926E-2
6.640000E-3	-4.252142E-2
6.645000E-3	-4.201281E-2
6.650000E-3	-4.157686E-2
6.655000E-3	-4.063231E-2
6.660000E-3	-4.088455E-2
6.665000E-3	-4.313284E-2
6.670000E-3	-4.567999E-2
6.675000E-3	-4.829156E-2
6.680000E-3	-5.195326E-2
6.685000E-3	-5.479652E-2
6.690000E-3	-5.604953E-2
6.695000E-3	-5.725044E-2
6.700000E-3	-5.709553E-2
6.705000E-3	-5.514610E-2
6.710000E-3	-5.311716E-2
6.715000E-3	-5.171883E-2
6.720000E-3	-5.095249E-2
6.725000E-3	-5.187374E-2
6.730000E-3	-5.282652E-2
6.735000E-3	-5.184221E-2
6.740000E-3	-4.947329E-2
6.745000E-3	-4.580748E-2
6.750000E-3	-4.164541E-2
6.755000E-3	-3.969461E-2
6.760000E-3	-3.952873E-2
6.765000E-3	-4.035401E-2
6.770000E-3	-4.281479E-2
6.775000E-3	-4.639423E-2
6.780000E-3	-5.014777E-2
6.785000E-3	-5.410147E-2
6.790000E-3	-5.754930E-2
6.795000E-3	-5.906826E-2
6.800000E-3	-5.885577E-2
6.805000E-3	-5.783993E-2
6.810000E-3	-5.582881E-2
6.815000E-3	-5.318844E-2
6.820000E-3	-5.022728E-2
6.825000E-3	-4.704130E-2
6.830000E-3	-4.437214E-2
6.835000E-3	-4.331654E-2
6.840000E-3	-4.433787E-2
6.845000E-3	-4.697961E-2
6.850000E-3	-5.023551E-2
6.855000E-3	-5.283749E-2
6.860000E-3	-5.476224E-2
6.865000E-3	-5.542302E-2
6.870000E-3	-5.520505E-2
6.875000E-3	-5.445242E-2
6.880000E-3	-5.383140E-2
6.885000E-3	-5.255371E-2
6.890000E-3	-5.028898E-2
6.895000E-3	-4.912096E-2
6.900000E-3	-4.905242E-2
6.905000E-3	-4.981875E-2
6.910000E-3	-5.088943E-2
6.915000E-3	-5.209309E-2
6.920000E-3	-5.302942E-2
6.925000E-3	-5.240703E-2
6.930000E-3	-4.984754E-2
6.935000E-3	-4.673421E-2
6.940000E-3	-4.449004E-2
6.945000E-3	-4.406369E-2
6.950000E-3	-4.548120E-2
6.955000E-3	-4.826003E-2
6.960000E-3	-5.214655E-2
6.965000E-3	-5.602211E-2
6.970000E-3	-5.840063E-2
6.975000E-3	-5.903536E-2
6.980000E-3	-5.789065E-2
6.985000E-3	-5.551761E-2
6.990000E-3	-5.274016E-2
6.995000E-3	-5.063307E-2
7.000000E-3	-4.915798E-2
7.005000E-3	-4.822439E-2
7.010000E-3	-4.774457E-2
7.015000E-3	-4.792005E-2
7.020000E-3	-4.856437E-2
7.025000E-3	-4.995859E-2
7.030000E-3	-5.170101E-2
7.035000E-3	-5.360520E-2
7.040000E-3	-5.532980E-2
7.045000E-3	-5.598783E-2
7.050000E-3	-5.453056E-2
7.055000E-3	-5.111563E-2
7.060000E-3	-4.659027E-2
7.065000E-3	-4.251045E-2
7.070000E-3	-4.030466E-2
7.075000E-3	-4.033482E-2
7.080000E-3	-4.221708E-2
7.085000E-3	-4.476559E-2
7.090000E-3	-4.610634E-2
7.095000E-3	-4.667389E-2
7.100000E-3	-4.771304E-2
7.105000E-3	-4.883993E-2
7.110000E-3	-4.917717E-2
7.115000E-3	-4.898798E-2
7.120000E-3	-4.939103E-2
7.125000E-3	-4.947329E-2
7.130000E-3	-4.965836E-2
7.135000E-3	-5.050421E-2
7.140000E-3	-5.128288E-2
7.145000E-3	-5.160916E-2
7.150000E-3	-5.237961E-2
7.155000E-3	-5.311853E-2
7.160000E-3	-5.356133E-2
7.165000E-3	-5.398357E-2
7.170000E-3	-5.360246E-2
7.175000E-3	-5.178601E-2
7.180000E-3	-4.930055E-2
7.185000E-3	-4.713315E-2
7.190000E-3	-4.486841E-2
7.195000E-3	-4.308486E-2
7.200000E-3	-4.248714E-2
7.205000E-3	-4.205531E-2
7.210000E-3	-4.267633E-2
7.215000E-3	-4.520017E-2
7.220000E-3	-4.904419E-2
7.225000E-3	-5.377519E-2
7.230000E-3	-5.764663E-2
7.235000E-3	-5.993742E-2
7.240000E-3	-5.956727E-2
7.245000E-3	-5.666918E-2
7.250000E-3	-5.276895E-2
7.255000E-3	-4.991335E-2
7.260000E-3	-4.930055E-2
7.265000E-3	-5.039042E-2
7.270000E-3	-5.220002E-2
7.275000E-3	-5.406994E-2
7.280000E-3	-5.523521E-2
7.285000E-3	-5.589050E-2
7.290000E-3	-5.663079E-2
7.295000E-3	-5.714625E-2
7.300000E-3	-5.699134E-2
7.305000E-3	-5.608654E-2
7.310000E-3	-5.383140E-2
7.315000E-3	-5.117869E-2
7.320000E-3	-4.902500E-2
7.325000E-3	-4.760474E-2
7.330000E-3	-4.653817E-2
7.335000E-3	-4.542774E-2
7.340000E-3	-4.449552E-2
7.345000E-3	-4.400748E-2
7.350000E-3	-4.472446E-2
7.355000E-3	-4.554015E-2
7.360000E-3	-4.610497E-2
7.365000E-3	-4.585272E-2
7.370000E-3	-4.479986E-2
7.375000E-3	-4.363459E-2
7.380000E-3	-4.329050E-2
7.385000E-3	-4.383886E-2
7.390000E-3	-4.563886E-2
7.395000E-3	-4.829019E-2
7.400000E-3	-5.177367E-2
7.405000E-3	-5.491853E-2
7.410000E-3	-5.668700E-2
7.415000E-3	-5.657458E-2
7.420000E-3	-5.460870E-2
7.425000E-3	-5.222744E-2
7.430000E-3	-4.961997E-2
7.435000E-3	-4.742789E-2
7.440000E-3	-4.626673E-2
7.445000E-3	-4.513848E-2
7.450000E-3	-4.408562E-2
7.455000E-3	-4.348105E-2
7.460000E-3	-4.347694E-2
7.465000E-3	-4.445440E-2
7.470000E-3	-4.694259E-2
7.475000E-3	-5.105120E-2
7.480000E-3	-5.500078E-2
7.485000E-3	-5.795509E-2
7.490000E-3	-5.869538E-2
7.495000E-3	-5.708319E-2
7.500000E-3	-5.315691E-2
7.505000E-3	-4.896194E-2
7.510000E-3	-4.549080E-2
7.515000E-3	-4.398143E-2
7.520000E-3	-4.430771E-2
7.525000E-3	-4.599392E-2
7.530000E-3	-4.833132E-2
7.535000E-3	-5.075371E-2
7.540000E-3	-5.272371E-2
7.545000E-3	-5.362988E-2
7.550000E-3	-5.352980E-2
7.555000E-3	-5.231380E-2
7.560000E-3	-5.038905E-2
7.565000E-3	-4.898113E-2
7.570000E-3	-4.881388E-2
7.575000E-3	-4.970223E-2
7.580000E-3	-5.145699E-2
7.585000E-3	-5.395478E-2
7.590000E-3	-5.572188E-2
7.595000E-3	-5.677748E-2
7.600000E-3	-5.713117E-2
7.605000E-3	-5.624145E-2
7.610000E-3	-5.450588E-2
7.615000E-3	-5.231106E-2
7.620000E-3	-4.968715E-2
7.625000E-3	-4.749644E-2
7.630000E-3	-4.626536E-2
7.635000E-3	-4.581708E-2
7.640000E-3	-4.615432E-2
7.645000E-3	-4.678768E-2
7.650000E-3	-4.711258E-2
7.655000E-3	-4.719758E-2
7.660000E-3	-4.730725E-2
7.665000E-3	-4.674244E-2
7.670000E-3	-4.641753E-2
7.675000E-3	-4.613787E-2
7.680000E-3	-4.632157E-2
7.685000E-3	-4.689050E-2
7.690000E-3	-4.833680E-2
7.695000E-3	-5.005318E-2
7.700000E-3	-5.187923E-2
7.705000E-3	-5.402744E-2
7.710000E-3	-5.612355E-2
7.715000E-3	-5.741084E-2
7.720000E-3	-5.772752E-2
7.725000E-3	-5.682135E-2
7.730000E-3	-5.511594E-2
7.735000E-3	-5.325425E-2
7.740000E-3	-5.138296E-2
7.745000E-3	-4.904830E-2
7.750000E-3	-4.666567E-2
7.755000E-3	-4.437214E-2
7.760000E-3	-4.239804E-2
7.765000E-3	-4.098189E-2
7.770000E-3	-4.044998E-2
7.775000E-3	-4.061311E-2
7.780000E-3	-4.140961E-2
7.785000E-3	-4.323840E-2
7.790000E-3	-4.551822E-2
7.795000E-3	-4.841632E-2
7.800000E-3	-5.127329E-2
7.805000E-3	-5.317473E-2
7.810000E-3	-5.380261E-2
7.815000E-3	-5.345303E-2
7.820000E-3	-5.222470E-2
7.825000E-3	-5.040276E-2
7.830000E-3	-4.877824E-2
7.835000E-3	-4.787481E-2
7.840000E-3	-4.747450E-2
7.845000E-3	-4.725379E-2
7.850000E-3	-4.668212E-2
7.855000E-3	-4.564160E-2
7.860000E-3	-4.435021E-2
7.865000E-3	-4.347146E-2
7.870000E-3	-4.385120E-2
7.875000E-3	-4.554427E-2
7.880000E-3	-4.832035E-2
7.885000E-3	-5.157626E-2
7.890000E-3	-5.497336E-2
7.895000E-3	-5.817991E-2
7.900000E-3	-6.083399E-2
7.905000E-3	-6.198144E-2
7.910000E-3	-6.145501E-2
7.915000E-3	-5.938768E-2
7.920000E-3	-5.605090E-2
7.925000E-3	-5.202043E-2
7.930000E-3	-4.924983E-2
7.935000E-3	-4.781586E-2
7.940000E-3	-4.747587E-2
7.945000E-3	-4.768562E-2
7.950000E-3	-4.836011E-2
7.955000E-3	-4.842865E-2
7.960000E-3	-4.834092E-2
7.965000E-3	-4.813391E-2
7.970000E-3	-4.791456E-2
7.975000E-3	-4.792964E-2
7.980000E-3	-4.794198E-2
7.985000E-3	-4.845744E-2
7.990000E-3	-4.973787E-2
7.995000E-3	-5.121571E-2
8.000000E-3	-5.267161E-2
8.005000E-3	-5.389446E-2
8.010000E-3	-5.442089E-2
8.015000E-3	-5.434000E-2
8.020000E-3	-5.396849E-2
8.025000E-3	-5.372036E-2
8.030000E-3	-5.377519E-2
8.035000E-3	-5.390406E-2
8.040000E-3	-5.291426E-2
8.045000E-3	-5.086064E-2
8.050000E-3	-4.784876E-2
8.055000E-3	-4.473543E-2
8.060000E-3	-4.305059E-2
8.065000E-3	-4.305881E-2
8.070000E-3	-4.476422E-2
8.075000E-3	-4.690009E-2
8.080000E-3	-4.858357E-2
8.085000E-3	-4.978722E-2
8.090000E-3	-4.965699E-2
8.095000E-3	-4.849172E-2
8.100000E-3	-4.632020E-2
8.105000E-3	-4.410756E-2
8.110000E-3	-4.188943E-2
8.115000E-3	-4.062271E-2
8.120000E-3	-4.079819E-2
8.125000E-3	-4.211700E-2
8.130000E-3	-4.445714E-2
8.135000E-3	-4.714411E-2
8.140000E-3	-4.985303E-2
8.145000E-3	-5.216163E-2
8.150000E-3	-5.397946E-2
8.155000E-3	-5.525440E-2
8.160000E-3	-5.572462E-2
8.165000E-3	-5.574244E-2
8.170000E-3	-5.577809E-2
8.175000E-3	-5.551761E-2
8.180000E-3	-5.498159E-2
8.185000E-3	-5.448806E-2
8.190000E-3	-5.392462E-2
8.195000E-3	-5.330634E-2
8.200000E-3	-5.241662E-2
8.205000E-3	-5.107313E-2
8.210000E-3	-4.940200E-2
8.215000E-3	-4.811198E-2
8.220000E-3	-4.742104E-2
8.225000E-3	-4.727709E-2
8.230000E-3	-4.801738E-2
8.235000E-3	-4.883170E-2
8.240000E-3	-4.990923E-2
8.245000E-3	-5.123079E-2
8.250000E-3	-5.308974E-2
8.255000E-3	-5.477595E-2
8.260000E-3	-5.639774E-2
8.265000E-3	-5.705440E-2
8.270000E-3	-5.662942E-2
8.275000E-3	-5.503780E-2
8.280000E-3	-5.292797E-2
8.285000E-3	-5.051243E-2
8.290000E-3	-4.833955E-2
8.295000E-3	-4.674107E-2
8.300000E-3	-4.567724E-2
8.305000E-3	-4.481220E-2
8.310000E-3	-4.456955E-2
8.315000E-3	-4.464084E-2
8.320000E-3	-4.533178E-2
8.325000E-3	-4.646552E-2
8.330000E-3	-4.802561E-2
8.335000E-3	-4.953635E-2
8.340000E-3	-5.088532E-2
8.345000E-3	-5.186141E-2
8.350000E-3	-5.238783E-2
8.355000E-3	-5.292934E-2
8.360000E-3	-5.370390E-2
8.365000E-3	-5.449903E-2
8.370000E-3	-5.513239E-2
8.375000E-3	-5.545318E-2
8.380000E-3	-5.486369E-2
8.385000E-3	-5.345303E-2
8.390000E-3	-5.161464E-2
8.395000E-3	-4.981327E-2
8.400000E-3	-4.805988E-2
8.405000E-3	-4.640657E-2
8.410000E-3	-4.460931E-2
8.415000E-3	-4.319590E-2
8.420000E-3	-4.241312E-2
8.425000E-3	-4.271197E-2
8.430000E-3	-4.384571E-2
8.435000E-3	-4.603505E-2
8.440000E-3	-4.880977E-2
8.445000E-3	-5.149400E-2
8.450000E-3	-5.365181E-2
8.455000E-3	-5.512965E-2
8.460000E-3	-5.578494E-2
8.465000E-3	-5.556560E-2
8.470000E-3	-5.500352E-2
8.475000E-3	-5.415630E-2
8.480000E-3	-5.332553E-2
8.485000E-3	-5.275661E-2
8.490000E-3	-5.196971E-2
8.495000E-3	-5.056316E-2
8.500000E-3	-4.963368E-2
8.505000E-3	-4.836559E-2
8.510000E-3	-4.737717E-2
8.515000E-3	-4.570878E-2
8.520000E-3	-4.404449E-2
8.525000E-3	-4.239118E-2
8.530000E-3	-4.137671E-2
8.535000E-3	-4.115188E-2
8.540000E-3	-4.192644E-2
8.545000E-3	-4.330146E-2
8.550000E-3	-4.497260E-2
8.555000E-3	-4.697686E-2
8.560000E-3	-4.889202E-2
8.565000E-3	-5.095249E-2
8.570000E-3	-5.288959E-2
8.575000E-3	-5.427969E-2
8.580000E-3	-5.558068E-2
8.585000E-3	-5.675828E-2
8.590000E-3	-5.692279E-2
8.595000E-3	-5.635250E-2
8.600000E-3	-5.516118E-2
8.605000E-3	-5.329400E-2
8.610000E-3	-5.148029E-2
8.615000E-3	-5.002439E-2
8.620000E-3	-4.964739E-2
8.625000E-3	-5.007237E-2
8.630000E-3	-5.068517E-2
8.635000E-3	-5.150634E-2
8.640000E-3	-5.228776E-2
8.645000E-3	-5.279225E-2
8.650000E-3	-5.269629E-2
8.655000E-3	-5.186826E-2
8.660000E-3	-5.038905E-2
8.665000E-3	-4.865074E-2
8.670000E-3	-4.721403E-2
8.675000E-3	-4.692203E-2
8.680000E-3	-4.781586E-2
8.685000E-3	-4.950482E-2
8.690000E-3	-5.131716E-2
8.695000E-3	-5.293757E-2
8.700000E-3	-5.420429E-2
8.705000E-3	-5.486506E-2
8.710000E-3	-5.431807E-2
8.715000E-3	-5.261403E-2
8.720000E-3	-5.057138E-2
8.725000E-3	-4.917580E-2
8.730000E-3	-4.860550E-2
8.735000E-3	-4.865623E-2
8.740000E-3	-4.934716E-2
8.745000E-3	-5.005318E-2
8.750000E-3	-5.068654E-2
8.755000E-3	-5.093330E-2
8.760000E-3	-5.094290E-2
8.765000E-3	-5.096209E-2
8.770000E-3	-5.099499E-2
8.775000E-3	-5.111837E-2
8.780000E-3	-5.093467E-2
8.785000E-3	-5.036300E-2
8.790000E-3	-4.961723E-2
8.795000E-3	-4.883170E-2
8.800000E-3	-4.818189E-2
8.805000E-3	-4.753757E-2
8.810000E-3	-4.753482E-2
8.815000E-3	-4.770482E-2
8.820000E-3	-4.805577E-2
8.825000E-3	-4.864800E-2
8.830000E-3	-4.895234E-2
8.835000E-3	-4.890710E-2
8.840000E-3	-4.836422E-2
8.845000E-3	-4.748410E-2
8.850000E-3	-4.598433E-2
8.855000E-3	-4.456818E-2
8.860000E-3	-4.357290E-2
8.865000E-3	-4.350710E-2
8.870000E-3	-4.482317E-2
8.875000E-3	-4.708517E-2
8.880000E-3	-4.973239E-2
8.885000E-3	-5.208349E-2
8.890000E-3	-5.379164E-2
8.895000E-3	-5.483079E-2
8.900000E-3	-5.536544E-2
8.905000E-3	-5.530512E-2
8.910000E-3	-5.525440E-2
8.915000E-3	-5.519271E-2
8.920000E-3	-5.536956E-2
8.925000E-3	-5.568075E-2
8.930000E-3	-5.601388E-2
8.935000E-3	-5.639774E-2
8.940000E-3	-5.622089E-2
8.945000E-3	-5.559987E-2
8.950000E-3	-5.375326E-2
8.955000E-3	-5.146247E-2
8.960000E-3	-4.909629E-2
8.965000E-3	-4.725790E-2
8.970000E-3	-4.583490E-2
8.975000E-3	-4.491091E-2
8.980000E-3	-4.470938E-2
8.985000E-3	-4.485059E-2
8.990000E-3	-4.534960E-2
8.995000E-3	-4.624069E-2
9.000000E-3	-4.762942E-2
9.005000E-3	-4.897976E-2
9.010000E-3	-5.010939E-2
9.015000E-3	-5.099225E-2
9.020000E-3	-5.105531E-2
9.025000E-3	-5.074823E-2
9.030000E-3	-5.012310E-2
9.035000E-3	-4.951441E-2
9.040000E-3	-4.927999E-2
9.045000E-3	-4.918265E-2
9.050000E-3	-4.961586E-2
9.055000E-3	-4.990512E-2
9.060000E-3	-5.012721E-2
9.065000E-3	-5.066460E-2
9.070000E-3	-5.110604E-2
9.075000E-3	-5.146933E-2
9.080000E-3	-5.190939E-2
9.085000E-3	-5.207801E-2
9.090000E-3	-5.212462E-2
9.095000E-3	-5.145425E-2
9.100000E-3	-5.090040E-2
9.105000E-3	-5.023277E-2
9.110000E-3	-4.984206E-2
9.115000E-3	-4.967481E-2
9.120000E-3	-4.987222E-2
9.125000E-3	-5.028486E-2
9.130000E-3	-5.106080E-2
9.135000E-3	-5.190527E-2
9.140000E-3	-5.214518E-2
9.145000E-3	-5.189842E-2
9.150000E-3	-5.114442E-2
9.155000E-3	-4.983383E-2
9.160000E-3	-4.801053E-2
9.165000E-3	-4.628593E-2
9.170000E-3	-4.489172E-2
9.175000E-3	-4.417473E-2
9.180000E-3	-4.478753E-2
9.185000E-3	-4.642576E-2
9.190000E-3	-4.831350E-2
9.195000E-3	-5.030131E-2
9.200000E-3	-5.178601E-2
9.205000E-3	-5.253452E-2
9.210000E-3	-5.182713E-2
9.215000E-3	-5.070162E-2
9.220000E-3	-4.964739E-2
9.225000E-3	-4.891121E-2
9.230000E-3	-4.860276E-2
9.235000E-3	-4.937869E-2
9.240000E-3	-5.073041E-2
9.245000E-3	-5.231106E-2
9.250000E-3	-5.378342E-2
9.255000E-3	-5.454975E-2
9.260000E-3	-5.471700E-2
9.265000E-3	-5.411518E-2
9.270000E-3	-5.320078E-2
9.275000E-3	-5.191350E-2
9.280000E-3	-5.037260E-2
9.285000E-3	-4.878646E-2
9.290000E-3	-4.726475E-2
9.295000E-3	-4.588562E-2
9.300000E-3	-4.496437E-2
9.305000E-3	-4.450923E-2
9.310000E-3	-4.474640E-2
9.315000E-3	-4.563200E-2
9.320000E-3	-4.692340E-2
9.325000E-3	-4.835463E-2
9.330000E-3	-4.975706E-2
9.335000E-3	-5.086750E-2
9.340000E-3	-5.128974E-2
9.345000E-3	-5.140215E-2
9.350000E-3	-5.166537E-2
9.355000E-3	-5.185181E-2
9.360000E-3	-5.168182E-2
9.365000E-3	-5.188334E-2
9.370000E-3	-5.248928E-2
9.375000E-3	-5.289781E-2
9.380000E-3	-5.299515E-2
9.385000E-3	-5.276895E-2
9.390000E-3	-5.200398E-2
9.395000E-3	-5.054122E-2
9.400000E-3	-4.931700E-2
9.405000E-3	-4.808593E-2
9.410000E-3	-4.706323E-2
9.415000E-3	-4.634762E-2
9.420000E-3	-4.635447E-2
9.425000E-3	-4.670817E-2
9.430000E-3	-4.783368E-2
9.435000E-3	-4.930466E-2
9.440000E-3	-5.059743E-2
9.445000E-3	-5.172157E-2
9.450000E-3	-5.212736E-2
9.455000E-3	-5.204922E-2
9.460000E-3	-5.142683E-2
9.465000E-3	-5.072904E-2
9.470000E-3	-4.957336E-2
9.475000E-3	-4.839301E-2
9.480000E-3	-4.770482E-2
9.485000E-3	-4.757732E-2
9.490000E-3	-4.738402E-2
9.495000E-3	-4.753894E-2
9.500000E-3	-4.812706E-2
9.505000E-3	-4.891944E-2
9.510000E-3	-5.000108E-2
9.515000E-3	-5.100596E-2
9.520000E-3	-5.175447E-2
9.525000E-3	-5.199987E-2
9.530000E-3	-5.162835E-2
9.535000E-3	-5.110878E-2
9.540000E-3	-5.036575E-2
9.545000E-3	-4.960763E-2
9.550000E-3	-4.867268E-2
9.555000E-3	-4.802835E-2
9.560000E-3	-4.798859E-2
9.565000E-3	-4.843551E-2
9.570000E-3	-4.917306E-2
9.575000E-3	-4.989964E-2
9.580000E-3	-5.052888E-2
9.585000E-3	-5.081266E-2
9.590000E-3	-5.064404E-2
9.595000E-3	-5.029720E-2
9.600000E-3	-4.992843E-2
9.605000E-3	-4.989004E-2
9.610000E-3	-5.020535E-2
9.615000E-3	-5.076057E-2
9.620000E-3	-5.120748E-2
9.625000E-3	-5.126232E-2
9.630000E-3	-5.114442E-2
9.635000E-3	-5.069613E-2
9.640000E-3	-4.983521E-2
9.645000E-3	-4.895920E-2
9.650000E-3	-4.850131E-2
9.655000E-3	-4.833817E-2
9.660000E-3	-4.832035E-2
9.665000E-3	-4.858905E-2
9.670000E-3	-4.909629E-2
9.675000E-3	-4.960215E-2
9.680000E-3	-5.026704E-2
9.685000E-3	-5.101693E-2
9.690000E-3	-5.162424E-2
9.695000E-3	-5.184907E-2
9.700000E-3	-5.190802E-2
9.705000E-3	-5.123627E-2
9.710000E-3	-5.009979E-2
9.715000E-3	-4.818738E-2
9.720000E-3	-4.662865E-2
9.725000E-3	-4.543597E-2
9.730000E-3	-4.483002E-2
9.735000E-3	-4.504389E-2
9.740000E-3	-4.593223E-2
9.745000E-3	-4.703444E-2
9.750000E-3	-4.803520E-2
9.755000E-3	-4.867131E-2
9.760000E-3	-4.875630E-2
9.765000E-3	-4.851639E-2
9.770000E-3	-4.825455E-2
9.775000E-3	-4.819012E-2
9.780000E-3	-4.847389E-2
9.785000E-3	-4.924983E-2
9.790000E-3	-5.043977E-2
9.795000E-3	-5.182713E-2
9.800000E-3	-5.342013E-2
9.805000E-3	-5.497336E-2
9.810000E-3	-5.583566E-2
9.815000E-3	-5.685699E-2
9.820000E-3	-5.688715E-2
9.825000E-3	-5.633605E-2
9.830000E-3	-5.533254E-2
9.835000E-3	-5.384374E-2
9.840000E-3	-5.228776E-2
9.845000E-3	-5.110466E-2
9.850000E-3	-5.025744E-2
9.855000E-3	-4.959804E-2
9.860000E-3	-4.905105E-2
9.865000E-3	-4.896331E-2
9.870000E-3	-4.909629E-2
9.875000E-3	-4.939377E-2
9.880000E-3	-5.002850E-2
9.885000E-3	-5.092645E-2
9.890000E-3	-5.151731E-2
9.895000E-3	-5.185729E-2
9.900000E-3	-5.212873E-2
9.905000E-3	-5.177230E-2
9.910000E-3	-5.145013E-2
9.915000E-3	-5.100185E-2
9.920000E-3	-5.075783E-2
9.925000E-3	-5.044252E-2
9.930000E-3	-5.020535E-2
9.935000E-3	-5.018067E-2
9.940000E-3	-5.000246E-2
9.945000E-3	-4.982150E-2
9.950000E-3	-4.940063E-2
9.955000E-3	-4.838479E-2
9.960000E-3	-4.708105E-2
9.965000E-3	-4.617488E-2
9.970000E-3	-4.592127E-2
9.975000E-3	-4.608852E-2
9.980000E-3	-4.675341E-2
9.985000E-3	-4.766643E-2
9.990000E-3	-4.881662E-2
9.995000E-3	-4.955280E-2
