0.000000E+0	9.061694E-4
5.000000E-6	9.774566E-4
1.000000E-5	9.377003E-4
1.500000E-5	1.072049E-3
2.000000E-5	8.718967E-4
2.500000E-5	9.747148E-4
3.000000E-5	1.014471E-3
3.500000E-5	8.787513E-4
4.000000E-5	9.335876E-4
4.500000E-5	9.514093E-4
5.000000E-5	8.623004E-4
5.500000E-5	8.006096E-4
6.000000E-5	8.417368E-4
6.500000E-5	8.389950E-4
7.000000E-5	9.198785E-4
7.500000E-5	9.418130E-4
8.000000E-5	9.596348E-4
8.500000E-5	9.116530E-4
9.000000E-5	8.540750E-4
9.500000E-5	7.992387E-4
1.000000E-4	7.951260E-4
1.050000E-4	9.116530E-4
1.100000E-4	9.897947E-4
1.150000E-4	9.143949E-4
1.200000E-4	9.623766E-4
1.250000E-4	7.306933E-4
1.300000E-4	7.402897E-4
1.350000E-4	8.431077E-4
1.400000E-4	8.814931E-4
1.450000E-4	1.052856E-3
1.500000E-4	1.039147E-3
1.550000E-4	1.000762E-3
1.600000E-4	8.910894E-4
1.650000E-4	1.022696E-3
1.700000E-4	9.788275E-4
1.750000E-4	7.704496E-4
1.800000E-4	7.265806E-4
1.850000E-4	9.061694E-4
1.900000E-4	8.979440E-4
1.950000E-4	8.266568E-4
2.000000E-4	7.457733E-4
2.050000E-4	8.280277E-4
2.100000E-4	7.608533E-4
2.150000E-4	6.936789E-4
2.200000E-4	7.485151E-4
2.250000E-4	9.829402E-4
2.300000E-4	9.226203E-4
2.350000E-4	9.870529E-4
2.400000E-4	9.239912E-4
2.450000E-4	1.037776E-3
2.500000E-4	9.829402E-4
2.550000E-4	8.458495E-4
2.600000E-4	6.991625E-4
2.650000E-4	8.362532E-4
2.700000E-4	1.015842E-3
2.750000E-4	9.747148E-4
2.800000E-4	8.897185E-4
2.850000E-4	9.486675E-4
2.900000E-4	8.499622E-4
2.950000E-4	9.733438E-4
3.000000E-4	9.637475E-4
3.050000E-4	1.106322E-3
3.100000E-4	1.036406E-3
3.150000E-4	8.431077E-4
3.200000E-4	8.787513E-4
3.250000E-4	9.870529E-4
3.300000E-4	9.267330E-4
3.350000E-4	8.705258E-4
3.400000E-4	8.170605E-4
3.450000E-4	8.472204E-4
3.500000E-4	1.006246E-3
3.550000E-4	9.815693E-4
3.600000E-4	8.842349E-4
3.650000E-4	9.253621E-4
3.700000E-4	1.088500E-3
3.750000E-4	1.110435E-3
3.800000E-4	1.044631E-3
3.850000E-4	9.431839E-4
3.900000E-4	1.019955E-3
3.950000E-4	1.011729E-3
4.000000E-4	9.267330E-4
4.050000E-4	8.047223E-4
4.100000E-4	8.773804E-4
4.150000E-4	9.281039E-4
4.200000E-4	9.637475E-4
4.250000E-4	9.911656E-4
4.300000E-4	1.029551E-3
4.350000E-4	9.459257E-4
4.400000E-4	8.581877E-4
4.450000E-4	8.033514E-4
4.500000E-4	9.925365E-4
4.550000E-4	8.801222E-4
4.600000E-4	9.116530E-4
4.650000E-4	1.096725E-3
4.700000E-4	1.004875E-3
4.750000E-4	9.335876E-4
4.800000E-4	8.993149E-4
4.850000E-4	7.978678E-4
4.900000E-4	7.389188E-4
4.950000E-4	8.389950E-4
5.000000E-4	7.430315E-4
5.050000E-4	7.512569E-4
5.100000E-4	8.856058E-4
5.150000E-4	9.541512E-4
5.200000E-4	9.212494E-4
5.250000E-4	9.459257E-4
5.300000E-4	1.006246E-3
5.350000E-4	8.705258E-4
5.400000E-4	7.060170E-4
5.450000E-4	7.718205E-4
5.500000E-4	9.514093E-4
5.550000E-4	9.157658E-4
5.600000E-4	1.000762E-3
5.650000E-4	1.035035E-3
5.700000E-4	9.980202E-4
5.750000E-4	9.020567E-4
5.800000E-4	8.376241E-4
5.850000E-4	1.036406E-3
5.900000E-4	1.184464E-3
5.950000E-4	1.100838E-3
6.000000E-4	9.322166E-4
6.050000E-4	7.978678E-4
6.100000E-4	8.856058E-4
6.150000E-4	7.663369E-4
6.200000E-4	8.280277E-4
6.250000E-4	9.500384E-4
6.300000E-4	1.040518E-3
6.350000E-4	9.500384E-4
6.400000E-4	9.267330E-4
6.450000E-4	8.554459E-4
6.500000E-4	9.034276E-4
6.550000E-4	8.211732E-4
6.600000E-4	8.293986E-4
6.650000E-4	1.007617E-3
6.700000E-4	1.081645E-3
6.750000E-4	1.076162E-3
6.800000E-4	9.363294E-4
6.850000E-4	8.239150E-4
6.900000E-4	9.404421E-4
6.950000E-4	9.472966E-4
7.000000E-4	7.649660E-4
7.050000E-4	8.718967E-4
7.100000E-4	9.239912E-4
7.150000E-4	1.011729E-3
7.200000E-4	9.596348E-4
7.250000E-4	9.143949E-4
7.300000E-4	9.555221E-4
7.350000E-4	1.110435E-3
7.400000E-4	8.814931E-4
7.450000E-4	8.019805E-4
7.500000E-4	9.034276E-4
7.550000E-4	1.187205E-3
7.600000E-4	1.014471E-3
7.650000E-4	9.610057E-4
7.700000E-4	1.007617E-3
7.750000E-4	9.239912E-4
7.800000E-4	8.938313E-4
7.850000E-4	8.910894E-4
7.900000E-4	9.568930E-4
7.950000E-4	1.110435E-3
8.000000E-4	9.911656E-4
8.050000E-4	8.143187E-4
8.100000E-4	8.965731E-4
8.150000E-4	8.814931E-4
8.200000E-4	1.061082E-3
8.250000E-4	1.066566E-3
8.300000E-4	1.017213E-3
8.350000E-4	1.093984E-3
8.400000E-4	1.118660E-3
8.450000E-4	9.363294E-4
8.500000E-4	7.019043E-4
8.550000E-4	7.471442E-4
8.600000E-4	9.143949E-4
8.650000E-4	9.377003E-4
8.700000E-4	8.677840E-4
8.750000E-4	9.377003E-4
8.800000E-4	1.135111E-3
8.850000E-4	7.512569E-4
8.900000E-4	6.744862E-4
8.950000E-4	8.156896E-4
9.000000E-4	7.910132E-4
9.050000E-4	8.006096E-4
9.100000E-4	8.019805E-4
9.150000E-4	8.280277E-4
9.200000E-4	7.567406E-4
9.250000E-4	9.143949E-4
9.300000E-4	1.076162E-3
9.350000E-4	8.814931E-4
9.400000E-4	8.540750E-4
9.450000E-4	9.596348E-4
9.500000E-4	9.143949E-4
9.550000E-4	7.814169E-4
9.600000E-4	8.348823E-4
9.650000E-4	1.115918E-3
9.700000E-4	1.011729E-3
9.750000E-4	8.746386E-4
9.800000E-4	8.239150E-4
9.850000E-4	1.067936E-3
9.900000E-4	8.677840E-4
9.950000E-4	7.581115E-4
1.000000E-3	8.129478E-4
1.005000E-3	8.389950E-4
1.010000E-3	7.539988E-4
1.015000E-3	8.211732E-4
1.020000E-3	9.568930E-4
1.025000E-3	8.938313E-4
1.030000E-3	7.786751E-4
1.035000E-3	8.623004E-4
1.040000E-3	9.514093E-4
1.045000E-3	9.171367E-4
1.050000E-3	8.540750E-4
1.055000E-3	1.118660E-3
1.060000E-3	1.043260E-3
1.065000E-3	1.056969E-3
1.070000E-3	1.106322E-3
1.075000E-3	1.067936E-3
1.080000E-3	1.114547E-3
1.085000E-3	1.077533E-3
1.090000E-3	1.076162E-3
1.095000E-3	9.020567E-4
1.100000E-3	8.924603E-4
1.105000E-3	1.002133E-3
1.110000E-3	9.308457E-4
1.115000E-3	8.568168E-4
1.120000E-3	8.979440E-4
1.125000E-3	9.116530E-4
1.130000E-3	1.046002E-3
1.135000E-3	8.458495E-4
1.140000E-3	9.692311E-4
1.145000E-3	1.040518E-3
1.150000E-3	8.691549E-4
1.155000E-3	9.047985E-4
1.160000E-3	9.198785E-4
1.165000E-3	8.540750E-4
1.170000E-3	8.718967E-4
1.175000E-3	8.938313E-4
1.180000E-3	8.801222E-4
1.185000E-3	8.814931E-4
1.190000E-3	9.815693E-4
1.195000E-3	1.072049E-3
1.200000E-3	8.760095E-4
1.205000E-3	8.527040E-4
1.210000E-3	8.568168E-4
1.215000E-3	9.020567E-4
1.220000E-3	8.129478E-4
1.225000E-3	8.540750E-4
1.230000E-3	9.760857E-4
1.235000E-3	8.115768E-4
1.240000E-3	5.702972E-4
1.245000E-3	7.512569E-4
1.250000E-3	7.361770E-4
1.255000E-3	8.568168E-4
1.260000E-3	7.183552E-4
1.265000E-3	8.143187E-4
1.270000E-3	9.541512E-4
1.275000E-3	9.185076E-4
1.280000E-3	8.389950E-4
1.285000E-3	8.293986E-4
1.290000E-3	9.486675E-4
1.295000E-3	9.130239E-4
1.300000E-3	8.499622E-4
1.305000E-3	9.253621E-4
1.310000E-3	9.993911E-4
1.315000E-3	9.925365E-4
1.320000E-3	1.092613E-3
1.325000E-3	9.239912E-4
1.330000E-3	9.801984E-4
1.335000E-3	1.076162E-3
1.340000E-3	9.253621E-4
1.345000E-3	8.609295E-4
1.350000E-3	8.211732E-4
1.355000E-3	8.006096E-4
1.360000E-3	8.801222E-4
1.365000E-3	8.198023E-4
1.370000E-3	9.527802E-4
1.375000E-3	9.706020E-4
1.380000E-3	8.047223E-4
1.385000E-3	6.484389E-4
1.390000E-3	7.978678E-4
1.395000E-3	9.116530E-4
1.400000E-3	7.416606E-4
1.405000E-3	5.593300E-4
1.410000E-3	7.471442E-4
1.415000E-3	6.374717E-4
1.420000E-3	9.006858E-4
1.425000E-3	9.089112E-4
1.430000E-3	8.718967E-4
1.435000E-3	9.185076E-4
1.440000E-3	9.267330E-4
1.445000E-3	7.992387E-4
1.450000E-3	7.553697E-4
1.455000E-3	9.377003E-4
1.460000E-3	9.226203E-4
1.465000E-3	8.609295E-4
1.470000E-3	7.224679E-4
1.475000E-3	6.045699E-4
1.480000E-3	6.840825E-4
1.485000E-3	8.773804E-4
1.490000E-3	8.280277E-4
1.495000E-3	7.265806E-4
1.500000E-3	9.897947E-4
1.505000E-3	8.485913E-4
1.510000E-3	8.088350E-4
1.515000E-3	8.458495E-4
1.520000E-3	8.047223E-4
1.525000E-3	8.773804E-4
1.530000E-3	8.431077E-4
1.535000E-3	1.032293E-3
1.540000E-3	8.842349E-4
1.545000E-3	9.349585E-4
1.550000E-3	8.924603E-4
1.555000E-3	1.065195E-3
1.560000E-3	9.130239E-4
1.565000E-3	9.486675E-4
1.570000E-3	9.171367E-4
1.575000E-3	7.485151E-4
1.580000E-3	7.539988E-4
1.585000E-3	9.692311E-4
1.590000E-3	9.006858E-4
1.595000E-3	7.800460E-4
1.600000E-3	9.308457E-4
1.605000E-3	8.705258E-4
1.610000E-3	9.308457E-4
1.615000E-3	1.080275E-3
1.620000E-3	1.043260E-3
1.625000E-3	7.786751E-4
1.630000E-3	7.635951E-4
1.635000E-3	8.266568E-4
1.640000E-3	8.691549E-4
1.645000E-3	9.034276E-4
1.650000E-3	9.843111E-4
1.655000E-3	8.636713E-4
1.660000E-3	7.608533E-4
1.665000E-3	8.979440E-4
1.670000E-3	1.035035E-3
1.675000E-3	8.993149E-4
1.680000E-3	8.280277E-4
1.685000E-3	9.335876E-4
1.690000E-3	9.377003E-4
1.695000E-3	8.239150E-4
1.700000E-3	9.020567E-4
1.705000E-3	9.418130E-4
1.710000E-3	7.498860E-4
1.715000E-3	8.006096E-4
1.720000E-3	8.842349E-4
1.725000E-3	9.692311E-4
1.730000E-3	1.006246E-3
1.735000E-3	9.102821E-4
1.740000E-3	7.827878E-4
1.745000E-3	7.718205E-4
1.750000E-3	7.581115E-4
1.755000E-3	8.156896E-4
1.760000E-3	7.539988E-4
1.765000E-3	6.909370E-4
1.770000E-3	8.143187E-4
1.775000E-3	7.567406E-4
1.780000E-3	8.033514E-4
1.785000E-3	8.828640E-4
1.790000E-3	7.910132E-4
1.795000E-3	8.143187E-4
1.800000E-3	8.472204E-4
1.805000E-3	7.471442E-4
1.810000E-3	9.527802E-4
1.815000E-3	9.747148E-4
1.820000E-3	7.841587E-4
1.825000E-3	9.459257E-4
1.830000E-3	9.939075E-4
1.835000E-3	9.596348E-4
1.840000E-3	9.692311E-4
1.845000E-3	8.019805E-4
1.850000E-3	9.925365E-4
1.855000E-3	9.377003E-4
1.860000E-3	8.568168E-4
1.865000E-3	8.910894E-4
1.870000E-3	9.404421E-4
1.875000E-3	9.856820E-4
1.880000E-3	8.472204E-4
1.885000E-3	8.225441E-4
1.890000E-3	6.950498E-4
1.895000E-3	8.033514E-4
1.900000E-3	8.417368E-4
1.905000E-3	8.993149E-4
1.910000E-3	8.691549E-4
1.915000E-3	8.225441E-4
1.920000E-3	8.033514E-4
1.925000E-3	8.636713E-4
1.930000E-3	9.061694E-4
1.935000E-3	7.814169E-4
1.940000E-3	7.293224E-4
1.945000E-3	7.457733E-4
1.950000E-3	7.402897E-4
1.955000E-3	7.594824E-4
1.960000E-3	8.335114E-4
1.965000E-3	9.267330E-4
1.970000E-3	8.773804E-4
1.975000E-3	9.116530E-4
1.980000E-3	9.047985E-4
1.985000E-3	9.541512E-4
1.990000E-3	9.418130E-4
1.995000E-3	9.719729E-4
2.000000E-3	8.705258E-4
2.005000E-3	9.911656E-4
2.010000E-3	7.937551E-4
2.015000E-3	8.746386E-4
2.020000E-3	7.444024E-4
2.025000E-3	8.431077E-4
2.030000E-3	7.951260E-4
2.035000E-3	8.664131E-4
2.040000E-3	9.226203E-4
2.045000E-3	9.733438E-4
2.050000E-3	7.910132E-4
2.055000E-3	7.457733E-4
2.060000E-3	8.088350E-4
2.065000E-3	1.044631E-3
2.070000E-3	8.376241E-4
2.075000E-3	7.745624E-4
2.080000E-3	7.649660E-4
2.085000E-3	8.431077E-4
2.090000E-3	8.458495E-4
2.095000E-3	7.498860E-4
2.100000E-3	9.171367E-4
2.105000E-3	1.011729E-3
2.110000E-3	9.568930E-4
2.115000E-3	9.856820E-4
2.120000E-3	9.911656E-4
2.125000E-3	8.595586E-4
2.130000E-3	1.007617E-3
2.135000E-3	1.083016E-3
2.140000E-3	9.733438E-4
2.145000E-3	7.855296E-4
2.150000E-3	8.842349E-4
2.155000E-3	7.238388E-4
2.160000E-3	7.389188E-4
2.165000E-3	7.649660E-4
2.170000E-3	7.731915E-4
2.175000E-3	8.403659E-4
2.180000E-3	9.267330E-4
2.185000E-3	9.034276E-4
2.190000E-3	7.978678E-4
2.195000E-3	9.335876E-4
2.200000E-3	8.554459E-4
2.205000E-3	8.581877E-4
2.210000E-3	8.472204E-4
2.215000E-3	7.005334E-4
2.220000E-3	7.073879E-4
2.225000E-3	7.910132E-4
2.230000E-3	6.086826E-4
2.235000E-3	6.676316E-4
2.240000E-3	8.321404E-4
2.245000E-3	9.486675E-4
2.250000E-3	8.211732E-4
2.255000E-3	7.800460E-4
2.260000E-3	9.349585E-4
2.265000E-3	8.143187E-4
2.270000E-3	6.799698E-4
2.275000E-3	8.376241E-4
2.280000E-3	8.006096E-4
2.285000E-3	7.389188E-4
2.290000E-3	7.951260E-4
2.295000E-3	8.074641E-4
2.300000E-3	8.431077E-4
2.305000E-3	9.555221E-4
2.310000E-3	8.883476E-4
2.315000E-3	9.431839E-4
2.320000E-3	8.910894E-4
2.325000E-3	8.595586E-4
2.330000E-3	8.252859E-4
2.335000E-3	7.869005E-4
2.340000E-3	8.869767E-4
2.345000E-3	7.923841E-4
2.350000E-3	8.143187E-4
2.355000E-3	8.376241E-4
2.360000E-3	8.239150E-4
2.365000E-3	8.718967E-4
2.370000E-3	9.034276E-4
2.375000E-3	9.445548E-4
2.380000E-3	8.897185E-4
2.385000E-3	1.080275E-3
2.390000E-3	1.000762E-3
2.395000E-3	9.568930E-4
2.400000E-3	6.621480E-4
2.405000E-3	9.472966E-4
2.410000E-3	6.868243E-4
2.415000E-3	1.098096E-3
2.420000E-3	6.731153E-4
2.425000E-3	1.173496E-3
2.430000E-3	5.524755E-4
2.435000E-3	1.291394E-3
2.440000E-3	2.357960E-4
2.445000E-3	1.280427E-3
2.450000E-3	7.539988E-5
2.455000E-3	1.867175E-3
2.460000E-3	-7.423460E-3
2.465000E-3	-6.469721E-2
2.470000E-3	-1.539899E-1
2.475000E-3	-1.365012E-1
2.480000E-3	-1.280180E-1
2.485000E-3	-1.350165E-1
2.490000E-3	-1.440549E-1
2.495000E-3	-8.202547E-2
2.500000E-3	1.389784E-1
2.505000E-3	4.375030E-1
2.510000E-3	3.346754E-1
2.515000E-3	3.133482E-2
2.520000E-3	4.120535E-2
2.525000E-3	-4.187024E-2
2.530000E-3	-8.760917E-2
2.535000E-3	9.923857E-2
2.540000E-3	1.221492E-1
2.545000E-3	8.839333E-2
2.550000E-3	1.197583E-1
2.555000E-3	1.099138E-1
2.560000E-3	1.237243E-2
2.565000E-3	-1.705408E-2
2.570000E-3	-4.903597E-2
2.575000E-3	-1.040066E-1
2.580000E-3	-1.356156E-1
2.585000E-3	-3.739011E-2
2.590000E-3	-6.873590E-2
2.595000E-3	-7.395631E-2
2.600000E-3	2.607876E-2
2.605000E-3	-8.722258E-2
2.610000E-3	-2.122301E-1
2.615000E-3	-5.235767E-2
2.620000E-3	-1.697731E-2
2.625000E-3	-6.164968E-2
2.630000E-3	9.471321E-2
2.635000E-3	9.017825E-2
2.640000E-3	-3.441525E-2
2.645000E-3	5.107450E-2
2.650000E-3	7.465959E-2
2.655000E-3	-6.523734E-2
2.660000E-3	2.010161E-2
2.665000E-3	6.867146E-2
2.670000E-3	2.592796E-2
2.675000E-3	1.045454E-1
2.680000E-3	1.053185E-1
2.685000E-3	1.548439E-2
2.690000E-3	-8.831382E-3
2.695000E-3	6.237626E-3
2.700000E-3	-3.367221E-2
2.705000E-3	-2.032918E-2
2.710000E-3	3.264129E-2
2.715000E-3	1.931745E-2
2.720000E-3	-2.641326E-2
2.725000E-3	-2.172750E-2
2.730000E-3	-3.949034E-2
2.735000E-3	-3.909552E-2
2.740000E-3	-2.468181E-2
2.745000E-3	-4.026490E-2
2.750000E-3	-1.985073E-2
2.755000E-3	-5.057275E-3
2.760000E-3	-3.175157E-2
2.765000E-3	-3.058082E-2
2.770000E-3	-3.427267E-4
2.775000E-3	-3.193665E-2
2.780000E-3	-3.077823E-2
2.785000E-3	2.540565E-2
2.790000E-3	1.093161E-2
2.795000E-3	-2.918386E-2
2.800000E-3	3.208059E-2
2.805000E-3	6.246674E-2
2.810000E-3	1.770252E-2
2.815000E-3	4.555523E-2
2.820000E-3	7.188761E-2
2.825000E-3	1.495796E-2
2.830000E-3	2.407312E-3
2.835000E-3	1.544738E-2
2.840000E-3	-1.716238E-2
2.845000E-3	-2.322316E-3
2.850000E-3	1.419437E-2
2.855000E-3	-1.067388E-2
2.860000E-3	2.635294E-2
2.865000E-3	3.678966E-2
2.870000E-3	-1.741189E-2
2.875000E-3	-1.398462E-2
2.880000E-3	1.379132E-3
2.885000E-3	-4.557443E-2
2.890000E-3	-4.555660E-2
2.895000E-3	5.230010E-3
2.900000E-3	-4.396498E-3
2.905000E-3	-6.251335E-3
2.910000E-3	3.691989E-2
2.915000E-3	9.418130E-3
2.920000E-3	-2.548516E-2
2.925000E-3	-1.512110E-2
2.930000E-3	-3.158706E-2
2.935000E-3	-2.409917E-2
2.940000E-3	-8.278906E-3
2.945000E-3	-3.527617E-2
2.950000E-3	-2.042103E-2
2.955000E-3	3.851700E-2
2.960000E-3	3.980976E-2
2.965000E-3	2.208805E-2
2.970000E-3	3.169674E-2
2.975000E-3	1.855385E-2
2.980000E-3	-6.297946E-3
2.985000E-3	1.179528E-2
2.990000E-3	8.978069E-3
2.995000E-3	-3.509933E-2
3.000000E-3	-1.014060E-2
3.005000E-3	2.415264E-2
3.010000E-3	-3.682256E-3
3.015000E-3	-3.645241E-3
3.020000E-3	1.875126E-2
3.025000E-3	-2.625287E-3
3.030000E-3	-9.534657E-3
3.035000E-3	1.219147E-2
3.040000E-3	6.185532E-3
3.045000E-3	5.623460E-3
3.050000E-3	2.542621E-2
3.055000E-3	3.668547E-3
3.060000E-3	-1.669902E-2
3.065000E-3	5.848289E-3
3.070000E-3	-1.544738E-2
3.075000E-3	-3.150755E-2
3.080000E-3	1.477289E-2
3.085000E-3	6.669462E-3
3.090000E-3	-1.845378E-2
3.095000E-3	1.282483E-2
3.100000E-3	-5.711198E-3
3.105000E-3	-5.398494E-2
3.110000E-3	-2.266794E-2
3.115000E-3	-2.641737E-3
3.120000E-3	-2.012902E-2
3.125000E-3	4.009902E-3
3.130000E-3	2.288043E-2
3.135000E-3	-1.838386E-3
3.140000E-3	9.235799E-3
3.145000E-3	2.362210E-2
3.150000E-3	7.827878E-4
3.155000E-3	1.528150E-2
3.160000E-3	3.239864E-2
3.165000E-3	-1.874030E-3
3.170000E-3	-7.882714E-4
3.175000E-3	3.673756E-2
3.180000E-3	2.636528E-2
3.185000E-3	2.251852E-2
3.190000E-3	4.392385E-2
3.195000E-3	1.501828E-2
3.200000E-3	-1.197898E-2
3.205000E-3	4.976392E-4
3.210000E-3	-1.392704E-2
3.215000E-3	-2.965134E-2
3.220000E-3	-1.740366E-2
3.225000E-3	-2.964038E-2
3.230000E-3	-3.410405E-2
3.235000E-3	-8.033514E-4
3.240000E-3	-4.565120E-3
3.245000E-3	-2.319437E-2
3.250000E-3	-9.870529E-5
3.255000E-3	9.300232E-3
3.260000E-3	-4.661083E-4
3.265000E-3	1.591212E-2
3.270000E-3	2.181250E-2
3.275000E-3	-7.142425E-4
3.280000E-3	8.879364E-3
3.285000E-3	2.683687E-2
3.290000E-3	6.722927E-3
3.295000E-3	4.567862E-3
3.300000E-3	1.590800E-2
3.305000E-3	1.274943E-3
3.310000E-3	-5.003810E-4
3.315000E-3	1.983565E-2
3.320000E-3	1.302636E-2
3.325000E-3	4.789948E-3
3.330000E-3	2.041280E-3
3.335000E-3	-2.524936E-2
3.340000E-3	-2.916056E-2
3.345000E-3	3.084540E-4
3.350000E-3	-8.204877E-3
3.355000E-3	-2.081722E-2
3.360000E-3	2.829552E-3
3.365000E-3	-3.870070E-3
3.370000E-3	-2.192903E-2
3.375000E-3	-5.583704E-3
3.380000E-3	-8.923233E-3
3.385000E-3	-2.692735E-2
3.390000E-3	-9.782791E-3
3.395000E-3	2.467632E-3
3.400000E-3	-3.188729E-3
3.405000E-3	1.379544E-2
3.410000E-3	1.694715E-2
3.415000E-3	-9.923995E-3
3.420000E-3	-8.494139E-3
3.425000E-3	3.006399E-3
3.430000E-3	-3.883779E-3
3.435000E-3	9.519577E-3
3.440000E-3	2.972126E-2
3.445000E-3	2.642971E-2
3.450000E-3	2.468729E-2
3.455000E-3	2.449125E-2
3.460000E-3	7.826507E-3
3.465000E-3	-3.665805E-3
3.470000E-3	1.757503E-3
3.475000E-3	4.523993E-4
3.480000E-3	1.287282E-3
3.485000E-3	1.505530E-2
3.490000E-3	1.477563E-2
3.495000E-3	4.163444E-3
3.500000E-3	-2.056360E-5
3.505000E-3	-1.334441E-2
3.510000E-3	-2.357548E-2
3.515000E-3	-8.716226E-3
3.520000E-3	6.251335E-4
3.525000E-3	-6.271899E-3
3.530000E-3	-1.357198E-4
3.535000E-3	1.117152E-2
3.540000E-3	7.642806E-3
3.545000E-3	7.039607E-3
3.550000E-3	7.989645E-3
3.555000E-3	-8.910894E-4
3.560000E-3	-5.106628E-3
3.565000E-3	-7.050574E-3
3.570000E-3	-9.615541E-3
3.575000E-3	-3.787816E-3
3.580000E-3	2.384007E-3
3.585000E-3	-7.216454E-3
3.590000E-3	-1.648790E-2
3.595000E-3	-9.640217E-3
3.600000E-3	-1.238751E-2
3.605000E-3	-1.673055E-2
3.610000E-3	-5.072355E-4
3.615000E-3	5.327344E-3
3.620000E-3	-2.725363E-3
3.625000E-3	2.090633E-3
3.630000E-3	3.811121E-3
3.635000E-3	-5.018890E-3
3.640000E-3	4.149735E-3
3.645000E-3	1.670176E-2
3.650000E-3	1.311684E-2
3.655000E-3	2.005088E-2
3.660000E-3	2.449262E-2
3.665000E-3	1.303458E-2
3.670000E-3	1.644403E-2
3.675000E-3	2.266657E-2
3.680000E-3	4.910588E-3
3.685000E-3	1.014471E-4
3.690000E-3	6.776392E-3
3.695000E-3	-1.115370E-2
3.700000E-3	-1.932430E-2
3.705000E-3	-1.063550E-2
3.710000E-3	-1.648515E-2
3.715000E-3	-2.556604E-2
3.720000E-3	-1.707190E-2
3.725000E-3	-2.384555E-2
3.730000E-3	-2.519590E-2
3.735000E-3	-4.100382E-3
3.740000E-3	-1.012415E-2
3.745000E-3	-1.147038E-2
3.750000E-3	-1.425743E-4
3.755000E-3	2.980351E-3
3.760000E-3	-1.550496E-3
3.765000E-3	3.216147E-3
3.770000E-3	2.214152E-2
3.775000E-3	1.918310E-2
3.780000E-3	1.557899E-2
3.785000E-3	2.999544E-2
3.790000E-3	2.371943E-2
3.795000E-3	9.610057E-3
3.800000E-3	2.584571E-2
3.805000E-3	2.764708E-2
3.810000E-3	6.476164E-3
3.815000E-3	6.274641E-3
3.820000E-3	5.262911E-3
3.825000E-3	-1.465088E-2
3.830000E-3	-1.771760E-2
3.835000E-3	-8.606553E-3
3.840000E-3	-1.318949E-2
3.845000E-3	-1.982468E-2
3.850000E-3	-1.231349E-2
3.855000E-3	-1.350892E-2
3.860000E-3	-2.023184E-2
3.865000E-3	-1.270831E-2
3.870000E-3	-4.835188E-3
3.875000E-3	-8.446157E-3
3.880000E-3	-4.173040E-3
3.885000E-3	1.336223E-2
3.890000E-3	1.473451E-2
3.895000E-3	1.093847E-2
3.900000E-3	1.696497E-2
3.905000E-3	1.030099E-2
3.910000E-3	8.691549E-3
3.915000E-3	2.116132E-2
3.920000E-3	1.784372E-2
3.925000E-3	9.139836E-3
3.930000E-3	1.188576E-2
3.935000E-3	8.439302E-3
3.940000E-3	2.578676E-3
3.945000E-3	2.741814E-5
3.950000E-3	1.954913E-3
3.955000E-3	1.466870E-4
3.960000E-3	5.113482E-4
3.965000E-3	-1.575172E-3
3.970000E-3	-4.890025E-3
3.975000E-3	-1.883626E-3
3.980000E-3	-8.266568E-4
3.985000E-3	-1.097822E-2
3.990000E-3	-2.075279E-2
3.995000E-3	-1.962727E-2
4.000000E-3	-1.643717E-2
4.005000E-3	-1.259041E-2
4.010000E-3	-4.408836E-3
4.015000E-3	-7.882714E-4
4.020000E-3	1.768470E-4
4.025000E-3	3.887892E-3
4.030000E-3	1.960397E-3
4.035000E-3	-1.181722E-3
4.040000E-3	1.425743E-3
4.045000E-3	2.719879E-3
4.050000E-3	3.287435E-3
4.055000E-3	1.037502E-2
4.060000E-3	1.359665E-2
4.065000E-3	8.080125E-3
4.070000E-3	1.110983E-2
4.075000E-3	1.786566E-2
4.080000E-3	1.341844E-2
4.085000E-3	1.257396E-2
4.090000E-3	1.625896E-2
4.095000E-3	1.088911E-2
4.100000E-3	5.554914E-3
4.105000E-3	2.187967E-3
4.110000E-3	-9.667635E-3
4.115000E-3	-1.398873E-2
4.120000E-3	-4.646003E-3
4.125000E-3	-9.020567E-4
4.130000E-3	-4.592538E-4
4.135000E-3	4.593909E-3
4.140000E-3	3.920794E-4
4.145000E-3	-8.110285E-3
4.150000E-3	-7.851183E-3
4.155000E-3	-8.584619E-3
4.160000E-3	-9.996653E-3
4.165000E-3	-2.463520E-3
4.170000E-3	-2.266109E-3
4.175000E-3	-1.038599E-2
4.180000E-3	-6.986141E-3
4.185000E-3	-1.871288E-3
4.190000E-3	-3.935874E-3
4.195000E-3	-1.069307E-3
4.200000E-3	6.836712E-3
4.205000E-3	8.559942E-3
4.210000E-3	1.056147E-2
4.215000E-3	1.257396E-2
4.220000E-3	5.602896E-3
4.225000E-3	1.199543E-3
4.230000E-3	3.802896E-3
4.235000E-3	1.210511E-3
4.240000E-3	2.193451E-5
4.245000E-3	5.010664E-3
4.250000E-3	4.200459E-3
4.255000E-3	1.147449E-3
4.260000E-3	4.459560E-3
4.265000E-3	6.018281E-3
4.270000E-3	2.425134E-3
4.275000E-3	1.721859E-3
4.280000E-3	-1.586139E-3
4.285000E-3	-7.531762E-3
4.290000E-3	-5.483627E-3
4.295000E-3	-3.979743E-3
4.300000E-3	-7.550955E-3
4.305000E-3	-5.692005E-3
4.310000E-3	-2.272964E-3
4.315000E-3	-3.985226E-3
4.320000E-3	-2.022088E-3
4.325000E-3	-2.367556E-3
4.330000E-3	-7.275403E-3
4.335000E-3	-4.223764E-3
4.340000E-3	-3.961921E-4
4.345000E-3	-3.187358E-3
4.350000E-3	-7.773042E-4
4.355000E-3	2.955675E-3
4.360000E-3	-8.252859E-4
4.365000E-3	-2.553999E-3
4.370000E-3	-2.595127E-3
4.375000E-3	-4.016757E-3
4.380000E-3	1.723230E-3
4.385000E-3	9.233057E-3
4.390000E-3	8.936942E-3
4.395000E-3	1.108378E-2
4.400000E-3	1.704448E-2
4.405000E-3	1.597792E-2
4.410000E-3	1.269597E-2
4.415000E-3	1.242590E-2
4.420000E-3	6.286979E-3
4.425000E-3	1.133740E-3
4.430000E-3	2.630770E-3
4.435000E-3	3.346384E-3
4.440000E-3	3.828943E-3
4.445000E-3	4.637778E-3
4.450000E-3	6.443262E-5
4.455000E-3	-3.700078E-3
4.460000E-3	-1.037776E-3
4.465000E-3	-2.009749E-3
4.470000E-3	-6.706476E-3
4.475000E-3	-4.865348E-3
4.480000E-3	-1.793146E-3
4.485000E-3	-3.445089E-3
4.490000E-3	-2.482712E-3
4.495000E-3	1.329780E-3
4.500000E-3	1.558721E-3
4.505000E-3	2.651334E-3
4.510000E-3	4.791319E-3
4.515000E-3	1.950800E-3
4.520000E-3	-1.274943E-4
4.525000E-3	7.046461E-4
4.530000E-3	-3.848135E-3
4.535000E-3	-8.975327E-3
4.540000E-3	-5.713940E-3
4.545000E-3	-1.355827E-3
4.550000E-3	6.936789E-4
4.555000E-3	6.659865E-3
4.560000E-3	1.156223E-2
4.565000E-3	9.004116E-3
4.570000E-3	5.675554E-3
4.575000E-3	2.264738E-3
4.580000E-3	-3.939986E-3
4.585000E-3	-6.864130E-3
4.590000E-3	-3.624678E-3
4.595000E-3	9.555221E-4
4.600000E-3	6.088197E-3
4.605000E-3	9.828031E-3
4.610000E-3	8.856058E-3
4.615000E-3	6.016910E-3
4.620000E-3	2.149582E-3
4.625000E-3	-4.242957E-3
4.630000E-3	-9.523690E-3
4.635000E-3	-9.708762E-3
4.640000E-3	-7.531762E-3
4.645000E-3	-5.010664E-3
4.650000E-3	-1.413405E-3
4.655000E-3	4.236102E-4
4.660000E-3	-2.193451E-5
4.665000E-3	-2.115309E-3
4.670000E-3	-4.770756E-3
4.675000E-3	-5.638540E-3
4.680000E-3	-3.881037E-3
4.685000E-3	-1.926124E-3
4.690000E-3	-1.099467E-3
4.695000E-3	-6.854534E-6
4.700000E-3	1.582026E-3
4.705000E-3	2.858341E-3
4.710000E-3	4.425287E-3
4.715000E-3	6.710589E-3
4.720000E-3	8.266568E-3
4.725000E-3	8.924603E-3
4.730000E-3	1.054776E-2
4.735000E-3	1.258492E-2
4.740000E-3	1.394212E-2
4.745000E-3	1.257122E-2
4.750000E-3	8.675098E-3
4.755000E-3	5.140901E-3
4.760000E-3	3.310740E-3
4.765000E-3	1.322925E-3
4.770000E-3	-1.513481E-3
4.775000E-3	-5.587816E-3
4.780000E-3	-7.714093E-3
4.785000E-3	-1.569551E-2
4.790000E-3	-2.633238E-2
4.795000E-3	-2.462834E-2
4.800000E-3	-2.444464E-2
4.805000E-3	-2.198935E-2
4.810000E-3	-1.075888E-2
4.815000E-3	1.124144E-2
4.820000E-3	3.398478E-2
4.825000E-3	3.242469E-2
4.830000E-3	1.549810E-2
4.835000E-3	1.483321E-3
4.840000E-3	-5.134046E-3
4.845000E-3	-8.802593E-3
4.850000E-3	4.998326E-3
4.855000E-3	1.519787E-2
4.860000E-3	2.085835E-2
4.865000E-3	2.489704E-2
4.870000E-3	2.360016E-2
4.875000E-3	9.626508E-3
4.880000E-3	-4.247069E-3
4.885000E-3	-9.115160E-3
4.890000E-3	-1.258081E-2
4.895000E-3	-1.271516E-2
4.900000E-3	-9.350955E-3
4.905000E-3	-3.715158E-3
4.910000E-3	-1.538157E-3
4.915000E-3	-1.096725E-3
4.920000E-3	-8.520186E-3
4.925000E-3	-1.875812E-2
4.930000E-3	-1.294684E-2
4.935000E-3	-5.900383E-3
4.940000E-3	-7.175326E-3
4.945000E-3	3.970146E-3
4.950000E-3	8.269310E-3
4.955000E-3	-1.000762E-3
4.960000E-3	3.656209E-3
4.965000E-3	4.599392E-3
4.970000E-3	-1.586139E-3
4.975000E-3	3.520489E-3
4.980000E-3	9.789646E-3
4.985000E-3	8.965731E-3
4.990000E-3	1.707053E-2
4.995000E-3	1.921189E-2
5.000000E-3	9.304345E-3
5.005000E-3	4.976392E-3
5.010000E-3	5.158722E-3
5.015000E-3	4.921556E-4
5.020000E-3	6.456971E-4
5.025000E-3	6.847680E-3
5.030000E-3	2.115309E-3
5.035000E-3	-5.005181E-3
5.040000E-3	-7.012188E-3
5.045000E-3	-1.059985E-2
5.050000E-3	-1.316756E-2
5.055000E-3	-1.030785E-2
5.060000E-3	-1.009262E-2
5.065000E-3	-9.352326E-3
5.070000E-3	-4.920185E-3
5.075000E-3	-3.675401E-3
5.080000E-3	-3.657579E-3
5.085000E-3	-8.609295E-4
5.090000E-3	1.407921E-3
5.095000E-3	3.911197E-3
5.100000E-3	9.662151E-3
5.105000E-3	9.625137E-3
5.110000E-3	6.230772E-3
5.115000E-3	8.033514E-3
5.120000E-3	1.048744E-2
5.125000E-3	6.711960E-3
5.130000E-3	8.396804E-3
5.135000E-3	1.102209E-2
5.140000E-3	-1.124144E-4
5.145000E-3	-2.456665E-3
5.150000E-3	6.813407E-4
5.155000E-3	-5.537093E-3
5.160000E-3	-4.067481E-3
5.165000E-3	1.830161E-3
5.170000E-3	-3.372431E-4
5.175000E-3	1.683474E-3
5.180000E-3	6.244481E-3
5.185000E-3	2.192080E-3
5.190000E-3	2.124906E-3
5.195000E-3	1.056284E-2
5.200000E-3	1.129627E-2
5.205000E-3	6.077230E-3
5.210000E-3	8.755982E-3
5.215000E-3	7.672966E-3
5.220000E-3	1.110435E-3
5.225000E-3	3.085911E-3
5.230000E-3	3.660321E-4
5.235000E-3	-1.064509E-2
5.240000E-3	-1.035583E-2
5.245000E-3	-5.712569E-3
5.250000E-3	-7.755220E-3
5.255000E-3	-5.929172E-3
5.260000E-3	-2.474487E-3
5.265000E-3	-3.765881E-3
5.270000E-3	-2.338767E-3
5.275000E-3	-1.425743E-4
5.280000E-3	-5.467176E-3
5.285000E-3	-6.801069E-3
5.290000E-3	-3.964663E-3
5.295000E-3	-4.097641E-3
5.300000E-3	-2.453923E-3
5.305000E-3	1.083016E-4
5.310000E-3	1.206398E-4
5.315000E-3	9.952784E-4
5.320000E-3	3.456056E-3
5.325000E-3	2.204418E-3
5.330000E-3	2.604723E-5
5.335000E-3	3.173649E-3
5.340000E-3	6.510437E-3
5.345000E-3	6.662607E-3
5.350000E-3	8.254230E-3
5.355000E-3	9.859562E-3
5.360000E-3	7.811427E-3
5.365000E-3	6.483018E-3
5.370000E-3	5.453467E-3
5.375000E-3	2.904952E-3
5.380000E-3	2.892613E-3
5.385000E-3	3.734350E-3
5.390000E-3	2.895355E-3
5.395000E-3	3.552020E-3
5.400000E-3	3.257275E-3
5.405000E-3	2.481341E-4
5.410000E-3	-1.488805E-3
5.415000E-3	-4.577458E-3
5.420000E-3	-8.846462E-3
5.425000E-3	-7.564664E-3
5.430000E-3	-3.055751E-3
5.435000E-3	-2.422392E-3
5.440000E-3	-9.596348E-4
5.445000E-3	2.000153E-3
5.450000E-3	1.805484E-3
5.455000E-3	5.305409E-4
5.460000E-3	8.074641E-4
5.465000E-3	5.908608E-4
5.470000E-3	3.468394E-4
5.475000E-3	1.690328E-3
5.480000E-3	1.924753E-3
5.485000E-3	3.125668E-3
5.490000E-3	6.776392E-3
5.495000E-3	7.686675E-3
5.500000E-3	6.639302E-3
5.505000E-3	6.632447E-3
5.510000E-3	5.301297E-3
5.515000E-3	1.649201E-3
5.520000E-3	-9.596348E-4
5.525000E-3	-2.366185E-3
5.530000E-3	-4.162073E-3
5.535000E-3	-4.577458E-3
5.540000E-3	-3.853619E-3
5.545000E-3	-3.402591E-3
5.550000E-3	-1.690328E-3
5.555000E-3	-1.754761E-4
5.560000E-3	-8.718967E-4
5.565000E-3	-1.307845E-3
5.570000E-3	-1.028180E-3
5.575000E-3	-1.295507E-3
5.580000E-3	-2.105713E-3
5.585000E-3	-2.237320E-3
5.590000E-3	-1.669765E-3
5.595000E-3	1.891851E-4
5.600000E-3	3.180504E-3
5.605000E-3	4.108608E-3
5.610000E-3	3.069460E-3
5.615000E-3	3.316224E-3
5.620000E-3	3.020108E-3
5.625000E-3	2.205789E-3
5.630000E-3	3.351867E-3
5.635000E-3	3.552020E-3
5.640000E-3	1.011729E-3
5.645000E-3	-2.124906E-4
5.650000E-3	-1.795888E-4
5.655000E-3	-3.619194E-4
5.660000E-3	5.881190E-4
5.665000E-3	1.558721E-3
5.670000E-3	1.026809E-3
5.675000E-3	9.102821E-4
5.680000E-3	5.840063E-4
5.685000E-3	-1.465499E-3
5.690000E-3	-1.679361E-3
5.695000E-3	3.811121E-4
5.700000E-3	1.044631E-3
5.705000E-3	2.433360E-3
5.710000E-3	4.975021E-3
5.715000E-3	4.141510E-3
5.720000E-3	1.989186E-3
5.725000E-3	5.277991E-4
5.730000E-3	-1.826048E-3
5.735000E-3	-2.374411E-3
5.740000E-3	4.798174E-4
5.745000E-3	2.133131E-3
5.750000E-3	3.394365E-3
5.755000E-3	5.827725E-3
5.760000E-3	6.711960E-3
5.765000E-3	5.534351E-3
5.770000E-3	3.889263E-3
5.775000E-3	1.006246E-3
5.780000E-3	-2.606094E-3
5.785000E-3	-3.712416E-3
5.790000E-3	-3.513634E-3
5.795000E-3	-3.587663E-3
5.800000E-3	-1.704037E-3
5.805000E-3	1.377761E-3
5.810000E-3	1.613557E-3
5.815000E-3	6.045699E-4
5.820000E-3	1.507998E-5
5.825000E-3	-2.947450E-4
5.830000E-3	1.672506E-3
5.835000E-3	4.674792E-3
5.840000E-3	5.707085E-3
5.845000E-3	5.637169E-3
5.850000E-3	5.763292E-3
5.855000E-3	5.168319E-3
5.860000E-3	4.362226E-3
5.865000E-3	4.300535E-3
5.870000E-3	3.641129E-3
5.875000E-3	2.148211E-3
5.880000E-3	5.977154E-4
5.885000E-3	-1.080275E-3
5.890000E-3	-2.843261E-3
5.895000E-3	-3.355980E-3
5.900000E-3	-3.477991E-3
5.905000E-3	-3.613710E-3
5.910000E-3	-3.484845E-3
5.915000E-3	-3.791928E-3
5.920000E-3	-4.887283E-3
5.925000E-3	-5.668700E-3
5.930000E-3	-6.063521E-3
5.935000E-3	-6.813407E-3
5.940000E-3	-5.128562E-3
5.945000E-3	-1.572430E-3
5.950000E-3	1.483321E-3
5.955000E-3	4.432142E-3
5.960000E-3	6.957352E-3
5.965000E-3	7.297337E-3
5.970000E-3	6.458342E-3
5.975000E-3	5.306780E-3
5.980000E-3	4.051030E-3
5.985000E-3	3.987968E-3
5.990000E-3	4.559636E-3
5.995000E-3	4.105866E-3
6.000000E-3	3.261387E-3
6.005000E-3	2.918661E-3
6.010000E-3	1.488805E-3
6.015000E-3	-6.127954E-4
6.020000E-3	-1.170754E-3
6.025000E-3	-2.363443E-3
6.030000E-3	-4.071593E-3
6.035000E-3	-4.824221E-3
6.040000E-3	-5.822241E-3
6.045000E-3	-6.355524E-3
6.050000E-3	-4.914701E-3
6.055000E-3	-3.155828E-3
6.060000E-3	-2.261996E-3
6.065000E-3	-5.661845E-4
6.070000E-3	1.163900E-3
6.075000E-3	1.828790E-3
6.080000E-3	2.843261E-3
6.085000E-3	4.444480E-3
6.090000E-3	5.430162E-3
6.095000E-3	6.653011E-3
6.100000E-3	7.220566E-3
6.105000E-3	6.381571E-3
6.110000E-3	5.580962E-3
6.115000E-3	5.430162E-3
6.120000E-3	4.281342E-3
6.125000E-3	2.981722E-3
6.130000E-3	2.548516E-3
6.135000E-3	1.830161E-3
6.140000E-3	1.224220E-3
6.145000E-3	1.225591E-3
6.150000E-3	9.267330E-4
6.155000E-3	-2.741814E-5
6.160000E-3	-1.454532E-3
6.165000E-3	-3.502667E-3
6.170000E-3	-5.764663E-3
6.175000E-3	-6.742120E-3
6.180000E-3	-6.905258E-3
6.185000E-3	-6.419957E-3
6.190000E-3	-5.275249E-3
6.195000E-3	-3.390253E-3
6.200000E-3	-1.098096E-3
6.205000E-3	1.523077E-3
6.210000E-3	3.639758E-3
6.215000E-3	4.492462E-3
6.220000E-3	4.684389E-3
6.225000E-3	4.470527E-3
6.230000E-3	3.897488E-3
6.235000E-3	3.997564E-3
6.240000E-3	4.077077E-3
6.245000E-3	3.842652E-3
6.250000E-3	4.189491E-3
6.255000E-3	3.907084E-3
6.260000E-3	3.338158E-3
6.265000E-3	3.442347E-3
6.270000E-3	3.676772E-3
6.275000E-3	2.710283E-3
6.280000E-3	1.686215E-3
6.285000E-3	1.336634E-3
6.290000E-3	6.086826E-4
6.295000E-3	-9.459257E-5
6.300000E-3	-7.032752E-4
6.305000E-3	-1.279056E-3
6.310000E-3	-1.141965E-3
6.315000E-3	-5.072355E-4
6.320000E-3	-5.757809E-5
6.325000E-3	3.591776E-4
6.330000E-3	1.014471E-3
6.335000E-3	1.379132E-3
6.340000E-3	1.560092E-3
6.345000E-3	2.116680E-3
6.350000E-3	2.589643E-3
6.355000E-3	2.796650E-3
6.360000E-3	3.058493E-3
6.365000E-3	3.590405E-3
6.370000E-3	3.354609E-3
6.375000E-3	2.872050E-3
6.380000E-3	2.141356E-3
6.385000E-3	2.046764E-3
6.390000E-3	2.408683E-3
6.395000E-3	2.961159E-3
6.400000E-3	2.933741E-3
6.405000E-3	2.810359E-3
6.410000E-3	2.118051E-3
6.415000E-3	7.937551E-4
6.420000E-3	-3.961921E-4
6.425000E-3	-1.084387E-3
6.430000E-3	-1.024067E-3
6.435000E-3	1.151562E-4
6.440000E-3	1.200914E-3
6.445000E-3	1.206398E-3
6.450000E-3	9.267330E-4
6.455000E-3	2.357960E-4
6.460000E-3	-1.125515E-3
6.465000E-3	-2.261996E-3
6.470000E-3	-2.588272E-3
6.475000E-3	-2.447069E-3
6.480000E-3	-2.015233E-3
6.485000E-3	-1.209140E-3
6.490000E-3	-4.894137E-4
6.495000E-3	4.770756E-4
6.500000E-3	1.277685E-3
6.505000E-3	1.582026E-3
6.510000E-3	1.321554E-3
6.515000E-3	1.283169E-3
6.520000E-3	1.007617E-3
6.525000E-3	4.647374E-4
6.530000E-3	2.810359E-4
6.535000E-3	2.056360E-4
6.540000E-3	1.521707E-4
6.545000E-3	6.456971E-4
6.550000E-3	1.103580E-3
6.555000E-3	7.937551E-4
6.560000E-3	5.373955E-4
6.565000E-3	-1.782179E-4
6.570000E-3	-1.077533E-3
6.575000E-3	-1.362681E-3
6.580000E-3	-9.006858E-4
6.585000E-3	-3.660321E-4
6.590000E-3	8.554459E-4
6.595000E-3	2.297640E-3
6.600000E-3	3.484845E-3
6.605000E-3	4.245698E-3
6.610000E-3	4.676163E-3
6.615000E-3	4.491091E-3
6.620000E-3	3.968775E-3
6.625000E-3	4.133284E-3
6.630000E-3	4.270375E-3
6.635000E-3	4.414320E-3
6.640000E-3	4.851639E-3
6.645000E-3	4.853010E-3
6.650000E-3	4.071593E-3
6.655000E-3	3.261387E-3
6.660000E-3	1.653314E-3
6.665000E-3	-3.975630E-5
6.670000E-3	-9.281039E-4
6.675000E-3	-1.954913E-3
6.680000E-3	-3.321707E-3
6.685000E-3	-4.241586E-3
6.690000E-3	-4.615843E-3
6.695000E-3	-4.134655E-3
6.700000E-3	-2.743185E-3
6.705000E-3	-1.258492E-3
6.710000E-3	-2.097487E-4
6.715000E-3	1.331151E-3
6.720000E-3	2.013862E-3
6.725000E-3	1.667023E-3
6.730000E-3	1.391470E-3
6.735000E-3	1.369536E-3
6.740000E-3	1.373649E-3
6.745000E-3	1.863062E-3
6.750000E-3	3.179133E-3
6.755000E-3	4.173040E-3
6.760000E-3	4.685760E-3
6.765000E-3	4.839301E-3
6.770000E-3	4.443109E-3
6.775000E-3	3.601372E-3
6.780000E-3	2.644479E-3
6.785000E-3	1.066566E-3
6.790000E-3	-4.757047E-4
6.795000E-3	-1.761615E-3
6.800000E-3	-3.320336E-3
6.805000E-3	-4.563749E-3
6.810000E-3	-5.060017E-3
6.815000E-3	-5.305409E-3
6.820000E-3	-5.304039E-3
6.825000E-3	-5.349278E-3
6.830000E-3	-5.419195E-3
6.835000E-3	-5.624831E-3
6.840000E-3	-5.173802E-3
6.845000E-3	-4.522622E-3
6.850000E-3	-3.461540E-3
6.855000E-3	-1.543641E-3
6.860000E-3	9.267330E-4
6.865000E-3	2.976239E-3
6.870000E-3	4.628181E-3
6.875000E-3	5.920947E-3
6.880000E-3	6.181419E-3
6.885000E-3	5.973041E-3
6.890000E-3	5.408227E-3
6.895000E-3	4.902363E-3
6.900000E-3	4.358113E-3
6.905000E-3	4.388273E-3
6.910000E-3	4.185379E-3
6.915000E-3	3.817976E-3
6.920000E-3	3.298402E-3
6.925000E-3	2.580047E-3
6.930000E-3	1.697183E-3
6.935000E-3	9.185076E-4
6.940000E-3	1.713634E-4
6.945000E-3	-2.001524E-4
6.950000E-3	-3.399849E-4
6.955000E-3	-4.743338E-4
6.960000E-3	-5.456209E-4
6.965000E-3	-9.363294E-4
6.970000E-3	-1.242042E-3
6.975000E-3	-1.608074E-3
6.980000E-3	-1.898706E-3
6.985000E-3	-2.155066E-3
6.990000E-3	-1.931608E-3
6.995000E-3	-1.403809E-3
7.000000E-3	-8.664131E-4
7.005000E-3	-3.536940E-4
7.010000E-3	5.346537E-5
7.015000E-3	1.932979E-4
7.020000E-3	6.854534E-5
7.025000E-3	-1.370907E-4
7.030000E-3	-3.564358E-5
7.035000E-3	5.017519E-4
7.040000E-3	1.909673E-3
7.045000E-3	3.127038E-3
7.050000E-3	4.269004E-3
7.055000E-3	5.098403E-3
7.060000E-3	5.294442E-3
7.065000E-3	4.778981E-3
7.070000E-3	4.237473E-3
7.075000E-3	3.689110E-3
7.080000E-3	3.325820E-3
7.085000E-3	3.202438E-3
7.090000E-3	3.405333E-3
7.095000E-3	3.562987E-3
7.100000E-3	3.276467E-3
7.105000E-3	2.553999E-3
7.110000E-3	1.405180E-3
7.115000E-3	4.414320E-4
7.120000E-3	-4.825592E-4
7.125000E-3	-1.518965E-3
7.130000E-3	-2.466261E-3
7.135000E-3	-2.911806E-3
7.140000E-3	-3.107846E-3
7.145000E-3	-3.159940E-3
7.150000E-3	-2.922773E-3
7.155000E-3	-2.194822E-3
7.160000E-3	-1.509368E-3
7.165000E-3	-4.167557E-4
7.170000E-3	4.482865E-4
7.175000E-3	1.460016E-3
7.180000E-3	2.048135E-3
7.185000E-3	2.331913E-3
7.190000E-3	2.348363E-3
7.195000E-3	2.673268E-3
7.200000E-3	3.595889E-3
7.205000E-3	4.703581E-3
7.210000E-3	5.325973E-3
7.215000E-3	5.335569E-3
7.220000E-3	5.131304E-3
7.225000E-3	4.641891E-3
7.230000E-3	4.366338E-3
7.235000E-3	3.734350E-3
7.240000E-3	3.251791E-3
7.245000E-3	2.629399E-3
7.250000E-3	1.934350E-3
7.255000E-3	1.355827E-3
7.260000E-3	4.729629E-4
7.265000E-3	-2.330542E-4
7.270000E-3	-9.130239E-4
7.275000E-3	-1.420259E-3
7.280000E-3	-2.050877E-3
7.285000E-3	-2.396345E-3
7.290000E-3	-2.392232E-3
7.295000E-3	-1.837015E-3
7.300000E-3	-1.095355E-3
7.305000E-3	-5.291700E-4
7.310000E-3	-2.056360E-4
7.315000E-3	-8.088350E-5
7.320000E-3	1.974106E-4
7.325000E-3	1.960397E-4
7.330000E-3	3.742576E-4
7.335000E-3	6.594062E-4
7.340000E-3	9.089112E-4
7.345000E-3	8.883476E-4
7.350000E-3	1.030922E-3
7.355000E-3	1.295507E-3
7.360000E-3	1.246154E-3
7.365000E-3	9.308457E-4
7.370000E-3	7.855296E-4
7.375000E-3	5.785227E-4
7.380000E-3	8.979440E-4
7.385000E-3	1.336634E-3
7.390000E-3	1.773953E-3
7.395000E-3	1.821935E-3
7.400000E-3	2.059102E-3
7.405000E-3	1.635492E-3
7.410000E-3	8.527040E-4
7.415000E-3	1.946688E-4
7.420000E-3	-7.032752E-4
7.425000E-3	-1.385987E-3
7.430000E-3	-2.079666E-3
7.435000E-3	-2.492309E-3
7.440000E-3	-2.534807E-3
7.445000E-3	-2.318203E-3
7.450000E-3	-2.326429E-3
7.455000E-3	-2.336025E-3
7.460000E-3	-2.222240E-3
7.465000E-3	-2.231836E-3
7.470000E-3	-2.441585E-3
7.475000E-3	-2.105713E-3
7.480000E-3	-1.447678E-3
7.485000E-3	-6.799698E-4
7.490000E-3	1.768470E-4
7.495000E-3	1.295507E-3
7.500000E-3	2.333283E-3
7.505000E-3	3.380656E-3
7.510000E-3	4.312873E-3
7.515000E-3	4.684389E-3
7.520000E-3	4.763901E-3
7.525000E-3	4.650116E-3
7.530000E-3	4.119575E-3
7.535000E-3	3.513634E-3
7.540000E-3	3.118813E-3
7.545000E-3	2.808988E-3
7.550000E-3	2.663672E-3
7.555000E-3	2.680123E-3
7.560000E-3	2.652705E-3
7.565000E-3	2.119422E-3
7.570000E-3	1.937091E-3
7.575000E-3	1.211882E-3
7.580000E-3	1.672506E-4
7.585000E-3	-7.786751E-4
7.590000E-3	-1.509368E-3
7.595000E-3	-2.090633E-3
7.600000E-3	-2.168775E-3
7.605000E-3	-1.931608E-3
7.610000E-3	-1.161158E-3
7.615000E-3	-2.015233E-4
7.620000E-3	2.275705E-4
7.625000E-3	3.207922E-4
7.630000E-3	4.592538E-4
7.635000E-3	1.017213E-3
7.640000E-3	1.820564E-3
7.645000E-3	3.153086E-3
7.650000E-3	5.024374E-3
7.655000E-3	6.629705E-3
7.660000E-3	7.667482E-3
7.665000E-3	7.818282E-3
7.670000E-3	6.958723E-3
7.675000E-3	5.726278E-3
7.680000E-3	4.570603E-3
7.685000E-3	3.964663E-3
7.690000E-3	3.262758E-3
7.695000E-3	2.649963E-3
7.700000E-3	1.843870E-3
7.705000E-3	7.498860E-4
7.710000E-3	-3.934503E-4
7.715000E-3	-1.506627E-3
7.720000E-3	-2.475858E-3
7.725000E-3	-3.435493E-3
7.730000E-3	-3.868699E-3
7.735000E-3	-4.082561E-3
7.740000E-3	-4.014015E-3
7.745000E-3	-3.114700E-3
7.750000E-3	-2.133131E-3
7.755000E-3	-1.144707E-3
7.760000E-3	4.935265E-5
7.765000E-3	1.316071E-3
7.770000E-3	1.945317E-3
7.775000E-3	2.591014E-3
7.780000E-3	3.111959E-3
7.785000E-3	3.720641E-3
7.790000E-3	4.432142E-3
7.795000E-3	5.025744E-3
7.800000E-3	5.516529E-3
7.805000E-3	5.304039E-3
7.810000E-3	4.656971E-3
7.815000E-3	4.037321E-3
7.820000E-3	2.913177E-3
7.825000E-3	1.874030E-3
7.830000E-3	1.236558E-3
7.835000E-3	2.344251E-4
7.840000E-3	-3.194213E-4
7.845000E-3	-7.005334E-4
7.850000E-3	-6.785989E-4
7.855000E-3	-8.376241E-4
7.860000E-3	-1.155674E-3
7.865000E-3	-1.501143E-3
7.870000E-3	-1.875401E-3
7.875000E-3	-2.438843E-3
7.880000E-3	-2.564967E-3
7.885000E-3	-2.421021E-3
7.890000E-3	-1.997411E-3
7.895000E-3	-1.512110E-3
7.900000E-3	-2.728105E-4
7.905000E-3	1.030922E-3
7.910000E-3	2.351105E-3
7.915000E-3	3.354609E-3
7.920000E-3	4.046917E-3
7.925000E-3	4.233360E-3
7.930000E-3	4.163444E-3
7.935000E-3	4.020870E-3
7.940000E-3	3.787816E-3
7.945000E-3	3.524601E-3
7.950000E-3	2.973497E-3
7.955000E-3	2.326429E-3
7.960000E-3	1.562834E-3
7.965000E-3	7.622242E-4
7.970000E-3	1.041889E-4
7.975000E-3	-4.606247E-4
7.980000E-3	-1.107693E-3
7.985000E-3	-1.421630E-3
7.990000E-3	-1.375020E-3
7.995000E-3	-1.217365E-3
8.000000E-3	-9.815693E-4
8.005000E-3	-2.371669E-4
8.010000E-3	4.592538E-4
8.015000E-3	1.095355E-3
8.020000E-3	1.306474E-3
8.025000E-3	1.290023E-3
8.030000E-3	7.334352E-4
8.035000E-3	1.809597E-4
8.040000E-3	-2.618432E-4
8.045000E-3	-2.906322E-4
8.050000E-3	-1.041889E-4
8.055000E-3	2.604723E-4
8.060000E-3	4.825592E-4
8.065000E-3	4.866719E-4
8.070000E-3	4.811883E-4
8.075000E-3	-3.290176E-5
8.080000E-3	-6.210208E-4
8.085000E-3	-1.157045E-3
8.090000E-3	-1.358569E-3
8.095000E-3	-1.008987E-3
8.100000E-3	-2.837777E-4
8.105000E-3	2.988577E-4
8.110000E-3	1.022696E-3
8.115000E-3	1.682103E-3
8.120000E-3	2.139986E-3
8.125000E-3	2.344251E-3
8.130000E-3	2.508759E-3
8.135000E-3	2.670527E-3
8.140000E-3	2.349734E-3
8.145000E-3	2.139986E-3
8.150000E-3	1.894593E-3
8.155000E-3	1.418889E-3
8.160000E-3	1.028180E-3
8.165000E-3	6.498098E-4
8.170000E-3	3.386140E-4
8.175000E-3	2.344251E-4
8.180000E-3	2.371669E-4
8.185000E-3	3.920794E-4
8.190000E-3	6.594062E-4
8.195000E-3	5.346537E-4
8.200000E-3	1.412034E-4
8.205000E-3	-1.096725E-5
8.210000E-3	-7.814169E-5
8.215000E-3	-7.402897E-5
8.220000E-3	3.111959E-4
8.225000E-3	9.623766E-4
8.230000E-3	1.582026E-3
8.235000E-3	1.983702E-3
8.240000E-3	2.330542E-3
8.245000E-3	2.453923E-3
8.250000E-3	2.342880E-3
8.255000E-3	2.493680E-3
8.260000E-3	2.543032E-3
8.265000E-3	2.681494E-3
8.270000E-3	2.536178E-3
8.275000E-3	2.610207E-3
8.280000E-3	2.367556E-3
8.285000E-3	2.024829E-3
8.290000E-3	1.451790E-3
8.295000E-3	8.705258E-4
8.300000E-3	3.674030E-4
8.305000E-3	9.596348E-6
8.310000E-3	-4.386902E-4
8.315000E-3	-6.799698E-4
8.320000E-3	-9.747148E-4
8.325000E-3	-1.398325E-3
8.330000E-3	-1.915157E-3
8.335000E-3	-1.956284E-3
8.340000E-3	-1.631379E-3
8.345000E-3	-1.283169E-3
8.350000E-3	-5.373955E-4
8.355000E-3	-2.412796E-4
8.360000E-3	3.605485E-4
8.365000E-3	4.853010E-4
8.370000E-3	4.948974E-4
8.375000E-3	5.140901E-4
8.380000E-3	6.004572E-4
8.385000E-3	4.907846E-4
8.390000E-3	6.004572E-4
8.395000E-3	6.772280E-4
8.400000E-3	9.884238E-4
8.405000E-3	1.294136E-3
8.410000E-3	1.524448E-3
8.415000E-3	1.719117E-3
8.420000E-3	1.857579E-3
8.425000E-3	2.072811E-3
8.430000E-3	2.041280E-3
8.435000E-3	2.187967E-3
8.440000E-3	2.479970E-3
8.445000E-3	2.759635E-3
8.450000E-3	3.164053E-3
8.455000E-3	3.508151E-3
8.460000E-3	3.789186E-3
8.465000E-3	3.955066E-3
8.470000E-3	3.919423E-3
8.475000E-3	3.424525E-3
8.480000E-3	2.490938E-3
8.485000E-3	1.858950E-3
8.490000E-3	1.290023E-3
8.495000E-3	6.621480E-4
8.500000E-3	2.522469E-4
8.505000E-3	3.454685E-4
8.510000E-3	4.935265E-4
8.515000E-3	8.869767E-4
8.520000E-3	1.268089E-3
8.525000E-3	1.486063E-3
8.530000E-3	1.582026E-3
8.535000E-3	1.251638E-3
8.540000E-3	9.500384E-4
8.545000E-3	7.526278E-4
8.550000E-3	7.622242E-4
8.555000E-3	8.979440E-4
8.560000E-3	8.403659E-4
8.565000E-3	6.703734E-4
8.570000E-3	4.318357E-4
8.575000E-3	3.015995E-5
8.580000E-3	-3.235340E-4
8.585000E-3	-4.345775E-4
8.590000E-3	-6.402135E-4
8.595000E-3	-8.184314E-4
8.600000E-3	-9.788275E-4
8.605000E-3	-1.457274E-3
8.610000E-3	-1.572430E-3
8.615000E-3	-1.620412E-3
8.620000E-3	-1.753390E-3
8.625000E-3	-1.743793E-3
8.630000E-3	-1.442194E-3
8.635000E-3	-9.198785E-4
8.640000E-3	-1.713634E-4
8.645000E-3	4.537702E-4
8.650000E-3	1.266718E-3
8.655000E-3	1.778066E-3
8.660000E-3	2.433360E-3
8.665000E-3	2.713025E-3
8.670000E-3	2.924144E-3
8.675000E-3	2.503276E-3
8.680000E-3	1.908302E-3
8.685000E-3	1.487434E-3
8.690000E-3	9.089112E-4
8.695000E-3	5.840063E-4
8.700000E-3	3.468394E-4
8.705000E-3	4.016757E-4
8.710000E-3	4.208684E-4
8.715000E-3	3.619194E-4
8.720000E-3	-1.028180E-4
8.725000E-3	-3.769994E-4
8.730000E-3	-9.308457E-4
8.735000E-3	-1.292765E-3
8.740000E-3	-1.473725E-3
8.745000E-3	-1.520336E-3
8.750000E-3	-1.406550E-3
8.755000E-3	-9.418130E-4
8.760000E-3	-4.194975E-4
8.765000E-3	3.070831E-4
8.770000E-3	7.224679E-4
8.775000E-3	1.189947E-3
8.780000E-3	1.592994E-3
8.785000E-3	1.699924E-3
8.790000E-3	1.739681E-3
8.795000E-3	1.798630E-3
8.800000E-3	1.856208E-3
8.805000E-3	2.166033E-3
8.810000E-3	2.352476E-3
8.815000E-3	2.496421E-3
8.820000E-3	2.466261E-3
8.825000E-3	2.330542E-3
8.830000E-3	1.963139E-3
8.835000E-3	1.384616E-3
8.840000E-3	7.882714E-4
8.845000E-3	4.455447E-4
8.850000E-3	1.864433E-4
8.855000E-3	2.015233E-4
8.860000E-3	4.290938E-4
8.865000E-3	4.880428E-4
8.870000E-3	6.045699E-4
8.875000E-3	3.070831E-4
8.880000E-3	-6.854534E-6
8.885000E-3	-1.439452E-4
8.890000E-3	-2.001524E-4
8.895000E-3	2.371669E-4
8.900000E-3	7.814169E-4
8.905000E-3	1.178980E-3
8.910000E-3	1.486063E-3
8.915000E-3	1.635492E-3
8.920000E-3	1.891851E-3
8.925000E-3	1.778066E-3
8.930000E-3	1.816452E-3
8.935000E-3	1.679361E-3
8.940000E-3	1.773953E-3
8.945000E-3	1.923382E-3
8.950000E-3	2.150953E-3
8.955000E-3	2.167404E-3
8.960000E-3	1.798630E-3
8.965000E-3	1.207769E-3
8.970000E-3	5.552173E-4
8.975000E-3	9.596348E-6
8.980000E-3	-5.291700E-4
8.985000E-3	-6.251335E-4
8.990000E-3	-5.319118E-4
8.995000E-3	-1.946688E-4
9.000000E-3	1.370907E-4
9.005000E-3	5.963445E-4
9.010000E-3	9.925365E-4
9.015000E-3	1.575172E-3
9.020000E-3	1.787663E-3
9.025000E-3	1.686215E-3
9.030000E-3	1.580656E-3
9.035000E-3	1.350343E-3
9.040000E-3	1.257122E-3
9.045000E-3	1.665652E-3
9.050000E-3	1.756132E-3
9.055000E-3	2.085149E-3
9.060000E-3	2.261996E-3
9.065000E-3	2.257884E-3
9.070000E-3	2.160549E-3
9.075000E-3	2.045393E-3
9.080000E-3	2.242804E-3
9.085000E-3	2.089262E-3
9.090000E-3	2.108455E-3
9.095000E-3	2.139986E-3
9.100000E-3	2.061844E-3
9.105000E-3	2.053618E-3
9.110000E-3	2.301753E-3
9.115000E-3	2.141356E-3
9.120000E-3	2.056360E-3
9.125000E-3	1.961768E-3
9.130000E-3	1.804113E-3
9.135000E-3	1.520336E-3
9.140000E-3	1.268089E-3
9.145000E-3	9.760857E-4
9.150000E-3	5.867481E-4
9.155000E-3	4.811883E-4
9.160000E-3	5.785227E-4
9.165000E-3	3.440976E-4
9.170000E-3	1.727343E-4
9.175000E-3	-1.357198E-4
9.180000E-3	-7.128716E-4
9.185000E-3	-1.316071E-3
9.190000E-3	-2.033055E-3
9.195000E-3	-2.312720E-3
9.200000E-3	-2.300382E-3
9.205000E-3	-1.893222E-3
9.210000E-3	-1.251638E-3
9.215000E-3	-8.184314E-4
9.220000E-3	-2.453923E-4
9.225000E-3	-1.110435E-4
9.230000E-3	-3.290176E-5
9.235000E-3	1.083016E-4
9.240000E-3	8.910894E-5
9.245000E-3	4.428029E-4
9.250000E-3	8.650422E-4
9.255000E-3	1.490176E-3
9.260000E-3	2.071440E-3
9.265000E-3	2.275705E-3
9.270000E-3	2.307236E-3
9.275000E-3	2.153695E-3
9.280000E-3	1.783550E-3
9.285000E-3	1.307845E-3
9.290000E-3	8.348823E-4
9.295000E-3	2.892613E-4
9.300000E-3	-1.932979E-4
9.305000E-3	-4.003048E-4
9.310000E-3	-5.730391E-4
9.315000E-3	-8.211732E-4
9.320000E-3	-1.030922E-3
9.325000E-3	-1.209140E-3
9.330000E-3	-1.254380E-3
9.335000E-3	-1.270831E-3
9.340000E-3	-1.369536E-3
9.345000E-3	-1.192689E-3
9.350000E-3	-9.308457E-4
9.355000E-3	-4.112720E-4
9.360000E-3	4.318357E-4
9.365000E-3	1.279056E-3
9.370000E-3	2.138615E-3
9.375000E-3	2.891243E-3
9.380000E-3	3.486216E-3
9.385000E-3	3.892004E-3
9.390000E-3	4.155219E-3
9.395000E-3	4.334807E-3
9.400000E-3	4.366338E-3
9.405000E-3	4.044175E-3
9.410000E-3	3.852248E-3
9.415000E-3	3.738463E-3
9.420000E-3	3.495812E-3
9.425000E-3	3.143489E-3
9.430000E-3	2.667785E-3
9.435000E-3	2.138615E-3
9.440000E-3	1.399696E-3
9.445000E-3	8.211732E-4
9.450000E-3	1.507998E-5
9.455000E-3	-5.113482E-4
9.460000E-3	-8.266568E-4
9.465000E-3	-8.321404E-4
9.470000E-3	-5.757809E-4
9.475000E-3	-4.057884E-4
9.480000E-3	-3.043413E-4
9.485000E-3	-1.439452E-4
9.490000E-3	-9.047985E-5
9.495000E-3	-4.112720E-5
9.500000E-3	-8.362532E-5
9.505000E-3	-2.947450E-4
9.510000E-3	-1.713634E-4
9.515000E-3	-3.153086E-5
9.520000E-3	-1.987815E-4
9.525000E-3	-7.951260E-5
9.530000E-3	-1.041889E-4
9.535000E-3	2.056360E-5
9.540000E-3	2.248287E-4
9.545000E-3	7.635951E-4
9.550000E-3	1.106322E-3
9.555000E-3	1.377761E-3
9.560000E-3	1.732826E-3
9.565000E-3	2.226353E-3
9.570000E-3	2.508759E-3
9.575000E-3	2.733588E-3
9.580000E-3	2.902210E-3
9.585000E-3	3.011882E-3
9.590000E-3	3.187358E-3
9.595000E-3	3.255904E-3
9.600000E-3	3.132522E-3
9.605000E-3	3.036559E-3
9.610000E-3	3.026962E-3
9.615000E-3	2.485454E-3
9.620000E-3	1.842499E-3
9.625000E-3	1.510739E-3
9.630000E-3	9.555221E-4
9.635000E-3	5.017519E-4
9.640000E-3	1.384616E-4
9.645000E-3	-2.426505E-4
9.650000E-3	-7.361770E-4
9.655000E-3	-8.650422E-4
9.660000E-3	-6.511807E-4
9.665000E-3	-5.250573E-4
9.670000E-3	-4.332066E-4
9.675000E-3	-5.072355E-4
9.680000E-3	-4.935265E-5
9.685000E-3	4.482865E-4
9.690000E-3	1.054227E-3
9.695000E-3	1.461387E-3
9.700000E-3	2.178371E-3
9.705000E-3	2.837777E-3
9.710000E-3	3.205180E-3
9.715000E-3	3.613710E-3
9.720000E-3	3.621936E-3
9.725000E-3	3.523231E-3
9.730000E-3	3.280580E-3
9.735000E-3	2.784312E-3
9.740000E-3	2.288043E-3
9.745000E-3	1.764357E-3
9.750000E-3	1.303732E-3
9.755000E-3	1.043260E-3
9.760000E-3	3.920794E-4
9.765000E-3	-5.894899E-5
9.770000E-3	-3.989339E-4
9.775000E-3	-9.829402E-4
9.780000E-3	-1.302361E-3
9.785000E-3	-1.377761E-3
9.790000E-3	-1.587510E-3
9.795000E-3	-1.586139E-3
9.800000E-3	-1.351714E-3
9.805000E-3	-9.719729E-4
9.810000E-3	-5.154610E-4
9.815000E-3	2.549887E-4
9.820000E-3	9.870529E-4
9.825000E-3	1.380503E-3
9.830000E-3	1.614928E-3
9.835000E-3	2.017975E-3
9.840000E-3	2.493680E-3
9.845000E-3	2.839148E-3
9.850000E-3	3.081799E-3
9.855000E-3	3.165424E-3
9.860000E-3	3.170907E-3
9.865000E-3	3.218889E-3
9.870000E-3	2.911806E-3
9.875000E-3	2.574563E-3
9.880000E-3	2.004266E-3
9.885000E-3	1.571059E-3
9.890000E-3	1.181722E-3
9.895000E-3	6.525517E-4
9.900000E-3	1.741052E-4
9.905000E-3	-4.304647E-4
9.910000E-3	-9.952784E-4
9.915000E-3	-1.168013E-3
9.920000E-3	-1.307845E-3
9.925000E-3	-1.328409E-3
9.930000E-3	-1.420259E-3
9.935000E-3	-1.248896E-3
9.940000E-3	-1.126885E-3
9.945000E-3	-1.052856E-3
9.950000E-3	-9.061694E-4
9.955000E-3	-7.581115E-4
9.960000E-3	-1.905560E-4
9.965000E-3	3.509521E-4
9.970000E-3	7.786751E-4
9.975000E-3	8.705258E-4
9.980000E-3	1.263976E-3
9.985000E-3	1.438081E-3
9.990000E-3	1.490176E-3
9.995000E-3	1.529932E-3
