0.000000E+0	-5.667329E-3
5.000000E-6	-5.738616E-3
1.000000E-5	-5.863369E-3
1.500000E-5	-5.738616E-3
2.000000E-5	-5.750954E-3
2.500000E-5	-5.675554E-3
3.000000E-5	-5.777001E-3
3.500000E-5	-5.696118E-3
4.000000E-5	-5.609751E-3
4.500000E-5	-5.394518E-3
5.000000E-5	-5.653620E-3
5.500000E-5	-5.543947E-3
6.000000E-5	-5.613863E-3
6.500000E-5	-5.489111E-3
7.000000E-5	-5.474031E-3
7.500000E-5	-5.678296E-3
8.000000E-5	-5.487740E-3
8.500000E-5	-5.494595E-3
9.000000E-5	-5.648136E-3
9.500000E-5	-5.734503E-3
1.000000E-4	-5.682409E-3
1.050000E-4	-5.530238E-3
1.100000E-4	-5.419195E-3
1.150000E-4	-5.539834E-3
1.200000E-4	-5.427420E-3
1.250000E-4	-5.453467E-3
1.300000E-4	-5.483627E-3
1.350000E-4	-5.483627E-3
1.400000E-4	-5.509675E-3
1.450000E-4	-5.512416E-3
1.500000E-4	-5.464435E-3
1.550000E-4	-5.665958E-3
1.600000E-4	-5.582333E-3
1.650000E-4	-5.516529E-3
1.700000E-4	-5.552173E-3
1.750000E-4	-5.617976E-3
1.800000E-4	-5.500078E-3
1.850000E-4	-5.472660E-3
1.900000E-4	-5.468547E-3
1.950000E-4	-5.498707E-3
2.000000E-4	-5.508304E-3
2.050000E-4	-5.770147E-3
2.100000E-4	-5.853772E-3
2.150000E-4	-5.805790E-3
2.200000E-4	-5.615234E-3
2.250000E-4	-5.471289E-3
2.300000E-4	-5.463064E-3
2.350000E-4	-5.563140E-3
2.400000E-4	-5.506933E-3
2.450000E-4	-5.541205E-3
2.500000E-4	-5.487740E-3
2.550000E-4	-5.371213E-3
2.600000E-4	-5.400002E-3
2.650000E-4	-5.294442E-3
2.700000E-4	-5.430162E-3
2.750000E-4	-5.534351E-3
2.800000E-4	-5.594671E-3
2.850000E-4	-5.457580E-3
2.900000E-4	-5.512416E-3
2.950000E-4	-5.578220E-3
3.000000E-4	-5.500078E-3
3.050000E-4	-5.452096E-3
3.100000E-4	-5.480886E-3
3.150000E-4	-5.650878E-3
3.200000E-4	-5.745471E-3
3.250000E-4	-5.568624E-3
3.300000E-4	-5.631685E-3
3.350000E-4	-5.637169E-3
3.400000E-4	-5.607009E-3
3.450000E-4	-5.408227E-3
3.500000E-4	-5.508304E-3
3.550000E-4	-5.538464E-3
3.600000E-4	-5.642653E-3
3.650000E-4	-5.582333E-3
3.700000E-4	-5.483627E-3
3.750000E-4	-5.667329E-3
3.800000E-4	-5.607009E-3
3.850000E-4	-5.564511E-3
3.900000E-4	-5.516529E-3
3.950000E-4	-5.609751E-3
4.000000E-4	-5.560398E-3
4.050000E-4	-5.586445E-3
4.100000E-4	-5.468547E-3
4.150000E-4	-5.362988E-3
4.200000E-4	-5.417824E-3
4.250000E-4	-5.511045E-3
4.300000E-4	-5.668700E-3
4.350000E-4	-5.654991E-3
4.400000E-4	-5.681038E-3
4.450000E-4	-5.661845E-3
4.500000E-4	-5.552173E-3
4.550000E-4	-5.517900E-3
4.600000E-4	-5.602896E-3
4.650000E-4	-5.694747E-3
4.700000E-4	-5.483627E-3
4.750000E-4	-5.472660E-3
4.800000E-4	-5.716681E-3
4.850000E-4	-5.753696E-3
4.900000E-4	-5.519271E-3
4.950000E-4	-5.406857E-3
5.000000E-4	-5.458951E-3
5.050000E-4	-5.413711E-3
5.100000E-4	-5.633056E-3
5.150000E-4	-5.668700E-3
5.200000E-4	-5.550802E-3
5.250000E-4	-5.513787E-3
5.300000E-4	-5.559027E-3
5.350000E-4	-5.408227E-3
5.400000E-4	-5.637169E-3
5.450000E-4	-5.453467E-3
5.500000E-4	-5.367100E-3
5.550000E-4	-5.368471E-3
5.600000E-4	-5.472660E-3
5.650000E-4	-5.504191E-3
5.700000E-4	-5.579591E-3
5.750000E-4	-5.654991E-3
5.800000E-4	-5.612493E-3
5.850000E-4	-5.605638E-3
5.900000E-4	-5.622089E-3
5.950000E-4	-5.637169E-3
6.000000E-4	-5.692005E-3
6.050000E-4	-5.708456E-3
6.100000E-4	-5.694747E-3
6.150000E-4	-5.612493E-3
6.200000E-4	-5.633056E-3
6.250000E-4	-5.475402E-3
6.300000E-4	-5.645394E-3
6.350000E-4	-5.675554E-3
6.400000E-4	-5.712569E-3
6.450000E-4	-5.654991E-3
6.500000E-4	-5.572736E-3
6.550000E-4	-5.534351E-3
6.600000E-4	-5.528867E-3
6.650000E-4	-5.801678E-3
6.700000E-4	-5.734503E-3
6.750000E-4	-5.661845E-3
6.800000E-4	-5.848289E-3
6.850000E-4	-5.789340E-3
6.900000E-4	-5.513787E-3
6.950000E-4	-5.589187E-3
7.000000E-4	-5.467176E-3
7.050000E-4	-5.711198E-3
7.100000E-4	-5.522013E-3
7.150000E-4	-5.539834E-3
7.200000E-4	-5.538464E-3
7.250000E-4	-5.484998E-3
7.300000E-4	-5.586445E-3
7.350000E-4	-5.678296E-3
7.400000E-4	-5.646765E-3
7.450000E-4	-5.620718E-3
7.500000E-4	-5.528867E-3
7.550000E-4	-5.447984E-3
7.600000E-4	-5.583704E-3
7.650000E-4	-5.582333E-3
7.700000E-4	-5.569994E-3
7.750000E-4	-5.604267E-3
7.800000E-4	-5.649507E-3
7.850000E-4	-5.628943E-3
7.900000E-4	-5.478144E-3
7.950000E-4	-5.575478E-3
8.000000E-4	-5.431533E-3
8.050000E-4	-5.454838E-3
8.100000E-4	-5.494595E-3
8.150000E-4	-5.582333E-3
8.200000E-4	-5.637169E-3
8.250000E-4	-5.504191E-3
8.300000E-4	-5.624831E-3
8.350000E-4	-5.648136E-3
8.400000E-4	-5.506933E-3
8.450000E-4	-5.264282E-3
8.500000E-4	-5.387664E-3
8.550000E-4	-5.368471E-3
8.600000E-4	-5.478144E-3
8.650000E-4	-5.427420E-3
8.700000E-4	-5.497336E-3
8.750000E-4	-5.375326E-3
8.800000E-4	-5.362988E-3
8.850000E-4	-5.645394E-3
8.900000E-4	-5.574107E-3
8.950000E-4	-5.550802E-3
9.000000E-4	-5.596042E-3
9.050000E-4	-5.741358E-3
9.100000E-4	-5.616605E-3
9.150000E-4	-5.628943E-3
9.200000E-4	-5.604267E-3
9.250000E-4	-5.615234E-3
9.300000E-4	-5.605638E-3
9.350000E-4	-5.532980E-3
9.400000E-4	-5.568624E-3
9.450000E-4	-5.465806E-3
9.500000E-4	-5.527496E-3
9.550000E-4	-5.564511E-3
9.600000E-4	-5.393147E-3
9.650000E-4	-5.487740E-3
9.700000E-4	-5.353391E-3
9.750000E-4	-5.644023E-3
9.800000E-4	-5.635798E-3
9.850000E-4	-5.572736E-3
9.900000E-4	-5.478144E-3
9.950000E-4	-5.456209E-3
1.000000E-3	-5.423307E-3
1.005000E-3	-5.505562E-3
1.010000E-3	-5.512416E-3
1.015000E-3	-5.456209E-3
1.020000E-3	-5.605638E-3
1.025000E-3	-5.712569E-3
1.030000E-3	-5.686522E-3
1.035000E-3	-5.617976E-3
1.040000E-3	-5.509675E-3
1.045000E-3	-5.571365E-3
1.050000E-3	-5.585074E-3
1.055000E-3	-5.619347E-3
1.060000E-3	-5.538464E-3
1.065000E-3	-5.395889E-3
1.070000E-3	-5.537093E-3
1.075000E-3	-5.587816E-3
1.080000E-3	-5.620718E-3
1.085000E-3	-5.553544E-3
1.090000E-3	-5.867481E-3
1.095000E-3	-5.711198E-3
1.100000E-3	-5.682409E-3
1.105000E-3	-5.742729E-3
1.110000E-3	-5.596042E-3
1.115000E-3	-5.360246E-3
1.120000E-3	-5.467176E-3
1.125000E-3	-5.464435E-3
1.130000E-3	-5.512416E-3
1.135000E-3	-5.480886E-3
1.140000E-3	-5.456209E-3
1.145000E-3	-5.483627E-3
1.150000E-3	-5.528867E-3
1.155000E-3	-5.755067E-3
1.160000E-3	-5.708456E-3
1.165000E-3	-5.696118E-3
1.170000E-3	-5.626202E-3
1.175000E-3	-5.513787E-3
1.180000E-3	-5.541205E-3
1.185000E-3	-5.631685E-3
1.190000E-3	-5.635798E-3
1.195000E-3	-5.690634E-3
1.200000E-3	-5.597413E-3
1.205000E-3	-5.512416E-3
1.210000E-3	-5.580962E-3
1.215000E-3	-5.767405E-3
1.220000E-3	-5.665958E-3
1.225000E-3	-5.704343E-3
1.230000E-3	-5.616605E-3
1.235000E-3	-5.587816E-3
1.240000E-3	-5.620718E-3
1.245000E-3	-5.600154E-3
1.250000E-3	-5.578220E-3
1.255000E-3	-5.350649E-3
1.260000E-3	-5.471289E-3
1.265000E-3	-5.468547E-3
1.270000E-3	-5.513787E-3
1.275000E-3	-5.605638E-3
1.280000E-3	-5.681038E-3
1.285000E-3	-5.716681E-3
1.290000E-3	-5.648136E-3
1.295000E-3	-5.616605E-3
1.300000E-3	-5.708456E-3
1.305000E-3	-5.502820E-3
1.310000E-3	-5.480886E-3
1.315000E-3	-5.467176E-3
1.320000E-3	-5.447984E-3
1.325000E-3	-5.512416E-3
1.330000E-3	-5.590558E-3
1.335000E-3	-5.582333E-3
1.340000E-3	-5.624831E-3
1.345000E-3	-5.574107E-3
1.350000E-3	-5.601525E-3
1.355000E-3	-5.528867E-3
1.360000E-3	-5.524755E-3
1.365000E-3	-5.483627E-3
1.370000E-3	-5.600154E-3
1.375000E-3	-5.579591E-3
1.380000E-3	-5.546689E-3
1.385000E-3	-5.559027E-3
1.390000E-3	-5.376697E-3
1.395000E-3	-5.497336E-3
1.400000E-3	-5.622089E-3
1.405000E-3	-5.670071E-3
1.410000E-3	-5.471289E-3
1.415000E-3	-5.508304E-3
1.420000E-3	-5.543947E-3
1.425000E-3	-5.624831E-3
1.430000E-3	-5.583704E-3
1.435000E-3	-5.622089E-3
1.440000E-3	-5.427420E-3
1.445000E-3	-5.517900E-3
1.450000E-3	-5.482256E-3
1.455000E-3	-5.469918E-3
1.460000E-3	-5.461693E-3
1.465000E-3	-5.631685E-3
1.470000E-3	-5.607009E-3
1.475000E-3	-5.748212E-3
1.480000E-3	-5.585074E-3
1.485000E-3	-5.777001E-3
1.490000E-3	-5.778372E-3
1.495000E-3	-5.660474E-3
1.500000E-3	-5.607009E-3
1.505000E-3	-5.619347E-3
1.510000E-3	-5.672812E-3
1.515000E-3	-5.493224E-3
1.520000E-3	-5.571365E-3
1.525000E-3	-5.601525E-3
1.530000E-3	-5.465806E-3
1.535000E-3	-5.575478E-3
1.540000E-3	-5.520642E-3
1.545000E-3	-5.401373E-3
1.550000E-3	-5.400002E-3
1.555000E-3	-5.484998E-3
1.560000E-3	-5.642653E-3
1.565000E-3	-5.608380E-3
1.570000E-3	-5.401373E-3
1.575000E-3	-5.434275E-3
1.580000E-3	-5.638540E-3
1.585000E-3	-5.731761E-3
1.590000E-3	-5.627573E-3
1.595000E-3	-5.489111E-3
1.600000E-3	-5.522013E-3
1.605000E-3	-5.375326E-3
1.610000E-3	-5.580962E-3
1.615000E-3	-5.571365E-3
1.620000E-3	-5.531609E-3
1.625000E-3	-5.619347E-3
1.630000E-3	-5.800307E-3
1.635000E-3	-5.650878E-3
1.640000E-3	-5.582333E-3
1.645000E-3	-5.682409E-3
1.650000E-3	-5.652249E-3
1.655000E-3	-5.642653E-3
1.660000E-3	-5.661845E-3
1.665000E-3	-5.583704E-3
1.670000E-3	-5.498707E-3
1.675000E-3	-5.686522E-3
1.680000E-3	-5.727649E-3
1.685000E-3	-5.627573E-3
1.690000E-3	-5.571365E-3
1.695000E-3	-5.508304E-3
1.700000E-3	-5.604267E-3
1.705000E-3	-5.642653E-3
1.710000E-3	-5.528867E-3
1.715000E-3	-5.539834E-3
1.720000E-3	-5.393147E-3
1.725000E-3	-5.513787E-3
1.730000E-3	-5.500078E-3
1.735000E-3	-5.543947E-3
1.740000E-3	-5.617976E-3
1.745000E-3	-5.670071E-3
1.750000E-3	-5.627573E-3
1.755000E-3	-5.609751E-3
1.760000E-3	-5.578220E-3
1.765000E-3	-5.659103E-3
1.770000E-3	-5.526125E-3
1.775000E-3	-5.590558E-3
1.780000E-3	-5.752325E-3
1.785000E-3	-5.853772E-3
1.790000E-3	-5.727649E-3
1.795000E-3	-5.724907E-3
1.800000E-3	-5.644023E-3
1.805000E-3	-5.675554E-3
1.810000E-3	-5.704343E-3
1.815000E-3	-5.737245E-3
1.820000E-3	-5.664587E-3
1.825000E-3	-5.702972E-3
1.830000E-3	-5.630314E-3
1.835000E-3	-5.572736E-3
1.840000E-3	-5.708456E-3
1.845000E-3	-5.659103E-3
1.850000E-3	-5.626202E-3
1.855000E-3	-5.482256E-3
1.860000E-3	-5.589187E-3
1.865000E-3	-5.585074E-3
1.870000E-3	-5.676925E-3
1.875000E-3	-5.430162E-3
1.880000E-3	-5.432904E-3
1.885000E-3	-5.294442E-3
1.890000E-3	-5.423307E-3
1.895000E-3	-5.539834E-3
1.900000E-3	-5.649507E-3
1.905000E-3	-5.472660E-3
1.910000E-3	-5.456209E-3
1.915000E-3	-5.504191E-3
1.920000E-3	-5.580962E-3
1.925000E-3	-5.645394E-3
1.930000E-3	-5.624831E-3
1.935000E-3	-5.831838E-3
1.940000E-3	-5.681038E-3
1.945000E-3	-5.585074E-3
1.950000E-3	-5.500078E-3
1.955000E-3	-5.575478E-3
1.960000E-3	-5.612493E-3
1.965000E-3	-5.763292E-3
1.970000E-3	-5.601525E-3
1.975000E-3	-5.542576E-3
1.980000E-3	-5.431533E-3
1.985000E-3	-5.505562E-3
1.990000E-3	-5.563140E-3
1.995000E-3	-5.578220E-3
2.000000E-3	-5.549431E-3
2.005000E-3	-5.585074E-3
2.010000E-3	-5.548060E-3
2.015000E-3	-5.594671E-3
2.020000E-3	-5.506933E-3
2.025000E-3	-5.593300E-3
2.030000E-3	-5.722165E-3
2.035000E-3	-5.809903E-3
2.040000E-3	-5.644023E-3
2.045000E-3	-5.649507E-3
2.050000E-3	-5.582333E-3
2.055000E-3	-5.631685E-3
2.060000E-3	-5.639911E-3
2.065000E-3	-5.657732E-3
2.070000E-3	-5.794823E-3
2.075000E-3	-5.716681E-3
2.080000E-3	-5.469918E-3
2.085000E-3	-5.502820E-3
2.090000E-3	-5.513787E-3
2.095000E-3	-5.534351E-3
2.100000E-3	-5.624831E-3
2.105000E-3	-5.486369E-3
2.110000E-3	-5.441129E-3
2.115000E-3	-5.502820E-3
2.120000E-3	-5.434275E-3
2.125000E-3	-5.478144E-3
2.130000E-3	-5.600154E-3
2.135000E-3	-5.689263E-3
2.140000E-3	-5.775630E-3
2.145000E-3	-5.567253E-3
2.150000E-3	-5.609751E-3
2.155000E-3	-5.648136E-3
2.160000E-3	-5.590558E-3
2.165000E-3	-5.537093E-3
2.170000E-3	-5.487740E-3
2.175000E-3	-5.519271E-3
2.180000E-3	-5.416453E-3
2.185000E-3	-5.493224E-3
2.190000E-3	-5.526125E-3
2.195000E-3	-5.620718E-3
2.200000E-3	-5.571365E-3
2.205000E-3	-5.729020E-3
2.210000E-3	-5.513787E-3
2.215000E-3	-5.379438E-3
2.220000E-3	-5.390406E-3
2.225000E-3	-5.393147E-3
2.230000E-3	-5.553544E-3
2.235000E-3	-5.613863E-3
2.240000E-3	-5.696118E-3
2.245000E-3	-5.615234E-3
2.250000E-3	-5.659103E-3
2.255000E-3	-5.790710E-3
2.260000E-3	-5.585074E-3
2.265000E-3	-5.490482E-3
2.270000E-3	-5.542576E-3
2.275000E-3	-5.467176E-3
2.280000E-3	-5.509675E-3
2.285000E-3	-5.539834E-3
2.290000E-3	-5.457580E-3
2.295000E-3	-5.596042E-3
2.300000E-3	-5.321860E-3
2.305000E-3	-5.412340E-3
2.310000E-3	-5.539834E-3
2.315000E-3	-5.726278E-3
2.320000E-3	-5.661845E-3
2.325000E-3	-5.683780E-3
2.330000E-3	-5.458951E-3
2.335000E-3	-5.413711E-3
2.340000E-3	-5.458951E-3
2.345000E-3	-5.520642E-3
2.350000E-3	-5.354762E-3
2.355000E-3	-5.393147E-3
2.360000E-3	-5.490482E-3
2.365000E-3	-5.446613E-3
2.370000E-3	-5.511045E-3
2.375000E-3	-5.534351E-3
2.380000E-3	-5.660474E-3
2.385000E-3	-5.538464E-3
2.390000E-3	-5.686522E-3
2.395000E-3	-5.741358E-3
2.400000E-3	-5.602896E-3
2.405000E-3	-5.453467E-3
2.410000E-3	-5.926430E-3
2.415000E-3	-5.509675E-3
2.420000E-3	-5.690634E-3
2.425000E-3	-5.240977E-3
2.430000E-3	-5.757809E-3
2.435000E-3	-5.182028E-3
2.440000E-3	-5.981266E-3
2.445000E-3	-5.110741E-3
2.450000E-3	-6.114244E-3
2.455000E-3	-4.325211E-3
2.460000E-3	1.023245E-2
2.465000E-3	1.807541E-2
2.470000E-3	-3.960413E-2
2.475000E-3	-1.447911E-1
2.480000E-3	-3.880365E-1
2.485000E-3	-4.454350E-1
2.490000E-3	-3.185069E-1
2.495000E-3	-9.419912E-2
2.500000E-3	6.983331E-1
2.505000E-3	9.127525E-1
2.510000E-3	1.644951E-2
2.515000E-3	1.915431E-2
2.520000E-3	2.166595E-1
2.525000E-3	-3.664749E-1
2.530000E-3	-1.626663E-1
2.535000E-3	4.509557E-1
2.540000E-3	1.393924E-1
2.545000E-3	-1.109050E-1
2.550000E-3	-6.130832E-2
2.555000E-3	-2.323619E-1
2.560000E-3	-3.709948E-1
2.565000E-3	-2.026063E-1
2.570000E-3	1.445128E-1
2.575000E-3	8.580780E-2
2.580000E-3	-3.098387E-2
2.585000E-3	9.438008E-2
2.590000E-3	-1.215405E-1
2.595000E-3	-2.138299E-1
2.600000E-3	1.198392E-1
2.605000E-3	5.901891E-2
2.610000E-3	3.369963E-2
2.615000E-3	2.421419E-1
2.620000E-3	-4.405409E-2
2.625000E-3	-1.436724E-1
2.630000E-3	2.086781E-1
2.635000E-3	-9.105015E-2
2.640000E-3	-2.196755E-1
2.645000E-3	2.096637E-1
2.650000E-3	-4.539210E-2
2.655000E-3	-1.347464E-1
2.660000E-3	2.505579E-1
2.665000E-3	-2.443641E-2
2.670000E-3	-2.945119E-1
2.675000E-3	6.023902E-2
2.680000E-3	3.398615E-2
2.685000E-3	-1.747988E-1
2.690000E-3	1.373306E-1
2.695000E-3	1.990570E-1
2.700000E-3	-1.070130E-1
2.705000E-3	3.455371E-2
2.710000E-3	5.514610E-2
2.715000E-3	-1.670450E-1
2.720000E-3	4.891533E-2
2.725000E-3	8.048320E-2
2.730000E-3	-1.895512E-1
2.735000E-3	-4.538387E-2
2.740000E-3	1.330163E-1
2.745000E-3	-1.126529E-1
2.750000E-3	-1.276095E-1
2.755000E-3	3.462362E-2
2.760000E-3	-8.544314E-2
2.765000E-3	6.028837E-2
2.770000E-3	1.793886E-1
2.775000E-3	-4.282576E-2
2.780000E-3	-6.339896E-2
2.785000E-3	6.258053E-2
2.790000E-3	-2.311349E-3
2.795000E-3	-4.070222E-3
2.800000E-3	8.754200E-2
2.805000E-3	-6.046247E-2
2.810000E-3	-9.161222E-2
2.815000E-3	1.083387E-1
2.820000E-3	1.960534E-2
2.825000E-3	-9.308320E-2
2.830000E-3	2.101737E-2
2.835000E-3	-4.627633E-2
2.840000E-3	-1.430665E-1
2.845000E-3	1.574349E-2
2.850000E-3	4.636270E-2
2.855000E-3	-5.147207E-2
2.860000E-3	5.383003E-2
2.865000E-3	2.975005E-2
2.870000E-3	-1.486694E-1
2.875000E-3	-2.002484E-2
2.880000E-3	9.270209E-2
2.885000E-3	-5.402744E-2
2.890000E-3	-3.321159E-2
2.895000E-3	9.882045E-2
2.900000E-3	1.896650E-2
2.905000E-3	-4.594183E-2
2.910000E-3	6.574047E-2
2.915000E-3	5.437565E-2
2.920000E-3	-1.204342E-2
2.925000E-3	9.691489E-2
2.930000E-3	9.047437E-2
2.935000E-3	-1.096931E-1
2.940000E-3	-1.809268E-1
2.945000E-3	-9.760445E-2
2.950000E-3	-8.266020E-2
2.955000E-3	-5.647588E-2
2.960000E-3	5.917794E-2
2.965000E-3	2.701098E-2
2.970000E-3	-5.274427E-2
2.975000E-3	-1.250267E-3
2.980000E-3	7.011229E-2
2.985000E-3	4.657656E-2
2.990000E-3	-5.686522E-2
2.995000E-3	-2.265561E-2
3.000000E-3	1.762301E-2
3.005000E-3	-5.950832E-2
3.010000E-3	-2.201676E-3
3.015000E-3	4.386491E-2
3.020000E-3	2.914137E-2
3.025000E-3	5.301023E-2
3.030000E-3	2.218401E-2
3.035000E-3	-3.853071E-2
3.040000E-3	-6.723338E-2
3.045000E-3	-2.939636E-2
3.050000E-3	-1.580381E-2
3.055000E-3	3.395736E-3
3.060000E-3	4.406369E-2
3.065000E-3	2.956772E-2
3.070000E-3	1.738173E-2
3.075000E-3	-2.486277E-2
3.080000E-3	-2.485317E-2
3.085000E-3	4.661083E-4
3.090000E-3	-1.671821E-2
3.095000E-3	1.741326E-2
3.100000E-3	2.630222E-2
3.105000E-3	-6.206095E-3
3.110000E-3	-1.892126E-2
3.115000E-3	-3.162134E-2
3.120000E-3	-2.686292E-2
3.125000E-3	-2.949917E-2
3.130000E-3	2.360702E-3
3.135000E-3	8.240521E-3
3.140000E-3	-2.300107E-2
3.145000E-3	1.555157E-2
3.150000E-3	4.636407E-3
3.155000E-3	-1.455492E-2
3.160000E-3	-6.897032E-3
3.165000E-3	-3.699392E-2
3.170000E-3	-3.275919E-2
3.175000E-3	-7.553697E-4
3.180000E-3	1.135933E-2
3.185000E-3	-2.054304E-2
3.190000E-3	-7.087588E-4
3.195000E-3	4.868501E-2
3.200000E-3	-1.809597E-4
3.205000E-3	-3.522271E-2
3.210000E-3	-9.254992E-3
3.215000E-3	3.780961E-3
3.220000E-3	-5.288959E-3
3.225000E-3	1.652902E-2
3.230000E-3	3.173923E-2
3.235000E-3	-1.483184E-2
3.240000E-3	3.879666E-3
3.245000E-3	7.991016E-3
3.250000E-3	-4.154122E-2
3.255000E-3	-9.744406E-3
3.260000E-3	2.086109E-2
3.265000E-3	-2.574289E-2
3.270000E-3	-6.742805E-2
3.275000E-3	-3.660184E-2
3.280000E-3	-7.171214E-3
3.285000E-3	-1.590252E-3
3.290000E-3	3.613162E-2
3.295000E-3	3.521037E-2
3.300000E-3	2.970618E-2
3.305000E-3	6.768852E-2
3.310000E-3	3.868562E-2
3.315000E-3	-2.531791E-2
3.320000E-3	-2.041829E-2
3.325000E-3	-1.773679E-2
3.330000E-3	-3.638661E-2
3.335000E-3	-2.294761E-2
3.340000E-3	-2.275980E-2
3.345000E-3	-4.992706E-2
3.350000E-3	-6.838083E-3
3.355000E-3	2.773756E-2
3.360000E-3	-1.950938E-2
3.365000E-3	-2.048135E-2
3.370000E-3	-3.591776E-3
3.375000E-3	-7.150650E-3
3.380000E-3	1.093435E-2
3.385000E-3	1.242042E-2
3.390000E-3	-2.796650E-2
3.395000E-3	-6.925136E-2
3.400000E-3	-4.830939E-2
3.405000E-3	-3.223550E-2
3.410000E-3	-2.073634E-2
3.415000E-3	5.356818E-2
3.420000E-3	6.783110E-2
3.425000E-3	1.039833E-2
3.430000E-3	1.300991E-3
3.435000E-3	-2.141768E-2
3.440000E-3	-5.304861E-2
3.445000E-3	-1.113588E-2
3.450000E-3	8.273423E-3
3.455000E-3	-1.984799E-2
3.460000E-3	2.555370E-3
3.465000E-3	1.159376E-2
3.470000E-3	-1.501554E-2
3.475000E-3	9.541512E-3
3.480000E-3	1.844692E-2
3.485000E-3	-1.565576E-3
3.490000E-3	2.286810E-2
3.495000E-3	1.489216E-2
3.500000E-3	-3.244936E-2
3.505000E-3	-2.285576E-2
3.510000E-3	-1.871836E-2
3.515000E-3	-5.036575E-2
3.520000E-3	-2.570450E-2
3.525000E-3	1.146901E-2
3.530000E-3	1.322925E-3
3.535000E-3	6.565273E-3
3.540000E-3	7.210970E-3
3.545000E-3	-1.930374E-2
3.550000E-3	3.081799E-3
3.555000E-3	2.833527E-2
3.560000E-3	-1.917899E-3
3.565000E-3	-2.038676E-2
3.570000E-3	-1.416010E-2
3.575000E-3	-2.210176E-2
3.580000E-3	-3.721464E-2
3.585000E-3	-2.464479E-2
3.590000E-3	-1.465774E-2
3.595000E-3	-1.648104E-2
3.600000E-3	-7.869005E-4
3.605000E-3	-1.333618E-2
3.610000E-3	-3.000093E-2
3.615000E-3	-1.265621E-2
3.620000E-3	6.950498E-4
3.625000E-3	1.936680E-2
3.630000E-3	3.392446E-2
3.635000E-3	1.141554E-2
3.640000E-3	-7.146537E-3
3.645000E-3	7.115006E-3
3.650000E-3	2.289414E-3
3.655000E-3	-3.471136E-3
3.660000E-3	3.649765E-2
3.665000E-3	3.574914E-2
3.670000E-3	-2.371669E-4
3.675000E-3	-1.239026E-2
3.680000E-3	-4.458463E-2
3.685000E-3	-5.988532E-2
3.690000E-3	-2.237457E-2
3.695000E-3	-5.095661E-3
3.700000E-3	-2.159178E-3
3.705000E-3	1.969719E-2
3.710000E-3	1.862925E-2
3.715000E-3	-1.568729E-2
3.720000E-3	-1.656330E-2
3.725000E-3	-1.262057E-2
3.730000E-3	-2.899605E-2
3.735000E-3	2.933741E-3
3.740000E-3	4.606932E-2
3.745000E-3	2.530420E-2
3.750000E-3	-1.425058E-2
3.755000E-3	-1.306200E-2
3.760000E-3	-2.582103E-2
3.765000E-3	-1.624388E-2
3.770000E-3	1.718569E-2
3.775000E-3	2.065271E-2
3.780000E-3	-1.922011E-3
3.785000E-3	-1.523352E-2
3.790000E-3	-3.215188E-2
3.795000E-3	-5.059057E-2
3.800000E-3	-3.726536E-2
3.805000E-3	-7.330239E-3
3.810000E-3	-8.144557E-3
3.815000E-3	1.279056E-2
3.820000E-3	3.171593E-2
3.825000E-3	-2.560854E-3
3.830000E-3	-1.352400E-2
3.835000E-3	-1.586139E-3
3.840000E-3	1.127571E-2
3.845000E-3	3.026688E-2
3.850000E-3	3.024632E-2
3.855000E-3	9.900689E-3
3.860000E-3	-4.748821E-3
3.865000E-3	-1.030648E-2
3.870000E-3	-1.821935E-2
3.875000E-3	-2.681905E-2
3.880000E-3	-2.319711E-2
3.885000E-3	-2.051425E-2
3.890000E-3	-2.778006E-2
3.895000E-3	-4.483277E-2
3.900000E-3	-4.346186E-2
3.905000E-3	-1.244098E-2
3.910000E-3	-2.240062E-3
3.915000E-3	5.922318E-3
3.920000E-3	2.161372E-2
3.925000E-3	2.438569E-2
3.930000E-3	2.850664E-2
3.935000E-3	3.387785E-2
3.940000E-3	2.072948E-2
3.945000E-3	-7.629097E-3
3.950000E-3	-1.141417E-2
3.955000E-3	-3.693223E-3
3.960000E-3	-1.538980E-2
3.965000E-3	-1.239300E-2
3.970000E-3	-9.985685E-3
3.975000E-3	-3.630710E-2
3.980000E-3	-3.947526E-2
3.985000E-3	-3.032994E-2
3.990000E-3	-2.978021E-2
3.995000E-3	-2.437747E-2
4.000000E-3	-2.000290E-2
4.005000E-3	-3.119498E-2
4.010000E-3	-3.863215E-2
4.015000E-3	-2.050191E-2
4.020000E-3	4.167557E-3
4.025000E-3	3.004891E-2
4.030000E-3	3.769994E-2
4.035000E-3	1.337183E-2
4.040000E-3	-9.981573E-3
4.045000E-3	-9.268701E-3
4.050000E-3	1.164860E-2
4.055000E-3	3.164601E-2
4.060000E-3	2.853131E-2
4.065000E-3	1.905972E-2
4.070000E-3	1.929688E-2
4.075000E-3	2.276528E-2
4.080000E-3	2.094060E-2
4.085000E-3	-2.518356E-3
4.090000E-3	-3.157884E-2
4.095000E-3	-4.772401E-2
4.100000E-3	-5.380809E-2
4.105000E-3	-4.969400E-2
4.110000E-3	-3.721052E-2
4.115000E-3	-2.210039E-2
4.120000E-3	-1.239711E-2
4.125000E-3	4.077077E-3
4.130000E-3	2.738249E-2
4.135000E-3	3.841281E-2
4.140000E-3	3.491014E-2
4.145000E-3	1.422727E-2
4.150000E-3	-1.683885E-2
4.155000E-3	-2.221692E-2
4.160000E-3	-1.201600E-2
4.165000E-3	-9.637475E-3
4.170000E-3	-1.764083E-2
4.175000E-3	-2.688348E-2
4.180000E-3	-3.220946E-2
4.185000E-3	-3.396010E-2
4.190000E-3	-2.088028E-2
4.195000E-3	-9.939075E-3
4.200000E-3	-1.056832E-2
4.205000E-3	-9.001374E-3
4.210000E-3	-7.272661E-3
4.215000E-3	1.673877E-3
4.220000E-3	1.490176E-2
4.225000E-3	1.091927E-2
4.230000E-3	-4.492462E-3
4.235000E-3	-1.192552E-2
4.240000E-3	-7.086217E-3
4.245000E-3	1.736939E-3
4.250000E-3	9.936333E-3
4.255000E-3	1.009125E-2
4.260000E-3	2.933741E-3
4.265000E-3	4.136026E-3
4.270000E-3	1.015431E-2
4.275000E-3	5.246460E-3
4.280000E-3	-4.576087E-3
4.285000E-3	-1.695400E-2
4.290000E-3	-3.115249E-2
4.295000E-3	-3.048623E-2
4.300000E-3	-2.089399E-2
4.305000E-3	-1.699239E-2
4.310000E-3	-1.030511E-2
4.315000E-3	6.785989E-4
4.320000E-3	5.752325E-3
4.325000E-3	1.268774E-2
4.330000E-3	2.539742E-2
4.335000E-3	2.450222E-2
4.340000E-3	1.594776E-2
4.345000E-3	1.490176E-3
4.350000E-3	-1.679772E-2
4.355000E-3	-2.136421E-2
4.360000E-3	-2.011120E-2
4.365000E-3	-1.945454E-2
4.370000E-3	-1.568317E-2
4.375000E-3	-8.904040E-3
4.380000E-3	-1.913786E-3
4.385000E-3	3.738463E-3
4.390000E-3	6.720185E-3
4.395000E-3	-2.629399E-3
4.400000E-3	-9.106934E-3
4.405000E-3	5.257428E-3
4.410000E-3	1.194334E-2
4.415000E-3	6.148517E-3
4.420000E-3	3.723383E-3
4.425000E-3	-1.076162E-3
4.430000E-3	-8.207619E-3
4.435000E-3	-5.316377E-3
4.440000E-3	1.132369E-3
4.445000E-3	-1.575172E-3
4.450000E-3	2.272964E-3
4.455000E-3	1.361310E-3
4.460000E-3	-2.292293E-2
4.465000E-3	-4.028958E-2
4.470000E-3	-4.711670E-2
4.475000E-3	-5.592340E-2
4.480000E-3	-4.681098E-2
4.485000E-3	-1.719940E-2
4.490000E-3	1.985073E-3
4.495000E-3	5.053163E-3
4.500000E-3	1.294822E-2
4.505000E-3	1.204342E-2
4.510000E-3	3.838539E-5
4.515000E-3	1.002681E-2
4.520000E-3	2.876437E-2
4.525000E-3	3.124434E-2
4.530000E-3	2.790481E-2
4.535000E-3	1.706779E-2
4.540000E-3	-3.077686E-3
4.545000E-3	-1.256984E-2
4.550000E-3	-1.325393E-2
4.555000E-3	-2.574152E-2
4.560000E-3	-3.362149E-2
4.565000E-3	-2.638996E-2
4.570000E-3	-2.874380E-2
4.575000E-3	-3.199011E-2
4.580000E-3	-1.820427E-2
4.585000E-3	-1.205164E-2
4.590000E-3	-1.314974E-2
4.595000E-3	-4.284084E-3
4.600000E-3	3.321707E-3
4.605000E-3	-4.678905E-3
4.610000E-3	-7.401526E-3
4.615000E-3	-1.200914E-3
4.620000E-3	-8.924603E-4
4.625000E-3	-9.148061E-3
4.630000E-3	-1.575309E-2
4.635000E-3	-1.483321E-2
4.640000E-3	6.271899E-3
4.645000E-3	7.951260E-3
4.650000E-3	-1.267952E-2
4.655000E-3	-2.708364E-2
4.660000E-3	-3.644967E-2
4.665000E-3	-1.121950E-2
4.670000E-3	5.831838E-2
4.675000E-3	6.601191E-2
4.680000E-3	3.627419E-3
4.685000E-3	-1.656604E-2
4.690000E-3	3.114700E-3
4.695000E-3	5.117595E-3
4.700000E-3	-7.578373E-3
4.705000E-3	-2.062666E-2
4.710000E-3	-3.998661E-2
4.715000E-3	-3.200656E-2
4.720000E-3	-1.516497E-2
4.725000E-3	-4.364967E-3
4.730000E-3	-9.560704E-3
4.735000E-3	-1.590389E-2
4.740000E-3	-2.321631E-2
4.745000E-3	-2.700275E-2
4.750000E-3	-2.232385E-2
4.755000E-3	-1.653177E-2
4.760000E-3	-1.404083E-2
4.765000E-3	4.762530E-3
4.770000E-3	1.842636E-2
4.775000E-3	3.020793E-2
4.780000E-3	4.581571E-2
4.785000E-3	2.877945E-2
4.790000E-3	-7.128716E-4
4.795000E-3	1.103443E-2
4.800000E-3	2.305728E-2
4.805000E-3	-1.842499E-3
4.810000E-3	-6.855905E-3
4.815000E-3	-9.281039E-3
4.820000E-3	-2.994746E-2
4.825000E-3	-2.393878E-2
4.830000E-3	-1.425743E-2
4.835000E-3	-2.585942E-2
4.840000E-3	-2.626520E-2
4.845000E-3	-8.812189E-3
4.850000E-3	-1.139772E-2
4.855000E-3	-1.378173E-2
4.860000E-3	6.051183E-3
4.865000E-3	1.558995E-2
4.870000E-3	1.638919E-2
4.875000E-3	1.776421E-2
4.880000E-3	1.049292E-2
4.885000E-3	-3.375173E-3
4.890000E-3	-1.089185E-2
4.895000E-3	-2.120656E-2
4.900000E-3	-3.207785E-2
4.905000E-3	-2.569216E-2
4.910000E-3	-1.694715E-2
4.915000E-3	-1.759285E-2
4.920000E-3	-1.438218E-2
4.925000E-3	-4.769385E-3
4.930000E-3	5.868852E-3
4.935000E-3	6.489873E-3
4.940000E-3	-3.838539E-5
4.945000E-3	-3.952324E-3
4.950000E-3	-5.824983E-3
4.955000E-3	-6.521404E-3
4.960000E-3	-9.159029E-3
4.965000E-3	-1.381600E-2
4.970000E-3	-1.689368E-2
4.975000E-3	-8.830011E-3
4.980000E-3	6.983399E-3
4.985000E-3	9.837627E-3
4.990000E-3	1.236558E-3
4.995000E-3	-8.335114E-4
5.000000E-3	4.421175E-3
5.005000E-3	1.041067E-2
5.010000E-3	9.870529E-3
5.015000E-3	2.442956E-3
5.020000E-3	-4.931152E-3
5.025000E-3	-4.809141E-3
5.030000E-3	-7.981420E-3
5.035000E-3	-2.400458E-2
5.040000E-3	-3.073984E-2
5.045000E-3	-2.257472E-2
5.050000E-3	-1.646596E-2
5.055000E-3	-8.764207E-3
5.060000E-3	7.498860E-4
5.065000E-3	4.266262E-3
5.070000E-3	7.918358E-3
5.075000E-3	8.092463E-3
5.080000E-3	-6.347299E-4
5.085000E-3	-8.084238E-3
5.090000E-3	-8.130848E-3
5.095000E-3	-1.163900E-2
5.100000E-3	-1.881158E-2
5.105000E-3	-2.318203E-2
5.110000E-3	-2.486551E-2
5.115000E-3	-1.723230E-2
5.120000E-3	-5.708456E-3
5.125000E-3	-3.719270E-3
5.130000E-3	-5.863369E-3
5.135000E-3	-5.029857E-3
5.140000E-3	-1.178980E-4
5.145000E-3	9.000003E-3
5.150000E-3	1.713085E-2
5.155000E-3	1.328957E-2
5.160000E-3	1.405180E-3
5.165000E-3	-8.819044E-3
5.170000E-3	-1.877731E-2
5.175000E-3	-3.010923E-2
5.180000E-3	-3.397244E-2
5.185000E-3	-3.272903E-2
5.190000E-3	-2.606368E-2
5.195000E-3	-1.917076E-2
5.200000E-3	-1.612049E-2
5.205000E-3	-1.656878E-2
5.210000E-3	-1.336223E-2
5.215000E-3	-5.977154E-4
5.220000E-3	1.381326E-2
5.225000E-3	2.509719E-2
5.230000E-3	3.278935E-2
5.235000E-3	2.920717E-2
5.240000E-3	2.173573E-2
5.245000E-3	1.960945E-2
5.250000E-3	1.224631E-2
5.255000E-3	1.135111E-3
5.260000E-3	-5.893528E-3
5.265000E-3	-1.551729E-2
5.270000E-3	-2.424312E-2
5.275000E-3	-2.900976E-2
5.280000E-3	-3.069735E-2
5.285000E-3	-2.872461E-2
5.290000E-3	-2.015233E-2
5.295000E-3	-9.932220E-3
5.300000E-3	-9.106934E-3
5.305000E-3	-8.510590E-3
5.310000E-3	4.976392E-4
5.315000E-3	1.045179E-2
5.320000E-3	1.478249E-2
5.325000E-3	1.221204E-2
5.330000E-3	6.444633E-3
5.335000E-3	1.377761E-3
5.340000E-3	-1.069307E-3
5.345000E-3	-4.034579E-3
5.350000E-3	-1.215583E-2
5.355000E-3	-1.778203E-2
5.360000E-3	-2.160138E-2
5.365000E-3	-2.126551E-2
5.370000E-3	-1.965606E-2
5.375000E-3	-2.070343E-2
5.380000E-3	-1.640290E-2
5.385000E-3	-9.605944E-3
5.390000E-3	-5.748212E-3
5.395000E-3	-4.238844E-3
5.400000E-3	-3.859103E-3
5.405000E-3	-1.427114E-3
5.410000E-3	4.085302E-4
5.415000E-3	7.509828E-3
5.420000E-3	1.471531E-2
5.425000E-3	1.708424E-2
5.430000E-3	1.777107E-2
5.435000E-3	1.324022E-2
5.440000E-3	6.635189E-3
5.445000E-3	5.112112E-3
5.450000E-3	4.848897E-3
5.455000E-3	7.402897E-4
5.460000E-3	-6.406248E-3
5.465000E-3	-1.271927E-2
5.470000E-3	-1.891714E-2
5.475000E-3	-2.380443E-2
5.480000E-3	-2.491349E-2
5.485000E-3	-2.568805E-2
5.490000E-3	-2.267069E-2
5.495000E-3	-1.589841E-2
5.500000E-3	-9.520948E-3
5.505000E-3	-7.045090E-3
5.510000E-3	-8.117139E-3
5.515000E-3	-1.061356E-2
5.520000E-3	-1.653725E-2
5.525000E-3	-1.959163E-2
5.530000E-3	-1.499635E-2
5.535000E-3	-7.179439E-3
5.540000E-3	2.177000E-3
5.545000E-3	9.316683E-3
5.550000E-3	1.140732E-2
5.555000E-3	9.104192E-3
5.560000E-3	7.556438E-3
5.565000E-3	7.932067E-3
5.570000E-3	7.641435E-3
5.575000E-3	3.342271E-3
5.580000E-3	-2.283931E-3
5.585000E-3	-6.509066E-3
5.590000E-3	-1.012963E-2
5.595000E-3	-1.532674E-2
5.600000E-3	-1.866078E-2
5.605000E-3	-1.947784E-2
5.610000E-3	-1.731592E-2
5.615000E-3	-1.136208E-2
5.620000E-3	-5.597413E-3
5.625000E-3	-2.034426E-3
5.630000E-3	-2.926886E-3
5.635000E-3	-4.924297E-3
5.640000E-3	-6.303430E-3
5.645000E-3	-9.841740E-3
5.650000E-3	-1.325393E-2
5.655000E-3	-1.415324E-2
5.660000E-3	-1.139361E-2
5.665000E-3	-5.464435E-3
5.670000E-3	1.716375E-3
5.675000E-3	7.369995E-3
5.680000E-3	7.982790E-3
5.685000E-3	7.808685E-3
5.690000E-3	6.855905E-3
5.695000E-3	3.730237E-3
5.700000E-3	2.547145E-3
5.705000E-3	1.054227E-3
5.710000E-3	-1.542270E-3
5.715000E-3	-5.267024E-3
5.720000E-3	-9.531915E-3
5.725000E-3	-1.226002E-2
5.730000E-3	-1.342392E-2
5.735000E-3	-1.419437E-2
5.740000E-3	-1.597929E-2
5.745000E-3	-1.632476E-2
5.750000E-3	-1.657975E-2
5.755000E-3	-1.745301E-2
5.760000E-3	-1.563245E-2
5.765000E-3	-1.513207E-2
5.770000E-3	-1.874715E-2
5.775000E-3	-2.114898E-2
5.780000E-3	-1.948881E-2
5.785000E-3	-1.664692E-2
5.790000E-3	-1.088226E-2
5.795000E-3	-1.638234E-3
5.800000E-3	3.911197E-3
5.805000E-3	6.816149E-3
5.810000E-3	1.122636E-2
5.815000E-3	1.144296E-2
5.820000E-3	8.363903E-3
5.825000E-3	5.982637E-3
5.830000E-3	2.588272E-3
5.835000E-3	-1.932979E-4
5.840000E-3	-1.549125E-4
5.845000E-3	-7.704496E-4
5.850000E-3	-2.356589E-3
5.855000E-3	-1.221478E-3
5.860000E-3	-1.350343E-3
5.865000E-3	-2.677381E-3
5.870000E-3	-1.660168E-3
5.875000E-3	-1.928866E-3
5.880000E-3	-7.653773E-3
5.885000E-3	-1.350069E-2
5.890000E-3	-1.730907E-2
5.895000E-3	-2.159452E-2
5.900000E-3	-2.346718E-2
5.905000E-3	-2.187145E-2
5.910000E-3	-1.911867E-2
5.915000E-3	-1.305926E-2
5.920000E-3	-3.275096E-3
5.925000E-3	4.485607E-3
5.930000E-3	9.778678E-3
5.935000E-3	1.210374E-2
5.940000E-3	9.932220E-3
5.945000E-3	5.796194E-3
5.950000E-3	3.458798E-3
5.955000E-3	1.952171E-3
5.960000E-3	-9.047985E-4
5.965000E-3	-5.250573E-3
5.970000E-3	-9.430468E-3
5.975000E-3	-1.276726E-2
5.980000E-3	-1.231897E-2
5.985000E-3	-8.592844E-3
5.990000E-3	-3.298402E-3
5.995000E-3	8.143187E-4
6.000000E-3	1.989186E-3
6.005000E-3	-2.714396E-4
6.010000E-3	-4.780352E-3
6.015000E-3	-9.891093E-3
6.020000E-3	-1.411623E-2
6.025000E-3	-1.589704E-2
6.030000E-3	-1.496756E-2
6.035000E-3	-1.384479E-2
6.040000E-3	-1.380092E-2
6.045000E-3	-1.270419E-2
6.050000E-3	-9.552479E-3
6.055000E-3	-5.168319E-3
6.060000E-3	-3.472507E-3
6.065000E-3	-5.272508E-3
6.070000E-3	-7.312417E-3
6.075000E-3	-6.631076E-3
6.080000E-3	-4.024982E-3
6.085000E-3	-3.346384E-3
6.090000E-3	-4.859865E-3
6.095000E-3	-6.679058E-3
6.100000E-3	-6.558418E-3
6.105000E-3	-2.530694E-3
6.110000E-3	2.054989E-3
6.115000E-3	3.698707E-3
6.120000E-3	2.529323E-3
6.125000E-3	1.143336E-3
6.130000E-3	-1.139224E-3
6.135000E-3	-4.661083E-3
6.140000E-3	-8.875251E-3
6.145000E-3	-1.338965E-2
6.150000E-3	-1.735568E-2
6.155000E-3	-1.761615E-2
6.160000E-3	-1.419574E-2
6.165000E-3	-1.019543E-2
6.170000E-3	-7.524908E-3
6.175000E-3	-6.657124E-3
6.180000E-3	-7.627726E-3
6.185000E-3	-9.460628E-3
6.190000E-3	-9.260476E-3
6.195000E-3	-7.420719E-3
6.200000E-3	-5.332828E-3
6.205000E-3	-2.858341E-3
6.210000E-3	1.394212E-3
6.215000E-3	6.233513E-3
6.220000E-3	1.017076E-2
6.225000E-3	1.092201E-2
6.230000E-3	8.714855E-3
6.235000E-3	5.257428E-3
6.240000E-3	2.856970E-3
6.245000E-3	-4.606247E-4
6.250000E-3	-7.478297E-3
6.255000E-3	-1.586276E-2
6.260000E-3	-2.135050E-2
6.265000E-3	-2.308881E-2
6.270000E-3	-2.031410E-2
6.275000E-3	-1.536787E-2
6.280000E-3	-1.291120E-2
6.285000E-3	-1.319361E-2
6.290000E-3	-1.188850E-2
6.295000E-3	-8.886218E-3
6.300000E-3	-5.323231E-3
6.305000E-3	-1.390100E-3
6.310000E-3	2.330542E-5
6.315000E-3	-2.234578E-3
6.320000E-3	-4.467785E-3
6.325000E-3	-5.480886E-3
6.330000E-3	-6.299317E-3
6.335000E-3	-5.951107E-3
6.340000E-3	-5.960703E-3
6.345000E-3	-6.966949E-3
6.350000E-3	-5.901754E-3
6.355000E-3	-2.046764E-3
6.360000E-3	1.595736E-3
6.365000E-3	3.509521E-3
6.370000E-3	4.189491E-3
6.375000E-3	3.357351E-3
6.380000E-3	2.589643E-3
6.385000E-3	3.598630E-3
6.390000E-3	2.486825E-3
6.395000E-3	-1.200914E-3
6.400000E-3	-4.415691E-3
6.405000E-3	-6.418586E-3
6.410000E-3	-6.983399E-3
6.415000E-3	-6.824374E-3
6.420000E-3	-8.991778E-3
6.425000E-3	-1.369947E-2
6.430000E-3	-1.643717E-2
6.435000E-3	-1.520473E-2
6.440000E-3	-1.295781E-2
6.445000E-3	-1.241219E-2
6.450000E-3	-1.329368E-2
6.455000E-3	-1.353496E-2
6.460000E-3	-1.142240E-2
6.465000E-3	-8.518815E-3
6.470000E-3	-7.006705E-3
6.475000E-3	-6.659865E-3
6.480000E-3	-5.877078E-3
6.485000E-3	-5.209446E-3
6.490000E-3	-4.332066E-3
6.495000E-3	-3.719270E-3
6.500000E-3	-3.504038E-3
6.505000E-3	-2.266109E-3
6.510000E-3	1.110435E-4
6.515000E-3	1.695812E-3
6.520000E-3	2.193451E-3
6.525000E-3	2.681494E-3
6.530000E-3	3.223002E-3
6.535000E-3	3.447831E-3
6.540000E-3	3.098249E-3
6.545000E-3	1.416147E-3
6.550000E-3	-2.216756E-3
6.555000E-3	-5.826354E-3
6.560000E-3	-8.126736E-3
6.565000E-3	-1.032978E-2
6.570000E-3	-1.176101E-2
6.575000E-3	-1.303047E-2
6.580000E-3	-1.485789E-2
6.585000E-3	-1.631790E-2
6.590000E-3	-1.555705E-2
6.595000E-3	-1.355416E-2
6.600000E-3	-1.071501E-2
6.605000E-3	-6.823003E-3
6.610000E-3	-3.713787E-3
6.615000E-3	-1.979589E-3
6.620000E-3	-9.349585E-4
6.625000E-3	-8.348823E-4
6.630000E-3	-2.039909E-3
6.635000E-3	-2.326429E-3
6.640000E-3	-1.036406E-3
6.645000E-3	5.497336E-4
6.650000E-3	3.148973E-3
6.655000E-3	6.127954E-3
6.660000E-3	6.780505E-3
6.665000E-3	5.057275E-3
6.670000E-3	1.602590E-3
6.675000E-3	-3.571212E-3
6.680000E-3	-9.593606E-3
6.685000E-3	-1.521021E-2
6.690000E-3	-1.983976E-2
6.695000E-3	-2.387708E-2
6.700000E-3	-2.710694E-2
6.705000E-3	-2.917016E-2
6.710000E-3	-2.917427E-2
6.715000E-3	-2.570587E-2
6.720000E-3	-1.974106E-2
6.725000E-3	-1.315796E-2
6.730000E-3	-7.150650E-3
6.735000E-3	-2.486825E-3
6.740000E-3	1.368165E-3
6.745000E-3	5.829096E-3
6.750000E-3	9.871900E-3
6.755000E-3	1.204890E-2
6.760000E-3	1.248348E-2
6.765000E-3	1.234913E-2
6.770000E-3	1.181173E-2
6.775000E-3	1.131546E-2
6.780000E-3	1.020366E-2
6.785000E-3	6.613255E-3
6.790000E-3	1.243412E-3
6.795000E-3	-5.025744E-3
6.800000E-3	-1.078767E-2
6.805000E-3	-1.456863E-2
6.810000E-3	-1.632339E-2
6.815000E-3	-1.692796E-2
6.820000E-3	-1.708150E-2
6.825000E-3	-1.761752E-2
6.830000E-3	-1.880336E-2
6.835000E-3	-2.007830E-2
6.840000E-3	-1.943123E-2
6.845000E-3	-1.687038E-2
6.850000E-3	-1.328135E-2
6.855000E-3	-9.486675E-3
6.860000E-3	-4.988730E-3
6.865000E-3	-6.045699E-4
6.870000E-3	1.801372E-3
6.875000E-3	2.152324E-3
6.880000E-3	1.279056E-3
6.885000E-3	-4.523993E-5
6.890000E-3	-9.034276E-4
6.895000E-3	-1.125515E-3
6.900000E-3	-1.639605E-3
6.905000E-3	-3.172278E-3
6.910000E-3	-5.722165E-3
6.915000E-3	-8.065045E-3
6.920000E-3	-9.409904E-3
6.925000E-3	-1.000351E-2
6.930000E-3	-8.880734E-3
6.935000E-3	-5.783856E-3
6.940000E-3	-1.824677E-3
6.945000E-3	1.162529E-3
6.950000E-3	2.330542E-3
6.955000E-3	1.253009E-3
6.960000E-3	-1.708150E-3
6.965000E-3	-5.512416E-3
6.970000E-3	-9.208381E-3
6.975000E-3	-1.213527E-2
6.980000E-3	-1.369536E-2
6.985000E-3	-1.401204E-2
6.990000E-3	-1.346779E-2
6.995000E-3	-1.229978E-2
7.000000E-3	-9.392083E-3
7.005000E-3	-5.199850E-3
7.010000E-3	-8.403659E-4
7.015000E-3	1.927495E-3
7.020000E-3	3.096879E-3
7.025000E-3	3.620565E-3
7.030000E-3	4.414320E-3
7.035000E-3	4.740596E-3
7.040000E-3	3.195584E-3
7.045000E-3	-2.865195E-4
7.050000E-3	-4.774868E-3
7.055000E-3	-8.832753E-3
7.060000E-3	-1.096863E-2
7.065000E-3	-1.190495E-2
7.070000E-3	-1.218462E-2
7.075000E-3	-1.199406E-2
7.080000E-3	-1.111668E-2
7.085000E-3	-9.830773E-3
7.090000E-3	-8.011580E-3
7.095000E-3	-6.625593E-3
7.100000E-3	-6.104648E-3
7.105000E-3	-5.946994E-3
7.110000E-3	-5.602896E-3
7.115000E-3	-4.414320E-3
7.120000E-3	-2.684236E-3
7.125000E-3	-2.081037E-3
7.130000E-3	-2.283931E-3
7.135000E-3	-2.293527E-3
7.140000E-3	-1.985073E-3
7.145000E-3	-1.446307E-3
7.150000E-3	-7.759333E-4
7.155000E-3	1.480579E-4
7.160000E-3	3.948212E-4
7.165000E-3	-2.261996E-4
7.170000E-3	-2.357960E-3
7.175000E-3	-5.088806E-3
7.180000E-3	-8.036256E-3
7.185000E-3	-1.051486E-2
7.190000E-3	-1.191181E-2
7.195000E-3	-1.282346E-2
7.200000E-3	-1.319498E-2
7.205000E-3	-1.267129E-2
7.210000E-3	-1.102620E-2
7.215000E-3	-8.879364E-3
7.220000E-3	-7.017672E-3
7.225000E-3	-5.829096E-3
7.230000E-3	-5.083323E-3
7.235000E-3	-4.656971E-3
7.240000E-3	-4.619956E-3
7.245000E-3	-4.950345E-3
7.250000E-3	-5.863369E-3
7.255000E-3	-6.005943E-3
7.260000E-3	-5.904496E-3
7.265000E-3	-5.061388E-3
7.270000E-3	-4.271746E-3
7.275000E-3	-3.827572E-3
7.280000E-3	-3.011882E-3
7.285000E-3	-2.285302E-3
7.290000E-3	-1.366794E-3
7.295000E-3	-1.226962E-3
7.300000E-3	-2.123535E-3
7.305000E-3	-3.270984E-3
7.310000E-3	-3.809750E-3
7.315000E-3	-3.857732E-3
7.320000E-3	-4.009902E-3
7.325000E-3	-5.530238E-3
7.330000E-3	-8.093834E-3
7.335000E-3	-1.122773E-2
7.340000E-3	-1.372141E-2
7.345000E-3	-1.445484E-2
7.350000E-3	-1.372278E-2
7.355000E-3	-1.153481E-2
7.360000E-3	-8.521557E-3
7.365000E-3	-5.981266E-3
7.370000E-3	-3.893375E-3
7.375000E-3	-2.329171E-3
7.380000E-3	-1.089871E-3
7.385000E-3	-4.935265E-4
7.390000E-3	-1.218736E-3
7.395000E-3	-3.301144E-3
7.400000E-3	-6.484389E-3
7.405000E-3	-9.479821E-3
7.410000E-3	-1.081097E-2
7.415000E-3	-1.079589E-2
7.420000E-3	-1.024342E-2
7.425000E-3	-9.372890E-3
7.430000E-3	-8.500993E-3
7.435000E-3	-7.435799E-3
7.440000E-3	-6.552935E-3
7.445000E-3	-5.579591E-3
7.450000E-3	-4.724145E-3
7.455000E-3	-3.787816E-3
7.460000E-3	-2.817214E-3
7.465000E-3	-2.418280E-3
7.470000E-3	-2.939224E-3
7.475000E-3	-3.473878E-3
7.480000E-3	-3.486216E-3
7.485000E-3	-2.974868E-3
7.490000E-3	-1.997411E-3
7.495000E-3	-1.603961E-3
7.500000E-3	-2.168775E-3
7.505000E-3	-3.135264E-3
7.510000E-3	-4.903734E-3
7.515000E-3	-6.891549E-3
7.520000E-3	-8.490026E-3
7.525000E-3	-9.194672E-3
7.530000E-3	-9.102821E-3
7.535000E-3	-8.099318E-3
7.540000E-3	-6.603658E-3
7.545000E-3	-5.203962E-3
7.550000E-3	-4.060626E-3
7.555000E-3	-2.688348E-3
7.560000E-3	-1.462758E-3
7.565000E-3	-8.499622E-5
7.570000E-3	1.798630E-3
7.575000E-3	3.161311E-3
7.580000E-3	3.165424E-3
7.585000E-3	1.215994E-3
7.590000E-3	-2.466261E-3
7.595000E-3	-7.334352E-3
7.600000E-3	-1.188028E-2
7.605000E-3	-1.545149E-2
7.610000E-3	-1.775050E-2
7.615000E-3	-1.830435E-2
7.620000E-3	-1.657563E-2
7.625000E-3	-1.340199E-2
7.630000E-3	-9.463370E-3
7.635000E-3	-5.708456E-3
7.640000E-3	-3.210664E-3
7.645000E-3	-2.266109E-3
7.650000E-3	-1.937091E-3
7.655000E-3	-1.850724E-3
7.660000E-3	-1.712263E-3
7.665000E-3	-1.623154E-3
7.670000E-3	-1.429856E-3
7.675000E-3	-1.754761E-3
7.680000E-3	-2.789795E-3
7.685000E-3	-3.538311E-3
7.690000E-3	-4.240215E-3
7.695000E-3	-4.363596E-3
7.700000E-3	-3.774107E-3
7.705000E-3	-2.283931E-3
7.710000E-3	-1.154304E-3
7.715000E-3	-6.306171E-4
7.720000E-3	-1.455903E-3
7.725000E-3	-3.812492E-3
7.730000E-3	-6.510437E-3
7.735000E-3	-8.797109E-3
7.740000E-3	-9.981573E-3
7.745000E-3	-1.040518E-2
7.750000E-3	-1.060122E-2
7.755000E-3	-1.103443E-2
7.760000E-3	-1.164585E-2
7.765000E-3	-1.198584E-2
7.770000E-3	-1.181036E-2
7.775000E-3	-1.054639E-2
7.780000E-3	-9.156287E-3
7.785000E-3	-8.435190E-3
7.790000E-3	-8.797109E-3
7.795000E-3	-9.730697E-3
7.800000E-3	-1.057929E-2
7.805000E-3	-9.871900E-3
7.810000E-3	-7.904649E-3
7.815000E-3	-4.865348E-3
7.820000E-3	-9.322166E-4
7.825000E-3	3.096879E-3
7.830000E-3	5.579591E-3
7.835000E-3	6.047070E-3
7.840000E-3	5.580962E-3
7.845000E-3	4.418433E-3
7.850000E-3	2.773345E-3
7.855000E-3	4.057884E-4
7.860000E-3	-2.157807E-3
7.865000E-3	-5.719423E-3
7.870000E-3	-9.132981E-3
7.875000E-3	-1.196390E-2
7.880000E-3	-1.464951E-2
7.885000E-3	-1.661539E-2
7.890000E-3	-1.702803E-2
7.895000E-3	-1.565576E-2
7.900000E-3	-1.276040E-2
7.905000E-3	-9.194672E-3
7.910000E-3	-5.378067E-3
7.915000E-3	-2.899468E-3
7.920000E-3	-1.410663E-3
7.925000E-3	-7.690787E-4
7.930000E-3	-1.028180E-3
7.935000E-3	-2.096117E-3
7.940000E-3	-2.686977E-3
7.945000E-3	-2.655447E-3
7.950000E-3	-2.883017E-3
7.955000E-3	-3.665805E-3
7.960000E-3	-4.728258E-3
7.965000E-3	-5.746841E-3
7.970000E-3	-6.718814E-3
7.975000E-3	-7.286370E-3
7.980000E-3	-7.901907E-3
7.985000E-3	-8.701146E-3
7.990000E-3	-9.681344E-3
7.995000E-3	-9.885609E-3
8.000000E-3	-8.968472E-3
8.005000E-3	-7.028639E-3
8.010000E-3	-4.395127E-3
8.015000E-3	-2.105713E-3
8.020000E-3	-7.677078E-4
8.025000E-3	-3.235340E-4
8.030000E-3	-9.527802E-4
8.035000E-3	-2.172887E-3
8.040000E-3	-3.446460E-3
8.045000E-3	-4.162073E-3
8.050000E-3	-4.725516E-3
8.055000E-3	-5.339682E-3
8.060000E-3	-6.217062E-3
8.065000E-3	-7.614017E-3
8.070000E-3	-9.422243E-3
8.075000E-3	-1.087266E-2
8.080000E-3	-1.168835E-2
8.085000E-3	-1.070267E-2
8.090000E-3	-8.893073E-3
8.095000E-3	-7.020414E-3
8.100000E-3	-5.042195E-3
8.105000E-3	-3.201067E-3
8.110000E-3	-1.350343E-3
8.115000E-3	1.919270E-5
8.120000E-3	6.470680E-4
8.125000E-3	1.932979E-4
8.130000E-3	-5.017519E-4
8.135000E-3	-1.328409E-3
8.140000E-3	-1.856208E-3
8.145000E-3	-2.345622E-3
8.150000E-3	-3.037930E-3
8.155000E-3	-4.014015E-3
8.160000E-3	-4.725516E-3
8.165000E-3	-5.358875E-3
8.170000E-3	-5.904496E-3
8.175000E-3	-7.102668E-3
8.180000E-3	-8.499622E-3
8.185000E-3	-9.971976E-3
8.190000E-3	-1.076436E-2
8.195000E-3	-1.089460E-2
8.200000E-3	-1.067799E-2
8.205000E-3	-1.028591E-2
8.210000E-3	-9.527802E-3
8.215000E-3	-8.823156E-3
8.220000E-3	-7.933438E-3
8.225000E-3	-7.386446E-3
8.230000E-3	-7.431686E-3
8.235000E-3	-8.128107E-3
8.240000E-3	-9.167254E-3
8.245000E-3	-9.189188E-3
8.250000E-3	-8.380353E-3
8.255000E-3	-6.855905E-3
8.260000E-3	-5.245090E-3
8.265000E-3	-3.646612E-3
8.270000E-3	-2.105713E-3
8.275000E-3	-4.332066E-4
8.280000E-3	8.609295E-4
8.285000E-3	1.070678E-3
8.290000E-3	-6.306171E-5
8.295000E-3	-2.156436E-3
8.300000E-3	-4.803658E-3
8.305000E-3	-7.158875E-3
8.310000E-3	-9.075403E-3
8.315000E-3	-1.029414E-2
8.320000E-3	-1.083702E-2
8.325000E-3	-1.061767E-2
8.330000E-3	-1.015979E-2
8.335000E-3	-9.797871E-3
8.340000E-3	-1.004601E-2
8.345000E-3	-1.064372E-2
8.350000E-3	-1.090968E-2
8.355000E-3	-1.079726E-2
8.360000E-3	-9.689569E-3
8.365000E-3	-7.549584E-3
8.370000E-3	-5.109370E-3
8.375000E-3	-2.686977E-3
8.380000E-3	-5.593300E-4
8.385000E-3	1.410663E-3
8.390000E-3	2.773345E-3
8.395000E-3	3.345013E-3
8.400000E-3	3.148973E-3
8.405000E-3	1.510739E-3
8.410000E-3	-3.372431E-4
8.415000E-3	-2.855599E-3
8.420000E-3	-5.352020E-3
8.425000E-3	-8.215845E-3
8.430000E-3	-1.081508E-2
8.435000E-3	-1.278371E-2
8.440000E-3	-1.359117E-2
8.445000E-3	-1.303732E-2
8.450000E-3	-1.131821E-2
8.455000E-3	-8.925974E-3
8.460000E-3	-6.411731E-3
8.465000E-3	-4.215539E-3
8.470000E-3	-2.556741E-3
8.475000E-3	-1.698554E-3
8.480000E-3	-1.564205E-3
8.485000E-3	-1.762986E-3
8.490000E-3	-2.182484E-3
8.495000E-3	-2.360702E-3
8.500000E-3	-2.851486E-3
8.505000E-3	-3.031075E-3
8.510000E-3	-3.772736E-3
8.515000E-3	-4.681647E-3
8.520000E-3	-5.389035E-3
8.525000E-3	-5.519271E-3
8.530000E-3	-5.487740E-3
8.535000E-3	-5.368471E-3
8.540000E-3	-5.302668E-3
8.545000E-3	-5.150497E-3
8.550000E-3	-4.807770E-3
8.555000E-3	-4.632294E-3
8.560000E-3	-4.913330E-3
8.565000E-3	-5.517900E-3
8.570000E-3	-6.849051E-3
8.575000E-3	-8.481801E-3
8.580000E-3	-9.941816E-3
8.585000E-3	-1.059300E-2
8.590000E-3	-1.048195E-2
8.595000E-3	-9.464741E-3
8.600000E-3	-7.645547E-3
8.605000E-3	-5.386293E-3
8.610000E-3	-3.568470E-3
8.615000E-3	-2.592385E-3
8.620000E-3	-2.512872E-3
8.625000E-3	-3.010511E-3
8.630000E-3	-3.531456E-3
8.635000E-3	-3.849506E-3
8.640000E-3	-3.395736E-3
8.645000E-3	-2.756894E-3
8.650000E-3	-2.222240E-3
8.655000E-3	-2.408683E-3
8.660000E-3	-3.321707E-3
8.665000E-3	-4.618585E-3
8.670000E-3	-6.100535E-3
8.675000E-3	-7.537246E-3
8.680000E-3	-8.544862E-3
8.685000E-3	-9.777308E-3
8.690000E-3	-1.091653E-2
8.695000E-3	-1.165271E-2
8.700000E-3	-1.177198E-2
8.705000E-3	-1.147586E-2
8.710000E-3	-1.089734E-2
8.715000E-3	-1.018995E-2
8.720000E-3	-8.984923E-3
8.725000E-3	-7.740140E-3
8.730000E-3	-6.008685E-3
8.735000E-3	-4.035950E-3
8.740000E-3	-2.256513E-3
8.745000E-3	-9.774566E-4
8.750000E-3	-6.594062E-4
8.755000E-3	-8.952022E-4
8.760000E-3	-1.348972E-3
8.765000E-3	-1.690328E-3
8.770000E-3	-1.898706E-3
8.775000E-3	-1.741052E-3
8.780000E-3	-1.842499E-3
8.785000E-3	-2.544403E-3
8.790000E-3	-3.314853E-3
8.795000E-3	-4.493833E-3
8.800000E-3	-6.044328E-3
8.805000E-3	-7.394671E-3
8.810000E-3	-8.528411E-3
8.815000E-3	-9.334505E-3
8.820000E-3	-9.455144E-3
8.825000E-3	-9.091854E-3
8.830000E-3	-8.787513E-3
8.835000E-3	-8.577764E-3
8.840000E-3	-8.283019E-3
8.845000E-3	-8.198023E-3
8.850000E-3	-8.581877E-3
8.855000E-3	-8.692920E-3
8.860000E-3	-8.543491E-3
8.865000E-3	-7.901907E-3
8.870000E-3	-6.484389E-3
8.875000E-3	-5.420566E-3
8.880000E-3	-4.814625E-3
8.885000E-3	-4.466414E-3
8.890000E-3	-4.056513E-3
8.895000E-3	-3.587663E-3
8.900000E-3	-3.225744E-3
8.905000E-3	-3.456056E-3
8.910000E-3	-4.067481E-3
8.915000E-3	-5.107999E-3
8.920000E-3	-5.977154E-3
8.925000E-3	-6.392539E-3
8.930000E-3	-6.374717E-3
8.935000E-3	-6.186903E-3
8.940000E-3	-6.248593E-3
8.945000E-3	-6.437778E-3
8.950000E-3	-6.833971E-3
8.955000E-3	-7.482409E-3
8.960000E-3	-7.667482E-3
8.965000E-3	-8.052707E-3
8.970000E-3	-8.221328E-3
8.975000E-3	-8.917749E-3
8.980000E-3	-9.377003E-3
8.985000E-3	-9.227574E-3
8.990000E-3	-8.247375E-3
8.995000E-3	-6.860018E-3
9.000000E-3	-5.238235E-3
9.005000E-3	-3.589034E-3
9.010000E-3	-2.060473E-3
9.015000E-3	-7.718205E-4
9.020000E-3	-2.878904E-5
9.025000E-3	6.004572E-4
9.030000E-3	8.952022E-4
9.035000E-3	6.182790E-4
9.040000E-3	-1.233816E-4
9.045000E-3	-8.376241E-4
9.050000E-3	-2.034426E-3
9.055000E-3	-3.423154E-3
9.060000E-3	-4.750192E-3
9.065000E-3	-6.062150E-3
9.070000E-3	-7.264435E-3
9.075000E-3	-8.251488E-3
9.080000E-3	-8.724451E-3
9.085000E-3	-8.666873E-3
9.090000E-3	-8.538008E-3
9.095000E-3	-8.044481E-3
9.100000E-3	-7.715464E-3
9.105000E-3	-7.209599E-3
9.110000E-3	-6.779134E-3
9.115000E-3	-6.502211E-3
9.120000E-3	-6.452858E-3
9.125000E-3	-6.233513E-3
9.130000E-3	-5.848289E-3
9.135000E-3	-5.453467E-3
9.140000E-3	-5.302668E-3
9.145000E-3	-5.258799E-3
9.150000E-3	-5.165577E-3
9.155000E-3	-4.846156E-3
9.160000E-3	-4.282713E-3
9.165000E-3	-3.789186E-3
9.170000E-3	-3.465652E-3
9.175000E-3	-3.405333E-3
9.180000E-3	-3.918052E-3
9.185000E-3	-5.251944E-3
9.190000E-3	-7.197261E-3
9.195000E-3	-9.422243E-3
9.200000E-3	-1.098508E-2
9.205000E-3	-1.178432E-2
9.210000E-3	-1.166093E-2
9.215000E-3	-1.087815E-2
9.220000E-3	-9.429097E-3
9.225000E-3	-7.818282E-3
9.230000E-3	-5.789340E-3
9.235000E-3	-4.245698E-3
9.240000E-3	-3.058493E-3
9.245000E-3	-2.194822E-3
9.250000E-3	-1.410663E-3
9.255000E-3	-7.800460E-4
9.260000E-3	-1.206398E-4
9.265000E-3	5.319118E-4
9.270000E-3	6.703734E-4
9.275000E-3	4.853010E-4
9.280000E-3	-1.645088E-5
9.285000E-3	-9.952784E-4
9.290000E-3	-1.865804E-3
9.295000E-3	-3.288805E-3
9.300000E-3	-4.798174E-3
9.305000E-3	-6.433666E-3
9.310000E-3	-8.239150E-3
9.315000E-3	-9.625137E-3
9.320000E-3	-1.067114E-2
9.325000E-3	-1.134425E-2
9.330000E-3	-1.207495E-2
9.335000E-3	-1.252323E-2
9.340000E-3	-1.251364E-2
9.345000E-3	-1.203519E-2
9.350000E-3	-1.151562E-2
9.355000E-3	-1.060259E-2
9.360000E-3	-9.467483E-3
9.365000E-3	-8.048594E-3
9.370000E-3	-6.473422E-3
9.375000E-3	-4.556894E-3
9.380000E-3	-3.110588E-3
9.385000E-3	-1.832902E-3
9.390000E-3	-1.324296E-3
9.395000E-3	-1.399696E-3
9.400000E-3	-2.122164E-3
9.405000E-3	-2.944708E-3
9.410000E-3	-3.845394E-3
9.415000E-3	-4.523993E-3
9.420000E-3	-4.892766E-3
9.425000E-3	-5.090177E-3
9.430000E-3	-4.894137E-3
9.435000E-3	-4.785836E-3
9.440000E-3	-4.667938E-3
9.445000E-3	-4.737854E-3
9.450000E-3	-5.092919E-3
9.455000E-3	-5.338311E-3
9.460000E-3	-5.794823E-3
9.465000E-3	-6.186903E-3
9.470000E-3	-6.536484E-3
9.475000E-3	-6.805182E-3
9.480000E-3	-6.672204E-3
9.485000E-3	-6.292462E-3
9.490000E-3	-6.015539E-3
9.495000E-3	-6.066263E-3
9.500000E-3	-6.384313E-3
9.505000E-3	-7.149279E-3
9.510000E-3	-8.081496E-3
9.515000E-3	-8.895814E-3
9.520000E-3	-9.256363E-3
9.525000E-3	-8.809447E-3
9.530000E-3	-7.726431E-3
9.535000E-3	-5.790710E-3
9.540000E-3	-3.881037E-3
9.545000E-3	-2.312720E-3
9.550000E-3	-1.240671E-3
9.555000E-3	-9.843111E-4
9.560000E-3	-1.591623E-3
9.565000E-3	-2.453923E-3
9.570000E-3	-3.279209E-3
9.575000E-3	-3.787816E-3
9.580000E-3	-4.836559E-3
9.585000E-3	-5.787969E-3
9.590000E-3	-7.167101E-3
9.595000E-3	-8.322775E-3
9.600000E-3	-9.459257E-3
9.605000E-3	-1.030099E-2
9.610000E-3	-1.096177E-2
9.615000E-3	-1.101249E-2
9.620000E-3	-1.077807E-2
9.625000E-3	-1.020777E-2
9.630000E-3	-9.341359E-3
9.635000E-3	-8.547604E-3
9.640000E-3	-7.394671E-3
9.645000E-3	-5.846918E-3
9.650000E-3	-4.045546E-3
9.655000E-3	-2.251029E-3
9.660000E-3	-7.279515E-4
9.665000E-3	6.141663E-4
9.670000E-3	1.115918E-3
9.675000E-3	1.206398E-3
9.680000E-3	1.006246E-3
9.685000E-3	3.111959E-4
9.690000E-3	-5.853772E-4
9.695000E-3	-1.435339E-3
9.700000E-3	-2.482712E-3
9.705000E-3	-3.405333E-3
9.710000E-3	-4.544556E-3
9.715000E-3	-5.578220E-3
9.720000E-3	-6.378829E-3
9.725000E-3	-7.049203E-3
9.730000E-3	-7.463217E-3
9.735000E-3	-8.173347E-3
9.740000E-3	-8.699775E-3
9.745000E-3	-9.257734E-3
9.750000E-3	-9.851336E-3
9.755000E-3	-1.040518E-2
9.760000E-3	-1.035720E-2
9.765000E-3	-9.955525E-3
9.770000E-3	-9.097338E-3
9.775000E-3	-8.123994E-3
9.780000E-3	-6.872356E-3
9.785000E-3	-5.593300E-3
9.790000E-3	-4.282713E-3
9.795000E-3	-3.161311E-3
9.800000E-3	-2.389491E-3
9.805000E-3	-1.630008E-3
9.810000E-3	-1.237929E-3
9.815000E-3	-1.603961E-3
9.820000E-3	-2.272964E-3
9.825000E-3	-3.390253E-3
9.830000E-3	-4.377306E-3
9.835000E-3	-4.799545E-3
9.840000E-3	-4.615843E-3
9.845000E-3	-4.540443E-3
9.850000E-3	-4.729629E-3
9.855000E-3	-5.091548E-3
9.860000E-3	-5.970299E-3
9.865000E-3	-6.954610E-3
9.870000E-3	-7.873118E-3
9.875000E-3	-8.725822E-3
9.880000E-3	-9.083629E-3
9.885000E-3	-9.254992E-3
9.890000E-3	-8.834124E-3
9.895000E-3	-8.137703E-3
9.900000E-3	-7.541358E-3
9.905000E-3	-7.045090E-3
9.910000E-3	-6.908000E-3
9.915000E-3	-6.465197E-3
9.920000E-3	-5.752325E-3
9.925000E-3	-4.813254E-3
9.930000E-3	-3.628790E-3
9.935000E-3	-2.680123E-3
9.940000E-3	-1.782179E-3
9.945000E-3	-1.244783E-3
9.950000E-3	-9.939075E-4
9.955000E-3	-1.599848E-3
9.960000E-3	-2.436101E-3
9.965000E-3	-3.480732E-3
9.970000E-3	-4.518509E-3
9.975000E-3	-5.421937E-3
9.980000E-3	-6.296575E-3
9.985000E-3	-7.190406E-3
9.990000E-3	-8.410513E-3
9.995000E-3	-9.652555E-3
