0.000000E+0	1.545012E-3
5.000000E-6	1.486063E-3
1.000000E-5	1.587510E-3
1.500000E-5	1.613557E-3
2.000000E-5	1.664281E-3
2.500000E-5	1.606703E-3
3.000000E-5	1.505256E-3
3.500000E-5	1.518965E-3
4.000000E-5	1.627266E-3
4.500000E-5	1.732826E-3
5.000000E-5	1.693070E-3
5.500000E-5	1.665652E-3
6.000000E-5	1.649201E-3
6.500000E-5	1.625896E-3
7.000000E-5	1.672506E-3
7.500000E-5	1.606703E-3
8.000000E-5	1.672506E-3
8.500000E-5	1.527190E-3
9.000000E-5	1.602590E-3
9.500000E-5	1.583397E-3
1.000000E-4	1.473725E-3
1.050000E-4	1.583397E-3
1.100000E-4	1.520336E-3
1.150000E-4	1.412034E-3
1.200000E-4	1.528561E-3
1.250000E-4	1.632750E-3
1.300000E-4	1.554608E-3
1.350000E-4	1.568317E-3
1.400000E-4	1.433969E-3
1.450000E-4	1.547754E-3
1.500000E-4	1.640975E-3
1.550000E-4	1.875401E-3
1.600000E-4	1.857579E-3
1.650000E-4	1.706779E-3
1.700000E-4	1.658797E-3
1.750000E-4	1.760244E-3
1.800000E-4	1.635492E-3
1.850000E-4	1.501143E-3
1.900000E-4	1.532674E-3
1.950000E-4	1.454532E-3
2.000000E-4	1.624525E-3
2.050000E-4	1.592994E-3
2.100000E-4	1.727343E-3
2.150000E-4	1.571059E-3
2.200000E-4	1.704037E-3
2.250000E-4	1.517594E-3
2.300000E-4	1.451790E-3
2.350000E-4	1.499772E-3
2.400000E-4	1.730084E-3
2.450000E-4	1.499772E-3
2.500000E-4	1.577914E-3
2.550000E-4	1.495659E-3
2.600000E-4	1.390100E-3
2.650000E-4	1.625896E-3
2.700000E-4	1.647830E-3
2.750000E-4	1.673877E-3
2.800000E-4	1.595736E-3
2.850000E-4	1.602590E-3
2.900000E-4	1.517594E-3
2.950000E-4	1.486063E-3
3.000000E-4	1.418889E-3
3.050000E-4	1.462758E-3
3.100000E-4	1.325667E-3
3.150000E-4	1.468241E-3
3.200000E-4	1.443565E-3
3.250000E-4	1.653314E-3
3.300000E-4	1.854837E-3
3.350000E-4	1.819193E-3
3.400000E-4	1.871288E-3
3.450000E-4	1.545012E-3
3.500000E-4	1.632750E-3
3.550000E-4	1.550496E-3
3.600000E-4	1.492918E-3
3.650000E-4	1.635492E-3
3.700000E-4	1.690328E-3
3.750000E-4	1.582026E-3
3.800000E-4	1.518965E-3
3.850000E-4	1.667023E-3
3.900000E-4	1.812339E-3
3.950000E-4	1.688957E-3
4.000000E-4	1.532674E-3
4.050000E-4	1.572430E-3
4.100000E-4	1.442194E-3
4.150000E-4	1.624525E-3
4.200000E-4	1.735568E-3
4.250000E-4	1.742423E-3
4.300000E-4	1.608074E-3
4.350000E-4	1.621783E-3
4.400000E-4	1.715004E-3
4.450000E-4	1.676619E-3
4.500000E-4	1.672506E-3
4.550000E-4	1.595736E-3
4.600000E-4	1.598477E-3
4.650000E-4	1.568317E-3
4.700000E-4	1.741052E-3
4.750000E-4	1.701295E-3
4.800000E-4	1.528561E-3
4.850000E-4	1.477838E-3
4.900000E-4	1.697183E-3
4.950000E-4	1.724601E-3
5.000000E-4	1.694441E-3
5.050000E-4	1.646459E-3
5.100000E-4	1.625896E-3
5.150000E-4	1.601219E-3
5.200000E-4	1.439452E-3
5.250000E-4	1.566947E-3
5.300000E-4	1.523077E-3
5.350000E-4	1.695812E-3
5.400000E-4	1.465499E-3
5.450000E-4	1.453161E-3
5.500000E-4	1.518965E-3
5.550000E-4	1.425743E-3
5.600000E-4	1.376390E-3
5.650000E-4	1.490176E-3
5.700000E-4	1.406550E-3
5.750000E-4	1.525819E-3
5.800000E-4	1.573801E-3
5.850000E-4	1.560092E-3
5.900000E-4	1.634121E-3
5.950000E-4	1.782179E-3
6.000000E-4	1.717746E-3
6.050000E-4	1.852095E-3
6.100000E-4	1.642346E-3
6.150000E-4	1.675248E-3
6.200000E-4	1.588881E-3
6.250000E-4	1.634121E-3
6.300000E-4	1.731455E-3
6.350000E-4	1.590252E-3
6.400000E-4	1.503885E-3
6.450000E-4	1.601219E-3
6.500000E-4	1.677990E-3
6.550000E-4	1.614928E-3
6.600000E-4	1.687586E-3
6.650000E-4	1.562834E-3
6.700000E-4	1.517594E-3
6.750000E-4	1.687586E-3
6.800000E-4	1.738310E-3
6.850000E-4	1.592994E-3
6.900000E-4	1.497030E-3
6.950000E-4	1.584768E-3
7.000000E-4	1.761615E-3
7.050000E-4	1.621783E-3
7.100000E-4	1.658797E-3
7.150000E-4	1.690328E-3
7.200000E-4	1.590252E-3
7.250000E-4	1.576543E-3
7.300000E-4	1.732826E-3
7.350000E-4	1.804113E-3
7.400000E-4	1.664281E-3
7.450000E-4	1.543641E-3
7.500000E-4	1.549125E-3
7.550000E-4	1.444936E-3
7.600000E-4	1.380503E-3
7.650000E-4	1.554608E-3
7.700000E-4	1.621783E-3
7.750000E-4	1.521707E-3
7.800000E-4	1.619041E-3
7.850000E-4	1.560092E-3
7.900000E-4	1.561463E-3
7.950000E-4	1.309216E-3
8.000000E-4	1.512110E-3
8.050000E-4	1.568317E-3
8.100000E-4	1.416147E-3
8.150000E-4	1.421630E-3
8.200000E-4	1.569688E-3
8.250000E-4	1.498401E-3
8.300000E-4	1.671135E-3
8.350000E-4	1.858950E-3
8.400000E-4	1.660168E-3
8.450000E-4	1.620412E-3
8.500000E-4	1.614928E-3
8.550000E-4	1.494288E-3
8.600000E-4	1.480579E-3
8.650000E-4	1.405180E-3
8.700000E-4	1.427114E-3
8.750000E-4	1.783550E-3
8.800000E-4	1.623154E-3
8.850000E-4	1.528561E-3
8.900000E-4	1.553237E-3
8.950000E-4	1.420259E-3
9.000000E-4	1.518965E-3
9.050000E-4	1.634121E-3
9.100000E-4	1.630008E-3
9.150000E-4	1.620412E-3
9.200000E-4	1.438081E-3
9.250000E-4	1.516223E-3
9.300000E-4	1.520336E-3
9.350000E-4	1.364052E-3
9.400000E-4	1.490176E-3
9.450000E-4	1.521707E-3
9.500000E-4	1.492918E-3
9.550000E-4	1.492918E-3
9.600000E-4	1.536787E-3
9.650000E-4	1.568317E-3
9.700000E-4	1.562834E-3
9.750000E-4	1.557350E-3
9.800000E-4	1.491547E-3
9.850000E-4	1.534045E-3
9.900000E-4	1.475096E-3
9.950000E-4	1.469612E-3
1.000000E-3	1.539528E-3
1.005000E-3	1.603961E-3
1.010000E-3	1.506627E-3
1.015000E-3	1.527190E-3
1.020000E-3	1.634121E-3
1.025000E-3	1.647830E-3
1.030000E-3	1.512110E-3
1.035000E-3	1.466870E-3
1.040000E-3	1.660168E-3
1.045000E-3	1.542270E-3
1.050000E-3	1.597106E-3
1.055000E-3	1.684844E-3
1.060000E-3	1.586139E-3
1.065000E-3	1.433969E-3
1.070000E-3	1.490176E-3
1.075000E-3	1.623154E-3
1.080000E-3	1.577914E-3
1.085000E-3	1.798630E-3
1.090000E-3	1.635492E-3
1.095000E-3	1.453161E-3
1.100000E-3	1.417518E-3
1.105000E-3	1.592994E-3
1.110000E-3	1.632750E-3
1.115000E-3	1.564205E-3
1.120000E-3	1.523077E-3
1.125000E-3	1.440823E-3
1.130000E-3	1.461387E-3
1.135000E-3	1.658797E-3
1.140000E-3	1.911044E-3
1.145000E-3	1.878142E-3
1.150000E-3	1.706779E-3
1.155000E-3	1.398325E-3
1.160000E-3	1.414776E-3
1.165000E-3	1.558721E-3
1.170000E-3	1.591623E-3
1.175000E-3	1.458645E-3
1.180000E-3	1.388729E-3
1.185000E-3	1.512110E-3
1.190000E-3	1.695812E-3
1.195000E-3	1.721859E-3
1.200000E-3	1.708150E-3
1.205000E-3	1.502514E-3
1.210000E-3	1.444936E-3
1.215000E-3	1.311958E-3
1.220000E-3	1.350343E-3
1.225000E-3	1.513481E-3
1.230000E-3	1.632750E-3
1.235000E-3	1.656055E-3
1.240000E-3	1.513481E-3
1.245000E-3	1.433969E-3
1.250000E-3	1.531303E-3
1.255000E-3	1.562834E-3
1.260000E-3	1.597106E-3
1.265000E-3	1.579285E-3
1.270000E-3	1.506627E-3
1.275000E-3	1.562834E-3
1.280000E-3	1.739681E-3
1.285000E-3	1.634121E-3
1.290000E-3	1.455903E-3
1.295000E-3	1.497030E-3
1.300000E-3	1.481950E-3
1.305000E-3	1.656055E-3
1.310000E-3	1.656055E-3
1.315000E-3	1.676619E-3
1.320000E-3	1.599848E-3
1.325000E-3	1.560092E-3
1.330000E-3	1.539528E-3
1.335000E-3	1.254380E-3
1.340000E-3	1.420259E-3
1.345000E-3	1.490176E-3
1.350000E-3	1.420259E-3
1.355000E-3	1.609445E-3
1.360000E-3	1.458645E-3
1.365000E-3	1.461387E-3
1.370000E-3	1.566947E-3
1.375000E-3	1.798630E-3
1.380000E-3	1.869917E-3
1.385000E-3	1.730084E-3
1.390000E-3	1.699924E-3
1.395000E-3	1.608074E-3
1.400000E-3	1.597106E-3
1.405000E-3	1.738310E-3
1.410000E-3	1.587510E-3
1.415000E-3	1.464128E-3
1.420000E-3	1.558721E-3
1.425000E-3	1.650572E-3
1.430000E-3	1.639605E-3
1.435000E-3	1.587510E-3
1.440000E-3	1.425743E-3
1.445000E-3	1.686215E-3
1.450000E-3	1.804113E-3
1.455000E-3	1.538157E-3
1.460000E-3	1.465499E-3
1.465000E-3	1.380503E-3
1.470000E-3	1.464128E-3
1.475000E-3	1.716375E-3
1.480000E-3	1.768470E-3
1.485000E-3	1.699924E-3
1.490000E-3	1.736939E-3
1.495000E-3	1.592994E-3
1.500000E-3	1.656055E-3
1.505000E-3	1.564205E-3
1.510000E-3	1.476467E-3
1.515000E-3	1.547754E-3
1.520000E-3	1.642346E-3
1.525000E-3	1.682103E-3
1.530000E-3	1.555979E-3
1.535000E-3	1.509368E-3
1.540000E-3	1.506627E-3
1.545000E-3	1.470983E-3
1.550000E-3	1.528561E-3
1.555000E-3	1.587510E-3
1.560000E-3	1.473725E-3
1.565000E-3	1.465499E-3
1.570000E-3	1.469612E-3
1.575000E-3	1.539528E-3
1.580000E-3	1.555979E-3
1.585000E-3	1.660168E-3
1.590000E-3	1.642346E-3
1.595000E-3	1.523077E-3
1.600000E-3	1.642346E-3
1.605000E-3	1.730084E-3
1.610000E-3	1.547754E-3
1.615000E-3	1.542270E-3
1.620000E-3	1.545012E-3
1.625000E-3	1.630008E-3
1.630000E-3	1.597106E-3
1.635000E-3	1.558721E-3
1.640000E-3	1.568317E-3
1.645000E-3	1.502514E-3
1.650000E-3	1.507998E-3
1.655000E-3	1.516223E-3
1.660000E-3	1.571059E-3
1.665000E-3	1.555979E-3
1.670000E-3	1.439452E-3
1.675000E-3	1.668394E-3
1.680000E-3	1.527190E-3
1.685000E-3	1.424372E-3
1.690000E-3	1.575172E-3
1.695000E-3	1.506627E-3
1.700000E-3	1.391470E-3
1.705000E-3	1.458645E-3
1.710000E-3	1.592994E-3
1.715000E-3	1.583397E-3
1.720000E-3	1.710892E-3
1.725000E-3	1.566947E-3
1.730000E-3	1.499772E-3
1.735000E-3	1.418889E-3
1.740000E-3	1.529932E-3
1.745000E-3	1.438081E-3
1.750000E-3	1.495659E-3
1.755000E-3	1.675248E-3
1.760000E-3	1.686215E-3
1.765000E-3	1.588881E-3
1.770000E-3	1.603961E-3
1.775000E-3	1.691699E-3
1.780000E-3	1.517594E-3
1.785000E-3	1.525819E-3
1.790000E-3	1.461387E-3
1.795000E-3	1.490176E-3
1.800000E-3	1.532674E-3
1.805000E-3	1.628637E-3
1.810000E-3	1.461387E-3
1.815000E-3	1.421630E-3
1.820000E-3	1.514852E-3
1.825000E-3	1.518965E-3
1.830000E-3	1.424372E-3
1.835000E-3	1.311958E-3
1.840000E-3	1.248896E-3
1.845000E-3	1.355827E-3
1.850000E-3	1.576543E-3
1.855000E-3	1.643717E-3
1.860000E-3	1.676619E-3
1.865000E-3	1.713634E-3
1.870000E-3	1.569688E-3
1.875000E-3	1.664281E-3
1.880000E-3	1.608074E-3
1.885000E-3	1.586139E-3
1.890000E-3	1.643717E-3
1.895000E-3	1.784921E-3
1.900000E-3	1.865804E-3
1.905000E-3	1.653314E-3
1.910000E-3	1.480579E-3
1.915000E-3	1.546383E-3
1.920000E-3	1.436710E-3
1.925000E-3	1.425743E-3
1.930000E-3	1.403809E-3
1.935000E-3	1.370907E-3
1.940000E-3	1.651943E-3
1.945000E-3	1.614928E-3
1.950000E-3	1.577914E-3
1.955000E-3	1.623154E-3
1.960000E-3	1.660168E-3
1.965000E-3	1.383245E-3
1.970000E-3	1.487434E-3
1.975000E-3	1.346231E-3
1.980000E-3	1.553237E-3
1.985000E-3	1.507998E-3
1.990000E-3	1.591623E-3
1.995000E-3	1.481950E-3
2.000000E-3	1.527190E-3
2.005000E-3	1.512110E-3
2.010000E-3	1.495659E-3
2.015000E-3	1.503885E-3
2.020000E-3	1.509368E-3
2.025000E-3	1.621783E-3
2.030000E-3	1.535416E-3
2.035000E-3	1.628637E-3
2.040000E-3	1.564205E-3
2.045000E-3	1.539528E-3
2.050000E-3	1.268089E-3
2.055000E-3	1.321554E-3
2.060000E-3	1.202285E-3
2.065000E-3	1.506627E-3
2.070000E-3	1.616299E-3
2.075000E-3	1.590252E-3
2.080000E-3	1.529932E-3
2.085000E-3	1.414776E-3
2.090000E-3	1.305103E-3
2.095000E-3	1.453161E-3
2.100000E-3	1.594365E-3
2.105000E-3	1.713634E-3
2.110000E-3	1.787663E-3
2.115000E-3	1.686215E-3
2.120000E-3	1.801372E-3
2.125000E-3	1.732826E-3
2.130000E-3	1.636863E-3
2.135000E-3	1.495659E-3
2.140000E-3	1.730084E-3
2.145000E-3	1.495659E-3
2.150000E-3	1.610816E-3
2.155000E-3	1.435339E-3
2.160000E-3	1.442194E-3
2.165000E-3	1.450419E-3
2.170000E-3	1.458645E-3
2.175000E-3	1.409292E-3
2.180000E-3	1.472354E-3
2.185000E-3	1.405180E-3
2.190000E-3	1.483321E-3
2.195000E-3	1.619041E-3
2.200000E-3	1.523077E-3
2.205000E-3	1.590252E-3
2.210000E-3	1.577914E-3
2.215000E-3	1.527190E-3
2.220000E-3	1.525819E-3
2.225000E-3	1.614928E-3
2.230000E-3	1.525819E-3
2.235000E-3	1.302361E-3
2.240000E-3	1.428485E-3
2.245000E-3	1.591623E-3
2.250000E-3	1.634121E-3
2.255000E-3	1.650572E-3
2.260000E-3	1.791775E-3
2.265000E-3	1.694441E-3
2.270000E-3	1.528561E-3
2.275000E-3	1.595736E-3
2.280000E-3	1.767099E-3
2.285000E-3	1.787663E-3
2.290000E-3	1.568317E-3
2.295000E-3	1.854837E-3
2.300000E-3	1.810968E-3
2.305000E-3	1.773953E-3
2.310000E-3	1.455903E-3
2.315000E-3	1.520336E-3
2.320000E-3	1.587510E-3
2.325000E-3	1.634121E-3
2.330000E-3	1.609445E-3
2.335000E-3	1.598477E-3
2.340000E-3	1.442194E-3
2.345000E-3	1.643717E-3
2.350000E-3	1.350343E-3
2.355000E-3	1.672506E-3
2.360000E-3	1.263976E-3
2.365000E-3	1.798630E-3
2.370000E-3	1.229703E-3
2.375000E-3	1.783550E-3
2.380000E-3	1.124144E-3
2.385000E-3	2.083778E-3
2.390000E-3	1.162529E-3
2.395000E-3	2.178371E-3
2.400000E-3	8.348823E-4
2.405000E-3	2.437472E-3
2.410000E-3	5.031228E-4
2.415000E-3	2.800763E-3
2.420000E-3	6.306171E-5
2.425000E-3	3.520489E-3
2.430000E-3	-7.553697E-4
2.435000E-3	4.323840E-3
2.440000E-3	-1.713634E-3
2.445000E-3	5.591929E-3
2.450000E-3	-3.532827E-3
2.455000E-3	1.095355E-2
2.460000E-3	-7.768929E-3
2.465000E-3	1.435065E-2
2.470000E-3	-5.642241E-2
2.475000E-3	-4.497822E-1
2.480000E-3	-4.319604E-1
2.485000E-3	-3.502653E-1
2.490000E-3	-4.680043E-1
2.495000E-3	-4.667938E-3
2.500000E-3	5.820870E-1
2.505000E-3	1.171944E+0
2.510000E-3	7.715203E-1
2.515000E-3	-3.366536E-2
2.520000E-3	4.712643E-1
2.525000E-3	-1.788485E-2
2.530000E-3	-4.843140E-1
2.535000E-3	3.023412E-1
2.540000E-3	1.134658E-1
2.545000E-3	-5.932846E-1
2.550000E-3	-2.387571E-2
2.555000E-3	1.604413E-1
2.560000E-3	-4.851393E-1
2.565000E-3	-2.067040E-1
2.570000E-3	3.748059E-2
2.575000E-3	-4.307513E-1
2.580000E-3	-1.244194E-1
2.585000E-3	1.636356E-1
2.590000E-3	-2.158452E-1
2.595000E-3	2.119422E-2
2.600000E-3	4.457929E-1
2.605000E-3	2.656817E-2
2.610000E-3	-1.215624E-1
2.615000E-3	3.071421E-1
2.620000E-3	9.778953E-2
2.625000E-3	-2.973634E-1
2.630000E-3	1.217927E-1
2.635000E-3	7.735205E-2
2.640000E-3	-2.414290E-1
2.645000E-3	2.748504E-1
2.650000E-3	2.646508E-1
2.655000E-3	-3.088269E-1
2.660000E-3	-5.111289E-2
2.665000E-3	1.840100E-1
2.670000E-3	-2.562115E-1
2.675000E-3	-9.692174E-2
2.680000E-3	2.236593E-1
2.685000E-3	-1.729797E-1
2.690000E-3	-6.567055E-2
2.695000E-3	2.354245E-1
2.700000E-3	-9.923995E-2
2.705000E-3	-1.043383E-1
2.710000E-3	1.582931E-1
2.715000E-3	-4.694670E-2
2.720000E-3	-2.612948E-3
2.725000E-3	3.346164E-1
2.730000E-3	6.946248E-2
2.735000E-3	-8.223659E-2
2.740000E-3	9.390026E-2
2.745000E-3	-1.710055E-1
2.750000E-3	-2.352366E-1
2.755000E-3	7.400566E-2
2.760000E-3	-2.767175E-2
2.765000E-3	-1.433667E-1
2.770000E-3	9.122151E-2
2.775000E-3	8.942562E-2
2.780000E-3	-1.197857E-1
2.785000E-3	7.603049E-3
2.790000E-3	1.167039E-1
2.795000E-3	-5.829096E-2
2.800000E-3	7.964969E-4
2.805000E-3	1.299441E-1
2.810000E-3	-5.803734E-2
2.815000E-3	-9.383172E-2
2.820000E-3	5.853635E-2
2.825000E-3	-4.988730E-2
2.830000E-3	-4.136574E-2
2.835000E-3	1.945975E-1
2.840000E-3	5.799347E-2
2.845000E-3	-1.317291E-1
2.850000E-3	3.911334E-2
2.855000E-3	1.081645E-2
2.860000E-3	-9.798282E-2
2.865000E-3	2.002347E-2
2.870000E-3	-2.426779E-2
2.875000E-3	-1.121703E-1
2.880000E-3	4.238433E-2
2.885000E-3	6.755143E-2
2.890000E-3	-5.788243E-2
2.895000E-3	4.921830E-2
2.900000E-3	1.042191E-1
2.905000E-3	-3.455096E-2
2.910000E-3	6.225836E-2
2.915000E-3	7.425106E-2
2.920000E-3	-6.304252E-2
2.925000E-3	-1.810968E-2
2.930000E-3	5.232888E-2
2.935000E-3	-4.134792E-2
2.940000E-3	-4.602134E-2
2.945000E-3	1.542270E-3
2.950000E-3	-1.046386E-1
2.955000E-3	-1.029510E-1
2.960000E-3	-4.234731E-3
2.965000E-3	-3.165150E-2
2.970000E-3	2.609384E-2
2.975000E-3	1.527903E-1
2.980000E-3	1.056750E-1
2.985000E-3	4.892355E-2
2.990000E-3	5.775082E-2
2.995000E-3	2.599925E-2
3.000000E-3	6.596804E-3
3.005000E-3	8.060932E-3
3.010000E-3	-6.264770E-2
3.015000E-3	-1.078396E-1
3.020000E-3	-1.623154E-2
3.025000E-3	-1.219422E-2
3.030000E-3	-1.766825E-2
3.035000E-3	5.338037E-2
3.040000E-3	2.064586E-3
3.045000E-3	-6.850284E-2
3.050000E-3	-3.380793E-2
3.055000E-3	-2.949780E-2
3.060000E-3	-4.924983E-2
3.065000E-3	-7.356286E-3
3.070000E-3	2.767313E-2
3.075000E-3	2.779514E-2
3.080000E-3	7.621419E-2
3.085000E-3	8.321130E-2
3.090000E-3	1.040792E-2
3.095000E-3	3.001875E-2
3.100000E-3	2.551806E-2
3.105000E-3	-5.000931E-2
3.110000E-3	-3.911197E-2
3.115000E-3	-2.998585E-2
3.120000E-3	-7.405913E-2
3.125000E-3	-2.618706E-2
3.130000E-3	8.417779E-2
3.135000E-3	6.785852E-2
3.140000E-3	7.202744E-3
3.145000E-3	2.747571E-2
3.150000E-3	1.412034E-3
3.155000E-3	-1.463854E-2
3.160000E-3	3.673071E-2
3.165000E-3	2.791166E-2
3.170000E-3	2.423763E-3
3.175000E-3	1.220655E-2
3.180000E-3	-9.408534E-3
3.185000E-3	-6.025821E-2
3.190000E-3	-5.576849E-2
3.195000E-3	-1.924342E-2
3.200000E-3	-1.399696E-2
3.205000E-3	2.070206E-2
3.210000E-3	3.675127E-2
3.215000E-3	-2.282560E-3
3.220000E-3	-6.439149E-3
3.225000E-3	3.288805E-3
3.230000E-3	-1.401067E-3
3.235000E-3	2.803367E-2
3.240000E-3	4.850131E-2
3.245000E-3	1.283991E-2
3.250000E-3	-2.229917E-2
3.255000E-3	-1.797259E-2
3.260000E-3	-4.730999E-2
3.265000E-3	-5.803597E-2
3.270000E-3	-6.104648E-3
3.275000E-3	5.291700E-4
3.280000E-3	-1.198447E-2
3.285000E-3	2.560991E-2
3.290000E-3	5.541891E-2
3.295000E-3	5.447298E-2
3.300000E-3	4.645729E-2
3.305000E-3	4.045135E-2
3.310000E-3	1.353770E-2
3.315000E-3	1.007754E-2
3.320000E-3	1.318675E-2
3.325000E-3	-1.164722E-2
3.330000E-3	-1.166779E-2
3.335000E-3	-1.141143E-2
3.340000E-3	-1.447678E-2
3.345000E-3	-1.401067E-2
3.350000E-3	-3.663063E-2
3.355000E-3	-3.961647E-2
3.360000E-3	-2.280504E-2
3.365000E-3	-7.423460E-3
3.370000E-3	6.195128E-3
3.375000E-3	2.426505E-4
3.380000E-3	-3.835797E-3
3.385000E-3	-6.738007E-3
3.390000E-3	-1.270831E-2
3.395000E-3	-9.390712E-3
3.400000E-3	1.297289E-2
3.405000E-3	4.067343E-2
3.410000E-3	3.040260E-2
3.415000E-3	2.206475E-2
3.420000E-3	2.950877E-2
3.425000E-3	1.862103E-2
3.430000E-3	1.706916E-2
3.435000E-3	1.905012E-2
3.440000E-3	1.397365E-2
3.445000E-3	-9.843111E-4
3.450000E-3	1.741052E-4
3.455000E-3	-5.175173E-3
3.460000E-3	-3.242743E-2
3.465000E-3	-3.209019E-2
3.470000E-3	-3.396970E-2
3.475000E-3	-5.637169E-2
3.480000E-3	-3.172415E-2
3.485000E-3	1.784509E-2
3.490000E-3	1.962864E-2
3.495000E-3	1.215857E-2
3.500000E-3	3.580672E-2
3.505000E-3	2.950740E-2
3.510000E-3	-4.496574E-4
3.515000E-3	1.030922E-3
3.520000E-3	6.864130E-3
3.525000E-3	5.297184E-3
3.530000E-3	1.495659E-2
3.535000E-3	2.641737E-3
3.540000E-3	-2.464342E-2
3.545000E-3	-2.085149E-2
3.550000E-3	-1.771760E-2
3.555000E-3	-1.610678E-2
3.560000E-3	1.665789E-2
3.565000E-3	3.284556E-2
3.570000E-3	2.037853E-2
3.575000E-3	9.198785E-3
3.580000E-3	-3.419042E-3
3.585000E-3	-1.389140E-2
3.590000E-3	-9.939075E-3
3.595000E-3	1.357198E-4
3.600000E-3	3.131151E-3
3.605000E-3	1.115370E-2
3.610000E-3	8.340597E-3
3.615000E-3	5.419195E-3
3.620000E-3	2.502042E-2
3.625000E-3	2.805561E-2
3.630000E-3	-2.907693E-3
3.635000E-3	-2.180153E-2
3.640000E-3	-1.884037E-2
3.645000E-3	-1.451927E-2
3.650000E-3	-8.812189E-3
3.655000E-3	-7.012188E-3
3.660000E-3	-1.304829E-2
3.665000E-3	-1.164997E-2
3.670000E-3	-2.763748E-3
3.675000E-3	-4.811883E-3
3.680000E-3	-1.197898E-2
3.685000E-3	1.299620E-3
3.690000E-3	1.837289E-2
3.695000E-3	1.823169E-2
3.700000E-3	2.576345E-2
3.705000E-3	3.144997E-2
3.710000E-3	1.877594E-2
3.715000E-3	2.261585E-2
3.720000E-3	3.121281E-2
3.725000E-3	2.959102E-2
3.730000E-3	2.579772E-2
3.735000E-3	1.006520E-2
3.740000E-3	-1.841813E-2
3.745000E-3	-3.473192E-2
3.750000E-3	-2.452415E-2
3.755000E-3	-2.594167E-2
3.760000E-3	-2.094883E-2
3.765000E-3	5.620718E-3
3.770000E-3	-3.523231E-4
3.775000E-3	-1.148820E-2
3.780000E-3	-2.431989E-3
3.785000E-3	-7.981420E-3
3.790000E-3	-1.685256E-2
3.795000E-3	-7.057428E-3
3.800000E-3	5.763292E-3
3.805000E-3	7.927954E-3
3.810000E-3	1.100564E-2
3.815000E-3	8.976698E-3
3.820000E-3	4.617214E-3
3.825000E-3	5.050421E-3
3.830000E-3	-3.148973E-3
3.835000E-3	9.925365E-4
3.840000E-3	1.612598E-2
3.845000E-3	8.625746E-3
3.850000E-3	9.674489E-3
3.855000E-3	2.317792E-2
3.860000E-3	7.600307E-3
3.865000E-3	-8.095205E-3
3.870000E-3	3.406703E-3
3.875000E-3	1.184464E-3
3.880000E-3	-8.712113E-3
3.885000E-3	2.534807E-3
3.890000E-3	5.427420E-3
3.895000E-3	2.906322E-3
3.900000E-3	1.696497E-2
3.905000E-3	1.355690E-2
3.910000E-3	-6.078601E-3
3.915000E-3	-9.396195E-3
3.920000E-3	-1.446033E-2
3.925000E-3	-1.697457E-2
3.930000E-3	3.704190E-3
3.935000E-3	1.303184E-2
3.940000E-3	2.585530E-3
3.945000E-3	9.420872E-3
3.950000E-3	1.122499E-2
3.955000E-3	-9.451032E-3
3.960000E-3	-1.599985E-2
3.965000E-3	-2.625698E-2
3.970000E-3	-4.382515E-2
3.975000E-3	-2.474350E-2
3.980000E-3	-6.362379E-3
3.985000E-3	-1.039970E-2
3.990000E-3	5.162835E-3
3.995000E-3	2.114761E-2
4.000000E-3	1.344585E-2
4.005000E-3	1.951760E-2
4.010000E-3	2.922499E-2
4.015000E-3	1.532537E-2
4.020000E-3	1.790541E-2
4.025000E-3	3.062743E-2
4.030000E-3	1.966566E-2
4.035000E-3	1.457000E-2
4.040000E-3	8.835495E-3
4.045000E-3	-1.463032E-2
4.050000E-3	-1.462346E-2
4.055000E-3	2.532065E-3
4.060000E-3	-1.636863E-3
4.065000E-3	-1.798630E-3
4.070000E-3	8.289874E-3
4.075000E-3	-6.052554E-3
4.080000E-3	-2.056634E-2
4.085000E-3	-8.431077E-3
4.090000E-3	-4.958570E-3
4.095000E-3	-2.257884E-3
4.100000E-3	1.637685E-2
4.105000E-3	1.170617E-2
4.110000E-3	1.538157E-3
4.115000E-3	1.150191E-2
4.120000E-3	5.467176E-3
4.125000E-3	-9.342730E-3
4.130000E-3	-2.515614E-3
4.135000E-3	2.229095E-3
4.140000E-3	-3.225744E-3
4.145000E-3	8.465350E-3
4.150000E-3	1.233542E-2
4.155000E-3	5.565882E-4
4.160000E-3	1.068485E-2
4.165000E-3	1.471806E-2
4.170000E-3	-2.896726E-3
4.175000E-3	-2.178371E-3
4.180000E-3	-2.035797E-3
4.185000E-3	-1.614654E-2
4.190000E-3	-9.669006E-3
4.195000E-3	5.648136E-3
4.200000E-3	-3.822088E-3
4.205000E-3	-1.100427E-2
4.210000E-3	-6.018281E-3
4.215000E-3	-1.211745E-2
4.220000E-3	-5.483627E-3
4.225000E-3	1.050800E-2
4.230000E-3	2.873421E-3
4.235000E-3	2.954304E-3
4.240000E-3	1.789582E-2
4.245000E-3	1.442468E-2
4.250000E-3	9.270072E-3
4.255000E-3	1.559132E-2
4.260000E-3	8.051336E-3
4.265000E-3	-9.582639E-4
4.270000E-3	3.872812E-3
4.275000E-3	7.087588E-4
4.280000E-3	-2.104342E-3
4.285000E-3	4.519880E-3
4.290000E-3	-6.182790E-4
4.295000E-3	-4.397869E-3
4.300000E-3	7.300079E-3
4.305000E-3	1.150054E-2
4.310000E-3	1.067799E-2
4.315000E-3	1.482910E-2
4.320000E-3	9.105563E-3
4.325000E-3	-2.862453E-3
4.330000E-3	-6.322622E-3
4.335000E-3	-6.984770E-3
4.340000E-3	-9.222090E-3
4.345000E-3	-7.305562E-3
4.350000E-3	-4.418433E-3
4.355000E-3	-6.451488E-3
4.360000E-3	-7.230163E-3
4.365000E-3	-7.975936E-3
4.370000E-3	-1.383245E-2
4.375000E-3	-1.453024E-2
4.380000E-3	-8.588731E-3
4.385000E-3	-6.030619E-3
4.390000E-3	-4.308760E-3
4.395000E-3	3.057122E-4
4.400000E-3	6.705105E-3
4.405000E-3	1.178569E-2
4.410000E-3	1.450282E-2
4.415000E-3	1.659346E-2
4.420000E-3	1.535690E-2
4.425000E-3	1.018584E-2
4.430000E-3	5.136788E-3
4.435000E-3	-1.210511E-3
4.440000E-3	-1.039010E-2
4.445000E-3	-9.736180E-3
4.450000E-3	-7.923841E-4
4.455000E-3	4.820108E-3
4.460000E-3	7.904649E-3
4.465000E-3	1.026261E-2
4.470000E-3	1.055187E-2
4.475000E-3	1.193923E-2
4.480000E-3	1.293862E-2
4.485000E-3	9.183705E-3
4.490000E-3	6.232142E-3
4.495000E-3	6.583095E-3
4.500000E-3	3.815234E-3
4.505000E-3	-3.015995E-4
4.510000E-3	-2.479970E-3
4.515000E-3	-1.716375E-3
4.520000E-3	2.421021E-3
4.525000E-3	3.568470E-3
4.530000E-3	-2.545774E-3
4.535000E-3	-8.480430E-3
4.540000E-3	-9.688199E-3
4.545000E-3	-9.415388E-3
4.550000E-3	-9.345472E-3
4.555000E-3	-7.831991E-3
4.560000E-3	-4.784465E-3
4.565000E-3	-4.057884E-4
4.570000E-3	4.489720E-3
4.575000E-3	7.331610E-3
4.580000E-3	1.436847E-2
4.585000E-3	2.009064E-2
4.590000E-3	1.127434E-2
4.595000E-3	-7.704496E-4
4.600000E-3	-4.651487E-3
4.605000E-3	-6.155372E-3
4.610000E-3	-5.720794E-3
4.615000E-3	1.972735E-3
4.620000E-3	9.615541E-3
4.625000E-3	8.274794E-3
4.630000E-3	4.735112E-3
4.635000E-3	1.599848E-3
4.640000E-3	4.249811E-5
4.645000E-3	4.578829E-3
4.650000E-3	8.355677E-3
4.655000E-3	6.509066E-3
4.660000E-3	4.821479E-3
4.665000E-3	3.228486E-3
4.670000E-3	-2.294898E-3
4.675000E-3	-5.404115E-3
4.680000E-3	1.527190E-3
4.685000E-3	7.198632E-3
4.690000E-3	5.212188E-3
4.695000E-3	4.795432E-3
4.700000E-3	5.173802E-3
4.705000E-3	5.506933E-3
4.710000E-3	5.463064E-3
4.715000E-3	8.348823E-4
4.720000E-3	-5.977154E-3
4.725000E-3	-8.814931E-3
4.730000E-3	-8.649051E-3
4.735000E-3	-8.771062E-3
4.740000E-3	-5.014777E-3
4.745000E-3	-1.007617E-3
4.750000E-3	-4.157960E-3
4.755000E-3	-9.102821E-3
4.760000E-3	-1.324570E-2
4.765000E-3	-1.407921E-2
4.770000E-3	-6.736636E-3
4.775000E-3	3.472507E-3
4.780000E-3	1.196116E-2
4.785000E-3	1.905423E-2
4.790000E-3	2.189612E-2
4.795000E-3	1.775324E-2
4.800000E-3	1.361859E-2
4.805000E-3	1.047921E-2
4.810000E-3	1.893222E-3
4.815000E-3	-5.073726E-3
4.820000E-3	-6.849051E-3
4.825000E-3	-9.209752E-3
4.830000E-3	-8.860171E-3
4.835000E-3	-2.100229E-3
4.840000E-3	4.667938E-3
4.845000E-3	5.217671E-3
4.850000E-3	4.774868E-3
4.855000E-3	3.919423E-3
4.860000E-3	-5.894899E-5
4.865000E-3	-2.460778E-3
4.870000E-3	-3.616452E-3
4.875000E-3	-4.037321E-3
4.880000E-3	2.330542E-4
4.885000E-3	4.504800E-3
4.890000E-3	6.674945E-3
4.895000E-3	1.095080E-2
4.900000E-3	1.643169E-2
4.905000E-3	1.597929E-2
4.910000E-3	9.167254E-3
4.915000E-3	1.115918E-3
4.920000E-3	-7.073879E-4
4.925000E-3	-1.303458E-2
4.930000E-3	-2.355218E-2
4.935000E-3	-1.961219E-2
4.940000E-3	-1.401478E-2
4.945000E-3	-3.457838E-2
4.950000E-3	-1.700473E-2
4.955000E-3	-3.568470E-3
4.960000E-3	-1.432049E-2
4.965000E-3	7.019043E-4
4.970000E-3	9.437323E-3
4.975000E-3	5.146384E-3
4.980000E-3	1.025438E-2
4.985000E-3	1.744753E-2
4.990000E-3	6.255448E-3
4.995000E-3	1.034898E-2
5.000000E-3	2.529597E-2
5.005000E-3	2.840245E-2
5.010000E-3	4.396224E-2
5.015000E-3	5.637032E-2
5.020000E-3	3.851563E-2
5.025000E-3	2.966368E-2
5.030000E-3	1.931882E-2
5.035000E-3	-4.744709E-3
5.040000E-3	-1.730770E-2
5.045000E-3	-2.020305E-2
5.050000E-3	-3.116757E-2
5.055000E-3	-3.358036E-2
5.060000E-3	-2.302849E-2
5.065000E-3	-2.409232E-2
5.070000E-3	-1.642621E-2
5.075000E-3	-4.543185E-3
5.080000E-3	-1.016253E-2
5.085000E-3	-4.774868E-3
5.090000E-3	7.799089E-3
5.095000E-3	4.980505E-3
5.100000E-3	3.312111E-3
5.105000E-3	1.100016E-2
5.110000E-3	2.212644E-3
5.115000E-3	-3.517747E-3
5.120000E-3	7.812798E-3
5.125000E-3	1.827419E-3
5.130000E-3	-6.223917E-3
5.135000E-3	4.585683E-3
5.140000E-3	8.211732E-4
5.145000E-3	3.838539E-5
5.150000E-3	1.619589E-2
5.155000E-3	1.892674E-2
5.160000E-3	1.020777E-2
5.165000E-3	1.453161E-2
5.170000E-3	4.650116E-3
5.175000E-3	-9.574413E-3
5.180000E-3	-3.014624E-3
5.185000E-3	-1.909673E-3
5.190000E-3	-6.347299E-3
5.195000E-3	6.657124E-3
5.200000E-3	9.349585E-3
5.205000E-3	1.819193E-3
5.210000E-3	8.995891E-3
5.215000E-3	8.688807E-3
5.220000E-3	2.237320E-3
5.225000E-3	7.762074E-3
5.230000E-3	7.305562E-3
5.235000E-3	-2.855599E-3
5.240000E-3	-1.077533E-3
5.245000E-3	-1.290023E-3
5.250000E-3	-1.331013E-2
5.255000E-3	-1.070815E-2
5.260000E-3	-9.279668E-3
5.265000E-3	-1.206946E-2
5.270000E-3	-6.110132E-3
5.275000E-3	-3.516376E-3
5.280000E-3	-2.251029E-3
5.285000E-3	-7.937551E-4
5.290000E-3	2.455294E-3
5.295000E-3	-3.457427E-3
5.300000E-3	4.920185E-3
5.305000E-3	1.459330E-2
5.310000E-3	8.916378E-3
5.315000E-3	1.515400E-2
5.320000E-3	1.662087E-2
5.325000E-3	4.366338E-3
5.330000E-3	5.070984E-3
5.335000E-3	6.655753E-3
5.340000E-3	3.715158E-4
5.345000E-3	1.942575E-3
5.350000E-3	5.866110E-3
5.355000E-3	2.699316E-3
5.360000E-3	-1.830161E-3
5.365000E-3	3.314853E-3
5.370000E-3	-2.219498E-3
5.375000E-3	-4.419804E-3
5.380000E-3	-5.209446E-5
5.385000E-3	-1.636863E-3
5.390000E-3	-2.991319E-3
5.395000E-3	1.185834E-3
5.400000E-3	2.736330E-3
5.405000E-3	-6.470680E-4
5.410000E-3	-6.580353E-4
5.415000E-3	-2.618432E-3
5.420000E-3	-3.516376E-3
5.425000E-3	-1.857579E-3
5.430000E-3	-1.985073E-3
5.435000E-3	-6.498098E-4
5.440000E-3	3.982484E-3
5.445000E-3	5.829096E-3
5.450000E-3	6.137550E-3
5.455000E-3	5.383551E-3
5.460000E-3	2.471745E-3
5.465000E-3	-1.525819E-3
5.470000E-3	-4.445851E-3
5.475000E-3	-3.505409E-3
5.480000E-3	-1.551867E-3
5.485000E-3	-7.073879E-4
5.490000E-3	3.942728E-3
5.495000E-3	6.543338E-3
5.500000E-3	7.453620E-3
5.505000E-3	8.015692E-3
5.510000E-3	5.221784E-3
5.515000E-3	4.522622E-3
5.520000E-3	1.698554E-3
5.525000E-3	7.224679E-4
5.530000E-3	2.659559E-4
5.535000E-3	1.407921E-3
5.540000E-3	8.362532E-5
5.545000E-3	-7.745624E-4
5.550000E-3	-1.333892E-3
5.555000E-3	-2.763748E-3
5.560000E-3	1.033664E-3
5.565000E-3	2.877533E-3
5.570000E-3	4.173040E-3
5.575000E-3	6.562531E-3
5.580000E-3	6.550193E-3
5.585000E-3	4.072964E-3
5.590000E-3	4.340291E-3
5.595000E-3	5.517900E-3
5.600000E-3	1.773953E-3
5.605000E-3	-2.806246E-3
5.610000E-3	-3.229856E-3
5.615000E-3	-5.543947E-3
5.620000E-3	-5.916834E-3
5.625000E-3	-3.059864E-3
5.630000E-3	-1.671135E-3
5.635000E-3	6.511807E-4
5.640000E-3	5.053163E-3
5.645000E-3	6.208837E-3
5.650000E-3	3.477991E-3
5.655000E-3	4.806399E-3
5.660000E-3	6.533742E-3
5.665000E-3	7.557809E-3
5.670000E-3	1.043534E-2
5.675000E-3	1.024067E-2
5.680000E-3	7.542729E-3
5.685000E-3	2.748668E-3
5.690000E-3	-3.797412E-3
5.695000E-3	-1.021737E-2
5.700000E-3	-1.143748E-2
5.705000E-3	-7.696271E-3
5.710000E-3	-5.362988E-3
5.715000E-3	-1.396954E-3
5.720000E-3	2.891243E-3
5.725000E-3	3.776848E-3
5.730000E-3	5.076468E-3
5.735000E-3	5.439758E-3
5.740000E-3	2.625287E-3
5.745000E-3	2.227724E-3
5.750000E-3	1.691699E-3
5.755000E-3	-1.232445E-3
5.760000E-3	-1.852095E-3
5.765000E-3	2.248287E-4
5.770000E-3	7.896423E-4
5.775000E-3	1.384616E-3
5.780000E-3	5.504191E-3
5.785000E-3	6.254077E-3
5.790000E-3	5.293071E-3
5.795000E-3	5.168319E-3
5.800000E-3	2.978981E-3
5.805000E-3	-7.951260E-5
5.810000E-3	-1.343489E-3
5.815000E-3	-1.510739E-3
5.820000E-3	-3.009140E-3
5.825000E-3	-2.874792E-3
5.830000E-3	-1.638234E-3
5.835000E-3	-1.684844E-3
5.840000E-3	1.327038E-3
5.845000E-3	5.853772E-3
5.850000E-3	9.252250E-3
5.855000E-3	1.265210E-2
5.860000E-3	1.327175E-2
5.865000E-3	9.823918E-3
5.870000E-3	3.966033E-3
5.875000E-3	-2.113938E-3
5.880000E-3	-6.677687E-3
5.885000E-3	-8.369386E-3
5.890000E-3	-7.249355E-3
5.895000E-3	-5.271137E-3
5.900000E-3	-3.697336E-3
5.905000E-3	-2.362072E-3
5.910000E-3	-3.421783E-3
5.915000E-3	-3.746688E-3
5.920000E-3	-2.182484E-3
5.925000E-3	-7.265806E-5
5.930000E-3	2.434731E-3
5.935000E-3	5.557656E-3
5.940000E-3	8.805335E-3
5.945000E-3	1.055872E-2
5.950000E-3	1.035857E-2
5.955000E-3	8.207619E-3
5.960000E-3	5.128562E-3
5.965000E-3	2.552629E-3
5.970000E-3	8.691549E-4
5.975000E-3	-2.166033E-4
5.980000E-3	-8.225441E-6
5.985000E-3	9.020567E-4
5.990000E-3	1.993299E-3
5.995000E-3	3.088653E-3
6.000000E-3	3.057122E-3
6.005000E-3	2.259254E-3
6.010000E-3	9.664893E-4
6.015000E-3	1.218736E-3
6.020000E-3	2.393603E-3
6.025000E-3	3.979743E-3
6.030000E-3	4.155219E-3
6.035000E-3	2.500534E-3
6.040000E-3	-5.415082E-4
6.045000E-3	-3.392994E-3
6.050000E-3	-5.463064E-3
6.055000E-3	-4.966795E-3
6.060000E-3	-1.073420E-3
6.065000E-3	4.189491E-3
6.070000E-3	7.640064E-3
6.075000E-3	8.463979E-3
6.080000E-3	7.757962E-3
6.085000E-3	5.833209E-3
6.090000E-3	4.996955E-3
6.095000E-3	4.277229E-3
6.100000E-3	2.654076E-3
6.105000E-3	9.747148E-4
6.110000E-3	-1.129627E-3
6.115000E-3	-2.870679E-3
6.120000E-3	-3.728867E-3
6.125000E-3	-3.990710E-3
6.130000E-3	-4.063368E-3
6.135000E-3	-3.270984E-3
6.140000E-3	-1.370907E-3
6.145000E-3	-4.866719E-4
6.150000E-3	4.140139E-4
6.155000E-3	2.858341E-3
6.160000E-3	5.421937E-3
6.165000E-3	7.482409E-3
6.170000E-3	8.686066E-3
6.175000E-3	8.076012E-3
6.180000E-3	7.065654E-3
6.185000E-3	7.039607E-3
6.190000E-3	7.038236E-3
6.195000E-3	6.321251E-3
6.200000E-3	5.175173E-3
6.205000E-3	2.274334E-3
6.210000E-3	-1.778066E-3
6.215000E-3	-4.617214E-3
6.220000E-3	-5.472660E-3
6.225000E-3	-4.693985E-3
6.230000E-3	-2.101600E-3
6.235000E-3	6.785989E-4
6.240000E-3	1.864433E-3
6.245000E-3	1.516223E-3
6.250000E-3	2.207160E-4
6.255000E-3	-7.964969E-4
6.260000E-3	9.185076E-5
6.265000E-3	2.460778E-3
6.270000E-3	4.900992E-3
6.275000E-3	6.729782E-3
6.280000E-3	7.319272E-3
6.285000E-3	5.275249E-3
6.290000E-3	1.773953E-3
6.295000E-3	-2.081037E-3
6.300000E-3	-6.384313E-3
6.305000E-3	-1.025575E-2
6.310000E-3	-1.323336E-2
6.315000E-3	-1.445758E-2
6.320000E-3	-1.304281E-2
6.325000E-3	-8.813560E-3
6.330000E-3	-2.718508E-3
6.335000E-3	3.398478E-3
6.340000E-3	8.920491E-3
6.345000E-3	1.301402E-2
6.350000E-3	1.455766E-2
6.355000E-3	1.436436E-2
6.360000E-3	1.188576E-2
6.365000E-3	7.674336E-3
6.370000E-3	3.456056E-3
6.375000E-3	9.774566E-4
6.380000E-3	7.485151E-4
6.385000E-3	1.805484E-3
6.390000E-3	2.839148E-3
6.395000E-3	3.398478E-3
6.400000E-3	3.376544E-3
6.405000E-3	3.225744E-3
6.410000E-3	2.951562E-3
6.415000E-3	2.811730E-3
6.420000E-3	2.763748E-3
6.425000E-3	1.957655E-3
6.430000E-3	1.322925E-3
6.435000E-3	8.376241E-4
6.440000E-3	-8.773804E-4
6.445000E-3	-2.984464E-3
6.450000E-3	-3.454685E-3
6.455000E-3	-2.553999E-3
6.460000E-3	-6.580353E-4
6.465000E-3	1.812339E-3
6.470000E-3	3.006399E-3
6.475000E-3	2.885759E-3
6.480000E-3	2.666414E-3
6.485000E-3	2.418280E-3
6.490000E-3	2.490938E-3
6.495000E-3	3.062606E-3
6.500000E-3	3.675401E-3
6.505000E-3	3.650725E-3
6.510000E-3	3.397107E-3
6.515000E-3	2.430618E-3
6.520000E-3	7.498860E-4
6.525000E-3	-5.593300E-4
6.530000E-3	-7.773042E-4
6.535000E-3	-3.975630E-5
6.540000E-3	2.703428E-3
6.545000E-3	6.665349E-3
6.550000E-3	9.823918E-3
6.555000E-3	1.158416E-2
6.560000E-3	1.168561E-2
6.565000E-3	1.015568E-2
6.570000E-3	7.557809E-3
6.575000E-3	4.507542E-3
6.580000E-3	8.376241E-4
6.585000E-3	-2.129018E-3
6.590000E-3	-3.698707E-3
6.595000E-3	-4.441738E-3
6.600000E-3	-4.663825E-3
6.605000E-3	-4.874945E-3
6.610000E-3	-5.002439E-3
6.615000E-3	-5.134046E-3
6.620000E-3	-4.094899E-3
6.625000E-3	-2.271593E-3
6.630000E-3	-1.795888E-4
6.635000E-3	2.856970E-3
6.640000E-3	6.197870E-3
6.645000E-3	9.468853E-3
6.650000E-3	1.164448E-2
6.655000E-3	1.187754E-2
6.660000E-3	9.659410E-3
6.665000E-3	5.894899E-3
6.670000E-3	9.637475E-4
6.675000E-3	-3.591776E-3
6.680000E-3	-6.473422E-3
6.685000E-3	-7.988274E-3
6.690000E-3	-7.287741E-3
6.695000E-3	-4.899621E-3
6.700000E-3	-2.144098E-3
6.705000E-3	4.551411E-4
6.710000E-3	1.915157E-3
6.715000E-3	2.026200E-3
6.720000E-3	2.223611E-3
6.725000E-3	3.243566E-3
6.730000E-3	4.751563E-3
6.735000E-3	6.399393E-3
6.740000E-3	7.508457E-3
6.745000E-3	6.770909E-3
6.750000E-3	4.859865E-3
6.755000E-3	2.441585E-3
6.760000E-3	-1.313329E-3
6.765000E-3	-5.720794E-3
6.770000E-3	-8.883476E-3
6.775000E-3	-1.064646E-2
6.780000E-3	-1.050526E-2
6.785000E-3	-7.853925E-3
6.790000E-3	-4.558265E-3
6.795000E-3	-2.174258E-3
6.800000E-3	1.233816E-4
6.805000E-3	2.098858E-3
6.810000E-3	3.987968E-3
6.815000E-3	6.720185E-3
6.820000E-3	9.207010E-3
6.825000E-3	1.091516E-2
6.830000E-3	1.203245E-2
6.835000E-3	1.208729E-2
6.840000E-3	1.037091E-2
6.845000E-3	7.923841E-3
6.850000E-3	4.547298E-3
6.855000E-3	3.427267E-5
6.860000E-3	-4.274487E-3
6.865000E-3	-7.967710E-3
6.870000E-3	-1.042026E-2
6.875000E-3	-1.040107E-2
6.880000E-3	-8.021176E-3
6.885000E-3	-4.585683E-3
6.890000E-3	-7.293224E-4
6.895000E-3	2.856970E-3
6.900000E-3	4.643261E-3
6.905000E-3	4.826963E-3
6.910000E-3	4.389644E-3
6.915000E-3	3.398478E-3
6.920000E-3	3.201067E-3
6.925000E-3	4.099011E-3
6.930000E-3	4.688501E-3
6.935000E-3	5.308151E-3
6.940000E-3	5.483627E-3
6.945000E-3	4.179895E-3
6.950000E-3	2.100229E-3
6.955000E-3	-7.677078E-5
6.960000E-3	-2.175629E-3
6.965000E-3	-3.643870E-3
6.970000E-3	-4.341662E-3
6.975000E-3	-4.034579E-3
6.980000E-3	-3.047526E-3
6.985000E-3	-1.536787E-3
6.990000E-3	-4.428029E-4
6.995000E-3	5.387664E-4
7.000000E-3	2.174258E-3
7.005000E-3	4.252553E-3
7.010000E-3	6.078601E-3
7.015000E-3	6.795585E-3
7.020000E-3	6.684542E-3
7.025000E-3	5.879819E-3
7.030000E-3	4.880428E-3
7.035000E-3	3.701448E-3
7.040000E-3	2.703428E-3
7.045000E-3	2.052248E-3
7.050000E-3	1.613557E-3
7.055000E-3	6.223917E-4
7.060000E-3	-7.444024E-4
7.065000E-3	-2.002895E-3
7.070000E-3	-2.551258E-3
7.075000E-3	-2.041280E-3
7.080000E-3	-3.619194E-4
7.085000E-3	1.794517E-3
7.090000E-3	3.236711E-3
7.095000E-3	3.800154E-3
7.100000E-3	3.096879E-3
7.105000E-3	1.599848E-3
7.110000E-3	6.429553E-4
7.115000E-3	3.166795E-4
7.120000E-3	1.277685E-3
7.125000E-3	3.018737E-3
7.130000E-3	5.408227E-3
7.135000E-3	7.624984E-3
7.140000E-3	8.862913E-3
7.145000E-3	8.980811E-3
7.150000E-3	7.829249E-3
7.155000E-3	6.444633E-3
7.160000E-3	5.763292E-3
7.165000E-3	5.362988E-3
7.170000E-3	4.736483E-3
7.175000E-3	3.055751E-3
7.180000E-3	4.496574E-4
7.185000E-3	-1.893222E-3
7.190000E-3	-3.487587E-3
7.195000E-3	-3.838539E-3
7.200000E-3	-2.700686E-3
7.205000E-3	-1.192689E-3
7.210000E-3	3.975630E-5
7.215000E-3	8.102059E-4
7.220000E-3	9.541512E-4
7.225000E-3	1.063824E-3
7.230000E-3	8.773804E-4
7.235000E-3	3.920794E-4
7.240000E-3	5.894899E-5
7.245000E-3	-1.425743E-4
7.250000E-3	2.467632E-5
7.255000E-3	8.143187E-4
7.260000E-3	2.407312E-3
7.265000E-3	4.247069E-3
7.270000E-3	6.073117E-3
7.275000E-3	7.592082E-3
7.280000E-3	8.214474E-3
7.285000E-3	7.317901E-3
7.290000E-3	5.221784E-3
7.295000E-3	2.337396E-3
7.300000E-3	-1.052856E-3
7.305000E-3	-4.533589E-3
7.310000E-3	-6.916225E-3
7.315000E-3	-8.126736E-3
7.320000E-3	-8.237779E-3
7.325000E-3	-7.006705E-3
7.330000E-3	-5.356133E-3
7.335000E-3	-3.227115E-3
7.340000E-3	-8.924603E-4
7.345000E-3	1.364052E-3
7.350000E-3	3.779590E-3
7.355000E-3	6.034732E-3
7.360000E-3	7.320642E-3
7.365000E-3	6.949127E-3
7.370000E-3	5.460322E-3
7.375000E-3	3.922164E-3
7.380000E-3	2.256513E-3
7.385000E-3	7.334352E-4
7.390000E-3	-3.728867E-4
7.395000E-3	-9.623766E-4
7.400000E-3	-1.246154E-3
7.405000E-3	-9.404421E-4
7.410000E-3	-4.044175E-4
7.415000E-3	7.910132E-4
7.420000E-3	1.871288E-3
7.425000E-3	2.373040E-3
7.430000E-3	1.562834E-3
7.435000E-3	6.278753E-4
7.440000E-3	-1.316071E-4
7.445000E-3	-1.946688E-4
7.450000E-3	1.010358E-3
7.455000E-3	3.170907E-3
7.460000E-3	5.590558E-3
7.465000E-3	6.987512E-3
7.470000E-3	7.124603E-3
7.475000E-3	5.644023E-3
7.480000E-3	3.268242E-3
7.485000E-3	4.551411E-4
7.490000E-3	-2.485454E-3
7.495000E-3	-4.825592E-3
7.500000E-3	-6.171823E-3
7.505000E-3	-6.728411E-3
7.510000E-3	-5.888045E-3
7.515000E-3	-4.111350E-3
7.520000E-3	-1.787663E-3
7.525000E-3	2.714396E-4
7.530000E-3	2.578676E-3
7.535000E-3	4.700840E-3
7.540000E-3	6.175935E-3
7.545000E-3	7.134199E-3
7.550000E-3	8.273423E-3
7.555000E-3	9.031534E-3
7.560000E-3	9.446919E-3
7.565000E-3	9.581268E-3
7.570000E-3	8.783400E-3
7.575000E-3	7.241130E-3
7.580000E-3	4.717290E-3
7.585000E-3	1.195431E-3
7.590000E-3	-2.708912E-3
7.595000E-3	-5.933285E-3
7.600000E-3	-8.047223E-3
7.605000E-3	-8.690178E-3
7.610000E-3	-8.248746E-3
7.615000E-3	-7.008076E-3
7.620000E-3	-5.501449E-3
7.625000E-3	-3.786445E-3
7.630000E-3	-2.341509E-3
7.635000E-3	-1.350343E-3
7.640000E-3	-4.592538E-4
7.645000E-3	6.182790E-4
7.650000E-3	1.507998E-3
7.655000E-3	2.604723E-3
7.660000E-3	3.822088E-3
7.665000E-3	4.990101E-3
7.670000E-3	6.336331E-3
7.675000E-3	7.424831E-3
7.680000E-3	7.489264E-3
7.685000E-3	6.496727E-3
7.690000E-3	5.040824E-3
7.695000E-3	2.966642E-3
7.700000E-3	1.699924E-3
7.705000E-3	1.483321E-3
7.710000E-3	2.248287E-3
7.715000E-3	3.562987E-3
7.720000E-3	4.780352E-3
7.725000E-3	5.153239E-3
7.730000E-3	4.643261E-3
7.735000E-3	3.658950E-3
7.740000E-3	3.382027E-3
7.745000E-3	3.368318E-3
7.750000E-3	3.768623E-3
7.755000E-3	4.029095E-3
7.760000E-3	3.479362E-3
7.765000E-3	1.911044E-3
7.770000E-3	-2.577305E-4
7.775000E-3	-2.453923E-3
7.780000E-3	-4.189491E-3
7.785000E-3	-4.667938E-3
7.790000E-3	-4.345775E-3
7.795000E-3	-2.954304E-3
7.800000E-3	-1.024067E-3
7.805000E-3	6.772280E-4
7.810000E-3	1.963139E-3
7.815000E-3	2.437472E-3
7.820000E-3	2.501905E-3
7.825000E-3	2.220869E-3
7.830000E-3	1.704037E-3
7.835000E-3	1.516223E-3
7.840000E-3	1.388729E-3
7.845000E-3	1.619041E-3
7.850000E-3	1.946688E-3
7.855000E-3	2.367556E-3
7.860000E-3	2.549887E-3
7.865000E-3	2.644479E-3
7.870000E-3	2.645850E-3
7.875000E-3	2.634883E-3
7.880000E-3	2.499163E-3
7.885000E-3	2.108455E-3
7.890000E-3	1.798630E-3
7.895000E-3	1.672506E-3
7.900000E-3	2.122164E-3
7.905000E-3	2.673268E-3
7.910000E-3	3.321707E-3
7.915000E-3	3.619194E-3
7.920000E-3	3.589034E-3
7.925000E-3	3.468394E-3
7.930000E-3	3.244936E-3
7.935000E-3	3.033817E-3
7.940000E-3	2.932370E-3
7.945000E-3	2.881646E-3
7.950000E-3	2.655447E-3
7.955000E-3	2.296269E-3
7.960000E-3	1.497030E-3
7.965000E-3	1.302361E-4
7.970000E-3	-8.431077E-4
7.975000E-3	-1.883626E-3
7.980000E-3	-2.693832E-3
7.985000E-3	-3.165424E-3
7.990000E-3	-3.242195E-3
7.995000E-3	-2.544403E-3
8.000000E-3	-1.473725E-3
8.005000E-3	1.439452E-4
8.010000E-3	1.867175E-3
8.015000E-3	3.276467E-3
8.020000E-3	3.819346E-3
8.025000E-3	3.779590E-3
8.030000E-3	3.329933E-3
8.035000E-3	2.924144E-3
8.040000E-3	2.689719E-3
8.045000E-3	2.564967E-3
8.050000E-3	2.633512E-3
8.055000E-3	2.300382E-3
8.060000E-3	1.583397E-3
8.065000E-3	6.950498E-4
8.070000E-3	-1.398325E-4
8.075000E-3	-5.908608E-4
8.080000E-3	-5.086064E-4
8.085000E-3	2.248287E-4
8.090000E-3	1.518965E-3
8.095000E-3	2.965271E-3
8.100000E-3	4.281342E-3
8.105000E-3	5.420566E-3
8.110000E-3	5.826354E-3
8.115000E-3	5.946994E-3
8.120000E-3	5.786598E-3
8.125000E-3	5.378067E-3
8.130000E-3	4.799545E-3
8.135000E-3	3.950953E-3
8.140000E-3	2.895355E-3
8.145000E-3	1.534045E-3
8.150000E-3	2.906322E-4
8.155000E-3	-8.307695E-4
8.160000E-3	-1.725972E-3
8.165000E-3	-1.960397E-3
8.170000E-3	-1.974106E-3
8.175000E-3	-1.775324E-3
8.180000E-3	-1.647830E-3
8.185000E-3	-1.594365E-3
8.190000E-3	-1.446307E-3
8.195000E-3	-1.154304E-3
8.200000E-3	-8.362532E-4
8.205000E-3	-2.961159E-4
8.210000E-3	4.798174E-5
8.215000E-3	-5.757809E-5
8.220000E-3	-8.033514E-4
8.225000E-3	-1.965880E-3
8.230000E-3	-2.829552E-3
8.235000E-3	-3.318965E-3
8.240000E-3	-2.714396E-3
8.245000E-3	-1.181722E-3
8.250000E-3	1.261234E-3
8.255000E-3	3.652096E-3
8.260000E-3	5.275249E-3
8.265000E-3	5.949736E-3
8.270000E-3	5.538464E-3
8.275000E-3	4.352629E-3
8.280000E-3	2.924144E-3
8.285000E-3	1.586139E-3
8.290000E-3	9.664893E-4
8.295000E-3	8.280277E-4
8.300000E-3	1.144707E-3
8.305000E-3	1.993299E-3
8.310000E-3	3.026962E-3
8.315000E-3	3.938615E-3
8.320000E-3	4.521251E-3
8.325000E-3	4.678905E-3
8.330000E-3	4.242957E-3
8.335000E-3	3.546536E-3
8.340000E-3	2.283931E-3
8.345000E-3	1.239300E-3
8.350000E-3	8.636713E-5
8.355000E-3	-7.635951E-4
8.360000E-3	-1.243412E-3
8.365000E-3	-1.651943E-3
8.370000E-3	-1.868546E-3
8.375000E-3	-1.732826E-3
8.380000E-3	-1.575172E-3
8.385000E-3	-1.368165E-3
8.390000E-3	-1.465499E-3
8.395000E-3	-1.443565E-3
8.400000E-3	-1.364052E-3
8.405000E-3	-1.039147E-3
8.410000E-3	-5.003810E-4
8.415000E-3	4.140139E-4
8.420000E-3	1.465499E-3
8.425000E-3	2.507389E-3
8.430000E-3	3.944099E-3
8.435000E-3	4.964054E-3
8.440000E-3	5.665958E-3
8.445000E-3	5.874336E-3
8.450000E-3	5.861998E-3
8.455000E-3	5.463064E-3
8.460000E-3	4.688501E-3
8.465000E-3	3.567100E-3
8.470000E-3	2.628028E-3
8.475000E-3	1.815081E-3
8.480000E-3	1.590252E-3
8.485000E-3	1.653314E-3
8.490000E-3	1.980960E-3
8.495000E-3	2.283931E-3
8.500000E-3	2.626657E-3
8.505000E-3	2.793908E-3
8.510000E-3	2.959788E-3
8.515000E-3	2.436101E-3
8.520000E-3	1.568317E-3
8.525000E-3	5.031228E-4
8.530000E-3	-7.553697E-4
8.535000E-3	-1.762986E-3
8.540000E-3	-2.571821E-3
8.545000E-3	-2.580047E-3
8.550000E-3	-1.800001E-3
8.555000E-3	-6.635189E-4
8.560000E-3	8.088350E-4
8.565000E-3	2.333283E-3
8.570000E-3	3.449202E-3
8.575000E-3	4.019499E-3
8.580000E-3	4.182637E-3
8.585000E-3	3.624678E-3
8.590000E-3	2.818584E-3
8.595000E-3	1.609445E-3
8.600000E-3	6.484389E-4
8.605000E-3	2.042651E-4
8.610000E-3	-3.564358E-5
8.615000E-3	-1.549125E-4
8.620000E-3	1.672506E-4
8.625000E-3	7.773042E-4
8.630000E-3	1.291394E-3
8.635000E-3	1.736939E-3
8.640000E-3	2.135873E-3
8.645000E-3	2.904952E-3
8.650000E-3	3.091395E-3
8.655000E-3	3.486216E-3
8.660000E-3	3.467023E-3
8.665000E-3	2.633512E-3
8.670000E-3	1.140594E-3
8.675000E-3	-4.194975E-4
8.680000E-3	-1.917899E-3
8.685000E-3	-3.170907E-3
8.690000E-3	-3.918052E-3
8.695000E-3	-4.105866E-3
8.700000E-3	-3.554761E-3
8.705000E-3	-2.515614E-3
8.710000E-3	-8.910894E-4
8.715000E-3	9.733438E-4
8.720000E-3	3.124297E-3
8.725000E-3	4.846156E-3
8.730000E-3	6.059408E-3
8.735000E-3	6.123841E-3
8.740000E-3	5.228639E-3
8.745000E-3	3.778219E-3
8.750000E-3	2.237320E-3
8.755000E-3	6.854534E-4
8.760000E-3	-5.648136E-4
8.765000E-3	-1.365423E-3
8.770000E-3	-1.964509E-3
8.775000E-3	-2.599239E-3
8.780000E-3	-2.988577E-3
8.785000E-3	-2.933741E-3
8.790000E-3	-2.289414E-3
8.795000E-3	-1.428485E-3
8.800000E-3	-2.179742E-4
8.805000E-3	8.431077E-4
8.810000E-3	1.516223E-3
8.815000E-3	1.889110E-3
8.820000E-3	1.813710E-3
8.825000E-3	1.543641E-3
8.830000E-3	1.734197E-3
8.835000E-3	2.478600E-3
8.840000E-3	3.318965E-3
8.845000E-3	4.262149E-3
8.850000E-3	4.741967E-3
8.855000E-3	5.076468E-3
8.860000E-3	4.552782E-3
8.865000E-3	3.802896E-3
8.870000E-3	2.914548E-3
8.875000E-3	2.111197E-3
8.880000E-3	1.868546E-3
8.885000E-3	2.315462E-3
8.890000E-3	3.261387E-3
8.895000E-3	4.366338E-3
8.900000E-3	5.173802E-3
8.905000E-3	5.541205E-3
8.910000E-3	5.435646E-3
8.915000E-3	4.695356E-3
8.920000E-3	3.534198E-3
8.925000E-3	2.558112E-3
8.930000E-3	1.841128E-3
8.935000E-3	1.124144E-3
8.940000E-3	8.266568E-4
8.945000E-3	6.251335E-4
8.950000E-3	2.522469E-4
8.955000E-3	-1.480579E-4
8.960000E-3	-3.536940E-4
8.965000E-3	-4.057884E-4
8.970000E-3	-2.083778E-4
8.975000E-3	4.194975E-4
8.980000E-3	1.200914E-3
8.985000E-3	1.514852E-3
8.990000E-3	1.555979E-3
8.995000E-3	1.172125E-3
9.000000E-3	7.361770E-4
9.005000E-3	-7.128716E-5
9.010000E-3	-9.582639E-4
9.015000E-3	-1.554608E-3
9.020000E-3	-1.592994E-3
9.025000E-3	-1.253009E-3
9.030000E-3	-5.031228E-4
9.035000E-3	3.578067E-4
9.040000E-3	1.288652E-3
9.045000E-3	1.919270E-3
9.050000E-3	2.482712E-3
9.055000E-3	3.044784E-3
9.060000E-3	3.726125E-3
9.065000E-3	4.281342E-3
9.070000E-3	4.585683E-3
9.075000E-3	4.774868E-3
9.080000E-3	4.555523E-3
9.085000E-3	3.852248E-3
9.090000E-3	2.641737E-3
9.095000E-3	1.791775E-3
9.100000E-3	1.062453E-3
9.105000E-3	8.225441E-4
9.110000E-3	1.032293E-3
9.115000E-3	1.292765E-3
9.120000E-3	1.310587E-3
9.125000E-3	1.645088E-3
9.130000E-3	1.646459E-3
9.135000E-3	1.632750E-3
9.140000E-3	1.665652E-3
9.145000E-3	1.521707E-3
9.150000E-3	1.140594E-3
9.155000E-3	5.730391E-4
9.160000E-3	1.233816E-4
9.165000E-3	-1.261234E-4
9.170000E-3	-5.031228E-4
9.175000E-3	-5.538464E-4
9.180000E-3	-3.948212E-4
9.185000E-3	-2.261996E-4
9.190000E-3	3.975630E-5
9.195000E-3	4.935265E-4
9.200000E-3	1.133740E-3
9.205000E-3	2.034426E-3
9.210000E-3	2.977610E-3
9.215000E-3	3.567100E-3
9.220000E-3	3.785074E-3
9.225000E-3	3.250420E-3
9.230000E-3	2.612948E-3
9.235000E-3	1.656055E-3
9.240000E-3	6.182790E-4
9.245000E-3	-4.099011E-4
9.250000E-3	-9.966493E-4
9.255000E-3	-1.111805E-3
9.260000E-3	-7.032752E-4
9.265000E-3	-1.274943E-4
9.270000E-3	7.348061E-4
9.275000E-3	1.686215E-3
9.280000E-3	2.327800E-3
9.285000E-3	2.486825E-3
9.290000E-3	2.364814E-3
9.295000E-3	2.246916E-3
9.300000E-3	1.524448E-3
9.305000E-3	8.225441E-4
9.310000E-3	2.577305E-4
9.315000E-3	3.564358E-5
9.320000E-3	1.809597E-4
9.325000E-3	6.155372E-4
9.330000E-3	1.046002E-3
9.335000E-3	1.406550E-3
9.340000E-3	1.608074E-3
9.345000E-3	1.761615E-3
9.350000E-3	1.821935E-3
9.355000E-3	1.564205E-3
9.360000E-3	1.383245E-3
9.365000E-3	1.311958E-3
9.370000E-3	9.623766E-4
9.375000E-3	7.663369E-4
9.380000E-3	3.674030E-4
9.385000E-3	5.483627E-6
9.390000E-3	-6.662607E-4
9.395000E-3	-7.512569E-4
9.400000E-3	-6.333590E-4
9.405000E-3	-3.920794E-4
9.410000E-3	-3.619194E-4
9.415000E-3	-1.617670E-4
9.420000E-3	1.370907E-5
9.425000E-3	-9.047985E-5
9.430000E-3	3.632903E-4
9.435000E-3	1.151562E-3
9.440000E-3	1.967251E-3
9.445000E-3	2.649963E-3
9.450000E-3	3.062606E-3
9.455000E-3	3.184617E-3
9.460000E-3	3.317595E-3
9.465000E-3	3.262758E-3
9.470000E-3	3.486216E-3
9.475000E-3	3.775477E-3
9.480000E-3	3.839910E-3
9.485000E-3	3.842652E-3
9.490000E-3	3.508151E-3
9.495000E-3	2.932370E-3
9.500000E-3	2.216756E-3
9.505000E-3	1.461387E-3
9.510000E-3	9.692311E-4
9.515000E-3	9.075403E-4
9.520000E-3	1.290023E-3
9.525000E-3	1.827419E-3
9.530000E-3	2.203047E-3
9.535000E-3	2.338767E-3
9.540000E-3	2.371669E-3
9.545000E-3	1.946688E-3
9.550000E-3	1.316071E-3
9.555000E-3	7.457733E-4
9.560000E-3	3.495812E-4
9.565000E-3	1.124144E-4
9.570000E-3	-6.758571E-4
9.575000E-3	-1.026809E-3
9.580000E-3	-8.348823E-4
9.585000E-3	-2.371669E-4
9.590000E-3	5.346537E-4
9.595000E-3	1.461387E-3
9.600000E-3	2.677381E-3
9.605000E-3	3.506780E-3
9.610000E-3	4.074335E-3
9.615000E-3	4.083931E-3
9.620000E-3	3.787816E-3
9.625000E-3	3.166795E-3
9.630000E-3	2.260625E-3
9.635000E-3	1.472354E-3
9.640000E-3	8.581877E-4
9.645000E-3	6.840825E-4
9.650000E-3	8.856058E-4
9.655000E-3	1.436710E-3
9.660000E-3	2.479970E-3
9.665000E-3	3.616452E-3
9.670000E-3	4.374564E-3
9.675000E-3	4.955828E-3
9.680000E-3	5.361617E-3
9.685000E-3	5.086064E-3
9.690000E-3	4.639149E-3
9.695000E-3	3.879666E-3
9.700000E-3	3.233969E-3
9.705000E-3	2.591014E-3
9.710000E-3	2.045393E-3
9.715000E-3	1.754761E-3
9.720000E-3	9.966493E-4
9.725000E-3	-6.717443E-5
9.730000E-3	-8.006096E-4
9.735000E-3	-1.828790E-3
9.740000E-3	-2.447069E-3
9.745000E-3	-2.702057E-3
9.750000E-3	-2.519727E-3
9.755000E-3	-2.157807E-3
9.760000E-3	-1.188576E-3
9.765000E-3	-2.481341E-4
9.770000E-3	7.690787E-4
9.775000E-3	1.694441E-3
9.780000E-3	2.331913E-3
9.785000E-3	2.811730E-3
9.790000E-3	2.998173E-3
9.795000E-3	3.103733E-3
9.800000E-3	2.759635E-3
9.805000E-3	2.431989E-3
9.810000E-3	1.911044E-3
9.815000E-3	1.407921E-3
9.820000E-3	8.321404E-4
9.825000E-3	5.360246E-4
9.830000E-3	4.523993E-5
9.835000E-3	-3.824830E-4
9.840000E-3	-2.536178E-4
9.845000E-3	-7.265806E-5
9.850000E-3	3.098249E-4
9.855000E-3	9.843111E-4
9.860000E-3	1.845241E-3
9.865000E-3	2.710283E-3
9.870000E-3	3.556132E-3
9.875000E-3	3.915310E-3
9.880000E-3	3.864586E-3
9.885000E-3	3.306627E-3
9.890000E-3	2.053618E-3
9.895000E-3	7.855296E-4
9.900000E-3	-4.044175E-4
9.905000E-3	-1.233816E-3
9.910000E-3	-1.717746E-3
9.915000E-3	-1.595736E-3
9.920000E-3	-1.074791E-3
9.925000E-3	-5.003810E-4
9.930000E-3	1.028180E-4
9.935000E-3	6.594062E-4
9.940000E-3	9.555221E-4
9.945000E-3	1.067936E-3
9.950000E-3	1.444936E-3
9.955000E-3	1.506627E-3
9.960000E-3	1.484692E-3
9.965000E-3	1.469612E-3
9.970000E-3	1.742423E-3
9.975000E-3	1.975477E-3
9.980000E-3	2.253771E-3
9.985000E-3	2.407312E-3
9.990000E-3	2.447069E-3
9.995000E-3	2.337396E-3
