0.000000E+0	-2.481341E-3
5.000000E-6	-2.323687E-3
1.000000E-5	-2.381265E-3
1.500000E-5	-2.474487E-3
2.000000E-5	-2.521098E-3
2.500000E-5	-2.608836E-3
3.000000E-5	-2.569079E-3
3.500000E-5	-2.434731E-3
4.000000E-5	-2.503276E-3
4.500000E-5	-2.607465E-3
5.000000E-5	-2.514243E-3
5.500000E-5	-2.469003E-3
6.000000E-5	-2.563596E-3
6.500000E-5	-2.577305E-3
7.000000E-5	-2.474487E-3
7.500000E-5	-2.503276E-3
8.000000E-5	-2.570450E-3
8.500000E-5	-2.442956E-3
9.000000E-5	-2.477229E-3
9.500000E-5	-2.433360E-3
1.000000E-4	-2.427876E-3
1.050000E-4	-2.331913E-3
1.100000E-4	-2.493680E-3
1.150000E-4	-2.482712E-3
1.200000E-4	-2.525210E-3
1.250000E-4	-2.655447E-3
1.300000E-4	-2.547145E-3
1.350000E-4	-2.567708E-3
1.400000E-4	-2.582788E-3
1.450000E-4	-2.235949E-3
1.500000E-4	-2.246916E-3
1.550000E-4	-2.379894E-3
1.600000E-4	-2.589643E-3
1.650000E-4	-2.651334E-3
1.700000E-4	-2.482712E-3
1.750000E-4	-2.459407E-3
1.800000E-4	-2.437472E-3
1.850000E-4	-2.552629E-3
1.900000E-4	-2.495050E-3
1.950000E-4	-2.447069E-3
2.000000E-4	-2.410054E-3
2.050000E-4	-2.519727E-3
2.100000E-4	-2.617061E-3
2.150000E-4	-2.504647E-3
2.200000E-4	-2.312720E-3
2.250000E-4	-2.186596E-3
2.300000E-4	-2.352476E-3
2.350000E-4	-2.422392E-3
2.400000E-4	-2.689719E-3
2.450000E-4	-2.789795E-3
2.500000E-4	-2.695203E-3
2.550000E-4	-2.678752E-3
2.600000E-4	-2.474487E-3
2.650000E-4	-2.769232E-3
2.700000E-4	-2.382636E-3
2.750000E-4	-2.521098E-3
2.800000E-4	-2.697945E-3
2.850000E-4	-2.455294E-3
2.900000E-4	-2.667785E-3
2.950000E-4	-2.667785E-3
3.000000E-4	-2.540290E-3
3.050000E-4	-2.607465E-3
3.100000E-4	-2.766490E-3
3.150000E-4	-2.331913E-3
3.200000E-4	-2.527952E-3
3.250000E-4	-2.489567E-3
3.300000E-4	-2.599239E-3
3.350000E-4	-2.570450E-3
3.400000E-4	-2.584159E-3
3.450000E-4	-2.471745E-3
3.500000E-4	-2.410054E-3
3.550000E-4	-2.500534E-3
3.600000E-4	-2.564967E-3
3.650000E-4	-2.436101E-3
3.700000E-4	-2.503276E-3
3.750000E-4	-2.334654E-3
3.800000E-4	-2.296269E-3
3.850000E-4	-2.297640E-3
3.900000E-4	-2.455294E-3
3.950000E-4	-2.289414E-3
4.000000E-4	-2.442956E-3
4.050000E-4	-2.555370E-3
4.100000E-4	-2.617061E-3
4.150000E-4	-2.638996E-3
4.200000E-4	-2.460778E-3
4.250000E-4	-2.319574E-3
4.300000E-4	-2.316833E-3
4.350000E-4	-2.338767E-3
4.400000E-4	-2.453923E-3
4.450000E-4	-2.419651E-3
4.500000E-4	-2.511501E-3
4.550000E-4	-2.484083E-3
4.600000E-4	-2.278447E-3
4.650000E-4	-2.608836E-3
4.700000E-4	-2.488196E-3
4.750000E-4	-2.463520E-3
4.800000E-4	-2.405941E-3
4.850000E-4	-2.459407E-3
4.900000E-4	-2.553999E-3
4.950000E-4	-2.527952E-3
5.000000E-4	-2.493680E-3
5.050000E-4	-2.570450E-3
5.100000E-4	-2.588272E-3
5.150000E-4	-2.382636E-3
5.200000E-4	-2.283931E-3
5.250000E-4	-2.500534E-3
5.300000E-4	-2.496421E-3
5.350000E-4	-2.418280E-3
5.400000E-4	-2.696574E-3
5.450000E-4	-2.862453E-3
5.500000E-4	-2.545774E-3
5.550000E-4	-2.456665E-3
5.600000E-4	-2.362072E-3
5.650000E-4	-2.456665E-3
5.700000E-4	-2.562225E-3
5.750000E-4	-2.532065E-3
5.800000E-4	-2.364814E-3
5.850000E-4	-2.521098E-3
5.900000E-4	-2.467632E-3
5.950000E-4	-2.248287E-3
6.000000E-4	-2.216756E-3
6.050000E-4	-2.278447E-3
6.100000E-4	-2.351105E-3
6.150000E-4	-2.304494E-3
6.200000E-4	-2.600610E-3
6.250000E-4	-2.638996E-3
6.300000E-4	-2.527952E-3
6.350000E-4	-2.419651E-3
6.400000E-4	-2.283931E-3
6.450000E-4	-2.179742E-3
6.500000E-4	-2.303123E-3
6.550000E-4	-2.405941E-3
6.600000E-4	-2.436101E-3
6.650000E-4	-2.264738E-3
6.700000E-4	-2.320945E-3
6.750000E-4	-2.156436E-3
6.800000E-4	-2.281189E-3
6.850000E-4	-2.649963E-3
6.900000E-4	-2.447069E-3
6.950000E-4	-2.519727E-3
7.000000E-4	-2.688348E-3
7.050000E-4	-2.582788E-3
7.100000E-4	-2.316833E-3
7.150000E-4	-2.411425E-3
7.200000E-4	-2.506018E-3
7.250000E-4	-2.597868E-3
7.300000E-4	-2.649963E-3
7.350000E-4	-2.496421E-3
7.400000E-4	-2.544403E-3
7.450000E-4	-2.553999E-3
7.500000E-4	-2.543032E-3
7.550000E-4	-2.622545E-3
7.600000E-4	-2.440214E-3
7.650000E-4	-2.510130E-3
7.700000E-4	-2.427876E-3
7.750000E-4	-2.444327E-3
7.800000E-4	-2.656817E-3
7.850000E-4	-2.537549E-3
7.900000E-4	-2.654076E-3
7.950000E-4	-2.759635E-3
8.000000E-4	-2.525210E-3
8.050000E-4	-2.674639E-3
8.100000E-4	-2.673268E-3
8.150000E-4	-2.722621E-3
8.200000E-4	-2.490938E-3
8.250000E-4	-2.540290E-3
8.300000E-4	-2.521098E-3
8.350000E-4	-2.436101E-3
8.400000E-4	-2.436101E-3
8.450000E-4	-2.543032E-3
8.500000E-4	-2.390862E-3
8.550000E-4	-2.401829E-3
8.600000E-4	-2.559483E-3
8.650000E-4	-2.515614E-3
8.700000E-4	-2.656817E-3
8.750000E-4	-2.625287E-3
8.800000E-4	-2.493680E-3
8.850000E-4	-2.466261E-3
8.900000E-4	-2.710283E-3
8.950000E-4	-2.634883E-3
9.000000E-4	-2.547145E-3
9.050000E-4	-2.697945E-3
9.100000E-4	-2.710283E-3
9.150000E-4	-2.501905E-3
9.200000E-4	-2.506018E-3
9.250000E-4	-2.415538E-3
9.300000E-4	-2.527952E-3
9.350000E-4	-2.618432E-3
9.400000E-4	-2.392232E-3
9.450000E-4	-2.356589E-3
9.500000E-4	-2.463520E-3
9.550000E-4	-2.412796E-3
9.600000E-4	-2.490938E-3
9.650000E-4	-2.469003E-3
9.700000E-4	-2.451181E-3
9.750000E-4	-2.490938E-3
9.800000E-4	-2.495050E-3
9.850000E-4	-2.366185E-3
9.900000E-4	-2.445698E-3
9.950000E-4	-2.600610E-3
1.000000E-3	-2.581418E-3
1.005000E-3	-2.507389E-3
1.010000E-3	-2.479970E-3
1.015000E-3	-2.592385E-3
1.020000E-3	-2.614319E-3
1.025000E-3	-2.419651E-3
1.030000E-3	-2.290785E-3
1.035000E-3	-2.510130E-3
1.040000E-3	-2.367556E-3
1.045000E-3	-2.474487E-3
1.050000E-3	-2.589643E-3
1.055000E-3	-2.593756E-3
1.060000E-3	-2.532065E-3
1.065000E-3	-2.597868E-3
1.070000E-3	-2.456665E-3
1.075000E-3	-2.315462E-3
1.080000E-3	-2.453923E-3
1.085000E-3	-2.651334E-3
1.090000E-3	-2.615690E-3
1.095000E-3	-2.617061E-3
1.100000E-3	-2.588272E-3
1.105000E-3	-2.484083E-3
1.110000E-3	-2.299011E-3
1.115000E-3	-2.460778E-3
1.120000E-3	-2.623916E-3
1.125000E-3	-2.525210E-3
1.130000E-3	-2.322316E-3
1.135000E-3	-2.506018E-3
1.140000E-3	-2.456665E-3
1.145000E-3	-2.263367E-3
1.150000E-3	-2.375782E-3
1.155000E-3	-2.373040E-3
1.160000E-3	-2.540290E-3
1.165000E-3	-2.437472E-3
1.170000E-3	-2.419651E-3
1.175000E-3	-2.452552E-3
1.180000E-3	-2.588272E-3
1.185000E-3	-2.607465E-3
1.190000E-3	-2.560854E-3
1.195000E-3	-2.512872E-3
1.200000E-3	-2.342880E-3
1.205000E-3	-2.385378E-3
1.210000E-3	-2.429247E-3
1.215000E-3	-2.275705E-3
1.220000E-3	-2.599239E-3
1.225000E-3	-2.508759E-3
1.230000E-3	-2.466261E-3
1.235000E-3	-2.497792E-3
1.240000E-3	-2.414167E-3
1.245000E-3	-2.381265E-3
1.250000E-3	-2.463520E-3
1.255000E-3	-2.475858E-3
1.260000E-3	-2.558112E-3
1.265000E-3	-2.463520E-3
1.270000E-3	-2.556741E-3
1.275000E-3	-2.390862E-3
1.280000E-3	-2.455294E-3
1.285000E-3	-2.628028E-3
1.290000E-3	-2.532065E-3
1.295000E-3	-2.593756E-3
1.300000E-3	-2.562225E-3
1.305000E-3	-2.447069E-3
1.310000E-3	-2.415538E-3
1.315000E-3	-2.481341E-3
1.320000E-3	-2.422392E-3
1.325000E-3	-2.552629E-3
1.330000E-3	-2.415538E-3
1.335000E-3	-2.582788E-3
1.340000E-3	-2.437472E-3
1.345000E-3	-2.611578E-3
1.350000E-3	-2.614319E-3
1.355000E-3	-2.552629E-3
1.360000E-3	-2.416909E-3
1.365000E-3	-2.253771E-3
1.370000E-3	-2.340138E-3
1.375000E-3	-2.261996E-3
1.380000E-3	-2.433360E-3
1.385000E-3	-2.541661E-3
1.390000E-3	-2.496421E-3
1.395000E-3	-2.316833E-3
1.400000E-3	-2.411425E-3
1.405000E-3	-2.260625E-3
1.410000E-3	-2.278447E-3
1.415000E-3	-2.270222E-3
1.420000E-3	-2.451181E-3
1.425000E-3	-2.433360E-3
1.430000E-3	-2.680123E-3
1.435000E-3	-2.543032E-3
1.440000E-3	-2.503276E-3
1.445000E-3	-2.449811E-3
1.450000E-3	-2.681494E-3
1.455000E-3	-2.593756E-3
1.460000E-3	-2.485454E-3
1.465000E-3	-2.736330E-3
1.470000E-3	-2.747297E-3
1.475000E-3	-2.549887E-3
1.480000E-3	-2.604723E-3
1.485000E-3	-2.867937E-3
1.490000E-3	-2.459407E-3
1.495000E-3	-2.209902E-3
1.500000E-3	-2.309978E-3
1.505000E-3	-2.431989E-3
1.510000E-3	-2.496421E-3
1.515000E-3	-2.400458E-3
1.520000E-3	-2.414167E-3
1.525000E-3	-2.540290E-3
1.530000E-3	-2.552629E-3
1.535000E-3	-2.440214E-3
1.540000E-3	-2.381265E-3
1.545000E-3	-2.342880E-3
1.550000E-3	-2.149582E-3
1.555000E-3	-2.414167E-3
1.560000E-3	-2.322316E-3
1.565000E-3	-2.393603E-3
1.570000E-3	-2.515614E-3
1.575000E-3	-2.477229E-3
1.580000E-3	-2.442956E-3
1.585000E-3	-2.440214E-3
1.590000E-3	-2.319574E-3
1.595000E-3	-2.320945E-3
1.600000E-3	-2.366185E-3
1.605000E-3	-2.503276E-3
1.610000E-3	-2.455294E-3
1.615000E-3	-2.469003E-3
1.620000E-3	-2.680123E-3
1.625000E-3	-2.645850E-3
1.630000E-3	-2.614319E-3
1.635000E-3	-2.559483E-3
1.640000E-3	-2.595127E-3
1.645000E-3	-2.516985E-3
1.650000E-3	-2.489567E-3
1.655000E-3	-2.353847E-3
1.660000E-3	-2.373040E-3
1.665000E-3	-2.578676E-3
1.670000E-3	-2.511501E-3
1.675000E-3	-2.379894E-3
1.680000E-3	-2.660930E-3
1.685000E-3	-2.615690E-3
1.690000E-3	-2.436101E-3
1.695000E-3	-2.525210E-3
1.700000E-3	-2.571821E-3
1.705000E-3	-2.429247E-3
1.710000E-3	-2.485454E-3
1.715000E-3	-2.444327E-3
1.720000E-3	-2.384007E-3
1.725000E-3	-2.403200E-3
1.730000E-3	-2.640367E-3
1.735000E-3	-2.644479E-3
1.740000E-3	-2.784312E-3
1.745000E-3	-2.723992E-3
1.750000E-3	-2.512872E-3
1.755000E-3	-2.536178E-3
1.760000E-3	-2.638996E-3
1.765000E-3	-2.544403E-3
1.770000E-3	-2.375782E-3
1.775000E-3	-2.555370E-3
1.780000E-3	-2.507389E-3
1.785000E-3	-2.304494E-3
1.790000E-3	-2.447069E-3
1.795000E-3	-2.570450E-3
1.800000E-3	-2.553999E-3
1.805000E-3	-2.543032E-3
1.810000E-3	-2.585530E-3
1.815000E-3	-2.678752E-3
1.820000E-3	-2.486825E-3
1.825000E-3	-2.700686E-3
1.830000E-3	-2.647221E-3
1.835000E-3	-2.449811E-3
1.840000E-3	-2.386749E-3
1.845000E-3	-2.403200E-3
1.850000E-3	-2.436101E-3
1.855000E-3	-2.425134E-3
1.860000E-3	-2.334654E-3
1.865000E-3	-2.508759E-3
1.870000E-3	-2.489567E-3
1.875000E-3	-2.532065E-3
1.880000E-3	-2.458036E-3
1.885000E-3	-2.389491E-3
1.890000E-3	-2.497792E-3
1.895000E-3	-2.544403E-3
1.900000E-3	-2.518356E-3
1.905000E-3	-2.545774E-3
1.910000E-3	-2.641737E-3
1.915000E-3	-2.404571E-3
1.920000E-3	-2.437472E-3
1.925000E-3	-2.527952E-3
1.930000E-3	-2.473116E-3
1.935000E-3	-2.382636E-3
1.940000E-3	-2.477229E-3
1.945000E-3	-2.485454E-3
1.950000E-3	-2.592385E-3
1.955000E-3	-2.548516E-3
1.960000E-3	-2.665043E-3
1.965000E-3	-2.612948E-3
1.970000E-3	-2.537549E-3
1.975000E-3	-2.307236E-3
1.980000E-3	-2.396345E-3
1.985000E-3	-2.622545E-3
1.990000E-3	-2.532065E-3
1.995000E-3	-2.426505E-3
2.000000E-3	-2.404571E-3
2.005000E-3	-2.370298E-3
2.010000E-3	-2.370298E-3
2.015000E-3	-2.407312E-3
2.020000E-3	-2.537549E-3
2.025000E-3	-2.553999E-3
2.030000E-3	-2.296269E-3
2.035000E-3	-2.486825E-3
2.040000E-3	-2.669156E-3
2.045000E-3	-2.666414E-3
2.050000E-3	-2.585530E-3
2.055000E-3	-2.455294E-3
2.060000E-3	-2.433360E-3
2.065000E-3	-2.499163E-3
2.070000E-3	-2.474487E-3
2.075000E-3	-2.530694E-3
2.080000E-3	-2.534807E-3
2.085000E-3	-2.684236E-3
2.090000E-3	-2.421021E-3
2.095000E-3	-2.473116E-3
2.100000E-3	-2.615690E-3
2.105000E-3	-2.656817E-3
2.110000E-3	-2.507389E-3
2.115000E-3	-2.628028E-3
2.120000E-3	-2.412796E-3
2.125000E-3	-2.396345E-3
2.130000E-3	-2.378523E-3
2.135000E-3	-2.359331E-3
2.140000E-3	-2.334654E-3
2.145000E-3	-2.325058E-3
2.150000E-3	-2.353847E-3
2.155000E-3	-2.399087E-3
2.160000E-3	-2.541661E-3
2.165000E-3	-2.441585E-3
2.170000E-3	-2.407312E-3
2.175000E-3	-2.431989E-3
2.180000E-3	-2.352476E-3
2.185000E-3	-2.315462E-3
2.190000E-3	-2.394974E-3
2.195000E-3	-2.601981E-3
2.200000E-3	-2.569079E-3
2.205000E-3	-2.422392E-3
2.210000E-3	-2.475858E-3
2.215000E-3	-2.455294E-3
2.220000E-3	-2.555370E-3
2.225000E-3	-2.562225E-3
2.230000E-3	-2.532065E-3
2.235000E-3	-2.381265E-3
2.240000E-3	-2.342880E-3
2.245000E-3	-2.425134E-3
2.250000E-3	-2.538919E-3
2.255000E-3	-2.475858E-3
2.260000E-3	-2.625287E-3
2.265000E-3	-2.320945E-3
2.270000E-3	-2.447069E-3
2.275000E-3	-2.499163E-3
2.280000E-3	-2.495050E-3
2.285000E-3	-2.462149E-3
2.290000E-3	-2.533436E-3
2.295000E-3	-2.485454E-3
2.300000E-3	-2.394974E-3
2.305000E-3	-2.518356E-3
2.310000E-3	-2.497792E-3
2.315000E-3	-2.475858E-3
2.320000E-3	-2.469003E-3
2.325000E-3	-2.600610E-3
2.330000E-3	-2.294898E-3
2.335000E-3	-2.655447E-3
2.340000E-3	-2.436101E-3
2.345000E-3	-2.543032E-3
2.350000E-3	-2.015233E-3
2.355000E-3	-2.525210E-3
2.360000E-3	-1.924753E-3
2.365000E-3	-2.808988E-3
2.370000E-3	-1.994669E-3
2.375000E-3	-3.009140E-3
2.380000E-3	-1.939833E-3
2.385000E-3	-3.316224E-3
2.390000E-3	-1.616299E-3
2.395000E-3	-3.793299E-3
2.400000E-3	-1.102209E-3
2.405000E-3	-3.993452E-3
2.410000E-3	-7.142425E-4
2.415000E-3	-4.984617E-3
2.420000E-3	1.425743E-4
2.425000E-3	-5.770147E-3
2.430000E-3	1.292765E-3
2.435000E-3	-7.572889E-3
2.440000E-3	3.774107E-3
2.445000E-3	-8.736789E-3
2.450000E-3	1.648653E-2
2.455000E-3	-7.497489E-2
2.460000E-3	-1.383423E-1
2.465000E-3	-9.048259E-2
2.470000E-3	-1.017514E-1
2.475000E-3	-1.798671E-1
2.480000E-3	-9.850651E-2
2.485000E-3	-1.730934E-1
2.490000E-3	-1.069115E-1
2.495000E-3	7.940018E-2
2.500000E-3	2.421076E-1
2.505000E-3	6.297192E-1
2.510000E-3	2.447411E-1
2.515000E-3	7.660627E-3
2.520000E-3	3.788432E-1
2.525000E-3	8.905411E-2
2.530000E-3	-2.280695E-1
2.535000E-3	6.337702E-2
2.540000E-3	2.795553E-2
2.545000E-3	-1.797149E-1
2.550000E-3	4.835188E-3
2.555000E-3	-2.109689E-2
2.560000E-3	-2.223954E-1
2.565000E-3	-7.033712E-2
2.570000E-3	-9.942502E-2
2.575000E-3	-3.301966E-1
2.580000E-3	3.213406E-3
2.585000E-3	-4.441738E-3
2.590000E-3	-2.884484E-1
2.595000E-3	1.679662E-1
2.600000E-3	1.587771E-1
2.605000E-3	-1.354881E-1
2.610000E-3	2.336464E-1
2.615000E-3	1.427909E-1
2.620000E-3	-1.076381E-1
2.625000E-3	1.329409E-1
2.630000E-3	1.215268E-1
2.635000E-3	-7.177794E-2
2.640000E-3	1.284403E-2
2.645000E-3	9.343827E-2
2.650000E-3	-7.279789E-2
2.655000E-3	-1.085415E-1
2.660000E-3	2.543032E-2
2.665000E-3	-1.750360E-1
2.670000E-3	-1.231102E-1
2.675000E-3	1.320320E-1
2.680000E-3	-8.731854E-2
2.685000E-3	-4.277915E-2
2.690000E-3	1.821853E-1
2.695000E-3	-3.514868E-2
2.700000E-3	-2.222651E-2
2.705000E-3	1.757283E-1
2.710000E-3	-2.865881E-2
2.715000E-3	-1.072282E-1
2.720000E-3	1.329876E-1
2.725000E-3	2.166444E-2
2.730000E-3	-7.084298E-2
2.735000E-3	1.046811E-1
2.740000E-3	-5.326933E-2
2.745000E-3	-1.773748E-1
2.750000E-3	3.980565E-2
2.755000E-3	-4.314244E-3
2.760000E-3	-1.563039E-1
2.765000E-3	2.675050E-2
2.770000E-3	4.391563E-2
2.775000E-3	-1.043617E-1
2.780000E-3	3.427678E-2
2.785000E-3	7.839119E-2
2.790000E-3	-5.301160E-2
2.795000E-3	5.308837E-2
2.800000E-3	7.272249E-2
2.805000E-3	-7.814717E-2
2.810000E-3	2.764845E-2
2.815000E-3	1.162035E-1
2.820000E-3	-4.101753E-2
2.825000E-3	2.778828E-3
2.830000E-3	8.005822E-2
2.835000E-3	-8.579135E-2
2.840000E-3	-3.968090E-2
2.845000E-3	7.312280E-2
2.850000E-3	-7.894230E-2
2.855000E-3	-5.346811E-2
2.860000E-3	4.634625E-2
2.865000E-3	-7.323521E-2
2.870000E-3	-7.930559E-2
2.875000E-3	1.689780E-2
2.880000E-3	-2.998173E-2
2.885000E-3	-2.786642E-2
2.890000E-3	7.327497E-2
2.895000E-3	3.366673E-2
2.900000E-3	-7.197261E-3
2.905000E-3	7.716697E-2
2.910000E-3	6.064481E-2
2.915000E-3	-4.636407E-3
2.920000E-3	3.933954E-2
2.925000E-3	2.193040E-2
2.930000E-3	-3.607953E-2
2.935000E-3	-5.764663E-3
2.940000E-3	-2.336711E-2
2.945000E-3	-8.499759E-2
2.950000E-3	-2.843946E-2
2.955000E-3	-1.815355E-2
2.960000E-3	-7.329553E-2
2.965000E-3	-1.294684E-2
2.970000E-3	1.748317E-2
2.975000E-3	-5.091000E-2
2.980000E-3	-9.141207E-3
2.985000E-3	5.675143E-2
2.990000E-3	6.526887E-3
2.995000E-3	2.672309E-2
3.000000E-3	7.001358E-2
3.005000E-3	-4.373193E-3
3.010000E-3	-1.860732E-2
3.015000E-3	3.990436E-2
3.020000E-3	1.022559E-2
3.025000E-3	-5.781114E-3
3.030000E-3	4.680276E-2
3.035000E-3	-5.908608E-3
3.040000E-3	-5.692142E-2
3.045000E-3	9.130239E-4
3.050000E-3	-2.656406E-2
3.055000E-3	-6.707299E-2
3.060000E-3	-2.145743E-2
3.065000E-3	-2.694517E-2
3.070000E-3	-3.830999E-2
3.075000E-3	6.589949E-3
3.080000E-3	3.477442E-2
3.085000E-3	6.905258E-3
3.090000E-3	1.872659E-2
3.095000E-3	3.506368E-2
3.100000E-3	-1.161021E-2
3.105000E-3	1.118249E-2
3.110000E-3	3.691852E-2
3.115000E-3	-3.484160E-2
3.120000E-3	-1.181036E-2
3.125000E-3	2.064312E-2
3.130000E-3	-3.480458E-2
3.135000E-3	-2.074319E-2
3.140000E-3	6.270528E-3
3.145000E-3	-2.022773E-2
3.150000E-3	-1.415873E-2
3.155000E-3	1.363230E-2
3.160000E-3	-2.305865E-3
3.165000E-3	-1.384616E-2
3.170000E-3	1.688957E-2
3.175000E-3	1.392978E-2
3.180000E-3	5.590558E-3
3.185000E-3	1.733923E-2
3.190000E-3	1.237106E-2
3.195000E-3	8.076012E-3
3.200000E-3	1.172125E-3
3.205000E-3	-2.478600E-3
3.210000E-3	-1.861006E-2
3.215000E-3	-2.578539E-2
3.220000E-3	-5.986750E-3
3.225000E-3	-2.268851E-2
3.230000E-3	-3.117305E-2
3.235000E-3	-6.762683E-3
3.240000E-3	-2.664632E-2
3.245000E-3	-2.837640E-2
3.250000E-3	-1.096588E-2
3.255000E-3	-1.519376E-2
3.260000E-3	6.311655E-3
3.265000E-3	2.811456E-2
3.270000E-3	2.633101E-2
3.275000E-3	3.281403E-2
3.280000E-3	4.317808E-2
3.285000E-3	2.419513E-2
3.290000E-3	9.386599E-3
3.295000E-3	2.126276E-2
3.300000E-3	9.063065E-3
3.305000E-3	-2.570450E-3
3.310000E-3	2.052248E-3
3.315000E-3	-1.370770E-2
3.320000E-3	-3.098112E-2
3.325000E-3	-2.349871E-2
3.330000E-3	-1.593953E-2
3.335000E-3	-2.450222E-2
3.340000E-3	-1.560640E-2
3.345000E-3	-1.420808E-2
3.350000E-3	-2.891517E-2
3.355000E-3	-1.795751E-2
3.360000E-3	-1.636314E-2
3.365000E-3	-2.132720E-2
3.370000E-3	-2.300382E-3
3.375000E-3	1.251501E-2
3.380000E-3	1.526368E-2
3.385000E-3	1.895005E-2
3.390000E-3	1.605058E-2
3.395000E-3	1.005560E-2
3.400000E-3	8.830011E-3
3.405000E-3	-1.357198E-3
3.410000E-3	-1.425195E-2
3.415000E-3	-1.785606E-2
3.420000E-3	-1.821935E-2
3.425000E-3	-1.675659E-2
3.430000E-3	-8.403659E-4
3.435000E-3	6.037474E-3
3.440000E-3	-6.199241E-3
3.445000E-3	-1.965880E-3
3.450000E-3	8.097947E-3
3.455000E-3	-1.318812E-2
3.460000E-3	-1.507449E-2
3.465000E-3	2.422392E-3
3.470000E-3	-8.821785E-3
3.475000E-3	-3.705561E-3
3.480000E-3	1.813436E-2
3.485000E-3	4.865348E-3
3.490000E-3	1.459742E-2
3.495000E-3	4.058433E-2
3.500000E-3	1.732004E-2
3.505000E-3	1.255476E-2
3.510000E-3	2.110237E-2
3.515000E-3	-1.674426E-2
3.520000E-3	-3.457975E-2
3.525000E-3	-2.088714E-2
3.530000E-3	-3.339666E-2
3.535000E-3	-3.787541E-2
3.540000E-3	-1.674426E-2
3.545000E-3	-1.717883E-2
3.550000E-3	-2.128059E-2
3.555000E-3	-8.610666E-3
3.560000E-3	3.153086E-5
3.565000E-3	8.350194E-3
3.570000E-3	1.908576E-2
3.575000E-3	2.554137E-2
3.580000E-3	2.216345E-2
3.585000E-3	1.407784E-2
3.590000E-3	5.812645E-3
3.595000E-3	-5.400002E-3
3.600000E-3	1.728714E-3
3.605000E-3	5.678296E-3
3.610000E-3	-1.424098E-2
3.615000E-3	-2.277762E-2
3.620000E-3	-1.548028E-2
3.625000E-3	-1.657152E-2
3.630000E-3	-1.772994E-2
3.635000E-3	-9.371519E-3
3.640000E-3	-1.369947E-2
3.645000E-3	-1.558173E-2
3.650000E-3	2.739072E-3
3.655000E-3	3.682256E-3
3.660000E-3	-3.377914E-3
3.665000E-3	9.093225E-3
3.670000E-3	1.179940E-2
3.675000E-3	1.046139E-2
3.680000E-3	2.096528E-2
3.685000E-3	1.566124E-2
3.690000E-3	-6.304801E-3
3.695000E-3	-3.845394E-3
3.700000E-3	-8.351564E-3
3.705000E-3	-2.753192E-2
3.710000E-3	-2.371532E-2
3.715000E-3	-2.350283E-2
3.720000E-3	-3.000778E-2
3.725000E-3	-9.863675E-3
3.730000E-3	-5.937397E-3
3.735000E-3	-1.159513E-2
3.740000E-3	2.701783E-2
3.745000E-3	4.352218E-2
3.750000E-3	2.607054E-2
3.755000E-3	3.452629E-2
3.760000E-3	2.986658E-2
3.765000E-3	-6.646156E-3
3.770000E-3	-2.789795E-3
3.775000E-3	1.237518E-2
3.780000E-3	-7.548213E-3
3.785000E-3	-4.082561E-3
3.790000E-3	1.920640E-3
3.795000E-3	-2.583611E-2
3.800000E-3	-2.576071E-2
3.805000E-3	-1.363641E-2
3.810000E-3	-2.697808E-2
3.815000E-3	-1.961356E-2
3.820000E-3	-7.571518E-3
3.825000E-3	-1.617944E-2
3.830000E-3	-7.121861E-3
3.835000E-3	3.824830E-3
3.840000E-3	-3.783703E-3
3.845000E-3	8.945167E-3
3.850000E-3	1.844829E-2
3.855000E-3	4.821479E-3
3.860000E-3	9.330392E-3
3.865000E-3	2.307236E-2
3.870000E-3	6.747603E-3
3.875000E-3	4.718661E-3
3.880000E-3	1.268911E-2
3.885000E-3	-1.218051E-2
3.890000E-3	-2.682590E-2
3.895000E-3	-2.078021E-2
3.900000E-3	-3.588074E-2
3.905000E-3	-4.330146E-2
3.910000E-3	-2.233756E-2
3.915000E-3	-1.599985E-2
3.920000E-3	-1.046824E-2
3.925000E-3	2.006322E-2
3.930000E-3	2.738112E-2
3.935000E-3	1.843321E-2
3.940000E-3	2.593756E-2
3.945000E-3	1.956147E-2
3.950000E-3	7.838845E-3
3.955000E-3	1.199955E-2
3.960000E-3	4.721403E-3
3.965000E-3	-3.499925E-3
3.970000E-3	2.723992E-3
3.975000E-3	-1.963139E-3
3.980000E-3	-1.807266E-2
3.985000E-3	-1.984662E-2
3.990000E-3	-1.886368E-2
3.995000E-3	-2.319574E-2
4.000000E-3	-1.709795E-2
4.005000E-3	-1.271105E-2
4.010000E-3	-1.604784E-2
4.015000E-3	-6.651640E-3
4.020000E-3	3.754914E-3
4.025000E-3	2.203047E-3
4.030000E-3	4.321098E-3
4.035000E-3	8.033514E-3
4.040000E-3	8.225441E-4
4.045000E-3	2.604723E-4
4.050000E-3	5.875707E-3
4.055000E-3	-5.757809E-5
4.060000E-3	1.405180E-3
4.065000E-3	8.899927E-3
4.070000E-3	7.427573E-3
4.075000E-3	6.716073E-3
4.080000E-3	6.587207E-3
4.085000E-3	1.035035E-3
4.090000E-3	-1.852095E-3
4.095000E-3	-3.844023E-3
4.100000E-3	-1.073968E-2
4.105000E-3	-1.380640E-2
4.110000E-3	-6.950498E-3
4.115000E-3	-9.226203E-4
4.120000E-3	5.957961E-3
4.125000E-3	9.516835E-3
4.130000E-3	6.525517E-4
4.135000E-3	-3.992081E-3
4.140000E-3	1.549125E-3
4.145000E-3	1.790404E-3
4.150000E-3	3.072202E-3
4.155000E-3	9.516835E-3
4.160000E-3	6.436408E-3
4.165000E-3	-9.281039E-4
4.170000E-3	-4.580200E-3
4.175000E-3	-1.718843E-2
4.180000E-3	-2.924830E-2
4.185000E-3	-2.471745E-2
4.190000E-3	-2.628851E-2
4.195000E-3	-3.045881E-2
4.200000E-3	-2.106261E-2
4.205000E-3	-1.296467E-2
4.210000E-3	-5.549431E-3
4.215000E-3	9.415388E-3
4.220000E-3	1.661402E-2
4.225000E-3	1.165271E-2
4.230000E-3	8.325517E-3
4.235000E-3	4.661083E-3
4.240000E-3	7.745624E-4
4.245000E-3	6.395280E-3
4.250000E-3	1.270419E-2
4.255000E-3	9.149432E-3
4.260000E-3	8.391321E-3
4.265000E-3	1.066291E-2
4.270000E-3	1.827419E-3
4.275000E-3	-1.027769E-2
4.280000E-3	-1.594776E-2
4.285000E-3	-2.394152E-2
4.290000E-3	-2.812690E-2
4.295000E-3	-2.021676E-2
4.300000E-3	-1.528835E-2
4.305000E-3	-1.231074E-2
4.310000E-3	-5.963445E-4
4.315000E-3	6.969690E-3
4.320000E-3	7.689416E-3
4.325000E-3	1.282209E-2
4.330000E-3	1.299894E-2
4.335000E-3	6.147146E-3
4.340000E-3	9.078145E-3
4.345000E-3	1.140183E-2
4.350000E-3	3.084540E-3
4.355000E-3	1.871288E-3
4.360000E-3	1.265347E-3
4.365000E-3	-7.409751E-3
4.370000E-3	-7.161617E-3
4.375000E-3	-2.700686E-3
4.380000E-3	-6.817520E-3
4.385000E-3	-5.650878E-3
4.390000E-3	-3.646612E-4
4.395000E-3	-4.445851E-3
4.400000E-3	-8.078754E-3
4.405000E-3	-4.466414E-3
4.410000E-3	-6.674945E-3
4.415000E-3	-9.409904E-3
4.420000E-3	-6.821632E-3
4.425000E-3	-7.749736E-3
4.430000E-3	-6.554306E-3
4.435000E-3	3.220260E-3
4.440000E-3	8.244634E-3
4.445000E-3	4.384160E-3
4.450000E-3	5.342424E-3
4.455000E-3	6.426811E-3
4.460000E-3	1.106322E-3
4.465000E-3	1.654685E-3
4.470000E-3	4.482865E-3
4.475000E-3	-2.261996E-4
4.480000E-3	5.236864E-4
4.485000E-3	9.157658E-4
4.490000E-3	-6.110132E-3
4.495000E-3	-5.050421E-3
4.500000E-3	-3.079057E-3
4.505000E-3	-7.594824E-3
4.510000E-3	-6.751716E-3
4.515000E-3	-7.343948E-3
4.520000E-3	-1.287556E-2
4.525000E-3	-9.031534E-3
4.530000E-3	2.378523E-3
4.535000E-3	7.482409E-3
4.540000E-3	8.551717E-3
4.545000E-3	9.538770E-3
4.550000E-3	3.094137E-3
4.555000E-3	-4.837930E-3
4.560000E-3	-5.790710E-3
4.565000E-3	-9.017825E-3
4.570000E-3	-1.450694E-2
4.575000E-3	-1.479483E-2
4.580000E-3	-1.388317E-2
4.585000E-3	-1.385027E-2
4.590000E-3	-9.754002E-3
4.595000E-3	-7.383704E-3
4.600000E-3	-9.538770E-3
4.605000E-3	-7.693529E-3
4.610000E-3	-3.783703E-3
4.615000E-3	-1.215994E-3
4.620000E-3	3.117442E-3
4.625000E-3	5.879819E-3
4.630000E-3	6.765425E-3
4.635000E-3	8.585989E-3
4.640000E-3	7.651031E-3
4.645000E-3	4.358113E-3
4.650000E-3	1.232445E-3
4.655000E-3	-3.530085E-3
4.660000E-3	-8.420110E-3
4.665000E-3	-1.094395E-2
4.670000E-3	-1.385164E-2
4.675000E-3	-1.568180E-2
4.680000E-3	-1.062042E-2
4.685000E-3	-5.770147E-3
4.690000E-3	-4.189491E-3
4.695000E-3	-4.277229E-4
4.700000E-3	1.154304E-3
4.705000E-3	-4.551411E-4
4.710000E-3	2.266109E-3
4.715000E-3	5.504191E-3
4.720000E-3	3.767252E-3
4.725000E-3	3.959179E-3
4.730000E-3	5.029857E-3
4.735000E-3	9.171367E-4
4.740000E-3	-6.799698E-4
4.745000E-3	-4.099011E-4
4.750000E-3	-4.528105E-3
4.755000E-3	-9.019196E-3
4.760000E-3	-1.193786E-2
4.765000E-3	-1.627952E-2
4.770000E-3	-1.783413E-2
4.775000E-3	-1.437944E-2
4.780000E-3	-1.154029E-2
4.785000E-3	-7.655144E-3
4.790000E-3	2.053618E-3
4.795000E-3	9.865046E-3
4.800000E-3	1.063961E-2
4.805000E-3	1.224768E-2
4.810000E-3	1.143336E-2
4.815000E-3	7.509828E-3
4.820000E-3	7.461846E-3
4.825000E-3	7.656515E-3
4.830000E-3	2.429247E-3
4.835000E-3	-1.183093E-3
4.840000E-3	4.208684E-4
4.845000E-3	-3.084540E-4
4.850000E-3	-2.652705E-3
4.855000E-3	-6.361008E-4
4.860000E-3	-1.794517E-3
4.865000E-3	-3.228486E-3
4.870000E-3	-1.658797E-3
4.875000E-3	-3.979743E-3
4.880000E-3	-2.111882E-2
4.885000E-3	-2.607876E-2
4.890000E-3	-4.271334E-2
4.895000E-3	-6.039804E-2
4.900000E-3	-4.624343E-2
4.905000E-3	-3.957260E-2
4.910000E-3	-2.173847E-2
4.915000E-3	2.109689E-2
4.920000E-3	5.128288E-2
4.925000E-3	5.219316E-2
4.930000E-3	6.630117E-2
4.935000E-3	6.581724E-2
4.940000E-3	3.645790E-2
4.945000E-3	8.240521E-3
4.950000E-3	3.813863E-3
4.955000E-3	-5.509675E-3
4.960000E-3	-2.062255E-2
4.965000E-3	-5.373955E-4
4.970000E-3	-1.378721E-2
4.975000E-3	-2.139574E-2
4.980000E-3	-1.682103E-3
4.985000E-3	-2.472842E-2
4.990000E-3	-3.319651E-2
4.995000E-3	-1.572841E-2
5.000000E-3	-1.034075E-2
5.005000E-3	-2.765119E-2
5.010000E-3	-1.447403E-2
5.015000E-3	1.710618E-2
5.020000E-3	-1.255614E-2
5.025000E-3	-4.477382E-3
5.030000E-3	3.131974E-2
5.035000E-3	-9.589493E-3
5.040000E-3	-3.610969E-3
5.045000E-3	2.222240E-2
5.050000E-3	-7.672966E-3
5.055000E-3	5.249202E-3
5.060000E-3	1.655918E-2
5.065000E-3	-1.148272E-2
5.070000E-3	-7.461846E-3
5.075000E-3	-4.759789E-3
5.080000E-3	-2.721661E-2
5.085000E-3	-3.002834E-2
5.090000E-3	-3.657579E-3
5.095000E-3	-7.974565E-3
5.100000E-3	-8.259714E-3
5.105000E-3	2.490252E-2
5.110000E-3	1.245606E-2
5.115000E-3	5.936027E-4
5.120000E-3	2.946353E-2
5.125000E-3	1.930922E-2
5.130000E-3	-6.381571E-3
5.135000E-3	1.178843E-2
5.140000E-3	6.810665E-3
5.145000E-3	-2.272689E-2
5.150000E-3	-1.200914E-3
5.155000E-3	-7.663369E-4
5.160000E-3	-3.340626E-2
5.165000E-3	-1.570511E-2
5.170000E-3	-6.147146E-3
5.175000E-3	-3.275645E-2
5.180000E-3	-2.326292E-2
5.185000E-3	-9.653926E-3
5.190000E-3	-2.333558E-2
5.195000E-3	-6.214321E-3
5.200000E-3	1.392019E-2
5.205000E-3	-1.923382E-3
5.210000E-3	1.009399E-2
5.215000E-3	2.658463E-2
5.220000E-3	7.985532E-3
5.225000E-3	1.430130E-2
5.230000E-3	2.792126E-2
5.235000E-3	9.784162E-3
5.240000E-3	5.735874E-3
5.245000E-3	1.254654E-2
5.250000E-3	-5.840063E-3
5.255000E-3	-1.683474E-2
5.260000E-3	-3.364205E-3
5.265000E-3	-1.454121E-2
5.270000E-3	-2.925926E-2
5.275000E-3	-1.226962E-2
5.280000E-3	-1.804388E-2
5.285000E-3	-3.093725E-2
5.290000E-3	-1.245606E-2
5.295000E-3	-8.522928E-3
5.300000E-3	-1.630419E-2
5.305000E-3	1.698554E-3
5.310000E-3	1.232034E-2
5.315000E-3	5.646765E-3
5.320000E-3	1.773679E-2
5.325000E-3	2.311486E-2
5.330000E-3	9.282410E-3
5.335000E-3	1.078629E-2
5.340000E-3	9.205639E-3
5.345000E-3	-6.659865E-3
5.350000E-3	-1.206398E-2
5.355000E-3	-1.333481E-2
5.360000E-3	-2.428836E-2
5.365000E-3	-2.235126E-2
5.370000E-3	-1.321280E-2
5.375000E-3	-1.851547E-2
5.380000E-3	-1.091653E-2
5.385000E-3	3.465652E-3
5.390000E-3	-2.481341E-3
5.395000E-3	2.277076E-3
5.400000E-3	1.789719E-2
5.405000E-3	1.477426E-2
5.410000E-3	1.436710E-2
5.415000E-3	2.290100E-2
5.420000E-3	1.579833E-2
5.425000E-3	4.447222E-3
5.430000E-3	5.513787E-3
5.435000E-3	1.960397E-4
5.440000E-3	-8.436561E-3
5.445000E-3	-4.696727E-3
5.450000E-3	-7.431686E-3
5.455000E-3	-1.889658E-2
5.460000E-3	-1.645088E-2
5.465000E-3	-1.408333E-2
5.470000E-3	-2.068424E-2
5.475000E-3	-1.660442E-2
5.480000E-3	-1.043671E-2
5.485000E-3	-1.066566E-2
5.490000E-3	-1.431227E-3
5.495000E-3	1.052719E-2
5.500000E-3	1.204067E-2
5.505000E-3	1.376253E-2
5.510000E-3	1.550633E-2
5.515000E-3	9.642959E-3
5.520000E-3	2.124906E-3
5.525000E-3	3.934503E-4
5.530000E-3	-6.348670E-3
5.535000E-3	-1.492780E-2
5.540000E-3	-1.215309E-2
5.545000E-3	-1.461935E-2
5.550000E-3	-1.901996E-2
5.555000E-3	-9.789646E-3
5.560000E-3	-5.874336E-3
5.565000E-3	-5.631685E-3
5.570000E-3	3.436863E-3
5.575000E-3	8.100688E-3
5.580000E-3	7.365882E-3
5.585000E-3	1.155126E-2
5.590000E-3	1.259041E-2
5.595000E-3	8.399546E-3
5.600000E-3	8.152783E-3
5.605000E-3	3.440976E-3
5.610000E-3	-6.877840E-3
5.615000E-3	-9.762228E-3
5.620000E-3	-1.595187E-2
5.625000E-3	-2.467769E-2
5.630000E-3	-2.111882E-2
5.635000E-3	-1.952171E-2
5.640000E-3	-2.067053E-2
5.645000E-3	-1.437122E-2
5.650000E-3	-6.385684E-3
5.655000E-3	-4.075706E-3
5.660000E-3	-4.167557E-4
5.665000E-3	7.988274E-3
5.670000E-3	9.257734E-3
5.675000E-3	1.274806E-2
5.680000E-3	1.971227E-2
5.685000E-3	1.619589E-2
5.690000E-3	1.460701E-2
5.695000E-3	1.651394E-2
5.700000E-3	7.811427E-3
5.705000E-3	-3.015995E-5
5.710000E-3	4.003048E-4
5.715000E-3	-2.053618E-3
5.720000E-3	-5.744100E-3
5.725000E-3	-3.823459E-3
5.730000E-3	-7.057428E-3
5.735000E-3	-1.324159E-2
5.740000E-3	-1.208317E-2
5.745000E-3	-1.291394E-2
5.750000E-3	-1.630419E-2
5.755000E-3	-1.344037E-2
5.760000E-3	-1.012415E-2
5.765000E-3	-9.263217E-3
5.770000E-3	-7.178068E-3
5.775000E-3	-3.704190E-3
5.780000E-3	-4.496574E-3
5.785000E-3	-4.148364E-3
5.790000E-3	-1.524448E-3
5.795000E-3	-3.290176E-3
5.800000E-3	-1.997411E-3
5.805000E-3	9.075403E-4
5.810000E-3	-1.418889E-3
5.815000E-3	9.815693E-4
5.820000E-3	3.785074E-3
5.825000E-3	-2.878904E-4
5.830000E-3	-1.746535E-3
5.835000E-3	-1.174867E-3
5.840000E-3	-4.131913E-3
5.845000E-3	-3.246307E-3
5.850000E-3	1.950800E-3
5.855000E-3	7.896423E-4
5.860000E-3	-3.290176E-5
5.865000E-3	4.434884E-3
5.870000E-3	2.999544E-3
5.875000E-3	9.281039E-4
5.880000E-3	2.102971E-3
5.885000E-3	-6.388426E-4
5.890000E-3	-5.350649E-3
5.895000E-3	-5.919576E-3
5.900000E-3	-6.042957E-3
5.905000E-3	-9.564817E-3
5.910000E-3	-6.554306E-3
5.915000E-3	-1.137853E-3
5.920000E-3	-2.244174E-3
5.925000E-3	-2.495050E-4
5.930000E-3	1.013100E-3
5.935000E-3	-3.724754E-3
5.940000E-3	-4.761159E-3
5.945000E-3	-4.156590E-3
5.950000E-3	-6.284237E-3
5.955000E-3	-4.730999E-3
5.960000E-3	-1.218736E-3
5.965000E-3	-1.985073E-3
5.970000E-3	-1.206398E-3
5.975000E-3	2.296269E-3
5.980000E-3	2.177000E-3
5.985000E-3	5.072355E-4
5.990000E-3	3.345013E-4
5.995000E-3	-2.020717E-3
6.000000E-3	-5.066872E-3
6.005000E-3	-4.700840E-3
6.010000E-3	-4.519880E-3
6.015000E-3	-5.410969E-3
6.020000E-3	-3.804266E-3
6.025000E-3	-2.166033E-3
6.030000E-3	-2.814472E-3
6.035000E-3	-1.934350E-3
6.040000E-3	-1.050115E-3
6.045000E-3	-3.290176E-3
6.050000E-3	-5.140901E-3
6.055000E-3	-5.155981E-3
6.060000E-3	-6.221175E-3
6.065000E-3	-5.934656E-3
6.070000E-3	-2.305865E-3
6.075000E-3	-7.485151E-4
6.080000E-3	-3.550649E-4
6.085000E-3	1.103580E-3
6.090000E-3	-8.444786E-4
6.095000E-3	-3.228486E-3
6.100000E-3	-3.305256E-3
6.105000E-3	-4.730999E-3
6.110000E-3	-5.151868E-3
6.115000E-3	-4.029095E-3
6.120000E-3	-4.078448E-3
6.125000E-3	-4.754305E-3
6.130000E-3	-3.251791E-3
6.135000E-3	-2.965271E-3
6.140000E-3	-4.674792E-3
6.145000E-3	-4.182637E-3
6.150000E-3	-3.900230E-3
6.155000E-3	-5.092919E-3
6.160000E-3	-2.702057E-3
6.165000E-3	5.894899E-4
6.170000E-3	1.133740E-3
6.175000E-3	1.481950E-3
6.180000E-3	1.039147E-3
6.185000E-3	-1.040518E-3
6.190000E-3	-1.242042E-3
6.195000E-3	5.881190E-4
6.200000E-3	4.016757E-4
6.205000E-3	1.413405E-3
6.210000E-3	4.370451E-3
6.215000E-3	2.991319E-3
6.220000E-3	2.891243E-3
6.225000E-3	3.634274E-3
6.230000E-3	2.364814E-3
6.235000E-3	1.517594E-3
6.240000E-3	4.208684E-4
6.245000E-3	-2.407312E-3
6.250000E-3	-3.499925E-3
6.255000E-3	-4.761159E-3
6.260000E-3	-5.630314E-3
6.265000E-3	-6.211579E-3
6.270000E-3	-5.526125E-3
6.275000E-3	-6.890178E-3
6.280000E-3	-7.254839E-3
6.285000E-3	-3.593147E-3
6.290000E-3	-3.250420E-3
6.295000E-3	-1.664281E-3
6.300000E-3	6.127954E-4
6.305000E-3	5.922318E-4
6.310000E-3	-5.456209E-4
6.315000E-3	-1.388729E-3
6.320000E-3	-1.716375E-3
6.325000E-3	-3.669918E-3
6.330000E-3	-2.549887E-3
6.335000E-3	-1.306474E-3
6.340000E-3	-1.908302E-3
6.345000E-3	-5.469918E-4
6.350000E-3	-3.975630E-4
6.355000E-3	-3.328562E-3
6.360000E-3	-4.584312E-3
6.365000E-3	-5.967557E-3
6.370000E-3	-8.043110E-3
6.375000E-3	-8.199394E-3
6.380000E-3	-6.177306E-3
6.385000E-3	-4.877687E-3
6.390000E-3	-3.373802E-3
6.395000E-3	-9.281039E-4
6.400000E-3	-2.947450E-4
6.405000E-3	6.306171E-5
6.410000E-3	1.572430E-3
6.415000E-3	2.000153E-3
6.420000E-3	1.658797E-3
6.425000E-3	1.237929E-3
6.430000E-3	-4.592538E-4
6.435000E-3	-3.854990E-3
6.440000E-3	-6.720185E-3
6.445000E-3	-9.031534E-3
6.450000E-3	-1.042300E-2
6.455000E-3	-9.185076E-3
6.460000E-3	-6.925821E-3
6.465000E-3	-5.757809E-3
6.470000E-3	-3.680885E-3
6.475000E-3	-1.207769E-3
6.480000E-3	-9.047985E-5
6.485000E-3	2.336025E-3
6.490000E-3	3.839910E-3
6.495000E-3	3.409445E-3
6.500000E-3	2.393603E-3
6.505000E-3	5.538464E-4
6.510000E-3	-2.362072E-3
6.515000E-3	-4.704952E-3
6.520000E-3	-5.508304E-3
6.525000E-3	-5.435646E-3
6.530000E-3	-5.081952E-3
6.535000E-3	-5.012035E-3
6.540000E-3	-5.419195E-3
6.545000E-3	-5.745471E-3
6.550000E-3	-5.491853E-3
6.555000E-3	-3.930390E-3
6.560000E-3	-2.444327E-3
6.565000E-3	-2.111197E-4
6.570000E-3	2.190709E-3
6.575000E-3	3.885150E-3
6.580000E-3	4.722774E-3
6.585000E-3	4.656971E-3
6.590000E-3	3.527343E-3
6.595000E-3	1.287282E-3
6.600000E-3	-1.457274E-3
6.605000E-3	-3.760397E-3
6.610000E-3	-6.351411E-3
6.615000E-3	-8.140445E-3
6.620000E-3	-8.363903E-3
6.625000E-3	-8.006096E-3
6.630000E-3	-6.476164E-3
6.635000E-3	-4.356742E-3
6.640000E-3	-2.981722E-3
6.645000E-3	-1.672506E-3
6.650000E-3	-7.224679E-4
6.655000E-3	-9.006858E-4
6.660000E-3	-9.692311E-4
6.665000E-3	-1.251638E-3
6.670000E-3	-1.336634E-3
6.675000E-3	-1.054227E-3
6.680000E-3	-2.577305E-4
6.685000E-3	-6.237626E-4
6.690000E-3	-1.716375E-3
6.695000E-3	-2.264738E-3
6.700000E-3	-3.205180E-3
6.705000E-3	-5.138159E-3
6.710000E-3	-6.524146E-3
6.715000E-3	-6.696880E-3
6.720000E-3	-6.051183E-3
6.725000E-3	-4.343033E-3
6.730000E-3	-1.616299E-3
6.735000E-3	5.332828E-4
6.740000E-3	1.253009E-3
6.745000E-3	1.953542E-3
6.750000E-3	1.396954E-3
6.755000E-3	-6.361008E-4
6.760000E-3	-2.802134E-3
6.765000E-3	-5.287588E-3
6.770000E-3	-7.265806E-3
6.775000E-3	-7.689416E-3
6.780000E-3	-6.754458E-3
6.785000E-3	-5.341053E-3
6.790000E-3	-2.733588E-3
6.795000E-3	-1.165271E-4
6.800000E-3	1.377761E-3
6.805000E-3	2.612948E-3
6.810000E-3	3.179133E-3
6.815000E-3	2.895355E-3
6.820000E-3	2.614319E-3
6.825000E-3	1.983702E-3
6.830000E-3	8.252859E-4
6.835000E-3	-5.908608E-4
6.840000E-3	-2.474487E-3
6.845000E-3	-4.800916E-3
6.850000E-3	-6.766796E-3
6.855000E-3	-8.211732E-3
6.860000E-3	-9.803355E-3
6.865000E-3	-1.066428E-2
6.870000E-3	-1.016116E-2
6.875000E-3	-9.710133E-3
6.880000E-3	-8.547604E-3
6.885000E-3	-6.300688E-3
6.890000E-3	-3.807008E-3
6.895000E-3	-1.235187E-3
6.900000E-3	2.079666E-3
6.905000E-3	4.270375E-3
6.910000E-3	5.245090E-3
6.915000E-3	5.837321E-3
6.920000E-3	4.881799E-3
6.925000E-3	1.902819E-3
6.930000E-3	-7.265806E-4
6.935000E-3	-2.648592E-3
6.940000E-3	-3.609598E-3
6.945000E-3	-2.671897E-3
6.950000E-3	-7.635951E-4
6.955000E-3	9.884238E-4
6.960000E-3	2.442956E-3
6.965000E-3	3.188729E-3
6.970000E-3	2.146840E-3
6.975000E-3	5.346537E-5
6.980000E-3	-2.193451E-3
6.985000E-3	-4.821479E-3
6.990000E-3	-6.606400E-3
6.995000E-3	-6.894290E-3
7.000000E-3	-6.975174E-3
7.005000E-3	-6.836712E-3
7.010000E-3	-6.862760E-3
7.015000E-3	-7.132828E-3
7.020000E-3	-7.319272E-3
7.025000E-3	-6.322622E-3
7.030000E-3	-5.075097E-3
7.035000E-3	-4.296422E-3
7.040000E-3	-3.297031E-3
7.045000E-3	-2.680123E-3
7.050000E-3	-2.586901E-3
7.055000E-3	-1.495659E-3
7.060000E-3	-5.812645E-4
7.065000E-3	-1.041889E-4
7.070000E-3	-5.757809E-5
7.075000E-3	-5.305409E-4
7.080000E-3	-1.412034E-3
7.085000E-3	-1.897335E-3
7.090000E-3	-1.941204E-3
7.095000E-3	-2.178371E-3
7.100000E-3	-2.362072E-3
7.105000E-3	-2.649963E-3
7.110000E-3	-3.547907E-3
7.115000E-3	-3.683627E-3
7.120000E-3	-3.061235E-3
7.125000E-3	-2.640367E-3
7.130000E-3	-1.952171E-3
7.135000E-3	-1.806855E-3
7.140000E-3	-2.030313E-3
7.145000E-3	-1.712263E-3
7.150000E-3	-1.313329E-3
7.155000E-3	-1.300991E-3
7.160000E-3	-6.182790E-4
7.165000E-3	3.153086E-5
7.170000E-3	-1.878142E-4
7.175000E-3	-3.111959E-4
7.180000E-3	-6.854534E-6
7.185000E-3	-5.607009E-4
7.190000E-3	-7.951260E-4
7.195000E-3	-4.208684E-4
7.200000E-3	-3.386140E-4
7.205000E-3	-4.770756E-4
7.210000E-3	-6.744862E-4
7.215000E-3	-1.502514E-3
7.220000E-3	-3.227115E-3
7.225000E-3	-4.561007E-3
7.230000E-3	-6.036103E-3
7.235000E-3	-7.527649E-3
7.240000E-3	-7.726431E-3
7.245000E-3	-6.803811E-3
7.250000E-3	-5.642653E-3
7.255000E-3	-3.594518E-3
7.260000E-3	-1.220107E-3
7.265000E-3	3.057122E-4
7.270000E-3	1.790404E-3
7.275000E-3	3.465652E-3
7.280000E-3	4.049659E-3
7.285000E-3	4.676163E-3
7.290000E-3	5.284846E-3
7.295000E-3	4.337549E-3
7.300000E-3	2.437472E-3
7.305000E-3	1.096725E-5
7.310000E-3	-3.442347E-3
7.315000E-3	-6.775022E-3
7.320000E-3	-9.601831E-3
7.325000E-3	-1.215172E-2
7.330000E-3	-1.383108E-2
7.335000E-3	-1.327038E-2
7.340000E-3	-1.173222E-2
7.345000E-3	-9.845853E-3
7.350000E-3	-7.006705E-3
7.355000E-3	-4.429400E-3
7.360000E-3	-2.582788E-3
7.365000E-3	-7.923841E-4
7.370000E-3	-1.507998E-4
7.375000E-3	-6.909370E-4
7.380000E-3	-7.773042E-4
7.385000E-3	-6.648898E-4
7.390000E-3	-3.166795E-4
7.395000E-3	7.498860E-4
7.400000E-3	1.978219E-3
7.405000E-3	2.573192E-3
7.410000E-3	2.723992E-3
7.415000E-3	2.023458E-3
7.420000E-3	5.223155E-4
7.425000E-3	-1.126885E-3
7.430000E-3	-2.201676E-3
7.435000E-3	-3.110588E-3
7.440000E-3	-3.543794E-3
7.445000E-3	-3.524601E-3
7.450000E-3	-3.380656E-3
7.455000E-3	-3.384769E-3
7.460000E-3	-3.131151E-3
7.465000E-3	-2.619803E-3
7.470000E-3	-2.212644E-3
7.475000E-3	-2.222240E-3
7.480000E-3	-2.585530E-3
7.485000E-3	-3.103733E-3
7.490000E-3	-3.757656E-3
7.495000E-3	-4.436255E-3
7.500000E-3	-5.090177E-3
7.505000E-3	-5.502820E-3
7.510000E-3	-5.474031E-3
7.515000E-3	-5.147755E-3
7.520000E-3	-4.665196E-3
7.525000E-3	-3.787816E-3
7.530000E-3	-2.706170E-3
7.535000E-3	-1.209140E-3
7.540000E-3	-9.596348E-6
7.545000E-3	1.455903E-3
7.550000E-3	2.818584E-3
7.555000E-3	3.239453E-3
7.560000E-3	2.962530E-3
7.565000E-3	2.005637E-3
7.570000E-3	5.360246E-4
7.575000E-3	-1.114547E-3
7.580000E-3	-3.120184E-3
7.585000E-3	-5.106628E-3
7.590000E-3	-7.171214E-3
7.595000E-3	-8.960247E-3
7.600000E-3	-9.278297E-3
7.605000E-3	-8.876622E-3
7.610000E-3	-7.516682E-3
7.615000E-3	-6.133437E-3
7.620000E-3	-4.802287E-3
7.625000E-3	-3.467023E-3
7.630000E-3	-1.860321E-3
7.635000E-3	-9.843111E-4
7.640000E-3	-1.741052E-4
7.645000E-3	7.869005E-4
7.650000E-3	1.110435E-3
7.655000E-3	1.318812E-3
7.660000E-3	1.697183E-3
7.665000E-3	1.451790E-3
7.670000E-3	9.363294E-4
7.675000E-3	5.483627E-6
7.680000E-3	-1.166642E-3
7.685000E-3	-2.249658E-3
7.690000E-3	-2.633512E-3
7.695000E-3	-2.791166E-3
7.700000E-3	-2.987206E-3
7.705000E-3	-3.066719E-3
7.710000E-3	-3.032446E-3
7.715000E-3	-2.615690E-3
7.720000E-3	-1.653314E-3
7.725000E-3	-2.686977E-4
7.730000E-3	5.538464E-4
7.735000E-3	1.033664E-3
7.740000E-3	1.166642E-3
7.745000E-3	7.457733E-4
7.750000E-3	-6.196499E-4
7.755000E-3	-1.872659E-3
7.760000E-3	-3.720641E-3
7.765000E-3	-5.276620E-3
7.770000E-3	-6.069005E-3
7.775000E-3	-6.234884E-3
7.780000E-3	-5.993605E-3
7.785000E-3	-5.576849E-3
7.790000E-3	-5.098403E-3
7.795000E-3	-4.869461E-3
7.800000E-3	-4.595280E-3
7.805000E-3	-4.421175E-3
7.810000E-3	-4.528105E-3
7.815000E-3	-4.016757E-3
7.820000E-3	-3.355980E-3
7.825000E-3	-2.629399E-3
7.830000E-3	-1.524448E-3
7.835000E-3	-6.868243E-4
7.840000E-3	-4.277229E-4
7.845000E-3	-7.032752E-4
7.850000E-3	-1.213253E-3
7.855000E-3	-1.959026E-3
7.860000E-3	-2.612948E-3
7.865000E-3	-2.873421E-3
7.870000E-3	-2.423763E-3
7.875000E-3	-1.880884E-3
7.880000E-3	-1.273572E-3
7.885000E-3	-1.133740E-3
7.890000E-3	-1.433969E-3
7.895000E-3	-2.411425E-3
7.900000E-3	-3.562987E-3
7.905000E-3	-4.463673E-3
7.910000E-3	-4.626811E-3
7.915000E-3	-4.182637E-3
7.920000E-3	-2.904952E-3
7.925000E-3	-1.205027E-3
7.930000E-3	2.577305E-4
7.935000E-3	8.348823E-4
7.940000E-3	7.005334E-4
7.945000E-3	-4.743338E-4
7.950000E-3	-2.304494E-3
7.955000E-3	-3.779590E-3
7.960000E-3	-4.417062E-3
7.965000E-3	-4.211426E-3
7.970000E-3	-3.061235E-3
7.975000E-3	-1.557350E-3
7.980000E-3	-3.386140E-4
7.985000E-3	3.550649E-4
7.990000E-3	6.758571E-4
7.995000E-3	6.388426E-4
8.000000E-3	4.030466E-4
8.005000E-3	3.660321E-4
8.010000E-3	1.727343E-4
8.015000E-3	-4.345775E-4
8.020000E-3	-9.377003E-4
8.025000E-3	-2.163291E-3
8.030000E-3	-3.759027E-3
8.035000E-3	-5.146384E-3
8.040000E-3	-6.684542E-3
8.045000E-3	-7.659256E-3
8.050000E-3	-8.028030E-3
8.055000E-3	-8.144557E-3
8.060000E-3	-8.003354E-3
8.065000E-3	-7.219195E-3
8.070000E-3	-6.199241E-3
8.075000E-3	-4.962683E-3
8.080000E-3	-3.861845E-3
8.085000E-3	-2.695203E-3
8.090000E-3	-1.691699E-3
8.095000E-3	-6.895661E-4
8.100000E-3	1.919270E-5
8.105000E-3	6.964207E-4
8.110000E-3	1.081645E-3
8.115000E-3	4.839301E-4
8.120000E-3	1.206398E-4
8.125000E-3	-1.357198E-4
8.130000E-3	-2.316833E-4
8.135000E-3	2.878904E-4
8.140000E-3	1.021326E-3
8.145000E-3	1.605332E-3
8.150000E-3	1.710892E-3
8.155000E-3	1.104951E-3
8.160000E-3	4.523993E-5
8.165000E-3	-1.824677E-3
8.170000E-3	-3.185987E-3
8.175000E-3	-3.896117E-3
8.180000E-3	-4.192233E-3
8.185000E-3	-3.944099E-3
8.190000E-3	-3.286064E-3
8.195000E-3	-2.987206E-3
8.200000E-3	-3.051639E-3
8.205000E-3	-3.691852E-3
8.210000E-3	-4.375935E-3
8.215000E-3	-5.230010E-3
8.220000E-3	-5.716681E-3
8.225000E-3	-6.008685E-3
8.230000E-3	-5.962074E-3
8.235000E-3	-5.405486E-3
8.240000E-3	-4.903734E-3
8.245000E-3	-4.314244E-3
8.250000E-3	-3.626049E-3
8.255000E-3	-2.998173E-3
8.260000E-3	-2.412796E-3
8.265000E-3	-1.861691E-3
8.270000E-3	-1.066566E-3
8.275000E-3	-3.948212E-4
8.280000E-3	-4.798174E-5
8.285000E-3	1.645088E-5
8.290000E-3	-1.576543E-4
8.295000E-3	-6.004572E-4
8.300000E-3	-1.240671E-3
8.305000E-3	-2.166033E-3
8.310000E-3	-2.854228E-3
8.315000E-3	-3.494442E-3
8.320000E-3	-3.978372E-3
8.325000E-3	-4.031837E-3
8.330000E-3	-4.048288E-3
8.335000E-3	-4.094899E-3
8.340000E-3	-4.009902E-3
8.345000E-3	-3.675401E-3
8.350000E-3	-3.687739E-3
8.355000E-3	-3.382027E-3
8.360000E-3	-2.677381E-3
8.365000E-3	-1.968622E-3
8.370000E-3	-1.011729E-3
8.375000E-3	-1.425743E-4
8.380000E-3	1.329780E-4
8.385000E-3	-2.686977E-4
8.390000E-3	-1.162529E-3
8.395000E-3	-1.928866E-3
8.400000E-3	-2.728105E-3
8.405000E-3	-3.216147E-3
8.410000E-3	-3.849506E-3
8.415000E-3	-4.432142E-3
8.420000E-3	-5.287588E-3
8.425000E-3	-5.901754E-3
8.430000E-3	-5.951107E-3
8.435000E-3	-5.897641E-3
8.440000E-3	-5.087435E-3
8.445000E-3	-4.316986E-3
8.450000E-3	-3.616452E-3
8.455000E-3	-2.885759E-3
8.460000E-3	-1.902819E-3
8.465000E-3	-1.428485E-3
8.470000E-3	-3.797412E-4
8.475000E-3	3.468394E-4
8.480000E-3	1.195431E-3
8.485000E-3	2.275705E-3
8.490000E-3	2.734959E-3
8.495000E-3	2.892613E-3
8.500000E-3	2.688348E-3
8.505000E-3	2.109826E-3
8.510000E-3	1.342118E-3
8.515000E-3	5.565882E-4
8.520000E-3	2.536178E-4
8.525000E-3	-2.152324E-4
8.530000E-3	-8.677840E-4
8.535000E-3	-1.546383E-3
8.540000E-3	-2.782941E-3
8.545000E-3	-3.823459E-3
8.550000E-3	-4.854381E-3
8.555000E-3	-5.626202E-3
8.560000E-3	-6.280124E-3
8.565000E-3	-6.669462E-3
8.570000E-3	-6.739378E-3
8.575000E-3	-6.654382E-3
8.580000E-3	-6.358266E-3
8.585000E-3	-5.766034E-3
8.590000E-3	-5.275249E-3
8.595000E-3	-4.851639E-3
8.600000E-3	-4.486978E-3
8.605000E-3	-3.631532E-3
8.610000E-3	-3.127038E-3
8.615000E-3	-2.109826E-3
8.620000E-3	-9.843111E-4
8.625000E-3	5.415082E-4
8.630000E-3	1.823306E-3
8.635000E-3	2.654076E-3
8.640000E-3	3.088653E-3
8.645000E-3	3.366947E-3
8.650000E-3	3.198326E-3
8.655000E-3	2.318203E-3
8.660000E-3	1.305103E-3
8.665000E-3	-1.124144E-4
8.670000E-3	-1.402438E-3
8.675000E-3	-2.470374E-3
8.680000E-3	-3.059864E-3
8.685000E-3	-3.521860E-3
8.690000E-3	-4.004419E-3
8.695000E-3	-4.267633E-3
8.700000E-3	-4.646003E-3
8.705000E-3	-5.161464E-3
8.710000E-3	-5.664587E-3
8.715000E-3	-6.352782E-3
8.720000E-3	-6.813407E-3
8.725000E-3	-6.801069E-3
8.730000E-3	-6.111503E-3
8.735000E-3	-5.393147E-3
8.740000E-3	-3.942728E-3
8.745000E-3	-2.315462E-3
8.750000E-3	-1.495659E-3
8.755000E-3	-1.111805E-3
8.760000E-3	-1.299620E-3
8.765000E-3	-1.852095E-3
8.770000E-3	-2.316833E-3
8.775000E-3	-2.804875E-3
8.780000E-3	-3.273726E-3
8.785000E-3	-3.616452E-3
8.790000E-3	-3.732979E-3
8.795000E-3	-3.439605E-3
8.800000E-3	-2.748668E-3
8.805000E-3	-1.801372E-3
8.810000E-3	-6.114244E-4
8.815000E-3	4.578829E-4
8.820000E-3	1.562834E-3
8.825000E-3	2.552629E-3
8.830000E-3	2.969384E-3
8.835000E-3	3.336787E-3
8.840000E-3	2.943337E-3
8.845000E-3	2.278447E-3
8.850000E-3	1.324296E-3
8.855000E-3	1.919270E-4
8.860000E-3	-1.217365E-3
8.865000E-3	-2.606094E-3
8.870000E-3	-3.674030E-3
8.875000E-3	-4.655600E-3
8.880000E-3	-5.689263E-3
8.885000E-3	-6.226659E-3
8.890000E-3	-6.728411E-3
8.895000E-3	-6.929934E-3
8.900000E-3	-6.711960E-3
8.905000E-3	-5.946994E-3
8.910000E-3	-5.362988E-3
8.915000E-3	-4.752934E-3
8.920000E-3	-4.377306E-3
8.925000E-3	-4.197717E-3
8.930000E-3	-3.726125E-3
8.935000E-3	-3.399849E-3
8.940000E-3	-3.318965E-3
8.945000E-3	-3.535569E-3
8.950000E-3	-3.265500E-3
8.955000E-3	-2.941966E-3
8.960000E-3	-2.237320E-3
8.965000E-3	-1.856208E-3
8.970000E-3	-1.336634E-3
8.975000E-3	-6.744862E-4
8.980000E-3	-1.151562E-4
8.985000E-3	3.002286E-4
8.990000E-3	6.772280E-4
8.995000E-3	5.702972E-4
9.000000E-3	6.141663E-4
9.005000E-3	6.703734E-4
9.010000E-3	7.402897E-4
9.015000E-3	5.044937E-4
9.020000E-3	-6.169081E-5
9.025000E-3	-1.062453E-3
9.030000E-3	-2.405941E-3
9.035000E-3	-3.767252E-3
9.040000E-3	-5.132675E-3
9.045000E-3	-6.344557E-3
9.050000E-3	-6.991625E-3
9.055000E-3	-7.124603E-3
9.060000E-3	-6.733894E-3
9.065000E-3	-6.343186E-3
9.070000E-3	-5.822241E-3
9.075000E-3	-5.116224E-3
9.080000E-3	-3.998935E-3
9.085000E-3	-2.641737E-3
9.090000E-3	-9.719729E-4
9.095000E-3	6.484389E-4
9.100000E-3	2.452552E-3
9.105000E-3	3.854990E-3
9.110000E-3	4.946232E-3
9.115000E-3	5.423307E-3
9.120000E-3	4.794061E-3
9.125000E-3	3.317595E-3
9.130000E-3	1.296878E-3
9.135000E-3	-8.472204E-4
9.140000E-3	-3.025591E-3
9.145000E-3	-4.650116E-3
9.150000E-3	-5.974412E-3
9.155000E-3	-6.622851E-3
9.160000E-3	-6.692767E-3
9.165000E-3	-6.447375E-3
9.170000E-3	-6.291091E-3
9.175000E-3	-5.664587E-3
9.180000E-3	-5.118966E-3
9.185000E-3	-4.262149E-3
9.190000E-3	-3.154457E-3
9.195000E-3	-2.112567E-3
9.200000E-3	-9.281039E-4
9.205000E-3	-1.124144E-4
9.210000E-3	3.838539E-4
9.215000E-3	6.223917E-4
9.220000E-3	5.305409E-4
9.225000E-3	1.055598E-4
9.230000E-3	-7.169843E-4
9.235000E-3	-1.621783E-3
9.240000E-3	-2.493680E-3
9.245000E-3	-3.435493E-3
9.250000E-3	-4.247069E-3
9.255000E-3	-4.840672E-3
9.260000E-3	-4.703581E-3
9.265000E-3	-4.455447E-3
9.270000E-3	-4.188120E-3
9.275000E-3	-3.571212E-3
9.280000E-3	-3.006399E-3
9.285000E-3	-2.537549E-3
9.290000E-3	-2.101600E-3
9.295000E-3	-1.773953E-3
9.300000E-3	-1.591623E-3
9.305000E-3	-1.665652E-3
9.310000E-3	-1.606703E-3
9.315000E-3	-1.675248E-3
9.320000E-3	-1.800001E-3
9.325000E-3	-2.353847E-3
9.330000E-3	-2.930999E-3
9.335000E-3	-3.738463E-3
9.340000E-3	-4.404724E-3
9.345000E-3	-4.881799E-3
9.350000E-3	-5.195737E-3
9.355000E-3	-5.118966E-3
9.360000E-3	-4.633665E-3
9.365000E-3	-3.964663E-3
9.370000E-3	-2.870679E-3
9.375000E-3	-1.762986E-3
9.380000E-3	-7.019043E-4
9.385000E-3	5.072355E-5
9.390000E-3	5.757809E-4
9.395000E-3	8.348823E-4
9.400000E-3	8.307695E-4
9.405000E-3	6.319880E-4
9.410000E-3	9.733438E-5
9.415000E-3	-3.715158E-4
9.420000E-3	-1.165271E-3
9.425000E-3	-1.932979E-3
9.430000E-3	-2.867937E-3
9.435000E-3	-3.712416E-3
9.440000E-3	-4.374564E-3
9.445000E-3	-4.290938E-3
9.450000E-3	-3.981113E-3
9.455000E-3	-3.090024E-3
9.460000E-3	-2.311349E-3
9.465000E-3	-1.750648E-3
9.470000E-3	-1.327038E-3
9.475000E-3	-1.052856E-3
9.480000E-3	-1.176238E-3
9.485000E-3	-1.205027E-3
9.490000E-3	-1.181722E-3
9.495000E-3	-1.587510E-3
9.500000E-3	-2.215385E-3
9.505000E-3	-2.575934E-3
9.510000E-3	-3.203809E-3
9.515000E-3	-3.927648E-3
9.520000E-3	-4.359484E-3
9.525000E-3	-5.087435E-3
9.530000E-3	-5.676925E-3
9.535000E-3	-5.734503E-3
9.540000E-3	-5.347908E-3
9.545000E-3	-4.791319E-3
9.550000E-3	-3.913939E-3
9.555000E-3	-2.933741E-3
9.560000E-3	-1.905560E-3
9.565000E-3	-1.281798E-3
9.570000E-3	-3.386140E-4
9.575000E-3	2.741814E-5
9.580000E-3	9.596348E-6
9.585000E-3	1.617670E-4
9.590000E-3	-1.535416E-4
9.595000E-3	-5.579591E-4
9.600000E-3	-1.180351E-3
9.605000E-3	-2.139986E-3
9.610000E-3	-3.014624E-3
9.615000E-3	-4.004419E-3
9.620000E-3	-5.024374E-3
9.625000E-3	-5.863369E-3
9.630000E-3	-6.481647E-3
9.635000E-3	-6.674945E-3
9.640000E-3	-6.484389E-3
9.645000E-3	-5.936027E-3
9.650000E-3	-5.190253E-3
9.655000E-3	-4.216909E-3
9.660000E-3	-3.033817E-3
9.665000E-3	-1.752019E-3
9.670000E-3	-5.840063E-4
9.675000E-3	5.442500E-4
9.680000E-3	1.172125E-3
9.685000E-3	1.650572E-3
9.690000E-3	1.753390E-3
9.695000E-3	1.542270E-3
9.700000E-3	1.291394E-3
9.705000E-3	1.047373E-3
9.710000E-3	5.894899E-4
9.715000E-3	1.494288E-4
9.720000E-3	-6.004572E-4
9.725000E-3	-1.251638E-3
9.730000E-3	-1.909673E-3
9.735000E-3	-2.474487E-3
9.740000E-3	-2.810359E-3
9.745000E-3	-2.884388E-3
9.750000E-3	-2.891243E-3
9.755000E-3	-2.887130E-3
9.760000E-3	-2.863824E-3
9.765000E-3	-2.611578E-3
9.770000E-3	-2.378523E-3
9.775000E-3	-2.444327E-3
9.780000E-3	-2.559483E-3
9.785000E-3	-2.970755E-3
9.790000E-3	-3.292918E-3
9.795000E-3	-3.734350E-3
9.800000E-3	-4.081190E-3
9.805000E-3	-4.499316E-3
9.810000E-3	-4.456818E-3
9.815000E-3	-4.456818E-3
9.820000E-3	-4.480124E-3
9.825000E-3	-4.304647E-3
9.830000E-3	-4.262149E-3
9.835000E-3	-4.057884E-3
9.840000E-3	-3.833055E-3
9.845000E-3	-3.649354E-3
9.850000E-3	-3.148973E-3
9.855000E-3	-2.607465E-3
9.860000E-3	-1.625896E-3
9.865000E-3	-8.143187E-4
9.870000E-3	2.810359E-4
9.875000E-3	1.436710E-3
9.880000E-3	2.067327E-3
9.885000E-3	2.208531E-3
9.890000E-3	1.922011E-3
9.895000E-3	1.246154E-3
9.900000E-3	1.124144E-4
9.905000E-3	-1.157045E-3
9.910000E-3	-2.447069E-3
9.915000E-3	-3.612339E-3
9.920000E-3	-4.596651E-3
9.925000E-3	-5.325973E-3
9.930000E-3	-5.587816E-3
9.935000E-3	-5.667329E-3
9.940000E-3	-5.712569E-3
9.945000E-3	-5.321860E-3
9.950000E-3	-4.969537E-3
9.955000E-3	-4.096270E-3
9.960000E-3	-3.270984E-3
9.965000E-3	-2.470374E-3
9.970000E-3	-1.884997E-3
9.975000E-3	-1.354456E-3
9.980000E-3	-1.158416E-3
9.985000E-3	-1.093984E-3
9.990000E-3	-1.294136E-3
9.995000E-3	-1.616299E-3
