0.000000E+0	2.695203E-3
5.000000E-6	2.582788E-3
1.000000E-5	2.569079E-3
1.500000E-5	2.730846E-3
2.000000E-5	2.751410E-3
2.500000E-5	2.651334E-3
3.000000E-5	2.629399E-3
3.500000E-5	2.617061E-3
4.000000E-5	2.819955E-3
4.500000E-5	2.799392E-3
5.000000E-5	2.734959E-3
5.500000E-5	2.656817E-3
6.000000E-5	2.789795E-3
6.500000E-5	2.850115E-3
7.000000E-5	2.799392E-3
7.500000E-5	2.832294E-3
8.000000E-5	2.824068E-3
8.500000E-5	2.900839E-3
9.000000E-5	3.057122E-3
9.500000E-5	3.176391E-3
1.000000E-4	2.747297E-3
1.050000E-4	2.562225E-3
1.100000E-4	2.706170E-3
1.150000E-4	2.711654E-3
1.200000E-4	2.699316E-3
1.250000E-4	2.597868E-3
1.300000E-4	2.693832E-3
1.350000E-4	2.622545E-3
1.400000E-4	2.719879E-3
1.450000E-4	2.850115E-3
1.500000E-4	2.807617E-3
1.550000E-4	2.696574E-3
1.600000E-4	2.676010E-3
1.650000E-4	2.700686E-3
1.700000E-4	2.796650E-3
1.750000E-4	2.782941E-3
1.800000E-4	2.808988E-3
1.850000E-4	2.603352E-3
1.900000E-4	2.829552E-3
1.950000E-4	2.722621E-3
2.000000E-4	2.416909E-3
2.050000E-4	2.666414E-3
2.100000E-4	2.681494E-3
2.150000E-4	2.819955E-3
2.200000E-4	2.729475E-3
2.250000E-4	2.707541E-3
2.300000E-4	2.643108E-3
2.350000E-4	2.667785E-3
2.400000E-4	2.699316E-3
2.450000E-4	2.715766E-3
2.500000E-4	2.763748E-3
2.550000E-4	2.963901E-3
2.600000E-4	2.910435E-3
2.650000E-4	2.920032E-3
2.700000E-4	2.719879E-3
2.750000E-4	2.745926E-3
2.800000E-4	2.813101E-3
2.850000E-4	2.847373E-3
2.900000E-4	2.659559E-3
2.950000E-4	2.863824E-3
3.000000E-4	2.835035E-3
3.050000E-4	2.702057E-3
3.100000E-4	2.780199E-3
3.150000E-4	2.696574E-3
3.200000E-4	2.700686E-3
3.250000E-4	2.678752E-3
3.300000E-4	2.696574E-3
3.350000E-4	2.863824E-3
3.400000E-4	2.769232E-3
3.450000E-4	2.614319E-3
3.500000E-4	2.482712E-3
3.550000E-4	2.584159E-3
3.600000E-4	2.666414E-3
3.650000E-4	2.826810E-3
3.700000E-4	2.721250E-3
3.750000E-4	2.806246E-3
3.800000E-4	2.813101E-3
3.850000E-4	2.798021E-3
3.900000E-4	2.777457E-3
3.950000E-4	2.776086E-3
4.000000E-4	2.800763E-3
4.050000E-4	2.906322E-3
4.100000E-4	2.781570E-3
4.150000E-4	2.469003E-3
4.200000E-4	2.654076E-3
4.250000E-4	2.755523E-3
4.300000E-4	2.662301E-3
4.350000E-4	2.671897E-3
4.400000E-4	2.744555E-3
4.450000E-4	2.732217E-3
4.500000E-4	2.743185E-3
4.550000E-4	2.800763E-3
4.600000E-4	2.810359E-3
4.650000E-4	2.644479E-3
4.700000E-4	2.645850E-3
4.750000E-4	2.617061E-3
4.800000E-4	2.714396E-3
4.850000E-4	2.706170E-3
4.900000E-4	2.795279E-3
4.950000E-4	2.718508E-3
5.000000E-4	2.833664E-3
5.050000E-4	2.850115E-3
5.100000E-4	2.728105E-3
5.150000E-4	2.648592E-3
5.200000E-4	2.822697E-3
5.250000E-4	2.652705E-3
5.300000E-4	2.767861E-3
5.350000E-4	2.714396E-3
5.400000E-4	2.603352E-3
5.450000E-4	2.781570E-3
5.500000E-4	2.914548E-3
5.550000E-4	2.846003E-3
5.600000E-4	2.830923E-3
5.650000E-4	2.872050E-3
5.700000E-4	2.837777E-3
5.750000E-4	2.638996E-3
5.800000E-4	2.562225E-3
5.850000E-4	2.503276E-3
5.900000E-4	2.385378E-3
5.950000E-4	2.538919E-3
6.000000E-4	2.699316E-3
6.050000E-4	2.728105E-3
6.100000E-4	2.637625E-3
6.150000E-4	2.755523E-3
6.200000E-4	2.558112E-3
6.250000E-4	2.504647E-3
6.300000E-4	2.628028E-3
6.350000E-4	2.566338E-3
6.400000E-4	2.560854E-3
6.450000E-4	2.762377E-3
6.500000E-4	2.755523E-3
6.550000E-4	2.660930E-3
6.600000E-4	2.521098E-3
6.650000E-4	2.643108E-3
6.700000E-4	2.666414E-3
6.750000E-4	2.619803E-3
6.800000E-4	2.596498E-3
6.850000E-4	2.516985E-3
6.900000E-4	2.700686E-3
6.950000E-4	2.795279E-3
7.000000E-4	2.925515E-3
7.050000E-4	2.869308E-3
7.100000E-4	2.836406E-3
7.150000E-4	2.850115E-3
7.200000E-4	2.792537E-3
7.250000E-4	2.556741E-3
7.300000E-4	2.464890E-3
7.350000E-4	2.702057E-3
7.400000E-4	2.722621E-3
7.450000E-4	2.665043E-3
7.500000E-4	2.739072E-3
7.550000E-4	2.830923E-3
7.600000E-4	2.862453E-3
7.650000E-4	2.710283E-3
7.700000E-4	2.756894E-3
7.750000E-4	2.601981E-3
7.800000E-4	2.662301E-3
7.850000E-4	2.793908E-3
7.900000E-4	2.695203E-3
7.950000E-4	2.606094E-3
8.000000E-4	2.669156E-3
8.050000E-4	2.847373E-3
8.100000E-4	2.799392E-3
8.150000E-4	2.736330E-3
8.200000E-4	2.733588E-3
8.250000E-4	2.804875E-3
8.300000E-4	2.666414E-3
8.350000E-4	2.713025E-3
8.400000E-4	2.655447E-3
8.450000E-4	2.762377E-3
8.500000E-4	2.744555E-3
8.550000E-4	2.815843E-3
8.600000E-4	2.732217E-3
8.650000E-4	2.798021E-3
8.700000E-4	2.677381E-3
8.750000E-4	2.638996E-3
8.800000E-4	2.644479E-3
8.850000E-4	2.688348E-3
8.900000E-4	2.784312E-3
8.950000E-4	2.763748E-3
9.000000E-4	2.651334E-3
9.050000E-4	2.739072E-3
9.100000E-4	2.836406E-3
9.150000E-4	3.022850E-3
9.200000E-4	2.870679E-3
9.250000E-4	2.665043E-3
9.300000E-4	2.636254E-3
9.350000E-4	2.670527E-3
9.400000E-4	2.799392E-3
9.450000E-4	2.725363E-3
9.500000E-4	2.526581E-3
9.550000E-4	2.389491E-3
9.600000E-4	2.573192E-3
9.650000E-4	2.743185E-3
9.700000E-4	2.737701E-3
9.750000E-4	2.726734E-3
9.800000E-4	2.840519E-3
9.850000E-4	2.861083E-3
9.900000E-4	2.781570E-3
9.950000E-4	2.713025E-3
1.000000E-3	2.669156E-3
1.005000E-3	2.530694E-3
1.010000E-3	2.732217E-3
1.015000E-3	2.811730E-3
1.020000E-3	2.856970E-3
1.025000E-3	2.807617E-3
1.030000E-3	2.911806E-3
1.035000E-3	2.718508E-3
1.040000E-3	2.755523E-3
1.045000E-3	2.807617E-3
1.050000E-3	2.996802E-3
1.055000E-3	2.963901E-3
1.060000E-3	2.815843E-3
1.065000E-3	2.965271E-3
1.070000E-3	2.957046E-3
1.075000E-3	2.782941E-3
1.080000E-3	2.597868E-3
1.085000E-3	2.643108E-3
1.090000E-3	2.691090E-3
1.095000E-3	2.717137E-3
1.100000E-3	2.850115E-3
1.105000E-3	2.756894E-3
1.110000E-3	2.548516E-3
1.115000E-3	2.788424E-3
1.120000E-3	2.878904E-3
1.125000E-3	2.889872E-3
1.130000E-3	2.665043E-3
1.135000E-3	2.767861E-3
1.140000E-3	2.684236E-3
1.145000E-3	2.703428E-3
1.150000E-3	2.670527E-3
1.155000E-3	2.739072E-3
1.160000E-3	2.932370E-3
1.165000E-3	2.736330E-3
1.170000E-3	2.706170E-3
1.175000E-3	2.713025E-3
1.180000E-3	2.759635E-3
1.185000E-3	2.744555E-3
1.190000E-3	2.633512E-3
1.195000E-3	2.722621E-3
1.200000E-3	2.643108E-3
1.205000E-3	2.607465E-3
1.210000E-3	2.667785E-3
1.215000E-3	2.704799E-3
1.220000E-3	2.714396E-3
1.225000E-3	2.769232E-3
1.230000E-3	3.000915E-3
1.235000E-3	2.708912E-3
1.240000E-3	2.686977E-3
1.245000E-3	2.618432E-3
1.250000E-3	2.511501E-3
1.255000E-3	2.608836E-3
1.260000E-3	2.682865E-3
1.265000E-3	2.582788E-3
1.270000E-3	2.647221E-3
1.275000E-3	2.656817E-3
1.280000E-3	2.798021E-3
1.285000E-3	2.685606E-3
1.290000E-3	2.699316E-3
1.295000E-3	2.736330E-3
1.300000E-3	2.711654E-3
1.305000E-3	2.695203E-3
1.310000E-3	2.621174E-3
1.315000E-3	2.710283E-3
1.320000E-3	2.638996E-3
1.325000E-3	2.696574E-3
1.330000E-3	2.737701E-3
1.335000E-3	2.718508E-3
1.340000E-3	2.684236E-3
1.345000E-3	2.725363E-3
1.350000E-3	2.799392E-3
1.355000E-3	2.904952E-3
1.360000E-3	2.891243E-3
1.365000E-3	2.833664E-3
1.370000E-3	2.633512E-3
1.375000E-3	2.558112E-3
1.380000E-3	2.527952E-3
1.385000E-3	2.682865E-3
1.390000E-3	2.674639E-3
1.395000E-3	2.717137E-3
1.400000E-3	2.741814E-3
1.405000E-3	2.713025E-3
1.410000E-3	2.781570E-3
1.415000E-3	2.755523E-3
1.420000E-3	2.755523E-3
1.425000E-3	2.740443E-3
1.430000E-3	2.700686E-3
1.435000E-3	2.571821E-3
1.440000E-3	2.496421E-3
1.445000E-3	2.596498E-3
1.450000E-3	2.660930E-3
1.455000E-3	2.734959E-3
1.460000E-3	2.688348E-3
1.465000E-3	2.573192E-3
1.470000E-3	2.669156E-3
1.475000E-3	2.721250E-3
1.480000E-3	2.728105E-3
1.485000E-3	2.514243E-3
1.490000E-3	2.651334E-3
1.495000E-3	2.665043E-3
1.500000E-3	2.648592E-3
1.505000E-3	2.614319E-3
1.510000E-3	2.670527E-3
1.515000E-3	2.815843E-3
1.520000E-3	2.763748E-3
1.525000E-3	2.634883E-3
1.530000E-3	2.504647E-3
1.535000E-3	2.499163E-3
1.540000E-3	2.663672E-3
1.545000E-3	2.754152E-3
1.550000E-3	2.601981E-3
1.555000E-3	2.634883E-3
1.560000E-3	2.713025E-3
1.565000E-3	2.633512E-3
1.570000E-3	2.482712E-3
1.575000E-3	2.589643E-3
1.580000E-3	2.782941E-3
1.585000E-3	2.636254E-3
1.590000E-3	2.654076E-3
1.595000E-3	2.655447E-3
1.600000E-3	2.700686E-3
1.605000E-3	2.621174E-3
1.610000E-3	2.640367E-3
1.615000E-3	2.547145E-3
1.620000E-3	2.473116E-3
1.625000E-3	2.673268E-3
1.630000E-3	2.917290E-3
1.635000E-3	2.792537E-3
1.640000E-3	2.826810E-3
1.645000E-3	2.811730E-3
1.650000E-3	2.632141E-3
1.655000E-3	2.755523E-3
1.660000E-3	2.648592E-3
1.665000E-3	2.692461E-3
1.670000E-3	2.813101E-3
1.675000E-3	2.759635E-3
1.680000E-3	2.596498E-3
1.685000E-3	2.682865E-3
1.690000E-3	2.600610E-3
1.695000E-3	2.634883E-3
1.700000E-3	2.586901E-3
1.705000E-3	2.872050E-3
1.710000E-3	2.799392E-3
1.715000E-3	2.641737E-3
1.720000E-3	2.895355E-3
1.725000E-3	2.981722E-3
1.730000E-3	2.867937E-3
1.735000E-3	2.629399E-3
1.740000E-3	2.530694E-3
1.745000E-3	2.636254E-3
1.750000E-3	2.811730E-3
1.755000E-3	2.647221E-3
1.760000E-3	2.795279E-3
1.765000E-3	2.722621E-3
1.770000E-3	2.958417E-3
1.775000E-3	2.740443E-3
1.780000E-3	2.710283E-3
1.785000E-3	2.580047E-3
1.790000E-3	2.669156E-3
1.795000E-3	2.416909E-3
1.800000E-3	2.647221E-3
1.805000E-3	2.643108E-3
1.810000E-3	2.637625E-3
1.815000E-3	2.828181E-3
1.820000E-3	2.878904E-3
1.825000E-3	2.734959E-3
1.830000E-3	2.810359E-3
1.835000E-3	2.924144E-3
1.840000E-3	2.777457E-3
1.845000E-3	2.682865E-3
1.850000E-3	2.586901E-3
1.855000E-3	2.677381E-3
1.860000E-3	2.582788E-3
1.865000E-3	2.660930E-3
1.870000E-3	2.640367E-3
1.875000E-3	2.674639E-3
1.880000E-3	2.754152E-3
1.885000E-3	2.770603E-3
1.890000E-3	2.843261E-3
1.895000E-3	2.968013E-3
1.900000E-3	2.580047E-3
1.905000E-3	2.540290E-3
1.910000E-3	2.677381E-3
1.915000E-3	2.881646E-3
1.920000E-3	2.920032E-3
1.925000E-3	3.022850E-3
1.930000E-3	2.896726E-3
1.935000E-3	2.869308E-3
1.940000E-3	2.659559E-3
1.945000E-3	2.867937E-3
1.950000E-3	2.756894E-3
1.955000E-3	2.745926E-3
1.960000E-3	2.730846E-3
1.965000E-3	2.734959E-3
1.970000E-3	2.810359E-3
1.975000E-3	2.855599E-3
1.980000E-3	2.784312E-3
1.985000E-3	2.815843E-3
1.990000E-3	2.766490E-3
1.995000E-3	2.744555E-3
2.000000E-3	2.688348E-3
2.005000E-3	2.368927E-3
2.010000E-3	2.715766E-3
2.015000E-3	2.744555E-3
2.020000E-3	2.791166E-3
2.025000E-3	2.856970E-3
2.030000E-3	2.920032E-3
2.035000E-3	2.691090E-3
2.040000E-3	2.644479E-3
2.045000E-3	2.710283E-3
2.050000E-3	2.667785E-3
2.055000E-3	2.426505E-3
2.060000E-3	2.508759E-3
2.065000E-3	2.593756E-3
2.070000E-3	2.658188E-3
2.075000E-3	2.782941E-3
2.080000E-3	2.799392E-3
2.085000E-3	2.754152E-3
2.090000E-3	2.714396E-3
2.095000E-3	2.644479E-3
2.100000E-3	2.658188E-3
2.105000E-3	2.407312E-3
2.110000E-3	2.510130E-3
2.115000E-3	2.702057E-3
2.120000E-3	2.763748E-3
2.125000E-3	2.885759E-3
2.130000E-3	2.622545E-3
2.135000E-3	2.656817E-3
2.140000E-3	2.734959E-3
2.145000E-3	2.833664E-3
2.150000E-3	2.754152E-3
2.155000E-3	2.884388E-3
2.160000E-3	2.765119E-3
2.165000E-3	2.645850E-3
2.170000E-3	2.344251E-3
2.175000E-3	2.564967E-3
2.180000E-3	2.637625E-3
2.185000E-3	2.733588E-3
2.190000E-3	2.729475E-3
2.195000E-3	2.570450E-3
2.200000E-3	2.680123E-3
2.205000E-3	2.682865E-3
2.210000E-3	2.670527E-3
2.215000E-3	2.615690E-3
2.220000E-3	2.614319E-3
2.225000E-3	2.784312E-3
2.230000E-3	2.804875E-3
2.235000E-3	2.751410E-3
2.240000E-3	2.722621E-3
2.245000E-3	2.596498E-3
2.250000E-3	2.592385E-3
2.255000E-3	2.544403E-3
2.260000E-3	2.678752E-3
2.265000E-3	2.811730E-3
2.270000E-3	2.826810E-3
2.275000E-3	2.769232E-3
2.280000E-3	2.717137E-3
2.285000E-3	2.585530E-3
2.290000E-3	2.733588E-3
2.295000E-3	2.660930E-3
2.300000E-3	2.640367E-3
2.305000E-3	2.707541E-3
2.310000E-3	2.795279E-3
2.315000E-3	2.891243E-3
2.320000E-3	2.695203E-3
2.325000E-3	2.669156E-3
2.330000E-3	2.745926E-3
2.335000E-3	2.536178E-3
2.340000E-3	2.436101E-3
2.345000E-3	2.614319E-3
2.350000E-3	2.711654E-3
2.355000E-3	2.920032E-3
2.360000E-3	2.610207E-3
2.365000E-3	2.670527E-3
2.370000E-3	2.591014E-3
2.375000E-3	2.737701E-3
2.380000E-3	2.307236E-3
2.385000E-3	2.811730E-3
2.390000E-3	2.278447E-3
2.395000E-3	2.895355E-3
2.400000E-3	2.283931E-3
2.405000E-3	3.117442E-3
2.410000E-3	2.501905E-3
2.415000E-3	3.327191E-3
2.420000E-3	2.049506E-3
2.425000E-3	3.161311E-3
2.430000E-3	1.917899E-3
2.435000E-3	3.802896E-3
2.440000E-3	1.609445E-3
2.445000E-3	4.149735E-3
2.450000E-3	8.783400E-3
2.455000E-3	1.745301E-2
2.460000E-3	-1.139758E-1
2.465000E-3	-1.452887E-1
2.470000E-3	-4.524267E-2
2.475000E-3	-7.933712E-2
2.480000E-3	-1.505667E-2
2.485000E-3	5.878448E-3
2.490000E-3	-2.776086E-3
2.495000E-3	-2.735233E-2
2.500000E-3	1.164106E-1
2.505000E-3	7.283080E-2
2.510000E-3	2.052659E-2
2.515000E-3	2.816309E-1
2.520000E-3	2.332475E-1
2.525000E-3	9.576195E-2
2.530000E-3	1.002352E-1
2.535000E-3	4.654777E-2
2.540000E-3	-7.175601E-2
2.545000E-3	-7.484877E-2
2.550000E-3	-3.373390E-2
2.555000E-3	-1.691384E-1
2.560000E-3	-1.374841E-1
2.565000E-3	1.202011E-2
2.570000E-3	-1.084853E-1
2.575000E-3	-9.907544E-2
2.580000E-3	1.174867E-2
2.585000E-3	-5.718052E-2
2.590000E-3	-4.882210E-2
2.595000E-3	7.164633E-2
2.600000E-3	3.056985E-2
2.605000E-3	-3.924358E-2
2.610000E-3	1.217324E-1
2.615000E-3	1.025946E-1
2.620000E-3	-1.374471E-2
2.625000E-3	1.044891E-1
2.630000E-3	1.037365E-1
2.635000E-3	-4.925942E-2
2.640000E-3	2.505744E-2
2.645000E-3	7.238662E-2
2.650000E-3	-7.314885E-2
2.655000E-3	-2.037305E-2
2.660000E-3	3.500199E-2
2.665000E-3	-9.779501E-2
2.670000E-3	-9.819531E-2
2.675000E-3	2.011395E-2
2.680000E-3	-5.567527E-2
2.685000E-3	-7.391107E-2
2.690000E-3	6.366628E-2
2.695000E-3	5.209446E-5
2.700000E-3	-4.495889E-2
2.705000E-3	6.383628E-2
2.710000E-3	3.830588E-2
2.715000E-3	-3.057122E-3
2.720000E-3	6.804907E-2
2.725000E-3	6.967634E-2
2.730000E-3	4.857123E-3
2.735000E-3	3.996605E-2
2.740000E-3	2.969521E-2
2.745000E-3	-4.910451E-2
2.750000E-3	-1.525408E-2
2.755000E-3	-2.819955E-3
2.760000E-3	-5.089766E-2
2.765000E-3	-2.477092E-2
2.770000E-3	1.542681E-2
2.775000E-3	-1.195705E-2
2.780000E-3	-4.310131E-3
2.785000E-3	2.760732E-2
2.790000E-3	-4.936635E-3
2.795000E-3	-8.069158E-3
2.800000E-3	2.638859E-2
2.805000E-3	1.183093E-3
2.810000E-3	-1.069307E-2
2.815000E-3	2.480930E-2
2.820000E-3	1.234090E-2
2.825000E-3	-1.183778E-2
2.830000E-3	2.165484E-2
2.835000E-3	9.197414E-3
2.840000E-3	-3.196818E-2
2.845000E-3	3.560245E-3
2.850000E-3	1.049292E-2
2.855000E-3	-1.740777E-2
2.860000E-3	5.552173E-4
2.865000E-3	3.106475E-3
2.870000E-3	-1.405728E-2
2.875000E-3	3.913939E-3
2.880000E-3	1.622331E-2
2.885000E-3	-1.144570E-2
2.890000E-3	7.944405E-3
2.895000E-3	3.231502E-2
2.900000E-3	9.449661E-3
2.905000E-3	1.230526E-2
2.910000E-3	2.672857E-2
2.915000E-3	1.740915E-2
2.920000E-3	3.462911E-3
2.925000E-3	-5.990863E-4
2.930000E-3	-1.335675E-2
2.935000E-3	-9.653926E-3
2.940000E-3	8.431077E-4
2.945000E-3	-1.550084E-2
2.950000E-3	-2.543032E-2
2.955000E-3	-1.460975E-2
2.960000E-3	-1.366657E-2
2.965000E-3	-1.649749E-2
2.970000E-3	3.355980E-3
2.975000E-3	1.810831E-2
2.980000E-3	9.610057E-3
2.985000E-3	1.061904E-2
2.990000E-3	1.018035E-2
2.995000E-3	7.923841E-3
3.000000E-3	1.176512E-2
3.005000E-3	1.874578E-2
3.010000E-3	2.125317E-2
3.015000E-3	1.248485E-2
3.020000E-3	4.004419E-3
3.025000E-3	-1.192689E-3
3.030000E-3	7.819653E-3
3.035000E-3	1.038051E-2
3.040000E-3	5.785227E-4
3.045000E-3	1.709521E-3
3.050000E-3	1.909673E-3
3.055000E-3	-6.903887E-3
3.060000E-3	-1.038873E-2
3.065000E-3	-1.251775E-2
3.070000E-3	-1.582575E-2
3.075000E-3	-1.087815E-2
3.080000E-3	-7.704496E-4
3.085000E-3	-4.508913E-3
3.090000E-3	-3.739834E-3
3.095000E-3	1.018310E-2
3.100000E-3	3.090024E-3
3.105000E-3	-3.036559E-3
3.110000E-3	7.142425E-3
3.115000E-3	8.070529E-3
3.120000E-3	9.437323E-3
3.125000E-3	1.829201E-2
3.130000E-3	2.214700E-2
3.135000E-3	1.178432E-2
3.140000E-3	1.844418E-2
3.145000E-3	1.975888E-2
3.150000E-3	-1.528561E-3
3.155000E-3	1.996040E-3
3.160000E-3	3.783703E-4
3.165000E-3	-5.716681E-3
3.170000E-3	1.527190E-3
3.175000E-3	5.223155E-3
3.180000E-3	-3.536940E-4
3.185000E-3	-4.469156E-3
3.190000E-3	-2.591014E-4
3.195000E-3	-1.176375E-2
3.200000E-3	-9.172738E-3
3.205000E-3	4.895508E-3
3.210000E-3	-3.536940E-4
3.215000E-3	6.229401E-3
3.220000E-3	1.397365E-2
3.225000E-3	6.814778E-3
3.230000E-3	9.760857E-4
3.235000E-3	-3.286064E-3
3.240000E-3	-8.798480E-3
3.245000E-3	-1.061493E-2
3.250000E-3	-1.617670E-4
3.255000E-3	9.596348E-5
3.260000E-3	-7.238388E-3
3.265000E-3	1.562834E-3
3.270000E-3	-3.392994E-3
3.275000E-3	-9.749889E-3
3.280000E-3	6.371975E-3
3.285000E-3	1.523763E-2
3.290000E-3	9.534657E-3
3.295000E-3	1.336086E-2
3.300000E-3	1.726794E-2
3.305000E-3	1.138538E-2
3.310000E-3	1.669902E-2
3.315000E-3	2.192765E-2
3.320000E-3	1.000625E-2
3.325000E-3	1.156497E-2
3.330000E-3	1.967663E-2
3.335000E-3	5.195737E-3
3.340000E-3	2.991319E-3
3.345000E-3	5.290329E-3
3.350000E-3	-7.232904E-3
3.355000E-3	-9.919882E-3
3.360000E-3	-4.144251E-3
3.365000E-3	-1.324433E-2
3.370000E-3	-2.378798E-2
3.375000E-3	-1.402849E-2
3.380000E-3	-1.162803E-2
3.385000E-3	-1.458782E-2
3.390000E-3	-1.554608E-3
3.395000E-3	6.086826E-4
3.400000E-3	-3.434122E-3
3.405000E-3	9.552479E-3
3.410000E-3	1.211196E-2
3.415000E-3	2.833664E-3
3.420000E-3	8.956134E-3
3.425000E-3	1.334989E-2
3.430000E-3	1.527190E-3
3.435000E-3	5.113482E-4
3.440000E-3	7.537246E-3
3.445000E-3	-1.865804E-3
3.450000E-3	1.210511E-3
3.455000E-3	1.336497E-2
3.460000E-3	3.690481E-3
3.465000E-3	2.455294E-3
3.470000E-3	8.542120E-3
3.475000E-3	-2.001524E-4
3.480000E-3	-2.558112E-3
3.485000E-3	9.322166E-3
3.490000E-3	1.030785E-2
3.495000E-3	2.743185E-3
3.500000E-3	1.137304E-2
3.505000E-3	1.033527E-2
3.510000E-3	-1.651943E-3
3.515000E-3	6.821632E-3
3.520000E-3	8.695662E-3
3.525000E-3	-1.178980E-3
3.530000E-3	7.297337E-3
3.535000E-3	1.023382E-2
3.540000E-3	-8.287132E-3
3.545000E-3	-8.001983E-3
3.550000E-3	5.712569E-3
3.555000E-3	-1.484555E-2
3.560000E-3	-1.694030E-2
3.565000E-3	7.339835E-3
3.570000E-3	-1.235598E-2
3.575000E-3	-1.193100E-2
3.580000E-3	9.446919E-3
3.585000E-3	-2.508759E-4
3.590000E-3	-3.739834E-3
3.595000E-3	1.475233E-2
3.600000E-3	1.230252E-2
3.605000E-3	-1.333892E-3
3.610000E-3	2.239102E-2
3.615000E-3	2.949506E-2
3.620000E-3	1.213938E-2
3.625000E-3	2.245957E-2
3.630000E-3	1.555705E-2
3.635000E-3	-4.950345E-3
3.640000E-3	-1.854837E-3
3.645000E-3	3.743947E-3
3.650000E-3	-1.134151E-2
3.655000E-3	-1.712674E-2
3.660000E-3	-9.993911E-4
3.665000E-3	-1.281250E-2
3.670000E-3	-1.831532E-2
3.675000E-3	2.264738E-3
3.680000E-3	-6.319880E-3
3.685000E-3	-6.259561E-3
3.690000E-3	1.362544E-2
3.695000E-3	5.937397E-3
3.700000E-3	-9.404421E-4
3.705000E-3	1.367754E-2
3.710000E-3	1.613420E-2
3.715000E-3	7.555068E-3
3.720000E-3	1.695538E-2
3.725000E-3	1.880747E-2
3.730000E-3	4.286826E-3
3.735000E-3	9.383857E-3
3.740000E-3	1.124829E-2
3.745000E-3	-3.151715E-3
3.750000E-3	-2.315462E-3
3.755000E-3	6.744862E-4
3.760000E-3	-7.254839E-3
3.765000E-3	-7.482409E-3
3.770000E-3	-5.634427E-4
3.775000E-3	-1.702666E-3
3.780000E-3	-1.420259E-3
3.785000E-3	8.462608E-3
3.790000E-3	6.243110E-3
3.795000E-3	5.339682E-3
3.800000E-3	1.259315E-2
3.805000E-3	9.275556E-3
3.810000E-3	7.542729E-3
3.815000E-3	9.562075E-3
3.820000E-3	9.063065E-3
3.825000E-3	7.546842E-3
3.830000E-3	7.005334E-3
3.835000E-3	1.351714E-3
3.840000E-3	-8.436561E-3
3.845000E-3	-1.178432E-2
3.850000E-3	-1.645362E-2
3.855000E-3	-2.242118E-2
3.860000E-3	-1.738584E-2
3.865000E-3	-1.090008E-2
3.870000E-3	-6.662607E-3
3.875000E-3	2.641737E-3
3.880000E-3	7.076621E-3
3.885000E-3	8.332372E-3
3.890000E-3	1.574349E-2
3.895000E-3	2.086383E-2
3.900000E-3	1.749140E-2
3.905000E-3	1.663321E-2
3.910000E-3	1.775187E-2
3.915000E-3	1.439178E-2
3.920000E-3	1.147449E-2
3.925000E-3	7.028639E-3
3.930000E-3	-6.552935E-4
3.935000E-3	-5.863369E-3
3.940000E-3	-8.520186E-3
3.945000E-3	-1.192963E-2
3.950000E-3	-1.222438E-2
3.955000E-3	-9.095967E-3
3.960000E-3	-6.343186E-3
3.965000E-3	-3.697336E-3
3.970000E-3	-2.251029E-3
3.975000E-3	-6.909370E-4
3.980000E-3	2.507389E-3
3.985000E-3	5.988121E-3
3.990000E-3	8.318663E-3
3.995000E-3	1.079041E-2
4.000000E-3	1.095629E-2
4.005000E-3	9.109676E-3
4.010000E-3	9.482563E-3
4.015000E-3	6.999850E-3
4.020000E-3	1.948059E-3
4.025000E-3	2.090633E-3
4.030000E-3	2.163291E-3
4.035000E-3	-2.037168E-3
4.040000E-3	-5.124450E-3
4.045000E-3	-7.158875E-3
4.050000E-3	-1.122773E-2
4.055000E-3	-9.378374E-3
4.060000E-3	-1.721859E-3
4.065000E-3	-6.265044E-4
4.070000E-3	3.867328E-3
4.075000E-3	1.111531E-2
4.080000E-3	1.213938E-2
4.085000E-3	1.408744E-2
4.090000E-3	1.846200E-2
4.095000E-3	1.788759E-2
4.100000E-3	1.476192E-2
4.105000E-3	1.492506E-2
4.110000E-3	1.023793E-2
4.115000E-3	1.953542E-3
4.120000E-3	8.485913E-4
4.125000E-3	-2.474487E-3
4.130000E-3	-8.640826E-3
4.135000E-3	-8.649051E-3
4.140000E-3	-7.977307E-3
4.145000E-3	-9.141207E-3
4.150000E-3	-5.569994E-3
4.155000E-3	5.428791E-4
4.160000E-3	2.164662E-3
4.165000E-3	4.099011E-3
4.170000E-3	6.662607E-3
4.175000E-3	3.307998E-3
4.180000E-3	2.427876E-3
4.185000E-3	4.580200E-3
4.190000E-3	1.874030E-3
4.195000E-3	3.201067E-3
4.200000E-3	8.916378E-3
4.205000E-3	9.503126E-3
4.210000E-3	8.402288E-3
4.215000E-3	1.085895E-2
4.220000E-3	8.616149E-3
4.225000E-3	3.065348E-3
4.230000E-3	9.377003E-4
4.235000E-3	-3.431380E-3
4.240000E-3	-7.600307E-3
4.245000E-3	-4.625440E-3
4.250000E-3	-3.811121E-3
4.255000E-3	-6.380200E-3
4.260000E-3	-4.789948E-3
4.265000E-3	-2.540290E-3
4.270000E-3	-1.813710E-3
4.275000E-3	3.399849E-3
4.280000E-3	9.222090E-3
4.285000E-3	1.026809E-2
4.290000E-3	1.328272E-2
4.295000E-3	1.505530E-2
4.300000E-3	1.091379E-2
4.305000E-3	9.615541E-3
4.310000E-3	1.075339E-2
4.315000E-3	7.930696E-3
4.320000E-3	5.105257E-3
4.325000E-3	1.902819E-3
4.330000E-3	-2.824068E-3
4.335000E-3	-4.746079E-3
4.340000E-3	-4.547298E-3
4.345000E-3	-7.869005E-3
4.350000E-3	-1.100290E-2
4.355000E-3	-8.905411E-3
4.360000E-3	-7.201374E-3
4.365000E-3	-5.771518E-3
4.370000E-3	-1.828790E-3
4.375000E-3	2.888501E-3
4.380000E-3	6.936789E-3
4.385000E-3	1.038325E-2
4.390000E-3	1.110983E-2
4.395000E-3	9.482563E-3
4.400000E-3	9.939075E-3
4.405000E-3	1.251501E-2
4.410000E-3	1.212978E-2
4.415000E-3	1.091653E-2
4.420000E-3	9.799242E-3
4.425000E-3	5.139530E-3
4.430000E-3	1.366794E-3
4.435000E-3	-5.442500E-4
4.440000E-3	-4.499316E-3
4.445000E-3	-7.361770E-3
4.450000E-3	-6.258190E-3
4.455000E-3	-5.180657E-3
4.460000E-3	-5.842805E-3
4.465000E-3	-3.050268E-3
4.470000E-3	6.306171E-4
4.475000E-3	1.937091E-3
4.480000E-3	3.191471E-3
4.485000E-3	2.516985E-3
4.490000E-3	1.587510E-3
4.495000E-3	3.397107E-3
4.500000E-3	5.715311E-3
4.505000E-3	6.725669E-3
4.510000E-3	8.442044E-3
4.515000E-3	1.055735E-2
4.520000E-3	9.217978E-3
4.525000E-3	6.214321E-3
4.530000E-3	4.208684E-3
4.535000E-3	2.722621E-3
4.540000E-3	2.895355E-3
4.545000E-3	2.331913E-3
4.550000E-3	2.166033E-4
4.555000E-3	-9.335876E-4
4.560000E-3	-1.773953E-3
4.565000E-3	-1.758873E-3
4.570000E-3	-1.168013E-3
4.575000E-3	6.635189E-4
4.580000E-3	4.178524E-3
4.585000E-3	7.102668E-3
4.590000E-3	7.896423E-3
4.595000E-3	6.816149E-3
4.600000E-3	5.273879E-3
4.605000E-3	2.810359E-3
4.610000E-3	8.129478E-4
4.615000E-3	7.923841E-4
4.620000E-3	2.113938E-3
4.625000E-3	3.602743E-3
4.630000E-3	4.215539E-3
4.635000E-3	3.155828E-3
4.640000E-3	9.856820E-4
4.645000E-3	-6.827116E-4
4.650000E-3	-7.389188E-4
4.655000E-3	-8.362532E-4
4.660000E-3	-1.576543E-4
4.665000E-3	1.815081E-3
4.670000E-3	3.187358E-3
4.675000E-3	3.935874E-3
4.680000E-3	4.174411E-3
4.685000E-3	2.758265E-3
4.690000E-3	8.389950E-4
4.695000E-3	-1.494288E-4
4.700000E-3	-6.840825E-4
4.705000E-3	7.210970E-4
4.710000E-3	3.701448E-3
4.715000E-3	6.371975E-3
4.720000E-3	8.309066E-3
4.725000E-3	9.560704E-3
4.730000E-3	9.226203E-3
4.735000E-3	9.154916E-3
4.740000E-3	9.429097E-3
4.745000E-3	8.550346E-3
4.750000E-3	7.113636E-3
4.755000E-3	4.403353E-3
4.760000E-3	-4.318357E-4
4.765000E-3	-3.580809E-3
4.770000E-3	-4.157960E-3
4.775000E-3	-5.476773E-3
4.780000E-3	-5.005181E-3
4.785000E-3	-2.884388E-3
4.790000E-3	-1.484692E-3
4.795000E-3	-2.976239E-3
4.800000E-3	-3.146231E-3
4.805000E-3	-1.314563E-2
4.810000E-3	-1.066566E-2
4.815000E-3	-2.811730E-3
4.820000E-3	-6.056666E-3
4.825000E-3	1.032293E-3
4.830000E-3	6.955981E-3
4.835000E-3	1.314974E-2
4.840000E-3	1.645225E-2
4.845000E-3	1.845104E-2
4.850000E-3	1.563793E-2
4.855000E-3	1.631379E-2
4.860000E-3	2.684784E-2
4.865000E-3	1.011181E-2
4.870000E-3	-4.526734E-3
4.875000E-3	6.045699E-4
4.880000E-3	-3.753543E-3
4.885000E-3	-9.515464E-3
4.890000E-3	-9.398937E-3
4.895000E-3	-9.755373E-3
4.900000E-3	-1.340061E-2
4.905000E-3	-5.352020E-3
4.910000E-3	2.987206E-3
4.915000E-3	-4.611731E-3
4.920000E-3	-3.701448E-5
4.925000E-3	2.186596E-3
4.930000E-3	-6.731153E-4
4.935000E-3	8.337855E-3
4.940000E-3	8.133590E-3
4.945000E-3	4.273117E-3
4.950000E-3	1.031059E-2
4.955000E-3	1.502514E-2
4.960000E-3	1.042300E-2
4.965000E-3	1.140046E-2
4.970000E-3	1.799589E-2
4.975000E-3	5.682409E-3
4.980000E-3	-2.497792E-3
4.985000E-3	5.243719E-3
4.990000E-3	-2.676010E-3
4.995000E-3	-1.082057E-2
5.000000E-3	-4.598022E-3
5.005000E-3	-9.289265E-3
5.010000E-3	-1.686215E-2
5.015000E-3	-8.743644E-3
5.020000E-3	-1.420259E-3
5.025000E-3	-2.558112E-3
5.030000E-3	5.051792E-3
5.035000E-3	9.411275E-3
5.040000E-3	3.964663E-3
5.045000E-3	6.987512E-3
5.050000E-3	1.063001E-2
5.055000E-3	7.840216E-3
5.060000E-3	8.347452E-3
5.065000E-3	8.030772E-3
5.070000E-3	4.902363E-3
5.075000E-3	3.127038E-3
5.080000E-3	3.683627E-3
5.085000E-3	2.316833E-3
5.090000E-3	1.684844E-3
5.095000E-3	2.108455E-3
5.100000E-3	-1.650572E-3
5.105000E-3	-1.606703E-3
5.110000E-3	3.110588E-3
5.115000E-3	2.492309E-3
5.120000E-3	2.632141E-3
5.125000E-3	5.416453E-3
5.130000E-3	4.485607E-3
5.135000E-3	2.814472E-3
5.140000E-3	5.465806E-3
5.145000E-3	4.249811E-3
5.150000E-3	1.584768E-3
5.155000E-3	5.140901E-3
5.160000E-3	4.964054E-3
5.165000E-3	3.564358E-3
5.170000E-3	6.137550E-3
5.175000E-3	3.600001E-3
5.180000E-3	-3.893375E-4
5.185000E-3	7.951260E-5
5.190000E-3	2.965271E-3
5.195000E-3	5.840063E-4
5.200000E-3	3.742576E-4
5.205000E-3	1.276314E-3
5.210000E-3	5.744100E-4
5.215000E-3	1.713634E-3
5.220000E-3	2.253771E-3
5.225000E-3	1.782179E-3
5.230000E-3	1.642346E-3
5.235000E-3	4.414320E-3
5.240000E-3	6.055295E-3
5.245000E-3	6.750345E-3
5.250000E-3	1.120853E-2
5.255000E-3	1.264662E-2
5.260000E-3	8.155525E-3
5.265000E-3	6.019652E-3
5.270000E-3	2.796650E-3
5.275000E-3	4.112720E-5
5.280000E-3	-2.666414E-3
5.285000E-3	-4.965425E-3
5.290000E-3	-4.041433E-3
5.295000E-3	-1.917899E-3
5.300000E-3	-1.820564E-3
5.305000E-3	-2.020717E-3
5.310000E-3	1.418889E-3
5.315000E-3	1.872659E-3
5.320000E-3	1.599848E-3
5.325000E-3	1.900077E-3
5.330000E-3	6.484389E-4
5.335000E-3	-1.050115E-3
5.340000E-3	2.200305E-3
5.345000E-3	1.538157E-3
5.350000E-3	4.825592E-4
5.355000E-3	1.318812E-3
5.360000E-3	-1.257122E-3
5.365000E-3	-1.104951E-3
5.370000E-3	2.918661E-3
5.375000E-3	5.235493E-3
5.380000E-3	5.546689E-3
5.385000E-3	6.799698E-3
5.390000E-3	7.778525E-3
5.395000E-3	4.462302E-3
5.400000E-3	4.290938E-3
5.405000E-3	4.751563E-3
5.410000E-3	1.675248E-3
5.415000E-3	9.308457E-4
5.420000E-3	4.784465E-4
5.425000E-3	5.195737E-4
5.430000E-3	-6.443262E-4
5.435000E-3	3.454685E-4
5.440000E-3	1.004875E-3
5.445000E-3	-1.333892E-3
5.450000E-3	1.436710E-3
5.455000E-3	3.776848E-3
5.460000E-3	4.101753E-3
5.465000E-3	6.866872E-3
5.470000E-3	7.922471E-3
5.475000E-3	7.419348E-3
5.480000E-3	8.952022E-3
5.485000E-3	1.049155E-2
5.490000E-3	8.580506E-3
5.495000E-3	6.950498E-3
5.500000E-3	6.548822E-3
5.505000E-3	3.118813E-3
5.510000E-3	2.279818E-3
5.515000E-3	2.750039E-3
5.520000E-3	-3.221631E-4
5.525000E-3	-8.979440E-4
5.530000E-3	-9.171367E-4
5.535000E-3	-3.645241E-3
5.540000E-3	-4.672050E-3
5.545000E-3	-3.759027E-3
5.550000E-3	-3.575325E-3
5.555000E-3	-3.679514E-3
5.560000E-3	-1.671135E-3
5.565000E-3	9.623766E-4
5.570000E-3	2.311349E-3
5.575000E-3	4.226506E-3
5.580000E-3	4.240215E-3
5.585000E-3	4.278600E-3
5.590000E-3	5.401373E-3
5.595000E-3	4.072964E-3
5.600000E-3	3.830314E-3
5.605000E-3	4.284084E-3
5.610000E-3	3.235340E-3
5.615000E-3	1.646459E-3
5.620000E-3	1.495659E-3
5.625000E-3	1.617670E-3
5.630000E-3	1.850724E-4
5.635000E-3	1.096725E-4
5.640000E-3	7.978678E-4
5.645000E-3	1.000762E-3
5.650000E-3	3.704190E-3
5.655000E-3	4.931152E-3
5.660000E-3	4.659712E-3
5.665000E-3	6.805182E-3
5.670000E-3	8.886218E-3
5.675000E-3	8.461237E-3
5.680000E-3	8.317292E-3
5.685000E-3	7.134199E-3
5.690000E-3	3.391623E-3
5.695000E-3	1.996040E-3
5.700000E-3	2.473116E-3
5.705000E-3	4.112720E-6
5.710000E-3	-1.228333E-3
5.715000E-3	1.178980E-4
5.720000E-3	-2.054989E-3
5.725000E-3	-3.331304E-3
5.730000E-3	-2.038538E-3
5.735000E-3	-1.632750E-3
5.740000E-3	-1.630008E-3
5.745000E-3	2.203047E-3
5.750000E-3	4.996955E-3
5.755000E-3	5.166948E-3
5.760000E-3	7.445395E-3
5.765000E-3	7.183552E-3
5.770000E-3	5.489111E-3
5.775000E-3	5.487740E-3
5.780000E-3	3.424525E-3
5.785000E-3	1.165271E-3
5.790000E-3	2.064586E-3
5.795000E-3	1.673877E-3
5.800000E-3	-3.907084E-4
5.805000E-3	-1.102209E-3
5.810000E-3	-1.187205E-3
5.815000E-3	-3.483474E-3
5.820000E-3	-2.832294E-3
5.825000E-3	-1.302361E-4
5.830000E-3	6.073117E-4
5.835000E-3	2.811730E-3
5.840000E-3	5.981266E-3
5.845000E-3	6.691396E-3
5.850000E-3	7.253468E-3
5.855000E-3	9.152174E-3
5.860000E-3	8.329630E-3
5.865000E-3	6.949127E-3
5.870000E-3	8.255601E-3
5.875000E-3	7.231534E-3
5.880000E-3	4.429400E-3
5.885000E-3	3.919423E-3
5.890000E-3	2.252400E-3
5.895000E-3	-5.812645E-4
5.900000E-3	-1.768470E-3
5.905000E-3	-1.651943E-3
5.910000E-3	-3.320336E-3
5.915000E-3	-3.812492E-3
5.920000E-3	-3.229856E-3
5.925000E-3	-4.067481E-3
5.930000E-3	-3.220260E-3
5.935000E-3	-8.814931E-4
5.940000E-3	4.688501E-4
5.945000E-3	2.872050E-3
5.950000E-3	5.853772E-3
5.955000E-3	7.165730E-3
5.960000E-3	8.426964E-3
5.965000E-3	9.588122E-3
5.970000E-3	8.351564E-3
5.975000E-3	6.802440E-3
5.980000E-3	6.084085E-3
5.985000E-3	4.200459E-3
5.990000E-3	2.473116E-3
5.995000E-3	2.678752E-3
6.000000E-3	2.407312E-3
6.005000E-3	2.242804E-3
6.010000E-3	2.600610E-3
6.015000E-3	2.015233E-3
6.020000E-3	1.144707E-3
6.025000E-3	1.584768E-3
6.030000E-3	2.130389E-3
6.035000E-3	1.077533E-3
6.040000E-3	1.897335E-3
6.045000E-3	2.676010E-3
6.050000E-3	1.679361E-3
6.055000E-3	2.248287E-3
6.060000E-3	2.917290E-3
6.065000E-3	1.682103E-3
6.070000E-3	1.690328E-3
6.075000E-3	2.643108E-3
6.080000E-3	2.825439E-3
6.085000E-3	2.617061E-3
6.090000E-3	2.811730E-3
6.095000E-3	2.333283E-3
6.100000E-3	2.231836E-3
6.105000E-3	3.106475E-3
6.110000E-3	3.350496E-3
6.115000E-3	3.911197E-3
6.120000E-3	4.567862E-3
6.125000E-3	3.798783E-3
6.130000E-3	3.294289E-3
6.135000E-3	3.236711E-3
6.140000E-3	2.163291E-3
6.145000E-3	1.453161E-3
6.150000E-3	1.257122E-3
6.155000E-3	7.252097E-4
6.160000E-3	-1.960397E-4
6.165000E-3	5.757809E-5
6.170000E-3	2.248287E-4
6.175000E-3	2.755523E-4
6.180000E-3	1.331151E-3
6.185000E-3	1.764357E-3
6.190000E-3	2.229095E-3
6.195000E-3	3.867328E-3
6.200000E-3	4.562378E-3
6.205000E-3	5.808532E-3
6.210000E-3	7.313788E-3
6.215000E-3	7.634580E-3
6.220000E-3	6.736636E-3
6.225000E-3	5.859256E-3
6.230000E-3	4.911959E-3
6.235000E-3	2.718508E-3
6.240000E-3	1.133740E-3
6.245000E-3	-2.193451E-5
6.250000E-3	-1.254380E-3
6.255000E-3	-8.732677E-4
6.260000E-3	-2.549887E-4
6.265000E-3	-9.500384E-4
6.270000E-3	-1.517594E-3
6.275000E-3	-1.901448E-3
6.280000E-3	-2.780199E-3
6.285000E-3	-2.574563E-3
6.290000E-3	-2.508759E-4
6.295000E-3	1.756132E-3
6.300000E-3	3.907084E-3
6.305000E-3	6.086826E-3
6.310000E-3	6.543338E-3
6.315000E-3	6.292462E-3
6.320000E-3	6.572127E-3
6.325000E-3	5.892158E-3
6.330000E-3	4.118204E-3
6.335000E-3	2.545774E-3
6.340000E-3	1.325667E-3
6.345000E-3	-6.607771E-4
6.350000E-3	-1.769841E-3
6.355000E-3	-1.390100E-3
6.360000E-3	-1.022696E-3
6.365000E-3	4.551411E-4
6.370000E-3	2.512872E-3
6.375000E-3	4.441738E-3
6.380000E-3	5.257428E-3
6.385000E-3	5.564511E-3
6.390000E-3	5.445242E-3
6.395000E-3	5.086064E-3
6.400000E-3	5.044937E-3
6.405000E-3	4.004419E-3
6.410000E-3	2.571821E-3
6.415000E-3	2.249658E-3
6.420000E-3	2.389491E-3
6.425000E-3	2.185225E-3
6.430000E-3	2.181113E-3
6.435000E-3	2.471745E-3
6.440000E-3	2.744555E-3
6.445000E-3	3.251791E-3
6.450000E-3	3.461540E-3
6.455000E-3	3.272355E-3
6.460000E-3	3.775477E-3
6.465000E-3	3.711045E-3
6.470000E-3	2.312720E-3
6.475000E-3	2.179742E-3
6.480000E-3	1.630008E-3
6.485000E-3	1.137853E-3
6.490000E-3	2.156436E-3
6.495000E-3	2.771974E-3
6.500000E-3	2.739072E-3
6.505000E-3	2.448440E-3
6.510000E-3	1.827419E-3
6.515000E-3	5.099773E-4
6.520000E-3	-1.124144E-4
6.525000E-3	7.910132E-4
6.530000E-3	4.208684E-4
6.535000E-3	1.089871E-3
6.540000E-3	3.631532E-3
6.545000E-3	3.641129E-3
6.550000E-3	4.356742E-3
6.555000E-3	6.160855E-3
6.560000E-3	5.060017E-3
6.565000E-3	4.419804E-3
6.570000E-3	5.353391E-3
6.575000E-3	4.492462E-3
6.580000E-3	3.953695E-3
6.585000E-3	4.488349E-3
6.590000E-3	4.034579E-3
6.595000E-3	2.606094E-3
6.600000E-3	2.510130E-3
6.605000E-3	2.042651E-3
6.610000E-3	5.127192E-4
6.615000E-3	1.032293E-3
6.620000E-3	1.790404E-3
6.625000E-3	1.412034E-3
6.630000E-3	1.886368E-3
6.635000E-3	2.941966E-3
6.640000E-3	2.559483E-3
6.645000E-3	2.266109E-3
6.650000E-3	3.541052E-3
6.655000E-3	3.686368E-3
6.660000E-3	3.457427E-3
6.665000E-3	3.989339E-3
6.670000E-3	2.973497E-3
6.675000E-3	1.461387E-3
6.680000E-3	9.171367E-4
6.685000E-3	-2.878904E-5
6.690000E-3	-1.226962E-3
6.695000E-3	-1.248896E-3
6.700000E-3	-6.073117E-4
6.705000E-3	-3.728867E-4
6.710000E-3	5.332828E-4
6.715000E-3	1.920640E-3
6.720000E-3	1.546383E-3
6.725000E-3	1.233816E-3
6.730000E-3	1.454532E-3
6.735000E-3	9.568930E-4
6.740000E-3	9.829402E-4
6.745000E-3	1.890481E-3
6.750000E-3	2.346992E-3
6.755000E-3	2.224982E-3
6.760000E-3	2.715766E-3
6.765000E-3	2.922773E-3
6.770000E-3	2.839148E-3
6.775000E-3	3.798783E-3
6.780000E-3	4.629552E-3
6.785000E-3	4.748821E-3
6.790000E-3	5.334198E-3
6.795000E-3	5.297184E-3
6.800000E-3	4.399240E-3
6.805000E-3	3.901601E-3
6.810000E-3	3.467023E-3
6.815000E-3	2.299011E-3
6.820000E-3	1.768470E-3
6.825000E-3	1.294136E-3
6.830000E-3	5.469918E-4
6.835000E-3	2.330542E-5
6.840000E-3	1.590252E-4
6.845000E-3	-3.372431E-4
6.850000E-3	-4.510283E-4
6.855000E-3	4.414320E-4
6.860000E-3	5.840063E-4
6.865000E-3	9.390712E-4
6.870000E-3	2.133131E-3
6.875000E-3	2.282560E-3
6.880000E-3	2.189338E-3
6.885000E-3	2.658188E-3
6.890000E-3	2.421021E-3
6.895000E-3	2.042651E-3
6.900000E-3	2.560854E-3
6.905000E-3	3.192842E-3
6.910000E-3	3.809750E-3
6.915000E-3	5.164206E-3
6.920000E-3	5.567253E-3
6.925000E-3	5.092919E-3
6.930000E-3	4.471898E-3
6.935000E-3	3.502667E-3
6.940000E-3	2.185225E-3
6.945000E-3	1.824677E-3
6.950000E-3	2.304494E-3
6.955000E-3	2.974868E-3
6.960000E-3	3.730237E-3
6.965000E-3	4.060626E-3
6.970000E-3	4.035950E-3
6.975000E-3	4.160702E-3
6.980000E-3	4.231989E-3
6.985000E-3	4.090786E-3
6.990000E-3	3.724754E-3
6.995000E-3	3.505409E-3
7.000000E-3	3.416300E-3
7.005000E-3	2.999544E-3
7.010000E-3	2.774715E-3
7.015000E-3	2.762377E-3
7.020000E-3	2.644479E-3
7.025000E-3	2.338767E-3
7.030000E-3	2.046764E-3
7.035000E-3	1.540899E-3
7.040000E-3	6.182790E-4
7.045000E-3	3.482103E-4
7.050000E-3	2.453923E-4
7.055000E-3	3.235340E-4
7.060000E-3	6.210208E-4
7.065000E-3	8.033514E-4
7.070000E-3	8.938313E-4
7.075000E-3	1.424372E-3
7.080000E-3	2.226353E-3
7.085000E-3	3.037930E-3
7.090000E-3	3.499925E-3
7.095000E-3	3.986597E-3
7.100000E-3	4.306018E-3
7.105000E-3	4.196346E-3
7.110000E-3	4.639149E-3
7.115000E-3	4.892766E-3
7.120000E-3	4.907846E-3
7.125000E-3	4.837930E-3
7.130000E-3	4.806399E-3
7.135000E-3	4.695356E-3
7.140000E-3	4.740596E-3
7.145000E-3	4.676163E-3
7.150000E-3	4.358113E-3
7.155000E-3	4.040062E-3
7.160000E-3	4.041433E-3
7.165000E-3	3.857732E-3
7.170000E-3	3.605485E-3
7.175000E-3	3.552020E-3
7.180000E-3	3.183246E-3
7.185000E-3	2.532065E-3
7.190000E-3	1.798630E-3
7.195000E-3	1.439452E-3
7.200000E-3	1.026809E-3
7.205000E-3	7.512569E-4
7.210000E-3	5.785227E-4
7.215000E-3	5.031228E-4
7.220000E-3	8.431077E-4
7.225000E-3	1.550496E-3
7.230000E-3	2.220869E-3
7.235000E-3	3.161311E-3
7.240000E-3	4.038692E-3
7.245000E-3	4.510283E-3
7.250000E-3	4.337549E-3
7.255000E-3	4.210055E-3
7.260000E-3	3.992081E-3
7.265000E-3	3.959179E-3
7.270000E-3	3.879666E-3
7.275000E-3	3.542423E-3
7.280000E-3	3.310740E-3
7.285000E-3	2.867937E-3
7.290000E-3	2.357960E-3
7.295000E-3	1.987815E-3
7.300000E-3	1.573801E-3
7.305000E-3	1.302361E-3
7.310000E-3	8.705258E-4
7.315000E-3	7.265806E-5
7.320000E-3	-7.567406E-4
7.325000E-3	-1.335263E-3
7.330000E-3	-1.562834E-3
7.335000E-3	-1.895964E-3
7.340000E-3	-1.461387E-3
7.345000E-3	-6.443262E-5
7.350000E-3	1.606703E-3
7.355000E-3	3.305256E-3
7.360000E-3	5.253315E-3
7.365000E-3	6.626964E-3
7.370000E-3	7.238388E-3
7.375000E-3	6.892920E-3
7.380000E-3	6.440520E-3
7.385000E-3	5.420566E-3
7.390000E-3	4.045546E-3
7.395000E-3	2.525210E-3
7.400000E-3	9.034276E-4
7.405000E-3	-6.292462E-4
7.410000E-3	-1.963139E-3
7.415000E-3	-2.625287E-3
7.420000E-3	-2.511501E-3
7.425000E-3	-2.183855E-3
7.430000E-3	-1.287282E-3
7.435000E-3	-4.743338E-4
7.440000E-3	4.811883E-4
7.445000E-3	1.344860E-3
7.450000E-3	2.155066E-3
7.455000E-3	3.217518E-3
7.460000E-3	3.956437E-3
7.465000E-3	4.614472E-3
7.470000E-3	4.862607E-3
7.475000E-3	4.751563E-3
7.480000E-3	4.515767E-3
7.485000E-3	4.067481E-3
7.490000E-3	3.785074E-3
7.495000E-3	3.246307E-3
7.500000E-3	3.054380E-3
7.505000E-3	2.811730E-3
7.510000E-3	2.086520E-3
7.515000E-3	1.148820E-3
7.520000E-3	5.140901E-4
7.525000E-3	-3.701448E-5
7.530000E-3	-1.891851E-4
7.535000E-3	3.098249E-4
7.540000E-3	1.210511E-3
7.545000E-3	2.149582E-3
7.550000E-3	3.088653E-3
7.555000E-3	4.643261E-3
7.560000E-3	5.657732E-3
7.565000E-3	6.354153E-3
7.570000E-3	6.509066E-3
7.575000E-3	6.461084E-3
7.580000E-3	5.866110E-3
7.585000E-3	4.954457E-3
7.590000E-3	3.950953E-3
7.595000E-3	2.645850E-3
7.600000E-3	1.610816E-3
7.605000E-3	5.936027E-4
7.610000E-3	-1.960397E-4
7.615000E-3	-7.019043E-4
7.620000E-3	-9.555221E-4
7.625000E-3	-9.760857E-4
7.630000E-3	-4.811883E-4
7.635000E-3	4.619956E-4
7.640000E-3	1.715004E-3
7.645000E-3	2.759635E-3
7.650000E-3	3.992081E-3
7.655000E-3	4.836559E-3
7.660000E-3	5.398631E-3
7.665000E-3	5.911350E-3
7.670000E-3	5.988121E-3
7.675000E-3	5.768776E-3
7.680000E-3	5.387664E-3
7.685000E-3	4.443109E-3
7.690000E-3	3.578067E-3
7.695000E-3	2.737701E-3
7.700000E-3	2.001524E-3
7.705000E-3	1.477838E-3
7.710000E-3	1.180351E-3
7.715000E-3	1.124144E-3
7.720000E-3	1.036406E-3
7.725000E-3	1.354456E-3
7.730000E-3	1.634121E-3
7.735000E-3	1.900077E-3
7.740000E-3	2.078295E-3
7.745000E-3	2.267480E-3
7.750000E-3	2.496421E-3
7.755000E-3	2.802134E-3
7.760000E-3	3.059864E-3
7.765000E-3	3.210664E-3
7.770000E-3	3.085911E-3
7.775000E-3	3.406703E-3
7.780000E-3	3.257275E-3
7.785000E-3	3.107846E-3
7.790000E-3	2.655447E-3
7.795000E-3	2.214015E-3
7.800000E-3	1.791775E-3
7.805000E-3	1.205027E-3
7.810000E-3	6.251335E-4
7.815000E-3	5.620718E-5
7.820000E-3	-2.851486E-4
7.825000E-3	-2.481341E-4
7.830000E-3	1.041889E-4
7.835000E-3	2.755523E-4
7.840000E-3	8.033514E-4
7.845000E-3	1.524448E-3
7.850000E-3	2.455294E-3
7.855000E-3	3.351867E-3
7.860000E-3	4.027724E-3
7.865000E-3	4.610360E-3
7.870000E-3	4.995584E-3
7.875000E-3	4.942119E-3
7.880000E-3	4.667938E-3
7.885000E-3	4.466414E-3
7.890000E-3	3.892004E-3
7.895000E-3	3.238082E-3
7.900000E-3	2.744555E-3
7.905000E-3	2.059102E-3
7.910000E-3	1.277685E-3
7.915000E-3	1.036406E-3
7.920000E-3	1.004875E-3
7.925000E-3	1.180351E-3
7.930000E-3	1.598477E-3
7.935000E-3	2.133131E-3
7.940000E-3	2.396345E-3
7.945000E-3	2.556741E-3
7.950000E-3	2.691090E-3
7.955000E-3	2.722621E-3
7.960000E-3	3.018737E-3
7.965000E-3	3.312111E-3
7.970000E-3	3.524601E-3
7.975000E-3	3.657579E-3
7.980000E-3	3.637016E-3
7.985000E-3	3.231227E-3
7.990000E-3	2.888501E-3
7.995000E-3	2.610207E-3
8.000000E-3	2.212644E-3
8.005000E-3	1.993299E-3
8.010000E-3	1.937091E-3
8.015000E-3	1.845241E-3
8.020000E-3	1.529932E-3
8.025000E-3	1.303732E-3
8.030000E-3	1.313329E-3
8.035000E-3	1.442194E-3
8.040000E-3	1.687586E-3
8.045000E-3	2.156436E-3
8.050000E-3	2.467632E-3
8.055000E-3	2.989948E-3
8.060000E-3	3.074944E-3
8.065000E-3	3.491700E-3
8.070000E-3	3.486216E-3
8.075000E-3	3.683627E-3
8.080000E-3	3.872812E-3
8.085000E-3	4.088044E-3
8.090000E-3	4.145622E-3
8.095000E-3	4.164815E-3
8.100000E-3	4.138768E-3
8.105000E-3	3.923535E-3
8.110000E-3	3.704190E-3
8.115000E-3	3.244936E-3
8.120000E-3	2.475858E-3
8.125000E-3	1.665652E-3
8.130000E-3	1.254380E-3
8.135000E-3	1.062453E-3
8.140000E-3	8.787513E-4
8.145000E-3	1.072049E-3
8.150000E-3	1.365423E-3
8.155000E-3	1.865804E-3
8.160000E-3	2.427876E-3
8.165000E-3	3.061235E-3
8.170000E-3	3.661692E-3
8.175000E-3	4.057884E-3
8.180000E-3	4.278600E-3
8.185000E-3	4.384160E-3
8.190000E-3	4.184008E-3
8.195000E-3	3.650725E-3
8.200000E-3	3.266871E-3
8.205000E-3	2.998173E-3
8.210000E-3	2.516985E-3
8.215000E-3	2.190709E-3
8.220000E-3	2.016604E-3
8.225000E-3	1.887739E-3
8.230000E-3	2.122164E-3
8.235000E-3	2.283931E-3
8.240000E-3	2.259254E-3
8.245000E-3	2.094746E-3
8.250000E-3	1.464128E-3
8.255000E-3	1.036406E-3
8.260000E-3	5.360246E-4
8.265000E-3	3.797412E-4
8.270000E-3	5.332828E-4
8.275000E-3	1.062453E-3
8.280000E-3	1.902819E-3
8.285000E-3	2.577305E-3
8.290000E-3	3.136635E-3
8.295000E-3	3.154457E-3
8.300000E-3	2.903581E-3
8.305000E-3	2.788424E-3
8.310000E-3	2.489567E-3
8.315000E-3	2.274334E-3
8.320000E-3	1.930237E-3
8.325000E-3	1.767099E-3
8.330000E-3	1.402438E-3
8.335000E-3	1.292765E-3
8.340000E-3	1.413405E-3
8.345000E-3	1.917899E-3
8.350000E-3	2.603352E-3
8.355000E-3	3.469765E-3
8.360000E-3	4.115462E-3
8.365000E-3	4.375935E-3
8.370000E-3	4.534960E-3
8.375000E-3	4.290938E-3
8.380000E-3	3.850877E-3
8.385000E-3	3.020108E-3
8.390000E-3	2.268851E-3
8.395000E-3	1.869917E-3
8.400000E-3	9.678602E-4
8.405000E-3	5.099773E-4
8.410000E-3	-1.782179E-5
8.415000E-3	-4.866719E-4
8.420000E-3	-4.935265E-4
8.425000E-3	-4.976392E-4
8.430000E-3	-3.249049E-4
8.435000E-3	1.178980E-4
8.440000E-3	7.046461E-4
8.445000E-3	1.365423E-3
8.450000E-3	2.070069E-3
8.455000E-3	2.808988E-3
8.460000E-3	3.793299E-3
8.465000E-3	4.471898E-3
8.470000E-3	5.373955E-3
8.475000E-3	5.842805E-3
8.480000E-3	6.167710E-3
8.485000E-3	6.270528E-3
8.490000E-3	6.115615E-3
8.495000E-3	5.420566E-3
8.500000E-3	4.466414E-3
8.505000E-3	3.317595E-3
8.510000E-3	2.516985E-3
8.515000E-3	1.620412E-3
8.520000E-3	7.827878E-4
8.525000E-3	3.084540E-4
8.530000E-3	2.536178E-4
8.535000E-3	5.305409E-4
8.540000E-3	8.664131E-4
8.545000E-3	1.484692E-3
8.550000E-3	1.813710E-3
8.555000E-3	1.912415E-3
8.560000E-3	2.109826E-3
8.565000E-3	2.297640E-3
8.570000E-3	2.111197E-3
8.575000E-3	2.223611E-3
8.580000E-3	2.525210E-3
8.585000E-3	2.364814E-3
8.590000E-3	2.211273E-3
8.595000E-3	2.255142E-3
8.600000E-3	2.315462E-3
8.605000E-3	2.393603E-3
8.610000E-3	2.375782E-3
8.615000E-3	2.451181E-3
8.620000E-3	2.458036E-3
8.625000E-3	2.721250E-3
8.630000E-3	3.058493E-3
8.635000E-3	3.579438E-3
8.640000E-3	4.012644E-3
8.645000E-3	4.458189E-3
8.650000E-3	4.614472E-3
8.655000E-3	4.914701E-3
8.660000E-3	5.081952E-3
8.665000E-3	4.929781E-3
8.670000E-3	4.445851E-3
8.675000E-3	4.108608E-3
8.680000E-3	3.635645E-3
8.685000E-3	2.893984E-3
8.690000E-3	2.231836E-3
8.695000E-3	1.675248E-3
8.700000E-3	1.217365E-3
8.705000E-3	8.129478E-4
8.710000E-3	8.280277E-4
8.715000E-3	7.142425E-4
8.720000E-3	7.539988E-4
8.725000E-3	1.050115E-3
8.730000E-3	1.115918E-3
8.735000E-3	1.058340E-3
8.740000E-3	1.128256E-3
8.745000E-3	9.843111E-4
8.750000E-3	1.338005E-3
8.755000E-3	1.505256E-3
8.760000E-3	1.868546E-3
8.765000E-3	2.277076E-3
8.770000E-3	2.692461E-3
8.775000E-3	3.046155E-3
8.780000E-3	3.589034E-3
8.785000E-3	3.547907E-3
8.790000E-3	3.731608E-3
8.795000E-3	3.804266E-3
8.800000E-3	3.727496E-3
8.805000E-3	3.671288E-3
8.810000E-3	3.720641E-3
8.815000E-3	4.022241E-3
8.820000E-3	4.385531E-3
8.825000E-3	4.717290E-3
8.830000E-3	4.773498E-3
8.835000E-3	4.851639E-3
8.840000E-3	4.847527E-3
8.845000E-3	4.695356E-3
8.850000E-3	4.157960E-3
8.855000E-3	3.682256E-3
8.860000E-3	3.384769E-3
8.865000E-3	3.074944E-3
8.870000E-3	2.575934E-3
8.875000E-3	2.515614E-3
8.880000E-3	2.771974E-3
8.885000E-3	2.655447E-3
8.890000E-3	2.397716E-3
8.895000E-3	2.290785E-3
8.900000E-3	1.883626E-3
8.905000E-3	1.288652E-3
8.910000E-3	7.430315E-4
8.915000E-3	3.783703E-4
8.920000E-3	-1.699924E-4
8.925000E-3	-2.824068E-4
8.930000E-3	-5.483627E-5
8.935000E-3	2.851486E-4
8.940000E-3	9.472966E-4
8.945000E-3	1.555979E-3
8.950000E-3	2.052248E-3
8.955000E-3	2.496421E-3
8.960000E-3	2.980351E-3
8.965000E-3	3.216147E-3
8.970000E-3	3.456056E-3
8.975000E-3	3.246307E-3
8.980000E-3	2.907693E-3
8.985000E-3	2.348363E-3
8.990000E-3	1.895964E-3
8.995000E-3	1.347601E-3
9.000000E-3	1.062453E-3
9.005000E-3	9.801984E-4
9.010000E-3	1.136482E-3
9.015000E-3	1.357198E-3
9.020000E-3	1.610816E-3
9.025000E-3	2.015233E-3
9.030000E-3	2.181113E-3
9.035000E-3	2.174258E-3
9.040000E-3	2.319574E-3
9.045000E-3	2.474487E-3
9.050000E-3	2.933741E-3
9.055000E-3	3.176391E-3
9.060000E-3	2.963901E-3
9.065000E-3	2.895355E-3
9.070000E-3	2.881646E-3
9.075000E-3	2.821326E-3
9.080000E-3	2.920032E-3
9.085000E-3	3.268242E-3
9.090000E-3	3.602743E-3
9.095000E-3	3.953695E-3
9.100000E-3	4.208684E-3
9.105000E-3	4.403353E-3
9.110000E-3	4.518509E-3
9.115000E-3	4.401982E-3
9.120000E-3	4.608989E-3
9.125000E-3	4.700840E-3
9.130000E-3	4.587054E-3
9.135000E-3	4.358113E-3
9.140000E-3	3.896117E-3
9.145000E-3	3.479362E-3
9.150000E-3	2.950191E-3
9.155000E-3	2.281189E-3
9.160000E-3	1.864433E-3
9.165000E-3	1.494288E-3
9.170000E-3	1.173496E-3
9.175000E-3	9.856820E-4
9.180000E-3	4.441738E-4
9.185000E-3	2.056360E-4
9.190000E-3	-8.636713E-5
9.195000E-3	-3.687739E-4
9.200000E-3	-5.977154E-4
9.205000E-3	-4.880428E-4
9.210000E-3	-1.823306E-4
9.215000E-3	1.754761E-4
9.220000E-3	6.717443E-4
9.225000E-3	1.183093E-3
9.230000E-3	1.752019E-3
9.235000E-3	2.224982E-3
9.240000E-3	2.721250E-3
9.245000E-3	3.076315E-3
9.250000E-3	3.595889E-3
9.255000E-3	4.255295E-3
9.260000E-3	4.770756E-3
9.265000E-3	4.947603E-3
9.270000E-3	5.020261E-3
9.275000E-3	4.843414E-3
9.280000E-3	4.770756E-3
9.285000E-3	4.661083E-3
9.290000E-3	4.514396E-3
9.295000E-3	4.149735E-3
9.300000E-3	3.739834E-3
9.305000E-3	3.244936E-3
9.310000E-3	2.607465E-3
9.315000E-3	2.111197E-3
9.320000E-3	1.798630E-3
9.325000E-3	1.412034E-3
9.330000E-3	1.095355E-3
9.335000E-3	1.073420E-3
9.340000E-3	1.242042E-3
9.345000E-3	1.425743E-3
9.350000E-3	1.776695E-3
9.355000E-3	2.083778E-3
9.360000E-3	2.050877E-3
9.365000E-3	2.027571E-3
9.370000E-3	2.034426E-3
9.375000E-3	1.780808E-3
9.380000E-3	1.510739E-3
9.385000E-3	1.155674E-3
9.390000E-3	1.080275E-3
9.395000E-3	1.129627E-3
9.400000E-3	1.358569E-3
9.405000E-3	1.498401E-3
9.410000E-3	1.780808E-3
9.415000E-3	2.231836E-3
9.420000E-3	2.455294E-3
9.425000E-3	2.987206E-3
9.430000E-3	3.552020E-3
9.435000E-3	4.130542E-3
9.440000E-3	4.074335E-3
9.445000E-3	3.948212E-3
9.450000E-3	4.083931E-3
9.455000E-3	4.046917E-3
9.460000E-3	3.959179E-3
9.465000E-3	3.796041E-3
9.470000E-3	3.473878E-3
9.475000E-3	3.166795E-3
9.480000E-3	2.562225E-3
9.485000E-3	1.967251E-3
9.490000E-3	1.454532E-3
9.495000E-3	1.054227E-3
9.500000E-3	7.704496E-4
9.505000E-3	5.524755E-4
9.510000E-3	5.826354E-4
9.515000E-3	7.019043E-4
9.520000E-3	9.856820E-4
9.525000E-3	1.336634E-3
9.530000E-3	1.625896E-3
9.535000E-3	1.846611E-3
9.540000E-3	2.172887E-3
9.545000E-3	1.915157E-3
9.550000E-3	1.669765E-3
9.555000E-3	1.701295E-3
9.560000E-3	1.865804E-3
9.565000E-3	2.075553E-3
9.570000E-3	2.286673E-3
9.575000E-3	2.748668E-3
9.580000E-3	3.316224E-3
9.585000E-3	3.808379E-3
9.590000E-3	4.104495E-3
9.595000E-3	4.244328E-3
9.600000E-3	4.358113E-3
9.605000E-3	4.403353E-3
9.610000E-3	4.436255E-3
9.615000E-3	3.982484E-3
9.620000E-3	3.639758E-3
9.625000E-3	3.138006E-3
9.630000E-3	2.385378E-3
9.635000E-3	1.565576E-3
9.640000E-3	9.075403E-4
9.645000E-3	4.880428E-4
9.650000E-3	7.402897E-5
9.655000E-3	-6.580353E-5
9.660000E-3	7.128716E-5
9.665000E-3	4.318357E-4
9.670000E-3	6.662607E-4
9.675000E-3	9.692311E-4
9.680000E-3	1.409292E-3
9.685000E-3	1.990557E-3
9.690000E-3	2.626657E-3
9.695000E-3	3.291547E-3
9.700000E-3	3.665805E-3
9.705000E-3	4.023612E-3
9.710000E-3	4.358113E-3
9.715000E-3	4.514396E-3
9.720000E-3	4.570603E-3
9.725000E-3	4.576087E-3
9.730000E-3	4.229248E-3
9.735000E-3	4.055142E-3
9.740000E-3	3.697336E-3
9.745000E-3	3.523231E-3
9.750000E-3	3.026962E-3
9.755000E-3	2.915919E-3
9.760000E-3	2.815843E-3
9.765000E-3	2.382636E-3
9.770000E-3	1.998782E-3
9.775000E-3	1.843870E-3
9.780000E-3	1.658797E-3
9.785000E-3	1.630008E-3
9.790000E-3	1.406550E-3
9.795000E-3	1.283169E-3
9.800000E-3	1.202285E-3
9.805000E-3	1.185834E-3
9.810000E-3	1.402438E-3
9.815000E-3	1.472354E-3
9.820000E-3	1.827419E-3
9.825000E-3	2.123535E-3
9.830000E-3	2.677381E-3
9.835000E-3	2.756894E-3
9.840000E-3	3.457427E-3
9.845000E-3	4.004419E-3
9.850000E-3	4.391015E-3
9.855000E-3	4.463673E-3
9.860000E-3	4.558265E-3
9.865000E-3	4.462302E-3
9.870000E-3	4.166186E-3
9.875000E-3	3.852248E-3
9.880000E-3	3.634274E-3
9.885000E-3	3.323078E-3
9.890000E-3	2.924144E-3
9.895000E-3	2.534807E-3
9.900000E-3	2.027571E-3
9.905000E-3	1.566947E-3
9.910000E-3	1.191318E-3
9.915000E-3	9.267330E-4
9.920000E-3	7.704496E-4
9.925000E-3	5.140901E-4
9.930000E-3	2.714396E-4
9.935000E-3	1.494288E-4
9.940000E-3	1.535416E-4
9.945000E-3	3.482103E-4
9.950000E-3	5.332828E-4
9.955000E-3	1.039147E-3
9.960000E-3	1.099467E-3
9.965000E-3	1.454532E-3
9.970000E-3	1.575172E-3
9.975000E-3	1.594365E-3
9.980000E-3	1.521707E-3
9.985000E-3	1.139224E-3
9.990000E-3	7.128716E-4
9.995000E-3	5.894899E-4
