0.000000E+0	-7.087588E-4
5.000000E-6	-1.028180E-3
1.000000E-5	-1.062453E-3
1.500000E-5	-9.500384E-4
2.000000E-5	-8.403659E-4
2.500000E-5	-8.828640E-4
3.000000E-5	-7.101297E-4
3.500000E-5	-7.498860E-4
4.000000E-5	-6.004572E-4
4.500000E-5	-7.594824E-4
5.000000E-5	-7.526278E-4
5.500000E-5	-7.608533E-4
6.000000E-5	-6.319880E-4
6.500000E-5	-5.291700E-4
7.000000E-5	-8.910894E-4
7.500000E-5	-9.102821E-4
8.000000E-5	-8.691549E-4
8.500000E-5	-1.150191E-3
9.000000E-5	-9.253621E-4
9.500000E-5	-8.554459E-4
1.000000E-4	-1.025438E-3
1.050000E-4	-9.212494E-4
1.100000E-4	-9.143949E-4
1.150000E-4	-7.430315E-4
1.200000E-4	-7.923841E-4
1.250000E-4	-7.786751E-4
1.300000E-4	-9.020567E-4
1.350000E-4	-8.527040E-4
1.400000E-4	-7.718205E-4
1.450000E-4	-7.869005E-4
1.500000E-4	-8.952022E-4
1.550000E-4	-8.705258E-4
1.600000E-4	-8.595586E-4
1.650000E-4	-9.747148E-4
1.700000E-4	-9.692311E-4
1.750000E-4	-9.349585E-4
1.800000E-4	-9.006858E-4
1.850000E-4	-8.938313E-4
1.900000E-4	-8.321404E-4
1.950000E-4	-7.964969E-4
2.000000E-4	-9.418130E-4
2.050000E-4	-7.786751E-4
2.100000E-4	-8.115768E-4
2.150000E-4	-7.869005E-4
2.200000E-4	-7.677078E-4
2.250000E-4	-6.580353E-4
2.300000E-4	-8.554459E-4
2.350000E-4	-9.185076E-4
2.400000E-4	-9.363294E-4
2.450000E-4	-8.472204E-4
2.500000E-4	-6.662607E-4
2.550000E-4	-5.661845E-4
2.600000E-4	-7.019043E-4
2.650000E-4	-7.498860E-4
2.700000E-4	-8.156896E-4
2.750000E-4	-9.377003E-4
2.800000E-4	-8.074641E-4
2.850000E-4	-8.527040E-4
2.900000E-4	-7.841587E-4
2.950000E-4	-8.787513E-4
3.000000E-4	-1.000762E-3
3.050000E-4	-8.979440E-4
3.100000E-4	-7.800460E-4
3.150000E-4	-6.936789E-4
3.200000E-4	-7.690787E-4
3.250000E-4	-7.923841E-4
3.300000E-4	-8.143187E-4
3.350000E-4	-8.718967E-4
3.400000E-4	-8.074641E-4
3.450000E-4	-8.444786E-4
3.500000E-4	-8.869767E-4
3.550000E-4	-9.870529E-4
3.600000E-4	-9.472966E-4
3.650000E-4	-7.471442E-4
3.700000E-4	-8.924603E-4
3.750000E-4	-1.110435E-3
3.800000E-4	-1.033664E-3
3.850000E-4	-9.911656E-4
3.900000E-4	-1.046002E-3
3.950000E-4	-9.911656E-4
4.000000E-4	-8.485913E-4
4.050000E-4	-6.566644E-4
4.100000E-4	-7.032752E-4
4.150000E-4	-7.197261E-4
4.200000E-4	-6.895661E-4
4.250000E-4	-8.609295E-4
4.300000E-4	-7.019043E-4
4.350000E-4	-6.127954E-4
4.400000E-4	-8.897185E-4
4.450000E-4	-9.171367E-4
4.500000E-4	-9.171367E-4
4.550000E-4	-8.348823E-4
4.600000E-4	-7.416606E-4
4.650000E-4	-7.402897E-4
4.700000E-4	-9.034276E-4
4.750000E-4	-9.472966E-4
4.800000E-4	-9.596348E-4
4.850000E-4	-1.013100E-3
4.900000E-4	-1.051486E-3
4.950000E-4	-9.226203E-4
5.000000E-4	-8.458495E-4
5.050000E-4	-8.773804E-4
5.100000E-4	-9.239912E-4
5.150000E-4	-9.061694E-4
5.200000E-4	-8.856058E-4
5.250000E-4	-9.034276E-4
5.300000E-4	-8.842349E-4
5.350000E-4	-9.281039E-4
5.400000E-4	-8.266568E-4
5.450000E-4	-7.622242E-4
5.500000E-4	-8.787513E-4
5.550000E-4	-8.979440E-4
5.600000E-4	-1.126885E-3
5.650000E-4	-1.011729E-3
5.700000E-4	-8.718967E-4
5.750000E-4	-9.281039E-4
5.800000E-4	-8.225441E-4
5.850000E-4	-8.705258E-4
5.900000E-4	-9.884238E-4
5.950000E-4	-1.004875E-3
6.000000E-4	-1.051486E-3
6.050000E-4	-8.773804E-4
6.100000E-4	-8.019805E-4
6.150000E-4	-1.051486E-3
6.200000E-4	-8.307695E-4
6.250000E-4	-1.039147E-3
6.300000E-4	-9.308457E-4
6.350000E-4	-8.376241E-4
6.400000E-4	-7.923841E-4
6.450000E-4	-7.526278E-4
6.500000E-4	-8.198023E-4
6.550000E-4	-8.444786E-4
6.600000E-4	-8.088350E-4
6.650000E-4	-7.032752E-4
6.700000E-4	-5.620718E-4
6.750000E-4	-7.073879E-4
6.800000E-4	-8.568168E-4
6.850000E-4	-7.032752E-4
6.900000E-4	-7.046461E-4
6.950000E-4	-7.539988E-4
7.000000E-4	-8.156896E-4
7.050000E-4	-8.814931E-4
7.100000E-4	-9.678602E-4
7.150000E-4	-8.170605E-4
7.200000E-4	-8.307695E-4
7.250000E-4	-1.028180E-3
7.300000E-4	-9.829402E-4
7.350000E-4	-8.348823E-4
7.400000E-4	-8.307695E-4
7.450000E-4	-7.882714E-4
7.500000E-4	-8.513331E-4
7.550000E-4	-9.089112E-4
7.600000E-4	-9.322166E-4
7.650000E-4	-7.457733E-4
7.700000E-4	-6.470680E-4
7.750000E-4	-8.431077E-4
7.800000E-4	-7.814169E-4
7.850000E-4	-8.225441E-4
7.900000E-4	-9.034276E-4
7.950000E-4	-9.267330E-4
8.000000E-4	-7.663369E-4
8.050000E-4	-8.746386E-4
8.100000E-4	-8.718967E-4
8.150000E-4	-8.732677E-4
8.200000E-4	-7.402897E-4
8.250000E-4	-7.539988E-4
8.300000E-4	-8.664131E-4
8.350000E-4	-8.321404E-4
8.400000E-4	-1.003504E-3
8.450000E-4	-1.081645E-3
8.500000E-4	-8.691549E-4
8.550000E-4	-9.130239E-4
8.600000E-4	-9.335876E-4
8.650000E-4	-9.815693E-4
8.700000E-4	-9.226203E-4
8.750000E-4	-8.691549E-4
8.800000E-4	-7.635951E-4
8.850000E-4	-8.691549E-4
8.900000E-4	-9.363294E-4
8.950000E-4	-9.514093E-4
9.000000E-4	-9.418130E-4
9.050000E-4	-8.650422E-4
9.100000E-4	-8.335114E-4
9.150000E-4	-8.335114E-4
9.200000E-4	-8.321404E-4
9.250000E-4	-7.882714E-4
9.300000E-4	-9.801984E-4
9.350000E-4	-8.760095E-4
9.400000E-4	-9.308457E-4
9.450000E-4	-9.404421E-4
9.500000E-4	-7.101297E-4
9.550000E-4	-8.869767E-4
9.600000E-4	-8.938313E-4
9.650000E-4	-6.758571E-4
9.700000E-4	-7.978678E-4
9.750000E-4	-8.307695E-4
9.800000E-4	-7.210970E-4
9.850000E-4	-9.747148E-4
9.900000E-4	-1.040518E-3
9.950000E-4	-9.431839E-4
1.000000E-3	-1.017213E-3
1.005000E-3	-1.033664E-3
1.010000E-3	-1.058340E-3
1.015000E-3	-8.814931E-4
1.020000E-3	-9.294748E-4
1.025000E-3	-9.664893E-4
1.030000E-3	-8.088350E-4
1.035000E-3	-9.281039E-4
1.040000E-3	-9.843111E-4
1.045000E-3	-9.582639E-4
1.050000E-3	-9.678602E-4
1.055000E-3	-9.610057E-4
1.060000E-3	-1.115918E-3
1.065000E-3	-1.000762E-3
1.070000E-3	-9.843111E-4
1.075000E-3	-9.363294E-4
1.080000E-3	-7.937551E-4
1.085000E-3	-8.362532E-4
1.090000E-3	-6.196499E-4
1.095000E-3	-6.251335E-4
1.100000E-3	-7.402897E-4
1.105000E-3	-8.321404E-4
1.110000E-3	-7.690787E-4
1.115000E-3	-7.827878E-4
1.120000E-3	-9.349585E-4
1.125000E-3	-8.664131E-4
1.130000E-3	-9.472966E-4
1.135000E-3	-8.883476E-4
1.140000E-3	-6.881952E-4
1.145000E-3	-7.389188E-4
1.150000E-3	-7.594824E-4
1.155000E-3	-8.513331E-4
1.160000E-3	-8.499622E-4
1.165000E-3	-9.116530E-4
1.170000E-3	-8.060932E-4
1.175000E-3	-7.869005E-4
1.180000E-3	-9.993911E-4
1.185000E-3	-1.109064E-3
1.190000E-3	-1.026809E-3
1.195000E-3	-8.568168E-4
1.200000E-3	-8.595586E-4
1.205000E-3	-8.718967E-4
1.210000E-3	-7.498860E-4
1.215000E-3	-6.210208E-4
1.220000E-3	-6.443262E-4
1.225000E-3	-7.183552E-4
1.230000E-3	-7.882714E-4
1.235000E-3	-9.651184E-4
1.240000E-3	-8.732677E-4
1.245000E-3	-9.541512E-4
1.250000E-3	-8.965731E-4
1.255000E-3	-8.897185E-4
1.260000E-3	-8.732677E-4
1.265000E-3	-6.415844E-4
1.270000E-3	-6.758571E-4
1.275000E-3	-6.648898E-4
1.280000E-3	-8.787513E-4
1.285000E-3	-1.061082E-3
1.290000E-3	-1.120031E-3
1.295000E-3	-9.185076E-4
1.300000E-3	-8.732677E-4
1.305000E-3	-8.513331E-4
1.310000E-3	-9.582639E-4
1.315000E-3	-8.677840E-4
1.320000E-3	-7.210970E-4
1.325000E-3	-8.266568E-4
1.330000E-3	-8.993149E-4
1.335000E-3	-8.581877E-4
1.340000E-3	-8.979440E-4
1.345000E-3	-8.623004E-4
1.350000E-3	-9.925365E-4
1.355000E-3	-1.030922E-3
1.360000E-3	-9.651184E-4
1.365000E-3	-8.211732E-4
1.370000E-3	-8.129478E-4
1.375000E-3	-8.335114E-4
1.380000E-3	-8.074641E-4
1.385000E-3	-9.171367E-4
1.390000E-3	-7.978678E-4
1.395000E-3	-8.266568E-4
1.400000E-3	-6.813407E-4
1.405000E-3	-8.760095E-4
1.410000E-3	-9.294748E-4
1.415000E-3	-9.459257E-4
1.420000E-3	-9.157658E-4
1.425000E-3	-7.375479E-4
1.430000E-3	-8.252859E-4
1.435000E-3	-7.759333E-4
1.440000E-3	-7.635951E-4
1.445000E-3	-7.457733E-4
1.450000E-3	-7.964969E-4
1.455000E-3	-8.801222E-4
1.460000E-3	-7.581115E-4
1.465000E-3	-6.799698E-4
1.470000E-3	-7.320642E-4
1.475000E-3	-7.032752E-4
1.480000E-3	-7.019043E-4
1.485000E-3	-6.484389E-4
1.490000E-3	-8.417368E-4
1.495000E-3	-8.568168E-4
1.500000E-3	-9.047985E-4
1.505000E-3	-9.212494E-4
1.510000E-3	-8.787513E-4
1.515000E-3	-7.197261E-4
1.520000E-3	-8.198023E-4
1.525000E-3	-1.089871E-3
1.530000E-3	-9.514093E-4
1.535000E-3	-9.089112E-4
1.540000E-3	-1.083016E-3
1.545000E-3	-8.979440E-4
1.550000E-3	-7.485151E-4
1.555000E-3	-8.239150E-4
1.560000E-3	-8.705258E-4
1.565000E-3	-9.171367E-4
1.570000E-3	-7.622242E-4
1.575000E-3	-8.650422E-4
1.580000E-3	-8.293986E-4
1.585000E-3	-9.349585E-4
1.590000E-3	-9.020567E-4
1.595000E-3	-8.060932E-4
1.600000E-3	-9.445548E-4
1.605000E-3	-8.814931E-4
1.610000E-3	-9.116530E-4
1.615000E-3	-9.760857E-4
1.620000E-3	-9.130239E-4
1.625000E-3	-9.815693E-4
1.630000E-3	-8.266568E-4
1.635000E-3	-9.075403E-4
1.640000E-3	-7.128716E-4
1.645000E-3	-6.813407E-4
1.650000E-3	-7.841587E-4
1.655000E-3	-8.691549E-4
1.660000E-3	-9.102821E-4
1.665000E-3	-1.080275E-3
1.670000E-3	-1.130998E-3
1.675000E-3	-9.335876E-4
1.680000E-3	-1.025438E-3
1.685000E-3	-1.168013E-3
1.690000E-3	-1.040518E-3
1.695000E-3	-8.979440E-4
1.700000E-3	-8.485913E-4
1.705000E-3	-1.004875E-3
1.710000E-3	-1.050115E-3
1.715000E-3	-9.459257E-4
1.720000E-3	-8.787513E-4
1.725000E-3	-9.692311E-4
1.730000E-3	-1.040518E-3
1.735000E-3	-1.008987E-3
1.740000E-3	-1.181722E-3
1.745000E-3	-1.050115E-3
1.750000E-3	-1.019955E-3
1.755000E-3	-8.527040E-4
1.760000E-3	-7.115006E-4
1.765000E-3	-8.115768E-4
1.770000E-3	-7.992387E-4
1.775000E-3	-1.021326E-3
1.780000E-3	-1.089871E-3
1.785000E-3	-1.066566E-3
1.790000E-3	-1.169384E-3
1.795000E-3	-9.472966E-4
1.800000E-3	-8.088350E-4
1.805000E-3	-7.731915E-4
1.810000E-3	-8.965731E-4
1.815000E-3	-9.006858E-4
1.820000E-3	-8.198023E-4
1.825000E-3	-1.019955E-3
1.830000E-3	-1.117289E-3
1.835000E-3	-9.281039E-4
1.840000E-3	-9.527802E-4
1.845000E-3	-9.404421E-4
1.850000E-3	-8.513331E-4
1.855000E-3	-7.937551E-4
1.860000E-3	-8.239150E-4
1.865000E-3	-1.026809E-3
1.870000E-3	-1.003504E-3
1.875000E-3	-1.118660E-3
1.880000E-3	-1.030922E-3
1.885000E-3	-8.746386E-4
1.890000E-3	-7.293224E-4
1.895000E-3	-9.390712E-4
1.900000E-3	-8.718967E-4
1.905000E-3	-8.252859E-4
1.910000E-3	-7.594824E-4
1.915000E-3	-6.977916E-4
1.920000E-3	-7.786751E-4
1.925000E-3	-9.006858E-4
1.930000E-3	-8.650422E-4
1.935000E-3	-9.856820E-4
1.940000E-3	-8.417368E-4
1.945000E-3	-7.526278E-4
1.950000E-3	-5.442500E-4
1.955000E-3	-6.676316E-4
1.960000E-3	-8.568168E-4
1.965000E-3	-8.115768E-4
1.970000E-3	-9.843111E-4
1.975000E-3	-9.308457E-4
1.980000E-3	-9.911656E-4
1.985000E-3	-9.843111E-4
1.990000E-3	-9.815693E-4
1.995000E-3	-8.993149E-4
2.000000E-3	-1.077533E-3
2.005000E-3	-1.236558E-3
2.010000E-3	-1.054227E-3
2.015000E-3	-8.924603E-4
2.020000E-3	-8.033514E-4
2.025000E-3	-8.499622E-4
2.030000E-3	-9.459257E-4
2.035000E-3	-9.678602E-4
2.040000E-3	-9.760857E-4
2.045000E-3	-8.280277E-4
2.050000E-3	-8.650422E-4
2.055000E-3	-9.541512E-4
2.060000E-3	-1.010358E-3
2.065000E-3	-9.801984E-4
2.070000E-3	-9.596348E-4
2.075000E-3	-9.514093E-4
2.080000E-3	-8.718967E-4
2.085000E-3	-1.021326E-3
2.090000E-3	-9.733438E-4
2.095000E-3	-9.363294E-4
2.100000E-3	-7.608533E-4
2.105000E-3	-7.896423E-4
2.110000E-3	-7.375479E-4
2.115000E-3	-7.375479E-4
2.120000E-3	-9.020567E-4
2.125000E-3	-8.691549E-4
2.130000E-3	-8.746386E-4
2.135000E-3	-9.034276E-4
2.140000E-3	-9.925365E-4
2.145000E-3	-1.096725E-3
2.150000E-3	-1.003504E-3
2.155000E-3	-1.050115E-3
2.160000E-3	-8.184314E-4
2.165000E-3	-1.043260E-3
2.170000E-3	-1.041889E-3
2.175000E-3	-1.078904E-3
2.180000E-3	-9.884238E-4
2.185000E-3	-1.152933E-3
2.190000E-3	-1.154304E-3
2.195000E-3	-1.096725E-3
2.200000E-3	-1.004875E-3
2.205000E-3	-9.897947E-4
2.210000E-3	-9.102821E-4
2.215000E-3	-1.050115E-3
2.220000E-3	-9.925365E-4
2.225000E-3	-8.307695E-4
2.230000E-3	-8.856058E-4
2.235000E-3	-8.883476E-4
2.240000E-3	-1.043260E-3
2.245000E-3	-9.459257E-4
2.250000E-3	-8.568168E-4
2.255000E-3	-1.022696E-3
2.260000E-3	-1.013100E-3
2.265000E-3	-8.952022E-4
2.270000E-3	-7.622242E-4
2.275000E-3	-9.445548E-4
2.280000E-3	-9.212494E-4
2.285000E-3	-8.211732E-4
2.290000E-3	-8.472204E-4
2.295000E-3	-8.554459E-4
2.300000E-3	-8.019805E-4
2.305000E-3	-9.281039E-4
2.310000E-3	-1.028180E-3
2.315000E-3	-6.991625E-4
2.320000E-3	-7.471442E-4
2.325000E-3	-8.527040E-4
2.330000E-3	-1.024067E-3
2.335000E-3	-9.980202E-4
2.340000E-3	-9.431839E-4
2.345000E-3	-1.065195E-3
2.350000E-3	-7.622242E-4
2.355000E-3	-9.130239E-4
2.360000E-3	-1.080275E-3
2.365000E-3	-8.979440E-4
2.370000E-3	-1.019955E-3
2.375000E-3	-1.008987E-3
2.380000E-3	-1.095355E-3
2.385000E-3	-9.212494E-4
2.390000E-3	-1.300991E-3
2.395000E-3	-7.334352E-4
2.400000E-3	-1.096725E-3
2.405000E-3	-7.115006E-4
2.410000E-3	-1.375020E-3
2.415000E-3	-6.031990E-4
2.420000E-3	-1.494288E-3
2.425000E-3	-2.920032E-4
2.430000E-3	-1.565576E-3
2.435000E-3	-1.905560E-4
2.440000E-3	-2.101600E-3
2.445000E-3	9.870529E-5
2.450000E-3	-2.204418E-3
2.455000E-3	-1.617670E-4
2.460000E-3	-1.052856E-3
2.465000E-3	3.823459E-3
2.470000E-3	-1.224096E-1
2.475000E-3	-7.423049E-2
2.480000E-3	-1.101249E-1
2.485000E-3	-2.313734E-1
2.490000E-3	-1.901379E-1
2.495000E-3	-8.864146E-2
2.500000E-3	1.743958E-1
2.505000E-3	4.908792E-1
2.510000E-3	1.324186E-1
2.515000E-3	-1.530508E-1
2.520000E-3	1.084401E-1
2.525000E-3	1.176046E-1
2.530000E-3	2.211958E-2
2.535000E-3	9.883690E-2
2.540000E-3	5.960977E-2
2.545000E-3	5.671167E-2
2.550000E-3	1.220107E-3
2.555000E-3	-3.542972E-2
2.560000E-3	1.073091E-1
2.565000E-3	-4.717153E-2
2.570000E-3	-2.181305E-1
2.575000E-3	3.189963E-2
2.580000E-3	8.514017E-2
2.585000E-3	-1.535018E-1
2.590000E-3	-9.856272E-2
2.595000E-3	2.887267E-2
2.600000E-3	-1.591527E-1
2.605000E-3	-3.424525E-2
2.610000E-3	9.569341E-2
2.615000E-3	-4.823810E-2
2.620000E-3	5.536956E-2
2.625000E-3	1.888095E-1
2.630000E-3	-6.108075E-2
2.635000E-3	-7.890254E-2
2.640000E-3	8.815753E-2
2.645000E-3	-5.520093E-2
2.650000E-3	-1.227921E-1
2.655000E-3	1.324419E-1
2.660000E-3	4.862195E-2
2.665000E-3	-1.037543E-1
2.670000E-3	8.760780E-2
2.675000E-3	2.197838E-2
2.680000E-3	-1.734321E-1
2.685000E-3	-1.267815E-2
2.690000E-3	4.616392E-2
2.695000E-3	-1.001831E-1
2.700000E-3	3.885150E-2
2.705000E-3	1.315618E-1
2.710000E-3	-6.909782E-2
2.715000E-3	-2.514106E-2
2.720000E-3	8.711565E-2
2.725000E-3	-4.812980E-2
2.730000E-3	-6.777763E-3
2.735000E-3	1.333495E-1
2.740000E-3	-2.030313E-3
2.745000E-3	-3.071517E-2
2.750000E-3	1.040189E-1
2.755000E-3	-1.521158E-2
2.760000E-3	-1.221135E-1
2.765000E-3	2.451456E-2
2.770000E-3	-2.742362E-2
2.775000E-3	-1.184518E-1
2.780000E-3	3.412598E-2
2.785000E-3	2.808851E-2
2.790000E-3	-1.079891E-1
2.795000E-3	-2.514791E-2
2.800000E-3	2.100503E-2
2.805000E-3	-7.286918E-2
2.810000E-3	-8.022547E-3
2.815000E-3	3.618646E-2
2.820000E-3	-4.566216E-2
2.825000E-3	4.385120E-2
2.830000E-3	1.040957E-1
2.835000E-3	-3.357625E-2
2.840000E-3	-2.108455E-3
2.845000E-3	8.312219E-2
2.850000E-3	-2.842575E-2
2.855000E-3	-8.170605E-3
2.860000E-3	9.120232E-2
2.865000E-3	-3.756285E-3
2.870000E-3	-1.370358E-2
2.875000E-3	7.724649E-2
2.880000E-3	-1.016939E-2
2.885000E-3	-4.228288E-2
2.890000E-3	4.410070E-2
2.895000E-3	-7.916987E-3
2.900000E-3	-4.699194E-2
2.905000E-3	2.470237E-2
2.910000E-3	-2.771974E-2
2.915000E-3	-9.042501E-2
2.920000E-3	1.901037E-2
2.925000E-3	3.607267E-2
2.930000E-3	-2.873009E-2
2.935000E-3	3.806734E-2
2.940000E-3	4.495341E-2
2.945000E-3	-5.434412E-2
2.950000E-3	-2.284068E-2
2.955000E-3	1.057655E-2
2.960000E-3	-4.844785E-2
2.965000E-3	-1.052994E-2
2.970000E-3	3.924906E-2
2.975000E-3	-8.813560E-3
2.980000E-3	5.702972E-4
2.985000E-3	3.058082E-2
2.990000E-3	-1.521158E-2
2.995000E-3	-1.859772E-2
3.000000E-3	1.179528E-2
3.005000E-3	-2.371806E-2
3.010000E-3	-2.968699E-2
3.015000E-3	-1.015842E-2
3.020000E-3	-3.375447E-2
3.025000E-3	-2.418965E-2
3.030000E-3	1.264250E-2
3.035000E-3	2.898097E-3
3.040000E-3	-8.217216E-3
3.045000E-3	1.444799E-2
3.050000E-3	2.063489E-2
3.055000E-3	7.631838E-3
3.060000E-3	2.282560E-2
3.065000E-3	3.198737E-2
3.070000E-3	5.567253E-3
3.075000E-3	2.038538E-3
3.080000E-3	2.024555E-2
3.085000E-3	4.148364E-3
3.090000E-3	-1.095217E-2
3.095000E-3	-1.150191E-3
3.100000E-3	-1.319772E-2
3.105000E-3	-3.693634E-2
3.110000E-3	-2.742362E-2
3.115000E-3	-1.778752E-2
3.120000E-3	-1.694030E-2
3.125000E-3	3.669918E-3
3.130000E-3	3.815234E-3
3.135000E-3	-1.763397E-2
3.140000E-3	-1.191866E-2
3.145000E-3	2.282560E-3
3.150000E-3	-6.827116E-4
3.155000E-3	1.836056E-2
3.160000E-3	4.039103E-2
3.165000E-3	2.707267E-2
3.170000E-3	1.768881E-2
3.175000E-3	1.870739E-2
3.180000E-3	2.681494E-3
3.185000E-3	-1.274806E-2
3.190000E-3	-2.913177E-3
3.195000E-3	1.118934E-2
3.200000E-3	1.231074E-2
3.205000E-3	1.310313E-2
3.210000E-3	5.334198E-3
3.215000E-3	-1.367480E-2
3.220000E-3	-1.227784E-2
3.225000E-3	-1.316345E-2
3.230000E-3	-3.137594E-2
3.235000E-3	-3.073847E-2
3.240000E-3	-8.740902E-3
3.245000E-3	-7.023156E-3
3.250000E-3	-1.080823E-2
3.255000E-3	1.964509E-3
3.260000E-3	2.547145E-3
3.265000E-3	1.116604E-2
3.270000E-3	2.889323E-2
3.275000E-3	1.744479E-2
3.280000E-3	1.014197E-2
3.285000E-3	1.051486E-2
3.290000E-3	-1.093024E-2
3.295000E-3	-1.741326E-2
3.300000E-3	-3.057122E-3
3.305000E-3	-3.194213E-3
3.310000E-3	-2.356589E-3
3.315000E-3	9.862304E-3
3.320000E-3	-1.077533E-3
3.325000E-3	-2.475172E-2
3.330000E-3	-1.948881E-2
3.335000E-3	-2.064586E-3
3.340000E-3	-4.888654E-3
3.345000E-3	-7.260323E-3
3.350000E-3	2.843261E-3
3.355000E-3	9.941816E-3
3.360000E-3	3.992081E-3
3.365000E-3	2.342880E-3
3.370000E-3	-2.403200E-3
3.375000E-3	-1.524174E-2
3.380000E-3	-8.066416E-3
3.385000E-3	4.363596E-3
3.390000E-3	2.824068E-4
3.395000E-3	4.229248E-3
3.400000E-3	5.543947E-3
3.405000E-3	-9.821177E-3
3.410000E-3	-1.655096E-2
3.415000E-3	-1.160198E-2
3.420000E-3	-8.252859E-3
3.425000E-3	3.316224E-3
3.430000E-3	1.453573E-2
3.435000E-3	6.897032E-3
3.440000E-3	-3.427267E-5
3.445000E-3	-4.016757E-4
3.450000E-3	-7.230163E-3
3.455000E-3	-3.302515E-3
3.460000E-3	9.581268E-3
3.465000E-3	1.411074E-2
3.470000E-3	1.990283E-2
3.475000E-3	2.718645E-2
3.480000E-3	1.501554E-2
3.485000E-3	3.630161E-3
3.490000E-3	7.061541E-3
3.495000E-3	-3.364205E-3
3.500000E-3	-1.646596E-2
3.505000E-3	-7.191777E-3
3.510000E-3	-6.703734E-3
3.515000E-3	-9.060323E-3
3.520000E-3	4.057884E-4
3.525000E-3	4.769385E-3
3.530000E-3	-1.727343E-4
3.535000E-3	-1.048058E-2
3.540000E-3	-1.347053E-2
3.545000E-3	-4.437625E-3
3.550000E-3	-3.619194E-3
3.555000E-3	-1.063001E-2
3.560000E-3	-1.210374E-2
3.565000E-3	-9.176850E-3
3.570000E-3	-1.014882E-2
3.575000E-3	-1.019955E-2
3.580000E-3	-1.064098E-2
3.585000E-3	-1.181448E-2
3.590000E-3	-8.055449E-3
3.595000E-3	-1.996040E-3
3.600000E-3	3.907084E-3
3.605000E-3	1.565576E-3
3.610000E-3	-5.262911E-3
3.615000E-3	-5.702972E-3
3.620000E-3	-2.974868E-4
3.625000E-3	7.382333E-3
3.630000E-3	8.868396E-3
3.635000E-3	5.158722E-3
3.640000E-3	1.010221E-2
3.645000E-3	1.024479E-2
3.650000E-3	3.314853E-3
3.655000E-3	1.967251E-3
3.660000E-3	-4.249811E-5
3.665000E-3	-3.653467E-3
3.670000E-3	-2.984464E-3
3.675000E-3	-4.865348E-3
3.680000E-3	-8.248746E-3
3.685000E-3	-5.364358E-3
3.690000E-3	-4.667938E-3
3.695000E-3	-5.127192E-3
3.700000E-3	-6.019652E-3
3.705000E-3	-1.216406E-2
3.710000E-3	-1.680869E-2
3.715000E-3	-1.035583E-2
3.720000E-3	-3.424525E-3
3.725000E-3	-2.695203E-3
3.730000E-3	-1.427114E-3
3.735000E-3	7.964969E-4
3.740000E-3	1.054227E-3
3.745000E-3	3.410816E-3
3.750000E-3	5.161464E-3
3.755000E-3	-1.242042E-3
3.760000E-3	-5.871594E-3
3.765000E-3	2.782941E-3
3.770000E-3	8.147299E-3
3.775000E-3	7.937551E-3
3.780000E-3	1.123595E-2
3.785000E-3	1.016390E-2
3.790000E-3	8.023918E-3
3.795000E-3	1.403397E-2
3.800000E-3	1.517868E-2
3.805000E-3	8.432448E-3
3.810000E-3	9.841740E-3
3.815000E-3	1.324707E-2
3.820000E-3	5.979896E-3
3.825000E-3	4.120946E-3
3.830000E-3	9.364665E-3
3.835000E-3	4.699469E-3
3.840000E-3	-3.978372E-3
3.845000E-3	-3.536940E-3
3.850000E-3	-3.527343E-3
3.855000E-3	-9.619653E-3
3.860000E-3	-1.169658E-2
3.865000E-3	-1.426291E-2
3.870000E-3	-2.002072E-2
3.875000E-3	-1.461798E-2
3.880000E-3	-6.946385E-3
3.885000E-3	-8.413255E-3
3.890000E-3	-4.780352E-3
3.895000E-3	-1.379132E-3
3.900000E-3	-9.586751E-3
3.905000E-3	-1.247114E-2
3.910000E-3	-6.299317E-3
3.915000E-3	-1.103854E-2
3.920000E-3	-1.510739E-2
3.925000E-3	-5.565882E-3
3.930000E-3	-3.841281E-3
3.935000E-3	-6.914854E-3
3.940000E-3	-6.744862E-4
3.945000E-3	2.647221E-3
3.950000E-3	3.617823E-3
3.955000E-3	1.105773E-2
3.960000E-3	1.314151E-2
3.965000E-3	7.907391E-3
3.970000E-3	1.082468E-2
3.975000E-3	1.461661E-2
3.980000E-3	6.362379E-3
3.985000E-3	2.113938E-3
3.990000E-3	1.451790E-3
3.995000E-3	-6.595433E-3
4.000000E-3	-1.009262E-2
4.005000E-3	-5.472660E-3
4.010000E-3	-8.359790E-3
4.015000E-3	-1.149368E-2
4.020000E-3	-3.279209E-3
4.025000E-3	-2.728105E-4
4.030000E-3	-5.457580E-3
4.035000E-3	-4.343033E-3
4.040000E-3	-2.789795E-3
4.045000E-3	-4.696727E-3
4.050000E-3	1.077533E-3
4.055000E-3	6.938159E-3
4.060000E-3	7.988274E-3
4.065000E-3	1.127160E-2
4.070000E-3	1.304692E-2
4.075000E-3	9.652555E-3
4.080000E-3	7.944405E-3
4.085000E-3	9.485304E-3
4.090000E-3	7.709980E-3
4.095000E-3	4.778981E-3
4.100000E-3	3.893375E-3
4.105000E-3	-2.926886E-3
4.110000E-3	-1.281935E-2
4.115000E-3	-1.524174E-2
4.120000E-3	-1.439726E-2
4.125000E-3	-1.253146E-2
4.130000E-3	-4.109979E-3
4.135000E-3	2.593756E-3
4.140000E-3	1.425743E-3
4.145000E-3	3.517747E-3
4.150000E-3	6.714702E-3
4.155000E-3	2.300382E-3
4.160000E-3	-1.876771E-3
4.165000E-3	-3.408074E-3
4.170000E-3	-3.345013E-3
4.175000E-3	3.043413E-3
4.180000E-3	9.285152E-3
4.185000E-3	5.243719E-3
4.190000E-3	-1.322925E-3
4.195000E-3	-2.891243E-3
4.200000E-3	-6.075859E-3
4.205000E-3	-1.090419E-2
4.210000E-3	-1.128805E-2
4.215000E-3	-1.326627E-2
4.220000E-3	-1.778615E-2
4.225000E-3	-1.702803E-2
4.230000E-3	-1.437944E-2
4.235000E-3	-1.354730E-2
4.240000E-3	-1.023108E-2
4.245000E-3	-4.924297E-3
4.250000E-3	-1.447678E-3
4.255000E-3	2.867937E-3
4.260000E-3	4.805028E-3
4.265000E-3	3.109217E-3
4.270000E-3	3.712416E-3
4.275000E-3	5.225897E-3
4.280000E-3	7.094443E-3
4.285000E-3	1.015157E-2
4.290000E-3	1.065332E-2
4.295000E-3	8.322775E-3
4.300000E-3	5.293071E-3
4.305000E-3	2.374411E-3
4.310000E-3	1.619041E-3
4.315000E-3	9.390712E-4
4.320000E-3	-1.800001E-3
4.325000E-3	-4.323840E-3
4.330000E-3	-4.284084E-3
4.335000E-3	-4.696727E-3
4.340000E-3	-7.264435E-3
4.345000E-3	-8.240521E-3
4.350000E-3	-6.821632E-3
4.355000E-3	-5.073726E-3
4.360000E-3	-4.120946E-3
4.365000E-3	-4.053771E-3
4.370000E-3	-3.063977E-3
4.375000E-3	-6.402135E-4
4.380000E-3	2.422392E-3
4.385000E-3	6.865501E-3
4.390000E-3	1.044220E-2
4.395000E-3	8.614779E-3
4.400000E-3	3.760397E-3
4.405000E-3	7.197261E-4
4.410000E-3	2.234578E-4
4.415000E-3	1.059711E-3
4.420000E-3	2.479970E-3
4.425000E-3	1.517594E-3
4.430000E-3	-1.121402E-3
4.435000E-3	-2.012491E-3
4.440000E-3	-3.369689E-3
4.445000E-3	-6.408989E-3
4.450000E-3	-7.332981E-3
4.455000E-3	-4.957199E-3
4.460000E-3	-1.971364E-3
4.465000E-3	2.340138E-3
4.470000E-3	3.804266E-3
4.475000E-3	1.041889E-4
4.480000E-3	-2.137244E-3
4.485000E-3	-9.253621E-4
4.490000E-3	-6.196499E-4
4.495000E-3	6.977916E-4
4.500000E-3	2.326429E-3
4.505000E-3	2.067327E-3
4.510000E-3	4.212797E-3
4.515000E-3	9.082258E-3
4.520000E-3	9.032905E-3
4.525000E-3	3.850877E-3
4.530000E-3	-1.917899E-3
4.535000E-3	-7.049203E-3
4.540000E-3	-1.072186E-2
4.545000E-3	-1.233131E-2
4.550000E-3	-1.386535E-2
4.555000E-3	-1.180077E-2
4.560000E-3	-4.352629E-3
4.565000E-3	3.181875E-3
4.570000E-3	7.539988E-3
4.575000E-3	8.605182E-3
4.580000E-3	7.338464E-3
4.585000E-3	5.456209E-3
4.590000E-3	5.755067E-3
4.595000E-3	4.958570E-3
4.600000E-3	1.192689E-3
4.605000E-3	-1.576543E-3
4.610000E-3	-1.261234E-3
4.615000E-3	3.632903E-4
4.620000E-3	1.575172E-3
4.625000E-3	8.636713E-4
4.630000E-3	-3.848135E-3
4.635000E-3	-1.042163E-2
4.640000E-3	-1.418066E-2
4.645000E-3	-1.537746E-2
4.650000E-3	-1.534730E-2
4.655000E-3	-1.229841E-2
4.660000E-3	-8.377612E-3
4.665000E-3	-5.602896E-3
4.670000E-3	-3.172278E-3
4.675000E-3	8.088350E-5
4.680000E-3	-1.510739E-3
4.685000E-3	-1.967251E-3
4.690000E-3	5.316377E-3
4.695000E-3	7.213712E-3
4.700000E-3	6.344557E-3
4.705000E-3	6.931305E-3
4.710000E-3	1.111805E-3
4.715000E-3	-1.802742E-3
4.720000E-3	-2.810359E-4
4.725000E-3	-2.644479E-3
4.730000E-3	-6.303430E-3
4.735000E-3	-4.635036E-3
4.740000E-3	-3.849506E-3
4.745000E-3	-1.968622E-3
4.750000E-3	1.119620E-2
4.755000E-3	1.463306E-2
4.760000E-3	8.287132E-3
4.765000E-3	1.264250E-2
4.770000E-3	9.504497E-3
4.775000E-3	5.456209E-4
4.780000E-3	7.416606E-4
4.785000E-3	-2.529323E-3
4.790000E-3	-6.214321E-3
4.795000E-3	-5.361617E-3
4.800000E-3	-6.702363E-3
4.805000E-3	-8.107543E-3
4.810000E-3	-4.843414E-3
4.815000E-3	-3.875554E-3
4.820000E-3	-6.673574E-3
4.825000E-3	-3.779590E-3
4.830000E-3	-5.635798E-3
4.835000E-3	-1.349795E-2
4.840000E-3	-1.009947E-2
4.845000E-3	-7.873118E-3
4.850000E-3	-9.807467E-3
4.855000E-3	-5.993605E-3
4.860000E-3	-5.086064E-4
4.865000E-3	-1.288652E-4
4.870000E-3	1.599848E-3
4.875000E-3	3.018737E-3
4.880000E-3	-2.227724E-3
4.885000E-3	-2.604723E-3
4.890000E-3	1.773953E-3
4.895000E-3	1.392841E-3
4.900000E-3	5.730391E-3
4.905000E-3	1.309764E-2
4.910000E-3	1.085758E-2
4.915000E-3	7.368624E-3
4.920000E-3	6.262302E-3
4.925000E-3	-1.165271E-3
4.930000E-3	-6.683171E-3
4.935000E-3	-3.301144E-3
4.940000E-3	-1.555979E-3
4.945000E-3	-2.628028E-3
4.950000E-3	4.482865E-4
4.955000E-3	-2.152324E-4
4.960000E-3	-5.012035E-3
4.965000E-3	-4.550040E-3
4.970000E-3	-3.324449E-3
4.975000E-3	-5.368471E-3
4.980000E-3	-3.615081E-3
4.985000E-3	-5.757809E-4
4.990000E-3	-2.115309E-3
4.995000E-3	-2.377152E-3
5.000000E-3	-3.752172E-3
5.005000E-3	-8.718967E-3
5.010000E-3	-7.729173E-3
5.015000E-3	-1.307845E-3
5.020000E-3	2.700686E-4
5.025000E-3	1.081645E-3
5.030000E-3	3.166795E-3
5.035000E-3	-3.783703E-4
5.040000E-3	-3.771365E-3
5.045000E-3	-1.813710E-3
5.050000E-3	-1.365423E-3
5.055000E-3	-9.143949E-4
5.060000E-3	4.247069E-3
5.065000E-3	6.795585E-3
5.070000E-3	8.196652E-3
5.075000E-3	9.186447E-3
5.080000E-3	5.391777E-3
5.085000E-3	-4.194975E-4
5.090000E-3	-2.334654E-3
5.095000E-3	-3.907084E-3
5.100000E-3	-7.035494E-3
5.105000E-3	-7.169843E-3
5.110000E-3	-6.289721E-3
5.115000E-3	-8.735418E-3
5.120000E-3	-7.471442E-3
5.125000E-3	-4.197717E-3
5.130000E-3	-3.768623E-3
5.135000E-3	-1.514852E-3
5.140000E-3	1.124144E-3
5.145000E-3	1.686215E-4
5.150000E-3	9.939075E-4
5.155000E-3	4.589796E-3
5.160000E-3	4.748821E-3
5.165000E-3	3.376544E-3
5.170000E-3	4.174411E-3
5.175000E-3	2.906322E-3
5.180000E-3	2.193451E-3
5.185000E-3	5.341053E-3
5.190000E-3	5.541205E-3
5.195000E-3	2.164662E-3
5.200000E-3	1.211882E-3
5.205000E-3	-3.523231E-4
5.210000E-3	-3.153086E-3
5.215000E-3	-3.249049E-3
5.220000E-3	-1.980960E-3
5.225000E-3	-2.778828E-3
5.230000E-3	-1.202285E-3
5.235000E-3	1.780808E-3
5.240000E-3	1.911044E-3
5.245000E-3	1.987815E-4
5.250000E-3	-1.148820E-3
5.255000E-3	-3.365576E-3
5.260000E-3	-4.334807E-3
5.265000E-3	-2.911806E-3
5.270000E-3	-2.655447E-3
5.275000E-3	-2.545774E-3
5.280000E-3	-8.746386E-4
5.285000E-3	-1.141965E-3
5.290000E-3	-3.568470E-3
5.295000E-3	-5.952477E-3
5.300000E-3	-6.605029E-3
5.305000E-3	-7.885456E-3
5.310000E-3	-8.252859E-3
5.315000E-3	-6.714702E-3
5.320000E-3	-5.427420E-3
5.325000E-3	-3.824830E-3
5.330000E-3	-1.739681E-3
5.335000E-3	-1.605332E-3
5.340000E-3	-6.731153E-4
5.345000E-3	1.091242E-3
5.350000E-3	1.902819E-3
5.355000E-3	4.004419E-3
5.360000E-3	7.859409E-3
5.365000E-3	9.067178E-3
5.370000E-3	7.301450E-3
5.375000E-3	3.632903E-3
5.380000E-3	-1.410663E-3
5.385000E-3	-5.058646E-3
5.390000E-3	-6.267786E-3
5.395000E-3	-7.335722E-3
5.400000E-3	-6.156743E-3
5.405000E-3	-2.697945E-3
5.410000E-3	-1.484692E-3
5.415000E-3	-1.845241E-3
5.420000E-3	-2.728105E-3
5.425000E-3	-4.019499E-3
5.430000E-3	-5.554914E-3
5.435000E-3	-5.146384E-3
5.440000E-3	-2.748668E-3
5.445000E-3	-1.373649E-3
5.450000E-3	5.031228E-4
5.455000E-3	1.967251E-3
5.460000E-3	8.019805E-4
5.465000E-3	-1.000762E-4
5.470000E-3	-5.319118E-4
5.475000E-3	-1.853466E-3
5.480000E-3	-2.070069E-3
5.485000E-3	2.824068E-4
5.490000E-3	1.938462E-3
5.495000E-3	2.936482E-3
5.500000E-3	5.345166E-3
5.505000E-3	5.410969E-3
5.510000E-3	4.125059E-3
5.515000E-3	4.729629E-3
5.520000E-3	4.092157E-3
5.525000E-3	2.582788E-3
5.530000E-3	3.042042E-3
5.535000E-3	2.813101E-3
5.540000E-3	1.834273E-3
5.545000E-3	2.289414E-3
5.550000E-3	2.233207E-3
5.555000E-3	1.905560E-4
5.560000E-3	-1.008987E-3
5.565000E-3	-3.310740E-3
5.570000E-3	-7.267177E-3
5.575000E-3	-8.842349E-3
5.580000E-3	-8.336484E-3
5.585000E-3	-8.801222E-3
5.590000E-3	-7.454991E-3
5.595000E-3	-4.955828E-3
5.600000E-3	-4.282713E-3
5.605000E-3	-3.882408E-3
5.610000E-3	-3.053010E-3
5.615000E-3	-3.476620E-3
5.620000E-3	-3.120184E-3
5.625000E-3	-1.444936E-3
5.630000E-3	-1.538157E-3
5.635000E-3	-1.477838E-3
5.640000E-3	2.028942E-4
5.645000E-3	9.034276E-4
5.650000E-3	9.774566E-4
5.655000E-3	1.043260E-3
5.660000E-3	-5.291700E-4
5.665000E-3	-2.408683E-3
5.670000E-3	-2.506018E-3
5.675000E-3	-1.660168E-3
5.680000E-3	-4.743338E-4
5.685000E-3	2.215385E-3
5.690000E-3	4.004419E-3
5.695000E-3	3.790557E-3
5.700000E-3	3.748059E-3
5.705000E-3	3.684998E-3
5.710000E-3	2.832294E-3
5.715000E-3	2.279818E-3
5.720000E-3	1.820564E-3
5.725000E-3	6.456971E-4
5.730000E-3	-5.990863E-4
5.735000E-3	-1.104951E-3
5.740000E-3	-2.581418E-3
5.745000E-3	-4.104495E-3
5.750000E-3	-4.951715E-3
5.755000E-3	-6.169081E-3
5.760000E-3	-6.676316E-3
5.765000E-3	-5.602896E-3
5.770000E-3	-4.020870E-3
5.775000E-3	-2.659559E-3
5.780000E-3	-1.209140E-3
5.785000E-3	-3.838539E-4
5.790000E-3	-1.658797E-4
5.795000E-3	1.974106E-4
5.800000E-3	7.430315E-4
5.805000E-3	1.656055E-3
5.810000E-3	2.785683E-3
5.815000E-3	3.480732E-3
5.820000E-3	4.340291E-3
5.825000E-3	4.759789E-3
5.830000E-3	4.023612E-3
5.835000E-3	2.477229E-3
5.840000E-3	1.342118E-3
5.845000E-3	2.453923E-4
5.850000E-3	-5.689263E-4
5.855000E-3	-1.658797E-3
5.860000E-3	-2.922773E-3
5.865000E-3	-4.469156E-3
5.870000E-3	-6.108761E-3
5.875000E-3	-7.224679E-3
5.880000E-3	-7.626355E-3
5.885000E-3	-7.231534E-3
5.890000E-3	-6.921709E-3
5.895000E-3	-6.233513E-3
5.900000E-3	-4.781723E-3
5.905000E-3	-3.146231E-3
5.910000E-3	-1.723230E-3
5.915000E-3	-1.125515E-3
5.920000E-3	-1.619041E-3
5.925000E-3	-2.159178E-3
5.930000E-3	-2.437472E-3
5.935000E-3	-2.570450E-3
5.940000E-3	-2.696574E-3
5.945000E-3	-2.362072E-3
5.950000E-3	-1.809597E-3
5.955000E-3	-8.225441E-4
5.960000E-3	2.399087E-4
5.965000E-3	1.168013E-3
5.970000E-3	1.974106E-3
5.975000E-3	1.895964E-3
5.980000E-3	1.805484E-3
5.985000E-3	2.279818E-3
5.990000E-3	2.781570E-3
5.995000E-3	2.807617E-3
6.000000E-3	2.163291E-3
6.005000E-3	1.169384E-3
6.010000E-3	3.701448E-4
6.015000E-3	3.235340E-4
6.020000E-3	1.514852E-3
6.025000E-3	3.424525E-3
6.030000E-3	4.778981E-3
6.035000E-3	3.933132E-3
6.040000E-3	1.424372E-3
6.045000E-3	-1.433969E-3
6.050000E-3	-3.848135E-3
6.055000E-3	-4.386902E-3
6.060000E-3	-3.324449E-3
6.065000E-3	-2.370298E-3
6.070000E-3	-2.126276E-3
6.075000E-3	-1.989186E-3
6.080000E-3	-2.092004E-3
6.085000E-3	-3.079057E-3
6.090000E-3	-4.369080E-3
6.095000E-3	-4.554152E-3
6.100000E-3	-3.860474E-3
6.105000E-3	-3.040671E-3
6.110000E-3	-1.654685E-3
6.115000E-3	-1.370907E-6
6.120000E-3	1.502514E-3
6.125000E-3	2.320945E-3
6.130000E-3	2.342880E-3
6.135000E-3	1.608074E-3
6.140000E-3	3.550649E-4
6.145000E-3	-7.663369E-4
6.150000E-3	-1.594365E-3
6.155000E-3	-2.123535E-3
6.160000E-3	-2.981722E-3
6.165000E-3	-4.112720E-3
6.170000E-3	-4.698098E-3
6.175000E-3	-4.837930E-3
6.180000E-3	-4.685760E-3
6.185000E-3	-4.134655E-3
6.190000E-3	-3.590405E-3
6.195000E-3	-3.440976E-3
6.200000E-3	-3.512263E-3
6.205000E-3	-2.958417E-3
6.210000E-3	-2.645850E-3
6.215000E-3	-2.071440E-3
6.220000E-3	-1.376390E-3
6.225000E-3	-8.047223E-4
6.230000E-3	-3.098249E-4
6.235000E-3	6.306171E-4
6.240000E-3	1.157045E-3
6.245000E-3	1.054227E-3
6.250000E-3	7.855296E-4
6.255000E-3	4.057884E-4
6.260000E-3	3.386140E-4
6.265000E-3	8.472204E-4
6.270000E-3	1.906931E-3
6.275000E-3	2.885759E-3
6.280000E-3	3.290176E-3
6.285000E-3	3.462911E-3
6.290000E-3	2.807617E-3
6.295000E-3	2.508759E-3
6.300000E-3	2.100229E-3
6.305000E-3	1.721859E-3
6.310000E-3	1.357198E-3
6.315000E-3	2.289414E-4
6.320000E-3	-1.172125E-3
6.325000E-3	-2.379894E-3
6.330000E-3	-3.148973E-3
6.335000E-3	-3.797412E-3
6.340000E-3	-3.380656E-3
6.345000E-3	-1.949430E-3
6.350000E-3	-4.798174E-5
6.355000E-3	1.200914E-3
6.360000E-3	1.790404E-3
6.365000E-3	1.247525E-3
6.370000E-3	1.453161E-4
6.375000E-3	-9.185076E-4
6.380000E-3	-1.181722E-3
6.385000E-3	-1.546383E-3
6.390000E-3	-1.402438E-3
6.395000E-3	-1.122773E-3
6.400000E-3	-8.691549E-4
6.405000E-3	-3.262758E-4
6.410000E-3	-3.701448E-5
6.415000E-3	1.302361E-4
6.420000E-3	8.444786E-4
6.425000E-3	1.246154E-3
6.430000E-3	8.609295E-4
6.435000E-3	1.521707E-4
6.440000E-3	-3.619194E-4
6.445000E-3	-7.306933E-4
6.450000E-3	-1.103580E-3
6.455000E-3	-9.404421E-4
6.460000E-3	-1.361310E-3
6.465000E-3	-1.985073E-3
6.470000E-3	-2.421021E-3
6.475000E-3	-2.691090E-3
6.480000E-3	-2.352476E-3
6.485000E-3	-1.856208E-3
6.490000E-3	-1.599848E-3
6.495000E-3	-1.545012E-3
6.500000E-3	-2.260625E-3
6.505000E-3	-3.128409E-3
6.510000E-3	-3.783703E-3
6.515000E-3	-4.092157E-3
6.520000E-3	-4.593909E-3
6.525000E-3	-4.632294E-3
6.530000E-3	-4.060626E-3
6.535000E-3	-3.416300E-3
6.540000E-3	-2.744555E-3
6.545000E-3	-1.920640E-3
6.550000E-3	-1.300991E-3
6.555000E-3	-8.156896E-4
6.560000E-3	3.838539E-5
6.565000E-3	1.222849E-3
6.570000E-3	2.248287E-3
6.575000E-3	2.996802E-3
6.580000E-3	2.858341E-3
6.585000E-3	1.976848E-3
6.590000E-3	5.373955E-4
6.595000E-3	-9.431839E-4
6.600000E-3	-2.666414E-3
6.605000E-3	-3.612339E-3
6.610000E-3	-3.709674E-3
6.615000E-3	-3.188729E-3
6.620000E-3	-2.229095E-3
6.625000E-3	-1.056969E-3
6.630000E-3	-5.634427E-4
6.635000E-3	-5.401373E-4
6.640000E-3	-4.757047E-4
6.645000E-3	-5.127192E-4
6.650000E-3	-4.565120E-4
6.655000E-3	-1.069307E-4
6.660000E-3	4.112720E-4
6.665000E-3	4.661083E-4
6.670000E-3	4.277229E-4
6.675000E-3	6.443262E-5
6.680000E-3	-1.085758E-3
6.685000E-3	-2.510130E-3
6.690000E-3	-3.580809E-3
6.695000E-3	-4.482865E-3
6.700000E-3	-4.953086E-3
6.705000E-3	-4.874945E-3
6.710000E-3	-4.445851E-3
6.715000E-3	-3.624678E-3
6.720000E-3	-2.708912E-3
6.725000E-3	-2.008379E-3
6.730000E-3	-7.896423E-4
6.735000E-3	6.223917E-4
6.740000E-3	2.078295E-3
6.745000E-3	3.150344E-3
6.750000E-3	3.613710E-3
6.755000E-3	3.103733E-3
6.760000E-3	1.702666E-3
6.765000E-3	1.905560E-4
6.770000E-3	-1.052856E-3
6.775000E-3	-1.440823E-3
6.780000E-3	-1.712263E-3
6.785000E-3	-1.915157E-3
6.790000E-3	-2.336025E-3
6.795000E-3	-2.907693E-3
6.800000E-3	-3.760397E-3
6.805000E-3	-4.279971E-3
6.810000E-3	-4.022241E-3
6.815000E-3	-3.173649E-3
6.820000E-3	-2.218127E-3
6.825000E-3	-1.612186E-3
6.830000E-3	-1.558721E-3
6.835000E-3	-1.322925E-3
6.840000E-3	-1.250267E-3
6.845000E-3	-9.061694E-4
6.850000E-3	-5.524755E-4
6.855000E-3	-3.386140E-4
6.860000E-3	-1.494288E-4
6.865000E-3	-1.603961E-4
6.870000E-3	-3.290176E-5
6.875000E-3	-2.865195E-4
6.880000E-3	-6.539226E-4
6.885000E-3	-1.248896E-3
6.890000E-3	-1.603961E-3
6.895000E-3	-1.272202E-3
6.900000E-3	-3.660321E-4
6.905000E-3	7.279515E-4
6.910000E-3	1.591623E-3
6.915000E-3	1.765728E-3
6.920000E-3	1.455903E-3
6.925000E-3	6.265044E-4
6.930000E-3	-5.236864E-4
6.935000E-3	-1.420259E-3
6.940000E-3	-1.464128E-3
6.945000E-3	-1.128256E-3
6.950000E-3	-3.811121E-4
6.955000E-3	-1.439452E-4
6.960000E-3	2.659559E-4
6.965000E-3	6.498098E-4
6.970000E-3	8.938313E-4
6.975000E-3	1.135111E-3
6.980000E-3	7.896423E-4
6.985000E-3	2.536178E-4
6.990000E-3	-1.562834E-4
6.995000E-3	-5.634427E-4
7.000000E-3	-1.270831E-3
7.005000E-3	-1.838386E-3
7.010000E-3	-2.711654E-3
7.015000E-3	-3.262758E-3
7.020000E-3	-3.739834E-3
7.025000E-3	-3.787816E-3
7.030000E-3	-3.796041E-3
7.035000E-3	-3.068089E-3
7.040000E-3	-2.364814E-3
7.045000E-3	-1.710892E-3
7.050000E-3	-9.390712E-4
7.055000E-3	-4.003048E-4
7.060000E-3	-1.782179E-5
7.065000E-3	4.208684E-4
7.070000E-3	3.783703E-4
7.075000E-3	-2.878904E-4
7.080000E-3	-1.250267E-3
7.085000E-3	-1.798630E-3
7.090000E-3	-1.904190E-3
7.095000E-3	-1.805484E-3
7.100000E-3	-1.536787E-3
7.105000E-3	-1.521707E-3
7.110000E-3	-1.827419E-3
7.115000E-3	-2.434731E-3
7.120000E-3	-3.575325E-3
7.125000E-3	-4.795432E-3
7.130000E-3	-5.476773E-3
7.135000E-3	-5.410969E-3
7.140000E-3	-4.396498E-3
7.145000E-3	-2.680123E-3
7.150000E-3	-1.150191E-3
7.155000E-3	3.139377E-4
7.160000E-3	1.248896E-3
7.165000E-3	2.016604E-3
7.170000E-3	3.028333E-3
7.175000E-3	3.270984E-3
7.180000E-3	3.292918E-3
7.185000E-3	2.363443E-3
7.190000E-3	9.651184E-4
7.195000E-3	-4.976392E-4
7.200000E-3	-1.135111E-3
7.205000E-3	-1.831532E-3
7.210000E-3	-2.112567E-3
7.215000E-3	-1.757503E-3
7.220000E-3	-1.384616E-3
7.225000E-3	-1.180351E-3
7.230000E-3	-1.109064E-3
7.235000E-3	-1.132369E-3
7.240000E-3	-1.233816E-3
7.245000E-3	-1.120031E-3
7.250000E-3	-9.143949E-4
7.255000E-3	-5.415082E-4
7.260000E-3	-3.495812E-4
7.265000E-3	-4.290938E-4
7.270000E-3	-1.376390E-3
7.275000E-3	-2.135873E-3
7.280000E-3	-2.541661E-3
7.285000E-3	-2.522469E-3
7.290000E-3	-2.511501E-3
7.295000E-3	-2.079666E-3
7.300000E-3	-1.894593E-3
7.305000E-3	-1.717746E-3
7.310000E-3	-1.381874E-3
7.315000E-3	-1.502514E-3
7.320000E-3	-1.884997E-3
7.325000E-3	-2.130389E-3
7.330000E-3	-2.241433E-3
7.335000E-3	-2.101600E-3
7.340000E-3	-1.768470E-3
7.345000E-3	-1.033664E-3
7.350000E-3	-6.758571E-4
7.355000E-3	-5.936027E-4
7.360000E-3	-1.092613E-3
7.365000E-3	-1.769841E-3
7.370000E-3	-2.157807E-3
7.375000E-3	-2.390862E-3
7.380000E-3	-1.959026E-3
7.385000E-3	-9.801984E-4
7.390000E-3	2.508759E-4
7.395000E-3	1.274943E-3
7.400000E-3	2.316833E-3
7.405000E-3	3.136635E-3
7.410000E-3	3.063977E-3
7.415000E-3	2.452552E-3
7.420000E-3	1.143336E-3
7.425000E-3	-6.868243E-4
7.430000E-3	-2.405941E-3
7.435000E-3	-3.631532E-3
7.440000E-3	-4.044175E-3
7.445000E-3	-3.875554E-3
7.450000E-3	-3.048897E-3
7.455000E-3	-2.222240E-3
7.460000E-3	-1.560092E-3
7.465000E-3	-1.266718E-3
7.470000E-3	-6.676316E-4
7.475000E-3	-4.277229E-4
7.480000E-3	1.165271E-4
7.485000E-3	1.078904E-3
7.490000E-3	2.109826E-3
7.495000E-3	2.692461E-3
7.500000E-3	2.771974E-3
7.505000E-3	2.000153E-3
7.510000E-3	8.115768E-4
7.515000E-3	-5.456209E-4
7.520000E-3	-1.486063E-3
7.525000E-3	-2.473116E-3
7.530000E-3	-2.829552E-3
7.535000E-3	-2.578676E-3
7.540000E-3	-2.666414E-3
7.545000E-3	-2.822697E-3
7.550000E-3	-3.362834E-3
7.555000E-3	-3.590405E-3
7.560000E-3	-3.830314E-3
7.565000E-3	-3.294289E-3
7.570000E-3	-2.294898E-3
7.575000E-3	-7.964969E-4
7.580000E-3	6.854534E-4
7.585000E-3	1.693070E-3
7.590000E-3	1.850724E-3
7.595000E-3	1.377761E-3
7.600000E-3	4.839301E-4
7.605000E-3	-3.098249E-4
7.610000E-3	-7.389188E-4
7.615000E-3	-7.320642E-4
7.620000E-3	-1.084387E-3
7.625000E-3	-1.181722E-3
7.630000E-3	-1.428485E-3
7.635000E-3	-1.621783E-3
7.640000E-3	-1.917899E-3
7.645000E-3	-2.183855E-3
7.650000E-3	-2.411425E-3
7.655000E-3	-2.138615E-3
7.660000E-3	-1.710892E-3
7.665000E-3	-1.942575E-3
7.670000E-3	-2.237320E-3
7.675000E-3	-2.545774E-3
7.680000E-3	-2.249658E-3
7.685000E-3	-1.795888E-3
7.690000E-3	-1.362681E-3
7.695000E-3	-5.853772E-4
7.700000E-3	7.539988E-5
7.705000E-3	3.002286E-4
7.710000E-3	2.974868E-4
7.715000E-3	-3.235340E-4
7.720000E-3	-8.773804E-4
7.725000E-3	-1.372278E-3
7.730000E-3	-1.565576E-3
7.735000E-3	-1.344860E-3
7.740000E-3	-1.087129E-3
7.745000E-3	-1.129627E-3
7.750000E-3	-1.553237E-3
7.755000E-3	-1.931608E-3
7.760000E-3	-2.193451E-3
7.765000E-3	-2.580047E-3
7.770000E-3	-2.660930E-3
7.775000E-3	-2.431989E-3
7.780000E-3	-2.102971E-3
7.785000E-3	-1.505256E-3
7.790000E-3	-6.415844E-4
7.795000E-3	5.058646E-4
7.800000E-3	1.623154E-3
7.805000E-3	2.750039E-3
7.810000E-3	2.948821E-3
7.815000E-3	2.670527E-3
7.820000E-3	1.994669E-3
7.825000E-3	8.513331E-4
7.830000E-3	-4.112720E-6
7.835000E-3	-6.635189E-4
7.840000E-3	-1.036406E-3
7.845000E-3	-1.161158E-3
7.850000E-3	-1.331151E-3
7.855000E-3	-1.333892E-3
7.860000E-3	-1.543641E-3
7.865000E-3	-2.105713E-3
7.870000E-3	-2.892613E-3
7.875000E-3	-3.686368E-3
7.880000E-3	-4.574716E-3
7.885000E-3	-5.231380E-3
7.890000E-3	-5.417824E-3
7.895000E-3	-5.217671E-3
7.900000E-3	-4.485607E-3
7.905000E-3	-3.427267E-3
7.910000E-3	-2.086520E-3
7.915000E-3	-4.976392E-4
7.920000E-3	8.677840E-4
7.925000E-3	2.001524E-3
7.930000E-3	2.808988E-3
7.935000E-3	3.336787E-3
7.940000E-3	3.196955E-3
7.945000E-3	2.591014E-3
7.950000E-3	1.911044E-3
7.955000E-3	1.111805E-3
7.960000E-3	3.989339E-4
7.965000E-3	-3.070831E-4
7.970000E-3	-6.059408E-4
7.975000E-3	-1.214623E-3
7.980000E-3	-1.791775E-3
7.985000E-3	-2.282560E-3
7.990000E-3	-2.281189E-3
7.995000E-3	-1.901448E-3
8.000000E-3	-1.284540E-3
8.005000E-3	-7.210970E-4
8.010000E-3	-6.169081E-4
8.015000E-3	-7.032752E-4
8.020000E-3	-8.485913E-4
8.025000E-3	-1.146078E-3
8.030000E-3	-9.678602E-4
8.035000E-3	-6.100535E-4
8.040000E-3	-3.166795E-4
8.045000E-3	-1.480579E-4
8.050000E-3	9.322166E-5
8.055000E-3	-1.507998E-4
8.060000E-3	-7.512569E-4
8.065000E-3	-1.628637E-3
8.070000E-3	-2.283931E-3
8.075000E-3	-2.562225E-3
8.080000E-3	-2.652705E-3
8.085000E-3	-2.255142E-3
8.090000E-3	-1.761615E-3
8.095000E-3	-1.350343E-3
8.100000E-3	-1.295507E-3
8.105000E-3	-1.338005E-3
8.110000E-3	-1.253009E-3
8.115000E-3	-9.678602E-4
8.120000E-3	-7.759333E-4
8.125000E-3	-1.466870E-4
8.130000E-3	4.140139E-4
8.135000E-3	7.279515E-4
8.140000E-3	6.086826E-4
8.145000E-3	2.522469E-4
8.150000E-3	-4.153848E-4
8.155000E-3	-1.192689E-3
8.160000E-3	-2.207160E-3
8.165000E-3	-3.020108E-3
8.170000E-3	-3.521860E-3
8.175000E-3	-3.930390E-3
8.180000E-3	-4.275858E-3
8.185000E-3	-4.385531E-3
8.190000E-3	-4.237473E-3
8.195000E-3	-4.038692E-3
8.200000E-3	-3.610969E-3
8.205000E-3	-3.063977E-3
8.210000E-3	-2.577305E-3
8.215000E-3	-2.418280E-3
8.220000E-3	-1.912415E-3
8.225000E-3	-1.350343E-3
8.230000E-3	-7.430315E-4
8.235000E-3	-7.128716E-5
8.240000E-3	1.782179E-4
8.245000E-3	5.415082E-4
8.250000E-3	9.568930E-4
8.255000E-3	1.313329E-3
8.260000E-3	1.450419E-3
8.265000E-3	1.442194E-3
8.270000E-3	1.524448E-3
8.275000E-3	1.255751E-3
8.280000E-3	1.113176E-3
8.285000E-3	7.704496E-4
8.290000E-3	6.306171E-5
8.295000E-3	-6.415844E-4
8.300000E-3	-1.148820E-3
8.305000E-3	-2.100229E-3
8.310000E-3	-3.057122E-3
8.315000E-3	-3.420413E-3
8.320000E-3	-3.922164E-3
8.325000E-3	-3.949583E-3
8.330000E-3	-3.227115E-3
8.335000E-3	-2.344251E-3
8.340000E-3	-1.244783E-3
8.345000E-3	-7.402897E-5
8.350000E-3	1.203656E-3
8.355000E-3	1.911044E-3
8.360000E-3	2.126276E-3
8.365000E-3	1.702666E-3
8.370000E-3	9.377003E-4
8.375000E-3	5.977154E-4
8.380000E-3	-3.427267E-5
8.385000E-3	-6.580353E-4
8.390000E-3	-1.372278E-3
8.395000E-3	-2.134502E-3
8.400000E-3	-3.162682E-3
8.405000E-3	-4.012644E-3
8.410000E-3	-4.388273E-3
8.415000E-3	-4.159331E-3
8.420000E-3	-3.646612E-3
8.425000E-3	-2.925515E-3
8.430000E-3	-2.012491E-3
8.435000E-3	-1.056969E-3
8.440000E-3	-5.236864E-4
8.445000E-3	-5.182028E-4
8.450000E-3	-2.947450E-4
8.455000E-3	-2.261996E-4
8.460000E-3	-2.097487E-4
8.465000E-3	-3.468394E-4
8.470000E-3	-6.361008E-4
8.475000E-3	-1.109064E-3
8.480000E-3	-1.861691E-3
8.485000E-3	-2.570450E-3
8.490000E-3	-3.062606E-3
8.495000E-3	-3.281951E-3
8.500000E-3	-3.397107E-3
8.505000E-3	-3.564358E-3
8.510000E-3	-3.723383E-3
8.515000E-3	-3.726125E-3
8.520000E-3	-3.528714E-3
8.525000E-3	-3.254533E-3
8.530000E-3	-2.800763E-3
8.535000E-3	-2.370298E-3
8.540000E-3	-1.772583E-3
8.545000E-3	-1.050115E-3
8.550000E-3	-2.577305E-4
8.555000E-3	3.345013E-4
8.560000E-3	8.924603E-4
8.565000E-3	1.274943E-3
8.570000E-3	1.211882E-3
8.575000E-3	1.517594E-3
8.580000E-3	1.756132E-3
8.585000E-3	1.634121E-3
8.590000E-3	1.686215E-3
8.595000E-3	1.418889E-3
8.600000E-3	9.514093E-4
8.605000E-3	7.485151E-4
8.610000E-3	5.140901E-4
8.615000E-3	2.166033E-4
8.620000E-3	-1.741052E-4
8.625000E-3	-3.715158E-4
8.630000E-3	-5.949736E-4
8.635000E-3	-5.689263E-4
8.640000E-3	-5.579591E-4
8.645000E-3	-5.017519E-4
8.650000E-3	-5.346537E-4
8.655000E-3	-4.414320E-4
8.660000E-3	-4.222393E-4
8.665000E-3	-6.031990E-5
8.670000E-3	1.425743E-4
8.675000E-3	2.892613E-4
8.680000E-3	3.166795E-4
8.685000E-3	1.055598E-4
8.690000E-3	-2.741814E-6
8.695000E-3	-4.825592E-4
8.700000E-3	-9.281039E-4
8.705000E-3	-1.353085E-3
8.710000E-3	-2.045393E-3
8.715000E-3	-2.290785E-3
8.720000E-3	-2.388120E-3
8.725000E-3	-2.163291E-3
8.730000E-3	-1.982331E-3
8.735000E-3	-1.631379E-3
8.740000E-3	-1.517594E-3
8.745000E-3	-1.211882E-3
8.750000E-3	-6.196499E-4
8.755000E-3	-2.604723E-4
8.760000E-3	-8.088350E-5
8.765000E-3	-2.920032E-4
8.770000E-3	-2.344251E-4
8.775000E-3	-5.730391E-4
8.780000E-3	-1.085758E-3
8.785000E-3	-1.484692E-3
8.790000E-3	-1.801372E-3
8.795000E-3	-2.187967E-3
8.800000E-3	-2.574563E-3
8.805000E-3	-2.994061E-3
8.810000E-3	-3.763139E-3
8.815000E-3	-4.585683E-3
8.820000E-3	-5.083323E-3
8.825000E-3	-5.310893E-3
8.830000E-3	-4.865348E-3
8.835000E-3	-4.014015E-3
8.840000E-3	-2.836406E-3
8.845000E-3	-1.465499E-3
8.850000E-3	-4.633665E-4
8.855000E-3	4.071593E-4
8.860000E-3	1.096725E-3
8.865000E-3	1.608074E-3
8.870000E-3	1.645088E-3
8.875000E-3	1.569688E-3
8.880000E-3	1.588881E-3
8.885000E-3	1.636863E-3
8.890000E-3	1.798630E-3
8.895000E-3	1.675248E-3
8.900000E-3	1.348972E-3
8.905000E-3	1.093984E-3
8.910000E-3	8.376241E-4
8.915000E-3	5.127192E-4
8.920000E-3	5.620718E-5
8.925000E-3	-3.098249E-4
8.930000E-3	-8.595586E-4
8.935000E-3	-1.300991E-3
8.940000E-3	-1.863062E-3
8.945000E-3	-2.164662E-3
8.950000E-3	-2.671897E-3
8.955000E-3	-2.856970E-3
8.960000E-3	-3.159940E-3
8.965000E-3	-3.406703E-3
8.970000E-3	-3.196955E-3
8.975000E-3	-3.011882E-3
8.980000E-3	-2.796650E-3
8.985000E-3	-2.693832E-3
8.990000E-3	-2.501905E-3
8.995000E-3	-2.167404E-3
9.000000E-3	-1.758873E-3
9.005000E-3	-1.401067E-3
9.010000E-3	-9.390712E-4
9.015000E-3	-5.511045E-4
9.020000E-3	6.580353E-5
9.025000E-3	2.961159E-4
9.030000E-3	4.003048E-4
9.035000E-3	3.509521E-4
9.040000E-3	3.084540E-4
9.045000E-3	2.440214E-4
9.050000E-3	-1.370907E-5
9.055000E-3	-5.648136E-4
9.060000E-3	-1.181722E-3
9.065000E-3	-2.001524E-3
9.070000E-3	-2.840519E-3
9.075000E-3	-3.476620E-3
9.080000E-3	-3.945470E-3
9.085000E-3	-4.081190E-3
9.090000E-3	-4.151106E-3
9.095000E-3	-3.882408E-3
9.100000E-3	-3.558874E-3
9.105000E-3	-3.173649E-3
9.110000E-3	-2.806246E-3
9.115000E-3	-2.197564E-3
9.120000E-3	-1.895964E-3
9.125000E-3	-1.658797E-3
9.130000E-3	-1.288652E-3
9.135000E-3	-7.224679E-4
9.140000E-3	-4.551411E-4
9.145000E-3	-1.741052E-4
9.150000E-3	6.854534E-5
9.155000E-3	1.919270E-4
9.160000E-3	1.466870E-4
9.165000E-3	4.386902E-5
9.170000E-3	4.523993E-5
9.175000E-3	2.426505E-4
9.180000E-3	5.867481E-4
9.185000E-3	1.173496E-3
9.190000E-3	1.839757E-3
9.195000E-3	2.433360E-3
9.200000E-3	2.995431E-3
9.205000E-3	3.265500E-3
9.210000E-3	3.542423E-3
9.215000E-3	3.569841E-3
9.220000E-3	3.338158E-3
9.225000E-3	3.196955E-3
9.230000E-3	2.911806E-3
9.235000E-3	2.104342E-3
9.240000E-3	1.381874E-3
9.245000E-3	3.235340E-4
9.250000E-3	-7.032752E-4
9.255000E-3	-1.794517E-3
9.260000E-3	-2.748668E-3
9.265000E-3	-3.246307E-3
9.270000E-3	-3.499925E-3
9.275000E-3	-3.472507E-3
9.280000E-3	-3.057122E-3
9.285000E-3	-2.985835E-3
9.290000E-3	-2.804875E-3
9.295000E-3	-2.817214E-3
9.300000E-3	-2.697945E-3
9.305000E-3	-2.394974E-3
9.310000E-3	-1.990557E-3
9.315000E-3	-1.665652E-3
9.320000E-3	-1.266718E-3
9.325000E-3	-9.514093E-4
9.330000E-3	-7.115006E-4
9.335000E-3	-6.498098E-4
9.340000E-3	-6.635189E-4
9.345000E-3	-7.320642E-4
9.350000E-3	-9.651184E-4
9.355000E-3	-1.259863E-3
9.360000E-3	-1.414776E-3
9.365000E-3	-1.555979E-3
9.370000E-3	-1.488805E-3
9.375000E-3	-1.712263E-3
9.380000E-3	-1.941204E-3
9.385000E-3	-2.011120E-3
9.390000E-3	-1.980960E-3
9.395000E-3	-1.831532E-3
9.400000E-3	-1.780808E-3
9.405000E-3	-1.948059E-3
9.410000E-3	-2.108455E-3
9.415000E-3	-2.242804E-3
9.420000E-3	-2.721250E-3
9.425000E-3	-3.224373E-3
9.430000E-3	-3.823459E-3
9.435000E-3	-4.093528E-3
9.440000E-3	-3.937244E-3
9.445000E-3	-3.720641E-3
9.450000E-3	-3.087282E-3
9.455000E-3	-2.290785E-3
9.460000E-3	-1.462758E-3
9.465000E-3	-8.047223E-4
9.470000E-3	-4.469156E-4
9.475000E-3	-3.646612E-4
9.480000E-3	-3.043413E-4
9.485000E-3	3.427267E-5
9.490000E-3	2.453923E-4
9.495000E-3	6.772280E-4
9.500000E-3	9.212494E-4
9.505000E-3	7.992387E-4
9.510000E-3	7.128716E-4
9.515000E-3	7.252097E-4
9.520000E-3	6.278753E-4
9.525000E-3	6.525517E-4
9.530000E-3	6.785989E-4
9.535000E-3	8.074641E-4
9.540000E-3	1.140594E-3
9.545000E-3	1.040518E-3
9.550000E-3	1.011729E-3
9.555000E-3	7.306933E-4
9.560000E-3	4.057884E-4
9.565000E-3	4.386902E-5
9.570000E-3	-3.756285E-4
9.575000E-3	-9.226203E-4
9.580000E-3	-1.161158E-3
9.585000E-3	-1.628637E-3
9.590000E-3	-2.044022E-3
9.595000E-3	-2.375782E-3
9.600000E-3	-2.643108E-3
9.605000E-3	-2.926886E-3
9.610000E-3	-3.251791E-3
9.615000E-3	-3.520489E-3
9.620000E-3	-3.606856E-3
9.625000E-3	-3.731608E-3
9.630000E-3	-3.835797E-3
9.635000E-3	-3.845394E-3
9.640000E-3	-3.757656E-3
9.645000E-3	-3.431380E-3
9.650000E-3	-3.102362E-3
9.655000E-3	-2.843261E-3
9.660000E-3	-2.682865E-3
9.665000E-3	-2.366185E-3
9.670000E-3	-2.326429E-3
9.675000E-3	-2.141356E-3
9.680000E-3	-1.989186E-3
9.685000E-3	-1.798630E-3
9.690000E-3	-1.597106E-3
9.695000E-3	-1.332521E-3
9.700000E-3	-1.032293E-3
9.705000E-3	-6.333590E-4
9.710000E-3	-3.153086E-4
9.715000E-3	-3.180504E-4
9.720000E-3	-3.043413E-4
9.725000E-3	-2.220869E-4
9.730000E-3	-2.824068E-4
9.735000E-3	-7.539988E-5
9.740000E-3	1.398325E-4
9.745000E-3	2.782941E-4
9.750000E-3	2.824068E-4
9.755000E-3	3.907084E-4
9.760000E-3	4.304647E-4
9.765000E-3	3.454685E-4
9.770000E-3	4.523993E-5
9.775000E-3	-2.741814E-6
9.780000E-3	-2.741814E-5
9.785000E-3	-1.206398E-4
9.790000E-3	5.483627E-6
9.795000E-3	3.262758E-4
9.800000E-3	5.661845E-4
9.805000E-3	8.088350E-4
9.810000E-3	1.148820E-3
9.815000E-3	1.348972E-3
9.820000E-3	1.676619E-3
9.825000E-3	1.717746E-3
9.830000E-3	1.967251E-3
9.835000E-3	1.642346E-3
9.840000E-3	1.366794E-3
9.845000E-3	9.774566E-4
9.850000E-3	6.895661E-4
9.855000E-3	3.701448E-4
9.860000E-3	6.306171E-5
9.865000E-3	-1.864433E-4
9.870000E-3	-5.387664E-4
9.875000E-3	-7.019043E-4
9.880000E-3	-7.457733E-4
9.885000E-3	-1.039147E-3
9.890000E-3	-1.603961E-3
9.895000E-3	-1.743793E-3
9.900000E-3	-2.444327E-3
9.905000E-3	-2.955675E-3
9.910000E-3	-3.345013E-3
9.915000E-3	-3.704190E-3
9.920000E-3	-4.138768E-3
9.925000E-3	-4.274487E-3
9.930000E-3	-4.327953E-3
9.935000E-3	-4.274487E-3
9.940000E-3	-4.444480E-3
9.945000E-3	-4.269004E-3
9.950000E-3	-4.241586E-3
9.955000E-3	-4.247069E-3
9.960000E-3	-4.190862E-3
9.965000E-3	-4.082561E-3
9.970000E-3	-3.739834E-3
9.975000E-3	-3.009140E-3
9.980000E-3	-2.469003E-3
9.985000E-3	-1.854837E-3
9.990000E-3	-1.098096E-3
9.995000E-3	-4.935265E-4
