0.000000E+0	3.569841E-3
5.000000E-6	3.638387E-3
1.000000E-5	3.674030E-3
1.500000E-5	3.580809E-3
2.000000E-5	3.646612E-3
2.500000E-5	3.575325E-3
3.000000E-5	3.558874E-3
3.500000E-5	3.467023E-3
4.000000E-5	3.491700E-3
4.500000E-5	3.310740E-3
5.000000E-5	3.430009E-3
5.500000E-5	3.571212E-3
6.000000E-5	3.715158E-3
6.500000E-5	3.786445E-3
7.000000E-5	3.591776E-3
7.500000E-5	3.660321E-3
8.000000E-5	3.621936E-3
8.500000E-5	3.609598E-3
9.000000E-5	3.765881E-3
9.500000E-5	3.698707E-3
1.000000E-4	3.741205E-3
1.050000E-4	3.694594E-3
1.100000E-4	3.513634E-3
1.150000E-4	3.461540E-3
1.200000E-4	3.630161E-3
1.250000E-4	3.761768E-3
1.300000E-4	3.854990E-3
1.350000E-4	3.831685E-3
1.400000E-4	3.642499E-3
1.450000E-4	3.565729E-3
1.500000E-4	3.462911E-3
1.550000E-4	3.523231E-3
1.600000E-4	3.612339E-3
1.650000E-4	3.621936E-3
1.700000E-4	3.553391E-3
1.750000E-4	3.664434E-3
1.800000E-4	3.642499E-3
1.850000E-4	3.580809E-3
1.900000E-4	3.477991E-3
1.950000E-4	3.521860E-3
2.000000E-4	3.598630E-3
2.050000E-4	3.501296E-3
2.100000E-4	3.479362E-3
2.150000E-4	3.586292E-3
2.200000E-4	3.583550E-3
2.250000E-4	3.616452E-3
2.300000E-4	3.689110E-3
2.350000E-4	3.669918E-3
2.400000E-4	3.571212E-3
2.450000E-4	3.372431E-3
2.500000E-4	3.450572E-3
2.550000E-4	3.524601E-3
2.600000E-4	3.530085E-3
2.650000E-4	3.590405E-3
2.700000E-4	3.549278E-3
2.750000E-4	3.539681E-3
2.800000E-4	3.508151E-3
2.850000E-4	3.473878E-3
2.900000E-4	3.475249E-3
2.950000E-4	3.639758E-3
3.000000E-4	3.531456E-3
3.050000E-4	3.458798E-3
3.100000E-4	3.589034E-3
3.150000E-4	3.584921E-3
3.200000E-4	3.556132E-3
3.250000E-4	3.447831E-3
3.300000E-4	3.364205E-3
3.350000E-4	3.469765E-3
3.400000E-4	3.623307E-3
3.450000E-4	3.528714E-3
3.500000E-4	3.461540E-3
3.550000E-4	3.457427E-3
3.600000E-4	3.482103E-3
3.650000E-4	3.576696E-3
3.700000E-4	3.440976E-3
3.750000E-4	3.421783E-3
3.800000E-4	3.575325E-3
3.850000E-4	3.626049E-3
3.900000E-4	3.579438E-3
3.950000E-4	3.513634E-3
4.000000E-4	3.504038E-3
4.050000E-4	3.542423E-3
4.100000E-4	3.445089E-3
4.150000E-4	3.476620E-3
4.200000E-4	3.491700E-3
4.250000E-4	3.498554E-3
4.300000E-4	3.531456E-3
4.350000E-4	3.621936E-3
4.400000E-4	3.604114E-3
4.450000E-4	3.438234E-3
4.500000E-4	3.637016E-3
4.550000E-4	3.447831E-3
4.600000E-4	3.423154E-3
4.650000E-4	3.427267E-3
4.700000E-4	3.605485E-3
4.750000E-4	3.332675E-3
4.800000E-4	3.409445E-3
4.850000E-4	3.532827E-3
4.900000E-4	3.604114E-3
4.950000E-4	3.550649E-3
5.000000E-4	3.664434E-3
5.050000E-4	3.572583E-3
5.100000E-4	3.619194E-3
5.150000E-4	3.539681E-3
5.200000E-4	3.486216E-3
5.250000E-4	3.516376E-3
5.300000E-4	3.506780E-3
5.350000E-4	3.351867E-3
5.400000E-4	3.442347E-3
5.450000E-4	3.477991E-3
5.500000E-4	3.658950E-3
5.550000E-4	3.587663E-3
5.600000E-4	3.498554E-3
5.650000E-4	3.573954E-3
5.700000E-4	3.421783E-3
5.750000E-4	3.610969E-3
5.800000E-4	3.604114E-3
5.850000E-4	3.484845E-3
5.900000E-4	3.557503E-3
5.950000E-4	3.587663E-3
6.000000E-4	3.538311E-3
6.050000E-4	3.469765E-3
6.100000E-4	3.477991E-3
6.150000E-4	3.520489E-3
6.200000E-4	3.590405E-3
6.250000E-4	3.627419E-3
6.300000E-4	3.550649E-3
6.350000E-4	3.390253E-3
6.400000E-4	3.388882E-3
6.450000E-4	3.752172E-3
6.500000E-4	3.431380E-3
6.550000E-4	3.567100E-3
6.600000E-4	3.576696E-3
6.650000E-4	3.550649E-3
6.700000E-4	3.383398E-3
6.750000E-4	3.488958E-3
6.800000E-4	3.493071E-3
6.850000E-4	3.413558E-3
6.900000E-4	3.487587E-3
6.950000E-4	3.504038E-3
7.000000E-4	3.519118E-3
7.050000E-4	3.435493E-3
7.100000E-4	3.498554E-3
7.150000E-4	3.430009E-3
7.200000E-4	3.439605E-3
7.250000E-4	3.472507E-3
7.300000E-4	3.623307E-3
7.350000E-4	3.680885E-3
7.400000E-4	3.652096E-3
7.450000E-4	3.457427E-3
7.500000E-4	3.550649E-3
7.550000E-4	3.701448E-3
7.600000E-4	3.760397E-3
7.650000E-4	3.545165E-3
7.700000E-4	3.610969E-3
7.750000E-4	3.557503E-3
7.800000E-4	3.487587E-3
7.850000E-4	3.398478E-3
7.900000E-4	3.486216E-3
7.950000E-4	3.310740E-3
8.000000E-4	3.442347E-3
8.050000E-4	3.471136E-3
8.100000E-4	3.610969E-3
8.150000E-4	3.430009E-3
8.200000E-4	3.560245E-3
8.250000E-4	3.513634E-3
8.300000E-4	3.542423E-3
8.350000E-4	3.624678E-3
8.400000E-4	3.638387E-3
8.450000E-4	3.416300E-3
8.500000E-4	3.486216E-3
8.550000E-4	3.467023E-3
8.600000E-4	3.373802E-3
8.650000E-4	3.663063E-3
8.700000E-4	3.658950E-3
8.750000E-4	3.558874E-3
8.800000E-4	3.357351E-3
8.850000E-4	3.436863E-3
8.900000E-4	3.510892E-3
8.950000E-4	3.542423E-3
9.000000E-4	3.708303E-3
9.050000E-4	3.742576E-3
9.100000E-4	3.609598E-3
9.150000E-4	3.656209E-3
9.200000E-4	3.734350E-3
9.250000E-4	3.528714E-3
9.300000E-4	3.634274E-3
9.350000E-4	3.724754E-3
9.400000E-4	3.682256E-3
9.450000E-4	3.605485E-3
9.500000E-4	3.477991E-3
9.550000E-4	3.419042E-3
9.600000E-4	3.491700E-3
9.650000E-4	3.519118E-3
9.700000E-4	3.524601E-3
9.750000E-4	3.505409E-3
9.800000E-4	3.591776E-3
9.850000E-4	3.642499E-3
9.900000E-4	3.501296E-3
9.950000E-4	3.561616E-3
1.000000E-3	3.405333E-3
1.005000E-3	3.332675E-3
1.010000E-3	3.571212E-3
1.015000E-3	3.767252E-3
1.020000E-3	3.722012E-3
1.025000E-3	3.722012E-3
1.030000E-3	3.760397E-3
1.035000E-3	3.684998E-3
1.040000E-3	3.516376E-3
1.045000E-3	3.458798E-3
1.050000E-3	3.576696E-3
1.055000E-3	3.722012E-3
1.060000E-3	3.911197E-3
1.065000E-3	3.682256E-3
1.070000E-3	3.661692E-3
1.075000E-3	3.667176E-3
1.080000E-3	3.669918E-3
1.085000E-3	3.669918E-3
1.090000E-3	3.542423E-3
1.095000E-3	3.545165E-3
1.100000E-3	3.589034E-3
1.105000E-3	3.704190E-3
1.110000E-3	3.709674E-3
1.115000E-3	3.608227E-3
1.120000E-3	3.498554E-3
1.125000E-3	3.435493E-3
1.130000E-3	3.472507E-3
1.135000E-3	3.498554E-3
1.140000E-3	3.583550E-3
1.145000E-3	3.676772E-3
1.150000E-3	3.642499E-3
1.155000E-3	3.757656E-3
1.160000E-3	3.556132E-3
1.165000E-3	3.748059E-3
1.170000E-3	3.660321E-3
1.175000E-3	3.564358E-3
1.180000E-3	3.608227E-3
1.185000E-3	3.638387E-3
1.190000E-3	3.708303E-3
1.195000E-3	3.678143E-3
1.200000E-3	3.604114E-3
1.205000E-3	3.711045E-3
1.210000E-3	3.635645E-3
1.215000E-3	3.417671E-3
1.220000E-3	3.439605E-3
1.225000E-3	3.702819E-3
1.230000E-3	3.702819E-3
1.235000E-3	3.538311E-3
1.240000E-3	3.510892E-3
1.245000E-3	3.517747E-3
1.250000E-3	3.419042E-3
1.255000E-3	3.442347E-3
1.260000E-3	3.560245E-3
1.265000E-3	3.576696E-3
1.270000E-3	3.767252E-3
1.275000E-3	3.695965E-3
1.280000E-3	3.557503E-3
1.285000E-3	3.388882E-3
1.290000E-3	3.461540E-3
1.295000E-3	3.580809E-3
1.300000E-3	3.458798E-3
1.305000E-3	3.538311E-3
1.310000E-3	3.739834E-3
1.315000E-3	3.734350E-3
1.320000E-3	3.720641E-3
1.325000E-3	3.750801E-3
1.330000E-3	3.767252E-3
1.335000E-3	3.660321E-3
1.340000E-3	3.616452E-3
1.345000E-3	3.624678E-3
1.350000E-3	3.617823E-3
1.355000E-3	3.752172E-3
1.360000E-3	3.690481E-3
1.365000E-3	3.458798E-3
1.370000E-3	3.630161E-3
1.375000E-3	3.794670E-3
1.380000E-3	3.704190E-3
1.385000E-3	3.610969E-3
1.390000E-3	3.490329E-3
1.395000E-3	3.627419E-3
1.400000E-3	3.542423E-3
1.405000E-3	3.579438E-3
1.410000E-3	3.675401E-3
1.415000E-3	3.746688E-3
1.420000E-3	3.582180E-3
1.425000E-3	3.364205E-3
1.430000E-3	3.495812E-3
1.435000E-3	3.672659E-3
1.440000E-3	3.451943E-3
1.445000E-3	3.425896E-3
1.450000E-3	3.579438E-3
1.455000E-3	3.675401E-3
1.460000E-3	3.789186E-3
1.465000E-3	3.757656E-3
1.470000E-3	3.687739E-3
1.475000E-3	3.602743E-3
1.480000E-3	3.556132E-3
1.485000E-3	3.428638E-3
1.490000E-3	3.553391E-3
1.495000E-3	3.645241E-3
1.500000E-3	3.556132E-3
1.505000E-3	3.620565E-3
1.510000E-3	3.701448E-3
1.515000E-3	3.667176E-3
1.520000E-3	3.508151E-3
1.525000E-3	3.557503E-3
1.530000E-3	3.488958E-3
1.535000E-3	3.284693E-3
1.540000E-3	3.379285E-3
1.545000E-3	3.571212E-3
1.550000E-3	3.449202E-3
1.555000E-3	3.472507E-3
1.560000E-3	3.637016E-3
1.565000E-3	3.823459E-3
1.570000E-3	3.668547E-3
1.575000E-3	3.645241E-3
1.580000E-3	3.582180E-3
1.585000E-3	3.590405E-3
1.590000E-3	3.620565E-3
1.595000E-3	3.765881E-3
1.600000E-3	3.683627E-3
1.605000E-3	3.796041E-3
1.610000E-3	3.763139E-3
1.615000E-3	3.578067E-3
1.620000E-3	3.472507E-3
1.625000E-3	3.582180E-3
1.630000E-3	3.650725E-3
1.635000E-3	3.569841E-3
1.640000E-3	3.480732E-3
1.645000E-3	3.601372E-3
1.650000E-3	3.716528E-3
1.655000E-3	3.513634E-3
1.660000E-3	3.460169E-3
1.665000E-3	3.547907E-3
1.670000E-3	3.521860E-3
1.675000E-3	3.615081E-3
1.680000E-3	3.438234E-3
1.685000E-3	3.464282E-3
1.690000E-3	3.757656E-3
1.695000E-3	3.627419E-3
1.700000E-3	3.682256E-3
1.705000E-3	3.550649E-3
1.710000E-3	3.476620E-3
1.715000E-3	3.541052E-3
1.720000E-3	3.461540E-3
1.725000E-3	3.388882E-3
1.730000E-3	3.340900E-3
1.735000E-3	3.419042E-3
1.740000E-3	3.554761E-3
1.745000E-3	3.683627E-3
1.750000E-3	3.613710E-3
1.755000E-3	3.642499E-3
1.760000E-3	3.668547E-3
1.765000E-3	3.595889E-3
1.770000E-3	3.738463E-3
1.775000E-3	3.693223E-3
1.780000E-3	3.750801E-3
1.785000E-3	3.660321E-3
1.790000E-3	3.520489E-3
1.795000E-3	3.531456E-3
1.800000E-3	3.564358E-3
1.805000E-3	3.598630E-3
1.810000E-3	3.532827E-3
1.815000E-3	3.504038E-3
1.820000E-3	3.414929E-3
1.825000E-3	3.550649E-3
1.830000E-3	3.432751E-3
1.835000E-3	3.553391E-3
1.840000E-3	3.624678E-3
1.845000E-3	3.579438E-3
1.850000E-3	3.587663E-3
1.855000E-3	3.462911E-3
1.860000E-3	3.582180E-3
1.865000E-3	3.488958E-3
1.870000E-3	3.534198E-3
1.875000E-3	3.531456E-3
1.880000E-3	3.579438E-3
1.885000E-3	3.719270E-3
1.890000E-3	3.497183E-3
1.895000E-3	3.542423E-3
1.900000E-3	3.750801E-3
1.905000E-3	3.787816E-3
1.910000E-3	3.656209E-3
1.915000E-3	3.679514E-3
1.920000E-3	3.598630E-3
1.925000E-3	3.626049E-3
1.930000E-3	3.623307E-3
1.935000E-3	3.590405E-3
1.940000E-3	3.665805E-3
1.945000E-3	3.617823E-3
1.950000E-3	3.753543E-3
1.955000E-3	3.830314E-3
1.960000E-3	3.697336E-3
1.965000E-3	3.608227E-3
1.970000E-3	3.583550E-3
1.975000E-3	3.572583E-3
1.980000E-3	3.498554E-3
1.985000E-3	3.672659E-3
1.990000E-3	3.743947E-3
1.995000E-3	3.738463E-3
2.000000E-3	3.834426E-3
2.005000E-3	3.654838E-3
2.010000E-3	3.657579E-3
2.015000E-3	3.573954E-3
2.020000E-3	3.532827E-3
2.025000E-3	3.553391E-3
2.030000E-3	3.578067E-3
2.035000E-3	3.568470E-3
2.040000E-3	3.539681E-3
2.045000E-3	3.539681E-3
2.050000E-3	3.525972E-3
2.055000E-3	3.565729E-3
2.060000E-3	3.539681E-3
2.065000E-3	3.730237E-3
2.070000E-3	3.634274E-3
2.075000E-3	3.569841E-3
2.080000E-3	3.554761E-3
2.085000E-3	3.524601E-3
2.090000E-3	3.488958E-3
2.095000E-3	3.615081E-3
2.100000E-3	3.634274E-3
2.105000E-3	3.671288E-3
2.110000E-3	3.756285E-3
2.115000E-3	3.612339E-3
2.120000E-3	3.598630E-3
2.125000E-3	3.620565E-3
2.130000E-3	3.613710E-3
2.135000E-3	3.813863E-3
2.140000E-3	3.674030E-3
2.145000E-3	3.475249E-3
2.150000E-3	3.362834E-3
2.155000E-3	3.392994E-3
2.160000E-3	3.388882E-3
2.165000E-3	3.414929E-3
2.170000E-3	3.357351E-3
2.175000E-3	3.484845E-3
2.180000E-3	3.716528E-3
2.185000E-3	3.711045E-3
2.190000E-3	3.580809E-3
2.195000E-3	3.626049E-3
2.200000E-3	3.660321E-3
2.205000E-3	3.580809E-3
2.210000E-3	3.654838E-3
2.215000E-3	3.580809E-3
2.220000E-3	3.661692E-3
2.225000E-3	3.791928E-3
2.230000E-3	3.881037E-3
2.235000E-3	3.657579E-3
2.240000E-3	3.542423E-3
2.245000E-3	3.362834E-3
2.250000E-3	3.382027E-3
2.255000E-3	3.594518E-3
2.260000E-3	3.639758E-3
2.265000E-3	3.520489E-3
2.270000E-3	3.530085E-3
2.275000E-3	3.565729E-3
2.280000E-3	3.684998E-3
2.285000E-3	3.562987E-3
2.290000E-3	3.604114E-3
2.295000E-3	3.552020E-3
2.300000E-3	3.565729E-3
2.305000E-3	3.667176E-3
2.310000E-3	3.634274E-3
2.315000E-3	3.409445E-3
2.320000E-3	3.639758E-3
2.325000E-3	3.772736E-3
2.330000E-3	3.719270E-3
2.335000E-3	3.900230E-3
2.340000E-3	3.701448E-3
2.345000E-3	3.497183E-3
2.350000E-3	3.609598E-3
2.355000E-3	3.456056E-3
2.360000E-3	3.582180E-3
2.365000E-3	3.438234E-3
2.370000E-3	3.738463E-3
2.375000E-3	3.513634E-3
2.380000E-3	3.727496E-3
2.385000E-3	3.565729E-3
2.390000E-3	3.885150E-3
2.395000E-3	3.409445E-3
2.400000E-3	3.844023E-3
2.405000E-3	3.031075E-3
2.410000E-3	3.782332E-3
2.415000E-3	2.826810E-3
2.420000E-3	4.097641E-3
2.425000E-3	2.830923E-3
2.430000E-3	4.474640E-3
2.435000E-3	2.744555E-3
2.440000E-3	4.747450E-3
2.445000E-3	4.269004E-3
2.450000E-3	-2.485454E-3
2.455000E-3	-1.040559E-1
2.460000E-3	-7.260871E-2
2.465000E-3	1.217365E-2
2.470000E-3	-1.348355E-1
2.475000E-3	-3.794273E-1
2.480000E-3	-2.554287E-1
2.485000E-3	-1.768470E-1
2.490000E-3	-3.787829E-1
2.495000E-3	5.188197E-2
2.500000E-3	8.784935E-1
2.505000E-3	6.557020E-1
2.510000E-3	1.290736E-1
2.515000E-3	5.477952E-1
2.520000E-3	3.296674E-1
2.525000E-3	-3.878186E-1
2.530000E-3	8.959424E-2
2.535000E-3	3.033858E-1
2.540000E-3	-3.490658E-1
2.545000E-3	-1.368686E-1
2.550000E-3	1.844377E-1
2.555000E-3	-2.562431E-1
2.560000E-3	-1.816136E-1
2.565000E-3	1.168232E-1
2.570000E-3	-2.492926E-1
2.575000E-3	-1.835740E-1
2.580000E-3	9.407163E-2
2.585000E-3	-2.510569E-1
2.590000E-3	-2.451483E-1
2.595000E-3	1.653711E-1
2.600000E-3	-3.541189E-2
2.605000E-3	-1.487352E-1
2.610000E-3	2.799378E-1
2.615000E-3	1.433475E-1
2.620000E-3	-1.286952E-1
2.625000E-3	1.624744E-1
2.630000E-3	8.002394E-2
2.635000E-3	-1.933253E-1
2.640000E-3	1.380544E-1
2.645000E-3	1.565137E-1
2.650000E-3	-2.066683E-1
2.655000E-3	5.442774E-2
2.660000E-3	2.049423E-1
2.665000E-3	-1.852616E-1
2.670000E-3	-5.069888E-2
2.675000E-3	1.610569E-1
2.680000E-3	-1.312863E-1
2.685000E-3	-9.021664E-2
2.690000E-3	8.042425E-2
2.695000E-3	-1.028208E-1
2.700000E-3	1.671547E-2
2.705000E-3	2.106344E-1
2.710000E-3	-4.805851E-2
2.715000E-3	-3.939986E-3
2.720000E-3	2.036839E-1
2.725000E-3	-7.607573E-2
2.730000E-3	-1.084524E-1
2.735000E-3	1.761917E-1
2.740000E-3	-2.410740E-2
2.745000E-3	-2.012395E-1
2.750000E-3	4.771030E-2
2.755000E-3	1.710618E-2
2.760000E-3	-1.318922E-1
2.765000E-3	6.088060E-2
2.770000E-3	7.728624E-2
2.775000E-3	-1.358651E-1
2.780000E-3	-3.346932E-2
2.785000E-3	7.833910E-2
2.790000E-3	-4.673970E-2
2.795000E-3	3.767252E-3
2.800000E-3	8.419287E-2
2.805000E-3	-2.051014E-2
2.810000E-3	2.553999E-3
2.815000E-3	8.598739E-2
2.820000E-3	1.312780E-2
2.825000E-3	5.244952E-2
2.830000E-3	1.015719E-1
2.835000E-3	-3.437412E-2
2.840000E-3	-3.585607E-2
2.845000E-3	4.859865E-2
2.850000E-3	-2.642423E-2
2.855000E-3	-2.065957E-2
2.860000E-3	5.787969E-2
2.865000E-3	-3.911883E-2
2.870000E-3	-6.037885E-2
2.875000E-3	2.344662E-2
2.880000E-3	-6.161815E-2
2.885000E-3	-8.575708E-2
2.890000E-3	4.925942E-2
2.895000E-3	2.585256E-2
2.900000E-3	-4.043490E-2
2.905000E-3	5.146521E-2
2.910000E-3	3.975630E-2
2.915000E-3	-2.778417E-2
2.920000E-3	3.842515E-2
2.925000E-3	4.815584E-2
2.930000E-3	-7.930696E-3
2.935000E-3	2.041417E-2
2.940000E-3	-1.093298E-2
2.945000E-3	-8.668929E-2
2.950000E-3	-1.517045E-2
2.955000E-3	3.142118E-2
2.960000E-3	-1.756269E-2
2.965000E-3	2.299285E-2
2.970000E-3	6.549233E-2
2.975000E-3	-2.072400E-2
2.980000E-3	-4.417062E-2
2.985000E-3	4.822850E-3
2.990000E-3	-1.905835E-2
2.995000E-3	-9.915769E-3
3.000000E-3	5.488288E-2
3.005000E-3	3.336513E-2
3.010000E-3	1.245195E-2
3.015000E-3	7.007390E-2
3.020000E-3	6.308365E-2
3.025000E-3	1.986170E-2
3.030000E-3	3.807694E-2
3.035000E-3	1.906109E-2
3.040000E-3	-2.736467E-2
3.045000E-3	-1.319635E-2
3.050000E-3	-2.368379E-2
3.055000E-3	-4.974610E-2
3.060000E-3	-1.172537E-2
3.065000E-3	-3.571212E-3
3.070000E-3	-3.484297E-2
3.075000E-3	8.266568E-4
3.080000E-3	3.008044E-2
3.085000E-3	-4.680276E-3
3.090000E-3	7.641435E-3
3.095000E-3	2.295583E-2
3.100000E-3	-1.666749E-2
3.105000E-3	-5.103886E-3
3.110000E-3	2.463382E-2
3.115000E-3	-2.145469E-2
3.120000E-3	-3.257000E-2
3.125000E-3	1.686764E-2
3.130000E-3	1.620686E-2
3.135000E-3	6.042957E-3
3.140000E-3	2.111608E-2
3.145000E-3	2.050877E-3
3.150000E-3	-2.294075E-2
3.155000E-3	-2.807617E-3
3.160000E-3	-4.811883E-3
3.165000E-3	-2.547008E-2
3.170000E-3	-7.272661E-3
3.175000E-3	8.313179E-3
3.180000E-3	1.188576E-3
3.185000E-3	1.256710E-2
3.190000E-3	3.377229E-2
3.195000E-3	3.362560E-2
3.200000E-3	2.533436E-2
3.205000E-3	1.552826E-2
3.210000E-3	-5.501449E-3
3.215000E-3	-1.665241E-2
3.220000E-3	-8.899927E-3
3.225000E-3	-1.015705E-2
3.230000E-3	-2.003992E-2
3.235000E-3	-1.784921E-2
3.240000E-3	-9.984314E-3
3.245000E-3	-2.980351E-3
3.250000E-3	6.731153E-3
3.255000E-3	1.426429E-2
3.260000E-3	3.435218E-2
3.265000E-3	5.196011E-2
3.270000E-3	3.497183E-2
3.275000E-3	1.797259E-2
3.280000E-3	2.432811E-2
3.285000E-3	1.324296E-2
3.290000E-3	-2.691090E-3
3.295000E-3	7.945776E-3
3.300000E-3	1.540899E-2
3.305000E-3	7.305562E-3
3.310000E-3	1.123732E-2
3.315000E-3	2.241570E-2
3.320000E-3	1.971090E-2
3.325000E-3	1.399696E-2
3.330000E-3	6.114244E-3
3.335000E-3	-4.078448E-3
3.340000E-3	-6.062150E-3
3.345000E-3	-2.092963E-2
3.350000E-3	-4.771167E-2
3.355000E-3	-3.828120E-2
3.360000E-3	-1.771623E-2
3.365000E-3	-3.130054E-2
3.370000E-3	-2.995980E-2
3.375000E-3	-5.734503E-3
3.380000E-3	-1.042163E-2
3.385000E-3	-1.145941E-2
3.390000E-3	1.504707E-2
3.395000E-3	2.246368E-2
3.400000E-3	2.388394E-2
3.405000E-3	4.039788E-2
3.410000E-3	3.623033E-2
3.415000E-3	2.221829E-2
3.420000E-3	2.457762E-2
3.425000E-3	1.093984E-2
3.430000E-3	-1.607525E-2
3.435000E-3	-1.754898E-2
3.440000E-3	-8.337855E-3
3.445000E-3	-4.327953E-3
3.450000E-3	1.381737E-2
3.455000E-3	2.637625E-2
3.460000E-3	1.632887E-2
3.465000E-3	1.833999E-2
3.470000E-3	2.175629E-2
3.475000E-3	-6.731153E-4
3.480000E-3	-9.156287E-3
3.485000E-3	8.088350E-4
3.490000E-3	-1.208729E-2
3.495000E-3	-2.413619E-2
3.500000E-3	-6.945014E-3
3.505000E-3	-4.632294E-3
3.510000E-3	-1.385713E-2
3.515000E-3	2.234578E-3
3.520000E-3	1.603001E-2
3.525000E-3	8.791625E-3
3.530000E-3	1.087815E-2
3.535000E-3	1.847845E-2
3.540000E-3	5.763292E-3
3.545000E-3	-5.294442E-3
3.550000E-3	3.490329E-3
3.555000E-3	1.014197E-2
3.560000E-3	9.271443E-3
3.565000E-3	1.553786E-2
3.570000E-3	1.568866E-2
3.575000E-3	4.000306E-3
3.580000E-3	-4.359484E-3
3.585000E-3	-7.482409E-3
3.590000E-3	-1.048744E-2
3.595000E-3	-9.659410E-3
3.600000E-3	-5.589187E-3
3.605000E-3	4.639149E-3
3.610000E-3	1.768881E-2
3.615000E-3	1.971501E-2
3.620000E-3	1.027769E-2
3.625000E-3	1.957655E-3
3.630000E-3	-4.922926E-3
3.635000E-3	-1.885545E-2
3.640000E-3	-2.462149E-2
3.645000E-3	-1.188850E-2
3.650000E-3	1.898706E-3
3.655000E-3	7.383704E-3
3.660000E-3	1.365423E-2
3.665000E-3	1.685530E-2
3.670000E-3	8.643568E-3
3.675000E-3	3.369689E-3
3.680000E-3	5.994976E-3
3.685000E-3	8.657277E-3
3.690000E-3	1.328272E-2
3.695000E-3	1.707327E-2
3.700000E-3	1.511836E-2
3.705000E-3	7.323384E-3
3.710000E-3	7.523537E-3
3.715000E-3	3.955066E-3
3.720000E-3	3.347754E-3
3.725000E-3	-1.285911E-2
3.730000E-3	-3.740793E-2
3.735000E-3	-3.657717E-2
3.740000E-3	-3.621799E-2
3.745000E-3	-3.549004E-2
3.750000E-3	3.323078E-3
3.755000E-3	3.281128E-2
3.760000E-3	4.275995E-2
3.765000E-3	6.398708E-2
3.770000E-3	6.019378E-2
3.775000E-3	3.601921E-2
3.780000E-3	4.566079E-2
3.785000E-3	5.318707E-2
3.790000E-3	1.437670E-2
3.795000E-3	-6.799698E-4
3.800000E-3	8.335114E-4
3.805000E-3	-2.928805E-2
3.810000E-3	-4.152066E-2
3.815000E-3	-2.339727E-2
3.820000E-3	-2.327800E-2
3.825000E-3	-2.353573E-2
3.830000E-3	-1.289612E-2
3.835000E-3	-1.558310E-2
3.840000E-3	-1.635218E-2
3.845000E-3	2.754152E-3
3.850000E-3	9.468853E-3
3.855000E-3	1.038462E-2
3.860000E-3	2.729887E-2
3.865000E-3	2.668470E-2
3.870000E-3	1.480031E-2
3.875000E-3	1.899803E-2
3.880000E-3	1.554883E-2
3.885000E-3	1.433969E-3
3.890000E-3	8.236408E-3
3.895000E-3	8.747756E-3
3.900000E-3	-1.455218E-2
3.905000E-3	-1.749688E-2
3.910000E-3	-9.710133E-3
3.915000E-3	-2.165622E-2
3.920000E-3	-1.628363E-2
3.925000E-3	3.602743E-3
3.930000E-3	3.761768E-3
3.935000E-3	3.567100E-3
3.940000E-3	1.148546E-2
3.945000E-3	1.070130E-2
3.950000E-3	1.223123E-2
3.955000E-3	1.400381E-2
3.960000E-3	2.815843E-3
3.965000E-3	1.584768E-3
3.970000E-3	1.297289E-2
3.975000E-3	1.000077E-2
3.980000E-3	2.693832E-3
3.985000E-3	6.639302E-3
3.990000E-3	3.543794E-3
3.995000E-3	-9.152174E-3
4.000000E-3	-1.319635E-2
4.005000E-3	-1.169384E-2
4.010000E-3	-9.814322E-3
4.015000E-3	7.306933E-4
4.020000E-3	7.848442E-3
4.025000E-3	7.016301E-3
4.030000E-3	1.759970E-2
4.035000E-3	2.793634E-2
4.040000E-3	2.050877E-2
4.045000E-3	1.646322E-2
4.050000E-3	1.816726E-2
4.055000E-3	9.139836E-3
4.060000E-3	6.964207E-4
4.065000E-3	1.253009E-3
4.070000E-3	1.573801E-3
4.075000E-3	6.769538E-3
4.080000E-3	1.400244E-2
4.085000E-3	1.051348E-2
4.090000E-3	7.337093E-3
4.095000E-3	7.664740E-3
4.100000E-3	-1.321554E-3
4.105000E-3	-9.061694E-3
4.110000E-3	-4.796803E-3
4.115000E-3	-7.452250E-3
4.120000E-3	-1.684707E-2
4.125000E-3	-1.667023E-2
4.130000E-3	-1.373100E-2
4.135000E-3	-9.727955E-3
4.140000E-3	3.902972E-3
4.145000E-3	1.501006E-2
4.150000E-3	1.719254E-2
4.155000E-3	2.106947E-2
4.160000E-3	2.321219E-2
4.165000E-3	1.876086E-2
4.170000E-3	1.396132E-2
4.175000E-3	8.913636E-3
4.180000E-3	2.922773E-3
4.185000E-3	1.000762E-3
4.190000E-3	-1.767099E-3
4.195000E-3	-4.397869E-3
4.200000E-3	2.522469E-3
4.205000E-3	5.384922E-3
4.210000E-3	-3.307998E-3
4.215000E-3	-7.648289E-3
4.220000E-3	-6.650269E-3
4.225000E-3	-7.143795E-3
4.230000E-3	-2.591014E-3
4.235000E-3	5.066872E-3
4.240000E-3	5.147755E-3
4.245000E-3	3.055751E-3
4.250000E-3	2.252400E-3
4.255000E-3	-2.234578E-4
4.260000E-3	5.038083E-3
4.265000E-3	1.530206E-2
4.270000E-3	1.842773E-2
4.275000E-3	2.207708E-2
4.280000E-3	2.662438E-2
4.285000E-3	1.943398E-2
4.290000E-3	1.074654E-2
4.295000E-3	1.057243E-2
4.300000E-3	6.855905E-3
4.305000E-3	3.175020E-3
4.310000E-3	9.021938E-3
4.315000E-3	9.542882E-3
4.320000E-3	2.403200E-3
4.325000E-3	-2.412796E-4
4.330000E-3	-4.519880E-3
4.335000E-3	-8.426964E-3
4.340000E-3	-1.491547E-3
4.345000E-3	4.182637E-3
4.350000E-3	-5.168319E-4
4.355000E-3	-4.595280E-3
4.360000E-3	-8.713484E-3
4.365000E-3	-1.932019E-2
4.370000E-3	-2.400732E-2
4.375000E-3	-1.909810E-2
4.380000E-3	-1.390511E-2
4.385000E-3	-5.971670E-3
4.390000E-3	1.113176E-3
4.395000E-3	-9.596348E-5
4.400000E-3	5.401373E-4
4.405000E-3	5.738616E-3
4.410000E-3	7.814169E-3
4.415000E-3	1.154989E-2
4.420000E-3	1.978767E-2
4.425000E-3	2.458310E-2
4.430000E-3	2.618295E-2
4.435000E-3	2.910298E-2
4.440000E-3	2.774990E-2
4.445000E-3	2.247465E-2
4.450000E-3	1.762986E-2
4.455000E-3	9.671748E-3
4.460000E-3	-1.044631E-3
4.465000E-3	-6.152630E-3
4.470000E-3	-6.500840E-3
4.475000E-3	-7.790864E-3
4.480000E-3	-6.211579E-3
4.485000E-3	2.755523E-4
4.490000E-3	6.857276E-3
4.495000E-3	1.133054E-2
4.500000E-3	1.156360E-2
4.505000E-3	9.304345E-3
4.510000E-3	1.062590E-2
4.515000E-3	1.095217E-2
4.520000E-3	4.219651E-3
4.525000E-3	-1.779437E-3
4.530000E-3	-2.678752E-3
4.535000E-3	-4.582942E-3
4.540000E-3	-6.625593E-3
4.545000E-3	-3.150344E-3
4.550000E-3	1.205027E-3
4.555000E-3	2.634883E-3
4.560000E-3	4.770756E-3
4.565000E-3	8.640826E-3
4.570000E-3	1.190770E-2
4.575000E-3	1.311409E-2
4.580000E-3	1.098508E-2
4.585000E-3	6.282866E-3
4.590000E-3	1.405180E-3
4.595000E-3	-3.139377E-3
4.600000E-3	-7.073879E-3
4.605000E-3	-8.457124E-3
4.610000E-3	-4.693985E-3
4.615000E-3	3.043413E-4
4.620000E-3	1.050115E-3
4.625000E-3	-1.040518E-3
4.630000E-3	-1.384616E-3
4.635000E-3	-1.980960E-3
4.640000E-3	-3.567100E-3
4.645000E-3	-3.745317E-3
4.650000E-3	-5.235493E-3
4.655000E-3	-7.319272E-3
4.660000E-3	-4.961312E-3
4.665000E-3	-8.156896E-4
4.670000E-3	2.458036E-3
4.675000E-3	7.087588E-3
4.680000E-3	1.099467E-2
4.685000E-3	1.107830E-2
4.690000E-3	1.114821E-2
4.695000E-3	1.268089E-2
4.700000E-3	1.199818E-2
4.705000E-3	1.126748E-2
4.710000E-3	1.149505E-2
4.715000E-3	9.083629E-3
4.720000E-3	5.800307E-3
4.725000E-3	7.439911E-3
4.730000E-3	1.009536E-2
4.735000E-3	1.116192E-2
4.740000E-3	1.431912E-2
4.745000E-3	1.471806E-2
4.750000E-3	9.695053E-3
4.755000E-3	6.551564E-3
4.760000E-3	3.183246E-3
4.765000E-3	-4.011273E-3
4.770000E-3	-6.751716E-3
4.775000E-3	-4.802287E-3
4.780000E-3	-3.488958E-3
4.785000E-3	1.680732E-3
4.790000E-3	9.592235E-3
4.795000E-3	1.210511E-2
4.800000E-3	1.171988E-2
4.805000E-3	1.114684E-2
4.810000E-3	3.841281E-3
4.815000E-3	-5.753696E-3
4.820000E-3	-1.080412E-2
4.825000E-3	-1.487845E-2
4.830000E-3	-1.779848E-2
4.835000E-3	-1.596969E-2
4.840000E-3	-1.336771E-2
4.845000E-3	-9.701908E-3
4.850000E-3	-6.662607E-4
4.855000E-3	8.040369E-3
4.860000E-3	1.408333E-2
4.865000E-3	2.214289E-2
4.870000E-3	2.786368E-2
4.875000E-3	2.608287E-2
4.880000E-3	2.331775E-2
4.885000E-3	2.001250E-2
4.890000E-3	1.153755E-2
4.895000E-3	4.248440E-3
4.900000E-3	-8.979440E-4
4.905000E-3	-8.506477E-3
4.910000E-3	-1.313603E-2
4.915000E-3	-9.215236E-3
4.920000E-3	-4.042804E-3
4.925000E-3	2.248287E-4
4.930000E-3	7.141054E-3
4.935000E-3	1.079178E-2
4.940000E-3	8.022547E-3
4.945000E-3	3.741205E-3
4.950000E-3	-2.356589E-3
4.955000E-3	-7.353544E-3
4.960000E-3	-8.638084E-3
4.965000E-3	-1.386535E-2
4.970000E-3	-8.845091E-3
4.975000E-3	-1.185149E-2
4.980000E-3	-1.759422E-2
4.985000E-3	-2.127784E-2
4.990000E-3	-2.775401E-2
4.995000E-3	-2.456528E-2
5.000000E-3	-7.109523E-3
5.005000E-3	1.667160E-2
5.010000E-3	4.725927E-2
5.015000E-3	7.024115E-2
5.020000E-3	6.771731E-2
5.025000E-3	5.893117E-2
5.030000E-3	4.715097E-2
5.035000E-3	2.483124E-2
5.040000E-3	5.134046E-3
5.045000E-3	-3.302515E-3
5.050000E-3	-1.280975E-2
5.055000E-3	-1.650572E-2
5.060000E-3	-8.950651E-3
5.065000E-3	-7.186294E-3
5.070000E-3	-8.769691E-3
5.075000E-3	-4.667938E-3
5.080000E-3	-5.859256E-3
5.085000E-3	-1.012689E-2
5.090000E-3	-1.002407E-2
5.095000E-3	-8.620262E-3
5.100000E-3	-1.254791E-2
5.105000E-3	-1.110709E-2
5.110000E-3	-3.764510E-3
5.115000E-3	-1.306474E-3
5.120000E-3	3.786445E-3
5.125000E-3	9.570301E-3
5.130000E-3	7.545471E-3
5.135000E-3	4.789948E-3
5.140000E-3	8.498251E-3
5.145000E-3	8.777916E-3
5.150000E-3	7.973194E-3
5.155000E-3	1.288104E-2
5.160000E-3	1.076710E-2
5.165000E-3	6.156743E-3
5.170000E-3	8.930087E-3
5.175000E-3	7.940292E-3
5.180000E-3	6.219804E-3
5.185000E-3	1.012141E-2
5.190000E-3	8.978069E-3
5.195000E-3	4.526734E-3
5.200000E-3	7.907391E-3
5.205000E-3	1.113313E-2
5.210000E-3	1.064783E-2
5.215000E-3	1.407647E-2
5.220000E-3	1.553100E-2
5.225000E-3	1.284403E-2
5.230000E-3	1.390374E-2
5.235000E-3	1.220381E-2
5.240000E-3	6.310284E-3
5.245000E-3	8.115768E-4
5.250000E-3	-6.455600E-3
5.255000E-3	-1.487982E-2
5.260000E-3	-1.922971E-2
5.265000E-3	-1.760930E-2
5.270000E-3	-1.618630E-2
5.275000E-3	-1.370358E-2
5.280000E-3	-1.022971E-2
5.285000E-3	-1.011866E-2
5.290000E-3	-9.248137E-3
5.295000E-3	-2.898097E-3
5.300000E-3	3.674030E-3
5.305000E-3	1.017624E-2
5.310000E-3	1.909673E-2
5.315000E-3	2.345210E-2
5.320000E-3	2.302438E-2
5.325000E-3	2.140671E-2
5.330000E-3	1.678127E-2
5.335000E-3	9.063065E-3
5.340000E-3	2.726734E-3
5.345000E-3	-1.909673E-3
5.350000E-3	-4.935265E-3
5.355000E-3	-3.937244E-3
5.360000E-3	-2.300382E-3
5.365000E-3	-2.493680E-3
5.370000E-3	-1.524448E-3
5.375000E-3	-1.601219E-3
5.380000E-3	-3.752172E-3
5.385000E-3	-3.079057E-3
5.390000E-3	1.809597E-4
5.395000E-3	4.607618E-3
5.400000E-3	9.333134E-3
5.405000E-3	1.109612E-2
5.410000E-3	1.024753E-2
5.415000E-3	8.557200E-3
5.420000E-3	7.247984E-3
5.425000E-3	7.304192E-3
5.430000E-3	7.919729E-3
5.435000E-3	8.394063E-3
5.440000E-3	7.378221E-3
5.445000E-3	5.901754E-3
5.450000E-3	4.552782E-3
5.455000E-3	3.550649E-3
5.460000E-3	2.563596E-3
5.465000E-3	-2.344251E-4
5.470000E-3	-3.329933E-3
5.475000E-3	-5.177915E-3
5.480000E-3	-5.423307E-3
5.485000E-3	-2.458036E-3
5.490000E-3	1.062453E-3
5.495000E-3	3.874183E-3
5.500000E-3	5.897641E-3
5.505000E-3	7.408381E-3
5.510000E-3	9.027421E-3
5.515000E-3	1.056558E-2
5.520000E-3	1.197076E-2
5.525000E-3	1.211607E-2
5.530000E-3	1.252186E-2
5.535000E-3	1.247114E-2
5.540000E-3	1.009399E-2
5.545000E-3	7.574260E-3
5.550000E-3	4.167557E-3
5.555000E-3	4.523993E-5
5.560000E-3	-2.100229E-3
5.565000E-3	-2.795279E-3
5.570000E-3	-2.932370E-3
5.575000E-3	6.580353E-5
5.580000E-3	5.287588E-3
5.585000E-3	9.239912E-3
5.590000E-3	1.153070E-2
5.595000E-3	1.300991E-2
5.600000E-3	1.159102E-2
5.605000E-3	6.951869E-3
5.610000E-3	1.498401E-3
5.615000E-3	-4.533589E-3
5.620000E-3	-1.059300E-2
5.625000E-3	-1.402438E-2
5.630000E-3	-1.335675E-2
5.635000E-3	-9.470224E-3
5.640000E-3	-4.518509E-3
5.645000E-3	-3.619194E-4
5.650000E-3	2.514243E-3
5.655000E-3	4.835188E-3
5.660000E-3	5.948365E-3
5.665000E-3	6.428182E-3
5.670000E-3	7.291853E-3
5.675000E-3	7.800460E-3
5.680000E-3	8.507848E-3
5.685000E-3	9.849966E-3
5.690000E-3	1.094806E-2
5.695000E-3	1.081097E-2
5.700000E-3	1.119071E-2
5.705000E-3	1.179391E-2
5.710000E-3	1.085210E-2
5.715000E-3	9.016454E-3
5.720000E-3	6.927192E-3
5.725000E-3	3.477991E-3
5.730000E-3	-4.551411E-4
5.735000E-3	-3.368318E-3
5.740000E-3	-4.791319E-3
5.745000E-3	-3.964663E-3
5.750000E-3	-1.384616E-3
5.755000E-3	1.832902E-3
5.760000E-3	4.456818E-3
5.765000E-3	6.481647E-3
5.770000E-3	6.877840E-3
5.775000E-3	4.806399E-3
5.780000E-3	2.422392E-3
5.785000E-3	1.054227E-3
5.790000E-3	8.787513E-4
5.795000E-3	2.111197E-3
5.800000E-3	4.641891E-3
5.805000E-3	7.204115E-3
5.810000E-3	8.676469E-3
5.815000E-3	7.952631E-3
5.820000E-3	5.027115E-3
5.825000E-3	2.689719E-3
5.830000E-3	1.846611E-3
5.835000E-3	1.316071E-3
5.840000E-3	9.185076E-4
5.845000E-3	1.387358E-3
5.850000E-3	1.742423E-3
5.855000E-3	1.808226E-3
5.860000E-3	2.800763E-3
5.865000E-3	5.183399E-3
5.870000E-3	7.435799E-3
5.875000E-3	8.638084E-3
5.880000E-3	8.670986E-3
5.885000E-3	8.525670E-3
5.890000E-3	7.759333E-3
5.895000E-3	7.348061E-3
5.900000E-3	8.166492E-3
5.905000E-3	9.189188E-3
5.910000E-3	9.418130E-3
5.915000E-3	7.619500E-3
5.920000E-3	4.865348E-3
5.925000E-3	1.539528E-3
5.930000E-3	-1.549125E-3
5.935000E-3	-4.275858E-3
5.940000E-3	-5.763292E-3
5.945000E-3	-5.020261E-3
5.950000E-3	-2.233207E-3
5.955000E-3	1.229703E-3
5.960000E-3	4.951715E-3
5.965000E-3	8.518815E-3
5.970000E-3	1.088363E-2
5.975000E-3	1.056695E-2
5.980000E-3	8.351564E-3
5.985000E-3	5.875707E-3
5.990000E-3	3.896117E-3
5.995000E-3	2.558112E-3
6.000000E-3	1.438081E-3
6.005000E-3	1.124144E-3
6.010000E-3	1.495659E-3
6.015000E-3	1.162529E-3
6.020000E-3	6.415844E-4
6.025000E-3	7.416606E-4
6.030000E-3	1.209140E-3
6.035000E-3	2.216756E-3
6.040000E-3	3.689110E-3
6.045000E-3	4.695356E-3
6.050000E-3	4.704952E-3
6.055000E-3	4.988730E-3
6.060000E-3	5.480886E-3
6.065000E-3	5.608380E-3
6.070000E-3	5.594671E-3
6.075000E-3	5.944252E-3
6.080000E-3	4.443109E-3
6.085000E-3	1.100838E-3
6.090000E-3	-2.052248E-3
6.095000E-3	-3.757656E-3
6.100000E-3	-4.266262E-3
6.105000E-3	-3.131151E-3
6.110000E-3	-5.840063E-4
6.115000E-3	2.669156E-3
6.120000E-3	5.214930E-3
6.125000E-3	6.295204E-3
6.130000E-3	5.787969E-3
6.135000E-3	4.301906E-3
6.140000E-3	2.618432E-3
6.145000E-3	1.165271E-3
6.150000E-3	9.966493E-4
6.155000E-3	2.098858E-3
6.160000E-3	4.037321E-3
6.165000E-3	6.435037E-3
6.170000E-3	8.191168E-3
6.175000E-3	8.457124E-3
6.180000E-3	8.244634E-3
6.185000E-3	8.406401E-3
6.190000E-3	7.793605E-3
6.195000E-3	6.735265E-3
6.200000E-3	5.284846E-3
6.205000E-3	3.857732E-3
6.210000E-3	2.866566E-3
6.215000E-3	2.109826E-3
6.220000E-3	2.211273E-3
6.225000E-3	2.533436E-3
6.230000E-3	2.390862E-3
6.235000E-3	1.874030E-3
6.240000E-3	1.642346E-3
6.245000E-3	1.118660E-3
6.250000E-3	8.225441E-4
6.255000E-3	6.498098E-4
6.260000E-3	1.195431E-3
6.265000E-3	2.248287E-3
6.270000E-3	3.850877E-3
6.275000E-3	6.079972E-3
6.280000E-3	7.984161E-3
6.285000E-3	8.307695E-3
6.290000E-3	6.840825E-3
6.295000E-3	4.219651E-3
6.300000E-3	1.205027E-3
6.305000E-3	-2.755523E-4
6.310000E-3	-3.194213E-4
6.315000E-3	7.320642E-4
6.320000E-3	3.456056E-3
6.325000E-3	6.943643E-3
6.330000E-3	9.183705E-3
6.335000E-3	9.843111E-3
6.340000E-3	9.037018E-3
6.345000E-3	7.640064E-3
6.350000E-3	6.000459E-3
6.355000E-3	4.636407E-3
6.360000E-3	3.510892E-3
6.365000E-3	2.499163E-3
6.370000E-3	1.344860E-3
6.375000E-3	1.247525E-4
6.380000E-3	-7.937551E-4
6.385000E-3	-4.770756E-4
6.390000E-3	1.115918E-3
6.395000E-3	2.516985E-3
6.400000E-3	3.746688E-3
6.405000E-3	4.802287E-3
6.410000E-3	4.519880E-3
6.415000E-3	3.822088E-3
6.420000E-3	3.878295E-3
6.425000E-3	4.617214E-3
6.430000E-3	5.988121E-3
6.435000E-3	7.836103E-3
6.440000E-3	9.298861E-3
6.445000E-3	9.233057E-3
6.450000E-3	8.267939E-3
6.455000E-3	6.821632E-3
6.460000E-3	5.124450E-3
6.465000E-3	4.203200E-3
6.470000E-3	4.737854E-3
6.475000E-3	5.572736E-3
6.480000E-3	6.784618E-3
6.485000E-3	7.360399E-3
6.490000E-3	6.901145E-3
6.495000E-3	5.391777E-3
6.500000E-3	3.664434E-3
6.505000E-3	1.566947E-3
6.510000E-3	-7.690787E-4
6.515000E-3	-2.970755E-3
6.520000E-3	-5.232751E-3
6.525000E-3	-7.083476E-3
6.530000E-3	-7.736027E-3
6.535000E-3	-6.637931E-3
6.540000E-3	-3.828943E-3
6.545000E-3	-5.003810E-4
6.550000E-3	2.444327E-3
6.555000E-3	4.466414E-3
6.560000E-3	6.299317E-3
6.565000E-3	7.996500E-3
6.570000E-3	8.728564E-3
6.575000E-3	8.413255E-3
6.580000E-3	7.672966E-3
6.585000E-3	6.517291E-3
6.590000E-3	4.976392E-3
6.595000E-3	4.329324E-3
6.600000E-3	4.381418E-3
6.605000E-3	4.907846E-3
6.610000E-3	5.463064E-3
6.615000E-3	5.771518E-3
6.620000E-3	5.659103E-3
6.625000E-3	5.582333E-3
6.630000E-3	5.341053E-3
6.635000E-3	5.818129E-3
6.640000E-3	6.621480E-3
6.645000E-3	7.597566E-3
6.650000E-3	8.514702E-3
6.655000E-3	8.565426E-3
6.660000E-3	7.785380E-3
6.665000E-3	6.790102E-3
6.670000E-3	5.569994E-3
6.675000E-3	3.181875E-3
6.680000E-3	-2.481341E-4
6.685000E-3	-3.769994E-3
6.690000E-3	-6.709218E-3
6.695000E-3	-8.202136E-3
6.700000E-3	-7.677078E-3
6.705000E-3	-5.320489E-3
6.710000E-3	-2.552629E-3
6.715000E-3	1.987815E-4
6.720000E-3	2.840519E-3
6.725000E-3	5.439758E-3
6.730000E-3	7.948518E-3
6.735000E-3	9.766340E-3
6.740000E-3	1.095903E-2
6.745000E-3	1.126474E-2
6.750000E-3	1.076299E-2
6.755000E-3	9.109676E-3
6.760000E-3	7.618129E-3
6.765000E-3	6.747603E-3
6.770000E-3	6.520033E-3
6.775000E-3	6.744862E-3
6.780000E-3	7.014930E-3
6.785000E-3	6.539226E-3
6.790000E-3	5.198479E-3
6.795000E-3	3.286064E-3
6.800000E-3	1.654685E-3
6.805000E-3	6.854534E-4
6.810000E-3	8.760095E-4
6.815000E-3	1.532674E-3
6.820000E-3	2.648592E-3
6.825000E-3	4.046917E-3
6.830000E-3	5.033970E-3
6.835000E-3	5.131304E-3
6.840000E-3	4.077077E-3
6.845000E-3	2.120793E-3
6.850000E-3	-3.660321E-4
6.855000E-3	-2.571821E-3
6.860000E-3	-4.485607E-3
6.865000E-3	-5.452096E-3
6.870000E-3	-5.919576E-3
6.875000E-3	-5.713940E-3
6.880000E-3	-5.343795E-3
6.885000E-3	-4.810512E-3
6.890000E-3	-4.253924E-3
6.895000E-3	-3.394365E-3
6.900000E-3	-1.768470E-3
6.905000E-3	5.127192E-4
6.910000E-3	3.645241E-3
6.915000E-3	7.209599E-3
6.920000E-3	1.031333E-2
6.925000E-3	1.284951E-2
6.930000E-3	1.439041E-2
6.935000E-3	1.485240E-2
6.940000E-3	1.436436E-2
6.945000E-3	1.308805E-2
6.950000E-3	1.118934E-2
6.955000E-3	9.418130E-3
6.960000E-3	7.992387E-3
6.965000E-3	6.785989E-3
6.970000E-3	6.182790E-3
6.975000E-3	5.310893E-3
6.980000E-3	4.160702E-3
6.985000E-3	1.976848E-3
6.990000E-3	-5.072355E-4
6.995000E-3	-3.011882E-3
7.000000E-3	-4.765272E-3
7.005000E-3	-5.347908E-3
7.010000E-3	-4.485607E-3
7.015000E-3	-2.496421E-3
7.020000E-3	-3.824830E-4
7.025000E-3	1.802742E-3
7.030000E-3	3.942728E-3
7.035000E-3	5.554914E-3
7.040000E-3	7.284999E-3
7.045000E-3	8.953393E-3
7.050000E-3	1.045316E-2
7.055000E-3	1.096588E-2
7.060000E-3	1.037639E-2
7.065000E-3	9.076774E-3
7.070000E-3	7.023156E-3
7.075000E-3	4.980505E-3
7.080000E-3	3.554761E-3
7.085000E-3	2.811730E-3
7.090000E-3	2.551258E-3
7.095000E-3	2.830923E-3
7.100000E-3	3.314853E-3
7.105000E-3	3.713787E-3
7.110000E-3	4.470527E-3
7.115000E-3	5.208075E-3
7.120000E-3	5.881190E-3
7.125000E-3	6.134808E-3
7.130000E-3	5.907238E-3
7.135000E-3	5.057275E-3
7.140000E-3	3.978372E-3
7.145000E-3	3.196955E-3
7.150000E-3	2.843261E-3
7.155000E-3	2.437472E-3
7.160000E-3	1.543641E-3
7.165000E-3	1.024067E-3
7.170000E-3	8.239150E-4
7.175000E-3	1.058340E-3
7.180000E-3	1.768470E-3
7.185000E-3	2.715766E-3
7.190000E-3	3.408074E-3
7.195000E-3	3.997564E-3
7.200000E-3	4.921556E-3
7.205000E-3	6.004572E-3
7.210000E-3	7.049203E-3
7.215000E-3	8.014321E-3
7.220000E-3	8.603811E-3
7.225000E-3	8.187056E-3
7.230000E-3	6.947756E-3
7.235000E-3	4.939377E-3
7.240000E-3	3.080428E-3
7.245000E-3	1.458645E-3
7.250000E-3	4.825592E-4
7.255000E-3	1.261234E-4
7.260000E-3	3.495812E-4
7.265000E-3	8.527040E-4
7.270000E-3	1.764357E-3
7.275000E-3	2.547145E-3
7.280000E-3	3.576696E-3
7.285000E-3	4.429400E-3
7.290000E-3	5.086064E-3
7.295000E-3	5.484998E-3
7.300000E-3	5.084693E-3
7.305000E-3	4.045546E-3
7.310000E-3	2.876163E-3
7.315000E-3	1.625896E-3
7.320000E-3	7.032752E-4
7.325000E-3	1.590252E-4
7.330000E-3	1.562834E-4
7.335000E-3	4.743338E-4
7.340000E-3	1.387358E-3
7.345000E-3	2.304494E-3
7.350000E-3	2.856970E-3
7.355000E-3	3.225744E-3
7.360000E-3	3.516376E-3
7.365000E-3	4.088044E-3
7.370000E-3	4.171669E-3
7.375000E-3	4.316986E-3
7.380000E-3	4.003048E-3
7.385000E-3	3.708303E-3
7.390000E-3	3.464282E-3
7.395000E-3	3.442347E-3
7.400000E-3	3.724754E-3
7.405000E-3	4.565120E-3
7.410000E-3	5.665958E-3
7.415000E-3	6.721556E-3
7.420000E-3	7.682562E-3
7.425000E-3	8.891702E-3
7.430000E-3	1.003093E-2
7.435000E-3	1.019543E-2
7.440000E-3	9.249508E-3
7.445000E-3	7.025898E-3
7.450000E-3	3.639758E-3
7.455000E-3	2.947450E-4
7.460000E-3	-2.197564E-3
7.465000E-3	-3.412187E-3
7.470000E-3	-3.351867E-3
7.475000E-3	-2.023458E-3
7.480000E-3	2.933741E-4
7.485000E-3	3.114700E-3
7.490000E-3	6.111503E-3
7.495000E-3	8.229554E-3
7.500000E-3	9.504497E-3
7.505000E-3	9.685457E-3
7.510000E-3	8.895814E-3
7.515000E-3	7.141054E-3
7.520000E-3	4.975021E-3
7.525000E-3	2.677381E-3
7.530000E-3	6.374717E-4
7.535000E-3	-1.168013E-3
7.540000E-3	-2.666414E-3
7.545000E-3	-3.874183E-3
7.550000E-3	-4.281342E-3
7.555000E-3	-3.284693E-3
7.560000E-3	-1.368165E-3
7.565000E-3	9.185076E-4
7.570000E-3	3.270984E-3
7.575000E-3	4.703581E-3
7.580000E-3	5.535722E-3
7.585000E-3	5.394518E-3
7.590000E-3	4.976392E-3
7.595000E-3	4.500687E-3
7.600000E-3	4.374564E-3
7.605000E-3	4.247069E-3
7.610000E-3	3.926277E-3
7.615000E-3	3.493071E-3
7.620000E-3	3.457427E-3
7.625000E-3	4.072964E-3
7.630000E-3	4.859865E-3
7.635000E-3	5.567253E-3
7.640000E-3	6.574869E-3
7.645000E-3	8.055449E-3
7.650000E-3	9.364665E-3
7.655000E-3	1.026261E-2
7.660000E-3	1.053816E-2
7.665000E-3	1.008302E-2
7.670000E-3	8.570910E-3
7.675000E-3	6.796956E-3
7.680000E-3	4.862607E-3
7.685000E-3	3.229856E-3
7.690000E-3	2.201676E-3
7.695000E-3	2.034426E-3
7.700000E-3	2.075553E-3
7.705000E-3	2.515614E-3
7.710000E-3	3.251791E-3
7.715000E-3	3.630161E-3
7.720000E-3	4.085302E-3
7.725000E-3	4.469156E-3
7.730000E-3	4.805028E-3
7.735000E-3	5.084693E-3
7.740000E-3	5.057275E-3
7.745000E-3	4.684389E-3
7.750000E-3	4.152477E-3
7.755000E-3	3.250420E-3
7.760000E-3	2.473116E-3
7.765000E-3	1.735568E-3
7.770000E-3	1.033664E-3
7.775000E-3	3.783703E-4
7.780000E-3	2.604723E-5
7.785000E-3	5.209446E-5
7.790000E-3	5.497336E-4
7.795000E-3	1.085758E-3
7.800000E-3	2.157807E-3
7.805000E-3	3.238082E-3
7.810000E-3	4.221022E-3
7.815000E-3	4.876316E-3
7.820000E-3	5.091548E-3
7.825000E-3	5.102515E-3
7.830000E-3	4.947603E-3
7.835000E-3	5.046308E-3
7.840000E-3	5.103886E-3
7.845000E-3	5.154610E-3
7.850000E-3	4.770756E-3
7.855000E-3	3.853619E-3
7.860000E-3	2.492309E-3
7.865000E-3	1.536787E-3
7.870000E-3	1.029551E-3
7.875000E-3	9.856820E-4
7.880000E-3	1.277685E-3
7.885000E-3	1.693070E-3
7.890000E-3	2.105713E-3
7.895000E-3	2.431989E-3
7.900000E-3	3.088653E-3
7.905000E-3	3.794670E-3
7.910000E-3	4.471898E-3
7.915000E-3	5.491853E-3
7.920000E-3	6.455600E-3
7.925000E-3	7.468700E-3
7.930000E-3	8.210361E-3
7.935000E-3	8.598328E-3
7.940000E-3	7.911503E-3
7.945000E-3	6.744862E-3
7.950000E-3	4.673421E-3
7.955000E-3	2.459407E-3
7.960000E-3	7.745624E-4
7.965000E-3	-3.619194E-4
7.970000E-3	-8.540750E-4
7.975000E-3	-8.787513E-4
7.980000E-3	-4.894137E-4
7.985000E-3	2.344251E-4
7.990000E-3	1.406550E-3
7.995000E-3	2.802134E-3
8.000000E-3	4.016757E-3
8.005000E-3	5.068243E-3
8.010000E-3	5.863369E-3
8.015000E-3	5.922318E-3
8.020000E-3	5.874336E-3
8.025000E-3	5.428791E-3
8.030000E-3	4.939377E-3
8.035000E-3	4.245698E-3
8.040000E-3	3.823459E-3
8.045000E-3	3.486216E-3
8.050000E-3	3.392994E-3
8.055000E-3	3.239453E-3
8.060000E-3	3.642499E-3
8.065000E-3	4.104495E-3
8.070000E-3	4.040062E-3
8.075000E-3	4.044175E-3
8.080000E-3	3.735721E-3
8.085000E-3	2.910435E-3
8.090000E-3	2.181113E-3
8.095000E-3	1.688957E-3
8.100000E-3	1.978219E-3
8.105000E-3	3.002286E-3
8.110000E-3	4.162073E-3
8.115000E-3	4.868090E-3
8.120000E-3	5.013406E-3
8.125000E-3	5.136788E-3
8.130000E-3	4.772127E-3
8.135000E-3	4.606247E-3
8.140000E-3	4.662454E-3
8.145000E-3	5.112112E-3
8.150000E-3	5.371213E-3
8.155000E-3	5.509675E-3
8.160000E-3	5.494595E-3
8.165000E-3	5.527496E-3
8.170000E-3	6.042957E-3
8.175000E-3	6.288350E-3
8.180000E-3	6.107390E-3
8.185000E-3	5.693376E-3
8.190000E-3	4.636407E-3
8.195000E-3	3.409445E-3
8.200000E-3	2.489567E-3
8.205000E-3	2.233207E-3
8.210000E-3	2.379894E-3
8.215000E-3	2.951562E-3
8.220000E-3	3.838539E-3
8.225000E-3	4.537702E-3
8.230000E-3	5.092919E-3
8.235000E-3	5.286217E-3
8.240000E-3	4.898250E-3
8.245000E-3	4.070222E-3
8.250000E-3	2.947450E-3
8.255000E-3	1.586139E-3
8.260000E-3	4.798174E-4
8.265000E-3	-6.169081E-4
8.270000E-3	-1.676619E-3
8.275000E-3	-2.427876E-3
8.280000E-3	-2.884388E-3
8.285000E-3	-2.713025E-3
8.290000E-3	-1.883626E-3
8.295000E-3	-7.115006E-4
8.300000E-3	5.346537E-4
8.305000E-3	1.720488E-3
8.310000E-3	2.750039E-3
8.315000E-3	3.502667E-3
8.320000E-3	4.152477E-3
8.325000E-3	4.991472E-3
8.330000E-3	6.027877E-3
8.335000E-3	6.936789E-3
8.340000E-3	8.156896E-3
8.345000E-3	9.264588E-3
8.350000E-3	9.708762E-3
8.355000E-3	9.494901E-3
8.360000E-3	9.207010E-3
8.365000E-3	8.716226E-3
8.370000E-3	7.875860E-3
8.375000E-3	6.812036E-3
8.380000E-3	5.604267E-3
8.385000E-3	4.222393E-3
8.390000E-3	2.880275E-3
8.395000E-3	1.846611E-3
8.400000E-3	8.623004E-4
8.405000E-3	6.950498E-4
8.410000E-3	1.014471E-3
8.415000E-3	1.429856E-3
8.420000E-3	1.846611E-3
8.425000E-3	1.939833E-3
8.430000E-3	1.809597E-3
8.435000E-3	1.706779E-3
8.440000E-3	1.506627E-3
8.445000E-3	1.321554E-3
8.450000E-3	1.647830E-3
8.455000E-3	2.127647E-3
8.460000E-3	2.634883E-3
8.465000E-3	3.302515E-3
8.470000E-3	4.130542E-3
8.475000E-3	4.863977E-3
8.480000E-3	5.214930E-3
8.485000E-3	5.332828E-3
8.490000E-3	4.931152E-3
8.495000E-3	4.099011E-3
8.500000E-3	3.382027E-3
8.505000E-3	3.120184E-3
8.510000E-3	3.213406E-3
8.515000E-3	4.196346E-3
8.520000E-3	5.352020E-3
8.525000E-3	6.522775E-3
8.530000E-3	7.179439E-3
8.535000E-3	7.411122E-3
8.540000E-3	7.216454E-3
8.545000E-3	6.347299E-3
8.550000E-3	5.279362E-3
8.555000E-3	3.473878E-3
8.560000E-3	1.783550E-3
8.565000E-3	1.768470E-4
8.570000E-3	-1.124144E-3
8.575000E-3	-2.189338E-3
8.580000E-3	-2.887130E-3
8.585000E-3	-2.911806E-3
8.590000E-3	-2.559483E-3
8.595000E-3	-1.690328E-3
8.600000E-3	-2.618432E-4
8.605000E-3	1.152933E-3
8.610000E-3	2.766490E-3
8.615000E-3	4.414320E-3
8.620000E-3	5.723536E-3
8.625000E-3	6.743491E-3
8.630000E-3	7.533133E-3
8.635000E-3	7.873118E-3
8.640000E-3	8.029401E-3
8.645000E-3	7.901907E-3
8.650000E-3	7.556438E-3
8.655000E-3	7.497489E-3
8.660000E-3	7.649660E-3
8.665000E-3	7.886827E-3
8.670000E-3	7.985532E-3
8.675000E-3	8.063674E-3
8.680000E-3	7.916987E-3
8.685000E-3	7.272661E-3
8.690000E-3	5.904496E-3
8.695000E-3	4.514396E-3
8.700000E-3	2.791166E-3
8.705000E-3	1.039147E-3
8.710000E-3	-1.932979E-4
8.715000E-3	-8.814931E-4
8.720000E-3	-9.568930E-4
8.725000E-3	-6.443262E-5
8.730000E-3	1.262605E-3
8.735000E-3	2.728105E-3
8.740000E-3	3.778219E-3
8.745000E-3	4.337549E-3
8.750000E-3	4.074335E-3
8.755000E-3	3.495812E-3
8.760000E-3	2.828181E-3
8.765000E-3	1.802742E-3
8.770000E-3	9.335876E-4
8.775000E-3	3.838539E-4
8.780000E-3	2.248287E-4
8.785000E-3	6.909370E-4
8.790000E-3	1.876771E-3
8.795000E-3	3.669918E-3
8.800000E-3	5.936027E-3
8.805000E-3	8.288503E-3
8.810000E-3	1.032567E-2
8.815000E-3	1.178432E-2
8.820000E-3	1.241219E-2
8.825000E-3	1.245606E-2
8.830000E-3	1.174593E-2
8.835000E-3	1.037091E-2
8.840000E-3	8.481801E-3
8.845000E-3	6.421328E-3
8.850000E-3	4.592538E-3
8.855000E-3	3.265500E-3
8.860000E-3	2.277076E-3
8.865000E-3	1.187205E-3
8.870000E-3	3.427267E-4
8.875000E-3	-4.003048E-4
8.880000E-3	-1.047373E-3
8.885000E-3	-1.290023E-3
8.890000E-3	-7.786751E-4
8.895000E-3	2.371669E-4
8.900000E-3	1.539528E-3
8.905000E-3	3.092766E-3
8.910000E-3	4.726887E-3
8.915000E-3	5.966187E-3
8.920000E-3	7.127345E-3
8.925000E-3	7.766187E-3
8.930000E-3	7.646918E-3
8.935000E-3	7.359028E-3
8.940000E-3	6.836712E-3
8.945000E-3	6.143034E-3
8.950000E-3	5.364358E-3
8.955000E-3	4.629552E-3
8.960000E-3	3.775477E-3
8.965000E-3	3.254533E-3
8.970000E-3	2.837777E-3
8.975000E-3	2.708912E-3
8.980000E-3	2.626657E-3
8.985000E-3	2.606094E-3
8.990000E-3	2.612948E-3
8.995000E-3	2.685606E-3
9.000000E-3	2.392232E-3
9.005000E-3	2.393603E-3
9.010000E-3	2.596498E-3
9.015000E-3	2.851486E-3
9.020000E-3	2.987206E-3
9.025000E-3	3.176391E-3
9.030000E-3	3.719270E-3
9.035000E-3	4.279971E-3
9.040000E-3	4.836559E-3
9.045000E-3	4.883170E-3
9.050000E-3	4.451334E-3
9.055000E-3	3.310740E-3
9.060000E-3	1.721859E-3
9.065000E-3	2.824068E-4
9.070000E-3	-8.280277E-4
9.075000E-3	-1.327038E-3
9.080000E-3	-1.004875E-3
9.085000E-3	-1.151562E-4
9.090000E-3	1.266718E-3
9.095000E-3	2.793908E-3
9.100000E-3	4.289567E-3
9.105000E-3	5.522013E-3
9.110000E-3	6.288350E-3
9.115000E-3	6.810665E-3
9.120000E-3	6.801069E-3
9.125000E-3	6.515920E-3
9.130000E-3	6.260931E-3
9.135000E-3	6.118357E-3
9.140000E-3	6.090939E-3
9.145000E-3	5.814016E-3
9.150000E-3	5.500078E-3
9.155000E-3	5.187511E-3
9.160000E-3	4.973650E-3
9.165000E-3	4.652858E-3
9.170000E-3	4.210055E-3
9.175000E-3	4.104495E-3
9.180000E-3	3.964663E-3
9.185000E-3	4.070222E-3
9.190000E-3	4.042804E-3
9.195000E-3	3.966033E-3
9.200000E-3	3.807008E-3
9.205000E-3	3.438234E-3
9.210000E-3	3.025591E-3
9.215000E-3	2.645850E-3
9.220000E-3	2.015233E-3
9.225000E-3	1.359940E-3
9.230000E-3	8.458495E-4
9.235000E-3	7.032752E-4
9.240000E-3	9.185076E-4
9.245000E-3	1.050115E-3
9.250000E-3	1.364052E-3
9.255000E-3	1.712263E-3
9.260000E-3	1.794517E-3
9.265000E-3	1.828790E-3
9.270000E-3	2.164662E-3
9.275000E-3	2.588272E-3
9.280000E-3	3.406703E-3
9.285000E-3	4.193604E-3
9.290000E-3	4.803658E-3
9.295000E-3	5.500078E-3
9.300000E-3	5.483627E-3
9.305000E-3	5.273879E-3
9.310000E-3	5.180657E-3
9.315000E-3	4.881799E-3
9.320000E-3	4.891396E-3
9.325000E-3	5.168319E-3
9.330000E-3	5.415082E-3
9.335000E-3	5.777001E-3
9.340000E-3	5.838692E-3
9.345000E-3	5.498707E-3
9.350000E-3	5.493224E-3
9.355000E-3	5.321860E-3
9.360000E-3	5.628943E-3
9.365000E-3	5.815387E-3
9.370000E-3	5.764663E-3
9.375000E-3	5.918205E-3
9.380000E-3	5.818129E-3
9.385000E-3	5.027115E-3
9.390000E-3	3.857732E-3
9.395000E-3	2.896726E-3
9.400000E-3	1.479208E-3
9.405000E-3	8.074641E-4
9.410000E-3	6.799698E-4
9.415000E-3	1.214623E-3
9.420000E-3	1.772583E-3
9.425000E-3	2.867937E-3
9.430000E-3	3.875554E-3
9.435000E-3	4.691243E-3
9.440000E-3	5.253315E-3
9.445000E-3	5.729020E-3
9.450000E-3	5.575478E-3
9.455000E-3	5.021632E-3
9.460000E-3	4.485607E-3
9.465000E-3	3.941357E-3
9.470000E-3	3.513634E-3
9.475000E-3	3.287435E-3
9.480000E-3	3.132522E-3
9.485000E-3	3.235340E-3
9.490000E-3	2.966642E-3
9.495000E-3	2.863824E-3
9.500000E-3	2.288043E-3
9.505000E-3	2.030313E-3
9.510000E-3	1.673877E-3
9.515000E-3	1.184464E-3
9.520000E-3	1.074791E-3
9.525000E-3	9.829402E-4
9.530000E-3	1.011729E-3
9.535000E-3	1.627266E-3
9.540000E-3	2.482712E-3
9.545000E-3	3.368318E-3
9.550000E-3	4.559636E-3
9.555000E-3	5.243719E-3
9.560000E-3	5.804420E-3
9.565000E-3	6.228030E-3
9.570000E-3	6.308913E-3
9.575000E-3	5.992234E-3
9.580000E-3	5.774260E-3
9.585000E-3	5.257428E-3
9.590000E-3	4.551411E-3
9.595000E-3	3.994823E-3
9.600000E-3	3.684998E-3
9.605000E-3	3.805637E-3
9.610000E-3	4.156590E-3
9.615000E-3	4.548669E-3
9.620000E-3	5.249202E-3
9.625000E-3	5.777001E-3
9.630000E-3	6.288350E-3
9.635000E-3	6.492615E-3
9.640000E-3	6.439149E-3
9.645000E-3	6.178677E-3
9.650000E-3	5.591929E-3
9.655000E-3	4.966795E-3
9.660000E-3	4.067481E-3
9.665000E-3	3.849506E-3
9.670000E-3	3.650725E-3
9.675000E-3	3.421783E-3
9.680000E-3	3.447831E-3
9.685000E-3	3.406703E-3
9.690000E-3	3.232598E-3
9.695000E-3	2.988577E-3
9.700000E-3	2.421021E-3
9.705000E-3	2.297640E-3
9.710000E-3	2.153695E-3
9.715000E-3	2.220869E-3
9.720000E-3	2.153695E-3
9.725000E-3	2.366185E-3
9.730000E-3	3.037930E-3
9.735000E-3	3.706932E-3
9.740000E-3	4.306018E-3
9.745000E-3	4.558265E-3
9.750000E-3	4.958570E-3
9.755000E-3	5.010664E-3
9.760000E-3	5.092919E-3
9.765000E-3	5.062759E-3
9.770000E-3	5.066872E-3
9.775000E-3	4.958570E-3
9.780000E-3	4.936635E-3
9.785000E-3	4.835188E-3
9.790000E-3	4.493833E-3
9.795000E-3	4.008532E-3
9.800000E-3	3.375173E-3
9.805000E-3	2.614319E-3
9.810000E-3	1.795888E-3
9.815000E-3	8.252859E-4
9.820000E-3	2.974868E-4
9.825000E-3	2.741814E-5
9.830000E-3	4.153848E-4
9.835000E-3	1.172125E-3
9.840000E-3	2.197564E-3
9.845000E-3	3.354609E-3
9.850000E-3	4.279971E-3
9.855000E-3	4.970908E-3
9.860000E-3	5.219042E-3
9.865000E-3	5.393147E-3
9.870000E-3	4.907846E-3
9.875000E-3	4.551411E-3
9.880000E-3	4.290938E-3
9.885000E-3	3.931761E-3
9.890000E-3	3.519118E-3
9.895000E-3	3.065348E-3
9.900000E-3	2.445698E-3
9.905000E-3	1.683474E-3
9.910000E-3	1.173496E-3
9.915000E-3	1.163900E-3
9.920000E-3	1.429856E-3
9.925000E-3	2.304494E-3
9.930000E-3	3.157198E-3
9.935000E-3	3.992081E-3
9.940000E-3	4.942119E-3
9.945000E-3	5.642653E-3
9.950000E-3	5.755067E-3
9.955000E-3	5.545318E-3
9.960000E-3	5.173802E-3
9.965000E-3	4.441738E-3
9.970000E-3	3.808379E-3
9.975000E-3	3.417671E-3
9.980000E-3	3.096879E-3
9.985000E-3	2.628028E-3
9.990000E-3	2.315462E-3
9.995000E-3	2.078295E-3
