0.000000E+0	-1.152521E-2
5.000000E-6	-1.131546E-2
1.000000E-5	-1.136482E-2
1.500000E-5	-1.157731E-2
2.000000E-5	-1.152110E-2
2.500000E-5	-1.141006E-2
3.000000E-5	-1.136482E-2
3.500000E-5	-1.149642E-2
4.000000E-5	-1.123595E-2
4.500000E-5	-1.121402E-2
5.000000E-5	-1.141965E-2
5.500000E-5	-1.145804E-2
6.000000E-5	-1.154989E-2
6.500000E-5	-1.158828E-2
7.000000E-5	-1.155674E-2
7.500000E-5	-1.139086E-2
8.000000E-5	-1.140046E-2
8.500000E-5	-1.124829E-2
9.000000E-5	-1.119620E-2
9.500000E-5	-1.138401E-2
1.000000E-4	-1.144296E-2
1.050000E-4	-1.128393E-2
1.100000E-4	-1.145804E-2
1.150000E-4	-1.174867E-2
1.200000E-4	-1.161569E-2
1.250000E-4	-1.159650E-2
1.300000E-4	-1.157868E-2
1.350000E-4	-1.144570E-2
1.400000E-4	-1.149231E-2
1.450000E-4	-1.158142E-2
1.500000E-4	-1.158416E-2
1.550000E-4	-1.163900E-2
1.600000E-4	-1.159650E-2
1.650000E-4	-1.149368E-2
1.700000E-4	-1.148546E-2
1.750000E-4	-1.147312E-2
1.800000E-4	-1.142651E-2
1.850000E-4	-1.155400E-2
1.900000E-4	-1.138949E-2
1.950000E-4	-1.128531E-2
2.000000E-4	-1.124829E-2
2.050000E-4	-1.133466E-2
2.100000E-4	-1.144981E-2
2.150000E-4	-1.166779E-2
2.200000E-4	-1.167190E-2
2.250000E-4	-1.163214E-2
2.300000E-4	-1.168972E-2
2.350000E-4	-1.154166E-2
2.400000E-4	-1.142925E-2
2.450000E-4	-1.134288E-2
2.500000E-4	-1.133603E-2
2.550000E-4	-1.136893E-2
2.600000E-4	-1.145118E-2
2.650000E-4	-1.136070E-2
2.700000E-4	-1.149917E-2
2.750000E-4	-1.149094E-2
2.800000E-4	-1.125240E-2
2.850000E-4	-1.137578E-2
2.900000E-4	-1.145941E-2
2.950000E-4	-1.154715E-2
3.000000E-4	-1.168150E-2
3.050000E-4	-1.152933E-2
3.100000E-4	-1.162803E-2
3.150000E-4	-1.137578E-2
3.200000E-4	-1.134014E-2
3.250000E-4	-1.135796E-2
3.300000E-4	-1.153070E-2
3.350000E-4	-1.152933E-2
3.400000E-4	-1.141691E-2
3.450000E-4	-1.126200E-2
3.500000E-4	-1.124829E-2
3.550000E-4	-1.138949E-2
3.600000E-4	-1.140869E-2
3.650000E-4	-1.151150E-2
3.700000E-4	-1.161432E-2
3.750000E-4	-1.165956E-2
3.800000E-4	-1.150054E-2
3.850000E-4	-1.143885E-2
3.900000E-4	-1.129764E-2
3.950000E-4	-1.131409E-2
4.000000E-4	-1.150876E-2
4.050000E-4	-1.161981E-2
4.100000E-4	-1.146352E-2
4.150000E-4	-1.164997E-2
4.200000E-4	-1.150876E-2
4.250000E-4	-1.153344E-2
4.300000E-4	-1.159102E-2
4.350000E-4	-1.157182E-2
4.400000E-4	-1.158416E-2
4.450000E-4	-1.151699E-2
4.500000E-4	-1.140320E-2
4.550000E-4	-1.132369E-2
4.600000E-4	-1.134700E-2
4.650000E-4	-1.138675E-2
4.700000E-4	-1.148134E-2
4.750000E-4	-1.147312E-2
4.800000E-4	-1.149780E-2
4.850000E-4	-1.131272E-2
4.900000E-4	-1.138264E-2
4.950000E-4	-1.134151E-2
5.000000E-4	-1.144296E-2
5.050000E-4	-1.144159E-2
5.100000E-4	-1.159924E-2
5.150000E-4	-1.152384E-2
5.200000E-4	-1.147312E-2
5.250000E-4	-1.144022E-2
5.300000E-4	-1.140457E-2
5.350000E-4	-1.137990E-2
5.400000E-4	-1.155949E-2
5.450000E-4	-1.155537E-2
5.500000E-4	-1.140869E-2
5.550000E-4	-1.138949E-2
5.600000E-4	-1.127845E-2
5.650000E-4	-1.138949E-2
5.700000E-4	-1.146078E-2
5.750000E-4	-1.148409E-2
5.800000E-4	-1.154852E-2
5.850000E-4	-1.165408E-2
5.900000E-4	-1.164860E-2
5.950000E-4	-1.146626E-2
6.000000E-4	-1.139909E-2
6.050000E-4	-1.157045E-2
6.100000E-4	-1.164174E-2
6.150000E-4	-1.146626E-2
6.200000E-4	-1.134288E-2
6.250000E-4	-1.153755E-2
6.300000E-4	-1.132780E-2
6.350000E-4	-1.118386E-2
6.400000E-4	-1.135248E-2
6.450000E-4	-1.143199E-2
6.500000E-4	-1.144707E-2
6.550000E-4	-1.143885E-2
6.600000E-4	-1.144570E-2
6.650000E-4	-1.142788E-2
6.700000E-4	-1.144844E-2
6.750000E-4	-1.150876E-2
6.800000E-4	-1.152933E-2
6.850000E-4	-1.155812E-2
6.900000E-4	-1.132232E-2
6.950000E-4	-1.133329E-2
7.000000E-4	-1.164174E-2
7.050000E-4	-1.163352E-2
7.100000E-4	-1.153070E-2
7.150000E-4	-1.158690E-2
7.200000E-4	-1.158690E-2
7.250000E-4	-1.150876E-2
7.300000E-4	-1.143062E-2
7.350000E-4	-1.134837E-2
7.400000E-4	-1.124144E-2
7.450000E-4	-1.127434E-2
7.500000E-4	-1.140457E-2
7.550000E-4	-1.135111E-2
7.600000E-4	-1.139498E-2
7.650000E-4	-1.133192E-2
7.700000E-4	-1.140183E-2
7.750000E-4	-1.149642E-2
7.800000E-4	-1.155126E-2
7.850000E-4	-1.158553E-2
7.900000E-4	-1.150739E-2
7.950000E-4	-1.138127E-2
8.000000E-4	-1.122910E-2
8.050000E-4	-1.130724E-2
8.100000E-4	-1.151288E-2
8.150000E-4	-1.166368E-2
8.200000E-4	-1.153207E-2
8.250000E-4	-1.153755E-2
8.300000E-4	-1.139909E-2
8.350000E-4	-1.140732E-2
8.400000E-4	-1.148957E-2
8.450000E-4	-1.155126E-2
8.500000E-4	-1.153892E-2
8.550000E-4	-1.143473E-2
8.600000E-4	-1.132917E-2
8.650000E-4	-1.139086E-2
8.700000E-4	-1.143748E-2
8.750000E-4	-1.145667E-2
8.800000E-4	-1.148546E-2
8.850000E-4	-1.159239E-2
8.900000E-4	-1.145256E-2
8.950000E-4	-1.142377E-2
9.000000E-4	-1.150191E-2
9.050000E-4	-1.162118E-2
9.100000E-4	-1.151013E-2
9.150000E-4	-1.138675E-2
9.200000E-4	-1.147038E-2
9.250000E-4	-1.138812E-2
9.300000E-4	-1.119208E-2
9.350000E-4	-1.125926E-2
9.400000E-4	-1.124281E-2
9.450000E-4	-1.124555E-2
9.500000E-4	-1.133329E-2
9.550000E-4	-1.139772E-2
9.600000E-4	-1.145804E-2
9.650000E-4	-1.123869E-2
9.700000E-4	-1.134837E-2
9.750000E-4	-1.129216E-2
9.800000E-4	-1.134014E-2
9.850000E-4	-1.128119E-2
9.900000E-4	-1.130861E-2
9.950000E-4	-1.122224E-2
1.000000E-3	-1.140046E-2
1.005000E-3	-1.151562E-2
1.010000E-3	-1.146078E-2
1.015000E-3	-1.150191E-2
1.020000E-3	-1.141417E-2
1.025000E-3	-1.148272E-2
1.030000E-3	-1.146489E-2
1.035000E-3	-1.144570E-2
1.040000E-3	-1.149917E-2
1.045000E-3	-1.139224E-2
1.050000E-3	-1.154441E-2
1.055000E-3	-1.129353E-2
1.060000E-3	-1.145804E-2
1.065000E-3	-1.139635E-2
1.070000E-3	-1.138127E-2
1.075000E-3	-1.140183E-2
1.080000E-3	-1.135385E-2
1.085000E-3	-1.148134E-2
1.090000E-3	-1.141280E-2
1.095000E-3	-1.142788E-2
1.100000E-3	-1.124007E-2
1.105000E-3	-1.122499E-2
1.110000E-3	-1.126611E-2
1.115000E-3	-1.148134E-2
1.120000E-3	-1.136070E-2
1.125000E-3	-1.134562E-2
1.130000E-3	-1.134151E-2
1.135000E-3	-1.132780E-2
1.140000E-3	-1.121539E-2
1.145000E-3	-1.112628E-2
1.150000E-3	-1.117975E-2
1.155000E-3	-1.136070E-2
1.160000E-3	-1.133329E-2
1.165000E-3	-1.135248E-2
1.170000E-3	-1.139635E-2
1.175000E-3	-1.138949E-2
1.180000E-3	-1.130998E-2
1.185000E-3	-1.137441E-2
1.190000E-3	-1.136619E-2
1.195000E-3	-1.113176E-2
1.200000E-3	-1.121950E-2
1.205000E-3	-1.126474E-2
1.210000E-3	-1.140869E-2
1.215000E-3	-1.137441E-2
1.220000E-3	-1.131684E-2
1.225000E-3	-1.127434E-2
1.230000E-3	-1.132232E-2
1.235000E-3	-1.128119E-2
1.240000E-3	-1.155812E-2
1.245000E-3	-1.145530E-2
1.250000E-3	-1.148409E-2
1.255000E-3	-1.133466E-2
1.260000E-3	-1.134562E-2
1.265000E-3	-1.122910E-2
1.270000E-3	-1.139635E-2
1.275000E-3	-1.135385E-2
1.280000E-3	-1.131958E-2
1.285000E-3	-1.139224E-2
1.290000E-3	-1.138264E-2
1.295000E-3	-1.131821E-2
1.300000E-3	-1.130998E-2
1.305000E-3	-1.135248E-2
1.310000E-3	-1.141417E-2
1.315000E-3	-1.147449E-2
1.320000E-3	-1.140046E-2
1.325000E-3	-1.128805E-2
1.330000E-3	-1.131546E-2
1.335000E-3	-1.143199E-2
1.340000E-3	-1.138949E-2
1.345000E-3	-1.133603E-2
1.350000E-3	-1.126337E-2
1.355000E-3	-1.131684E-2
1.360000E-3	-1.120442E-2
1.365000E-3	-1.141965E-2
1.370000E-3	-1.135385E-2
1.375000E-3	-1.148546E-2
1.380000E-3	-1.137167E-2
1.385000E-3	-1.156223E-2
1.390000E-3	-1.143062E-2
1.395000E-3	-1.158553E-2
1.400000E-3	-1.145530E-2
1.405000E-3	-1.142514E-2
1.410000E-3	-1.148683E-2
1.415000E-3	-1.130724E-2
1.420000E-3	-1.134425E-2
1.425000E-3	-1.135796E-2
1.430000E-3	-1.123184E-2
1.435000E-3	-1.142651E-2
1.440000E-3	-1.150876E-2
1.445000E-3	-1.128119E-2
1.450000E-3	-1.136893E-2
1.455000E-3	-1.128256E-2
1.460000E-3	-1.118797E-2
1.465000E-3	-1.136893E-2
1.470000E-3	-1.136070E-2
1.475000E-3	-1.142102E-2
1.480000E-3	-1.138264E-2
1.485000E-3	-1.134014E-2
1.490000E-3	-1.136619E-2
1.495000E-3	-1.130038E-2
1.500000E-3	-1.137716E-2
1.505000E-3	-1.136893E-2
1.510000E-3	-1.142240E-2
1.515000E-3	-1.153481E-2
1.520000E-3	-1.146352E-2
1.525000E-3	-1.147038E-2
1.530000E-3	-1.148272E-2
1.535000E-3	-1.143748E-2
1.540000E-3	-1.147312E-2
1.545000E-3	-1.156634E-2
1.550000E-3	-1.167876E-2
1.555000E-3	-1.169795E-2
1.560000E-3	-1.160610E-2
1.565000E-3	-1.152521E-2
1.570000E-3	-1.147586E-2
1.575000E-3	-1.147723E-2
1.580000E-3	-1.149642E-2
1.585000E-3	-1.164722E-2
1.590000E-3	-1.145530E-2
1.595000E-3	-1.136619E-2
1.600000E-3	-1.138401E-2
1.605000E-3	-1.152658E-2
1.610000E-3	-1.137716E-2
1.615000E-3	-1.145393E-2
1.620000E-3	-1.157594E-2
1.625000E-3	-1.164585E-2
1.630000E-3	-1.141691E-2
1.635000E-3	-1.138401E-2
1.640000E-3	-1.147038E-2
1.645000E-3	-1.139772E-2
1.650000E-3	-1.122499E-2
1.655000E-3	-1.125789E-2
1.660000E-3	-1.146901E-2
1.665000E-3	-1.128531E-2
1.670000E-3	-1.120168E-2
1.675000E-3	-1.145804E-2
1.680000E-3	-1.139498E-2
1.685000E-3	-1.148683E-2
1.690000E-3	-1.161158E-2
1.695000E-3	-1.164585E-2
1.700000E-3	-1.174730E-2
1.705000E-3	-1.158416E-2
1.710000E-3	-1.132095E-2
1.715000E-3	-1.134837E-2
1.720000E-3	-1.142102E-2
1.725000E-3	-1.130450E-2
1.730000E-3	-1.132095E-2
1.735000E-3	-1.137716E-2
1.740000E-3	-1.150465E-2
1.745000E-3	-1.138264E-2
1.750000E-3	-1.132506E-2
1.755000E-3	-1.142102E-2
1.760000E-3	-1.151150E-2
1.765000E-3	-1.136482E-2
1.770000E-3	-1.142788E-2
1.775000E-3	-1.129216E-2
1.780000E-3	-1.131958E-2
1.785000E-3	-1.147449E-2
1.790000E-3	-1.143748E-2
1.795000E-3	-1.137304E-2
1.800000E-3	-1.149368E-2
1.805000E-3	-1.145118E-2
1.810000E-3	-1.143336E-2
1.815000E-3	-1.147723E-2
1.820000E-3	-1.163214E-2
1.825000E-3	-1.154304E-2
1.830000E-3	-1.151013E-2
1.835000E-3	-1.127297E-2
1.840000E-3	-1.127434E-2
1.845000E-3	-1.141691E-2
1.850000E-3	-1.139086E-2
1.855000E-3	-1.155537E-2
1.860000E-3	-1.147449E-2
1.865000E-3	-1.152110E-2
1.870000E-3	-1.143885E-2
1.875000E-3	-1.126063E-2
1.880000E-3	-1.137578E-2
1.885000E-3	-1.123184E-2
1.890000E-3	-1.130450E-2
1.895000E-3	-1.140594E-2
1.900000E-3	-1.118249E-2
1.905000E-3	-1.127434E-2
1.910000E-3	-1.160473E-2
1.915000E-3	-1.150328E-2
1.920000E-3	-1.125926E-2
1.925000E-3	-1.138812E-2
1.930000E-3	-1.151425E-2
1.935000E-3	-1.142514E-2
1.940000E-3	-1.141965E-2
1.945000E-3	-1.120305E-2
1.950000E-3	-1.117563E-2
1.955000E-3	-1.130450E-2
1.960000E-3	-1.151836E-2
1.965000E-3	-1.134425E-2
1.970000E-3	-1.121813E-2
1.975000E-3	-1.143748E-2
1.980000E-3	-1.148683E-2
1.985000E-3	-1.149368E-2
1.990000E-3	-1.147449E-2
1.995000E-3	-1.139909E-2
2.000000E-3	-1.145118E-2
2.005000E-3	-1.148683E-2
2.010000E-3	-1.141006E-2
2.015000E-3	-1.142651E-2
2.020000E-3	-1.148820E-2
2.025000E-3	-1.150739E-2
2.030000E-3	-1.135796E-2
2.035000E-3	-1.112902E-2
2.040000E-3	-1.133192E-2
2.045000E-3	-1.146352E-2
2.050000E-3	-1.144296E-2
2.055000E-3	-1.138264E-2
2.060000E-3	-1.128668E-2
2.065000E-3	-1.136208E-2
2.070000E-3	-1.154441E-2
2.075000E-3	-1.142788E-2
2.080000E-3	-1.128393E-2
2.085000E-3	-1.133740E-2
2.090000E-3	-1.148409E-2
2.095000E-3	-1.162803E-2
2.100000E-3	-1.146489E-2
2.105000E-3	-1.134700E-2
2.110000E-3	-1.146215E-2
2.115000E-3	-1.172674E-2
2.120000E-3	-1.152933E-2
2.125000E-3	-1.130861E-2
2.130000E-3	-1.140183E-2
2.135000E-3	-1.147723E-2
2.140000E-3	-1.126748E-2
2.145000E-3	-1.130724E-2
2.150000E-3	-1.131135E-2
2.155000E-3	-1.145667E-2
2.160000E-3	-1.131546E-2
2.165000E-3	-1.117975E-2
2.170000E-3	-1.127708E-2
2.175000E-3	-1.144296E-2
2.180000E-3	-1.155126E-2
2.185000E-3	-1.142514E-2
2.190000E-3	-1.140869E-2
2.195000E-3	-1.137853E-2
2.200000E-3	-1.148134E-2
2.205000E-3	-1.138127E-2
2.210000E-3	-1.130176E-2
2.215000E-3	-1.114684E-2
2.220000E-3	-1.130038E-2
2.225000E-3	-1.131958E-2
2.230000E-3	-1.135385E-2
2.235000E-3	-1.130724E-2
2.240000E-3	-1.151425E-2
2.245000E-3	-1.150602E-2
2.250000E-3	-1.139086E-2
2.255000E-3	-1.142102E-2
2.260000E-3	-1.130587E-2
2.265000E-3	-1.151973E-2
2.270000E-3	-1.147312E-2
2.275000E-3	-1.156086E-2
2.280000E-3	-1.159650E-2
2.285000E-3	-1.136893E-2
2.290000E-3	-1.141417E-2
2.295000E-3	-1.135385E-2
2.300000E-3	-1.143885E-2
2.305000E-3	-1.141417E-2
2.310000E-3	-1.131546E-2
2.315000E-3	-1.135111E-2
2.320000E-3	-1.147586E-2
2.325000E-3	-1.151973E-2
2.330000E-3	-1.147175E-2
2.335000E-3	-1.163489E-2
2.340000E-3	-1.152658E-2
2.345000E-3	-1.151973E-2
2.350000E-3	-1.145118E-2
2.355000E-3	-1.149505E-2
2.360000E-3	-1.145941E-2
2.365000E-3	-1.161295E-2
2.370000E-3	-1.131272E-2
2.375000E-3	-1.162255E-2
2.380000E-3	-1.130587E-2
2.385000E-3	-1.164174E-2
2.390000E-3	-1.137441E-2
2.395000E-3	-1.172262E-2
2.400000E-3	-1.116604E-2
2.405000E-3	-1.156360E-2
2.410000E-3	-1.109338E-2
2.415000E-3	-1.179254E-2
2.420000E-3	-1.119620E-2
2.425000E-3	-1.194334E-2
2.430000E-3	-1.095903E-2
2.435000E-3	-1.204479E-2
2.440000E-3	-1.092887E-2
2.445000E-3	-1.204890E-2
2.450000E-3	-1.071912E-2
2.455000E-3	-1.207906E-2
2.460000E-3	-1.039559E-2
2.465000E-3	-1.071364E-2
2.470000E-3	1.428485E-3
2.475000E-3	5.546689E-3
2.480000E-3	-2.069027E-1
2.485000E-3	-8.551306E-1
2.490000E-3	-9.350846E-1
2.495000E-3	-6.146557E-1
2.500000E-3	3.019669E-1
2.505000E-3	1.707190E+0
2.510000E-3	8.999894E-1
2.515000E-3	8.901298E-2
2.520000E-3	6.154138E-2
2.525000E-3	-1.650270E-1
2.530000E-3	-1.402383E-1
2.535000E-3	3.880461E-1
2.540000E-3	4.361609E-1
2.545000E-3	-1.041094E-1
2.550000E-3	-1.901420E-1
2.555000E-3	1.230265E-1
2.560000E-3	-6.491381E-2
2.565000E-3	-5.036163E-1
2.570000E-3	-2.382622E-1
2.575000E-3	-2.382458E-1
2.580000E-3	-6.082220E-1
2.585000E-3	-2.705402E-1
2.590000E-3	1.660401E-1
2.595000E-3	5.787832E-2
2.600000E-3	2.959267E-1
2.605000E-3	4.619709E-1
2.610000E-3	-3.444856E-1
2.615000E-3	-5.870525E-1
2.620000E-3	2.284232E-1
2.625000E-3	3.493413E-1
2.630000E-3	-1.337909E-1
2.635000E-3	2.345101E-1
2.640000E-3	1.962810E-1
2.645000E-3	-2.112526E-1
2.650000E-3	1.328080E-1
2.655000E-3	5.574518E-2
2.660000E-3	-3.187770E-1
2.665000E-3	1.651216E-1
2.670000E-3	2.379977E-1
2.675000E-3	-3.539969E-1
2.680000E-3	-8.613271E-2
2.685000E-3	2.149650E-1
2.690000E-3	-2.855942E-1
2.695000E-3	-1.039051E-1
2.700000E-3	1.696319E-1
2.705000E-3	-1.822497E-1
2.710000E-3	4.580200E-2
2.715000E-3	1.328052E-1
2.720000E-3	-2.461710E-1
2.725000E-3	-1.181310E-1
2.730000E-3	3.543451E-1
2.735000E-3	1.759340E-1
2.740000E-3	-5.608243E-2
2.745000E-3	4.256254E-2
2.750000E-3	-1.957216E-1
2.755000E-3	-1.624415E-1
2.760000E-3	2.237704E-1
2.765000E-3	7.726157E-2
2.770000E-3	-1.586756E-1
2.775000E-3	-4.844099E-2
2.780000E-3	-9.006858E-4
2.785000E-3	-8.833575E-2
2.790000E-3	2.544540E-2
2.795000E-3	1.551455E-2
2.800000E-3	-2.620105E-1
2.805000E-3	-1.152439E-1
2.810000E-3	7.022333E-2
2.815000E-3	-6.169081E-5
2.820000E-3	9.734809E-3
2.825000E-3	4.403627E-2
2.830000E-3	3.741068E-2
2.835000E-3	-9.497780E-2
2.840000E-3	1.738173E-2
2.845000E-3	2.163277E-1
2.850000E-3	7.530254E-2
2.855000E-3	-6.322074E-2
2.860000E-3	2.954990E-2
2.865000E-3	6.661922E-2
2.870000E-3	3.406429E-2
2.875000E-3	-2.289414E-2
2.880000E-3	-1.508697E-1
2.885000E-3	-8.739257E-2
2.890000E-3	1.146928E-1
2.895000E-3	-1.089460E-1
2.900000E-3	-2.841616E-1
2.905000E-3	-8.004588E-2
2.910000E-3	-1.745164E-2
2.915000E-3	-7.556438E-3
2.920000E-3	1.865736E-1
2.925000E-3	1.101140E-1
2.930000E-3	-1.355937E-1
2.935000E-3	6.095052E-3
2.940000E-3	1.103182E-1
2.945000E-3	-1.006945E-1
2.950000E-3	-2.521783E-2
2.955000E-3	1.411157E-1
2.960000E-3	-2.470100E-2
2.965000E-3	-3.542423E-2
2.970000E-3	-9.800613E-3
2.975000E-3	-1.993902E-1
2.980000E-3	-1.984031E-1
2.985000E-3	-1.867449E-2
2.990000E-3	-7.401252E-2
2.995000E-3	-4.852188E-2
3.000000E-3	1.386220E-1
3.005000E-3	1.004244E-1
3.010000E-3	5.480200E-2
3.015000E-3	8.954626E-2
3.020000E-3	-3.400123E-2
3.025000E-3	-8.318114E-2
3.030000E-3	-2.439529E-2
3.035000E-3	-5.001205E-2
3.040000E-3	-3.887892E-2
3.045000E-3	6.876469E-2
3.050000E-3	4.743338E-2
3.055000E-3	1.859498E-2
3.060000E-3	8.508670E-2
3.065000E-3	-2.026063E-2
3.070000E-3	-7.681739E-2
3.075000E-3	4.843688E-2
3.080000E-3	6.548548E-2
3.085000E-3	2.424312E-2
3.090000E-3	8.899927E-2
3.095000E-3	5.948502E-2
3.100000E-3	-1.040491E-1
3.105000E-3	-8.988625E-2
3.110000E-3	-4.620641E-2
3.115000E-3	-4.748958E-2
3.120000E-3	-1.092201E-2
3.125000E-3	-1.204177E-1
3.130000E-3	-1.821442E-1
3.135000E-3	-8.113164E-2
3.140000E-3	-3.349674E-2
3.145000E-3	-2.438980E-2
3.150000E-3	2.594441E-2
3.155000E-3	3.739971E-2
3.160000E-3	9.404421E-4
3.165000E-3	8.658648E-3
3.170000E-3	3.096879E-3
3.175000E-3	-1.428485E-2
3.180000E-3	8.226401E-2
3.185000E-3	1.057970E-1
3.190000E-3	-8.492768E-3
3.195000E-3	-2.027160E-2
3.200000E-3	3.344464E-2
3.205000E-3	-7.156408E-2
3.210000E-3	-1.343283E-1
3.215000E-3	-5.752051E-2
3.220000E-3	-6.215280E-2
3.225000E-3	-7.897794E-2
3.230000E-3	-3.591776E-3
3.235000E-3	1.824951E-2
3.240000E-3	-9.486675E-4
3.245000E-3	4.313833E-2
3.250000E-3	2.530831E-2
3.255000E-3	-2.652979E-2
3.260000E-3	3.005302E-2
3.265000E-3	8.208579E-2
3.270000E-3	3.625637E-2
3.275000E-3	7.253468E-3
3.280000E-3	1.498950E-2
3.285000E-3	-3.843474E-2
3.290000E-3	-4.249126E-2
3.295000E-3	3.282773E-2
3.300000E-3	3.977001E-3
3.305000E-3	-5.794823E-2
3.310000E-3	-5.751640E-2
3.315000E-3	-9.135175E-2
3.320000E-3	-1.092750E-1
3.325000E-3	-2.553040E-2
3.330000E-3	1.562834E-2
3.335000E-3	-1.122910E-2
3.340000E-3	2.207023E-2
3.345000E-3	3.912568E-3
3.350000E-3	-6.042683E-2
3.355000E-3	1.071090E-2
3.360000E-3	5.170649E-2
3.365000E-3	-2.658325E-2
3.370000E-3	-2.036756E-2
3.375000E-3	4.177839E-2
3.380000E-3	3.197092E-2
3.385000E-3	2.047312E-2
3.390000E-3	1.872659E-2
3.395000E-3	-4.446536E-2
3.400000E-3	-4.151380E-2
3.405000E-3	1.730222E-2
3.410000E-3	-4.465181E-2
3.415000E-3	-7.826918E-2
3.420000E-3	-3.276742E-2
3.425000E-3	-5.244541E-2
3.430000E-3	-3.785759E-2
3.435000E-3	1.463991E-2
3.440000E-3	-3.590542E-2
3.445000E-3	-4.640383E-2
3.450000E-3	3.488410E-2
3.455000E-3	1.713771E-2
3.460000E-3	-1.657426E-2
3.465000E-3	2.903992E-2
3.470000E-3	-7.156134E-3
3.475000E-3	-5.510360E-2
3.480000E-3	7.210970E-4
3.485000E-3	-1.289612E-2
3.490000E-3	-6.654930E-2
3.495000E-3	2.909064E-3
3.500000E-3	-3.554761E-3
3.505000E-3	-6.565821E-2
3.510000E-3	1.552963E-2
3.515000E-3	5.162561E-2
3.520000E-3	1.878142E-3
3.525000E-3	2.137107E-2
3.530000E-3	3.987145E-2
3.535000E-3	-2.328759E-2
3.540000E-3	-8.753240E-3
3.545000E-3	4.297382E-2
3.550000E-3	1.885957E-2
3.555000E-3	9.995282E-3
3.560000E-3	-1.285499E-2
3.565000E-3	-7.052767E-2
3.570000E-3	-7.467192E-2
3.575000E-3	-3.202713E-2
3.580000E-3	-2.171791E-2
3.585000E-3	-4.072142E-2
3.590000E-3	-3.592050E-2
3.595000E-3	-3.876650E-2
3.600000E-3	-3.667861E-2
3.605000E-3	1.117015E-2
3.610000E-3	2.666140E-2
3.615000E-3	2.030313E-3
3.620000E-3	-3.018737E-3
3.625000E-3	-1.120305E-2
3.630000E-3	-3.515965E-2
3.635000E-3	-2.831608E-2
3.640000E-3	-1.285088E-2
3.645000E-3	-4.212797E-3
3.650000E-3	6.119728E-3
3.655000E-3	-1.154578E-2
3.660000E-3	-1.416010E-2
3.665000E-3	1.649201E-2
3.670000E-3	1.262742E-2
3.675000E-3	5.744100E-4
3.680000E-3	-1.864845E-2
3.685000E-3	-7.312143E-2
3.690000E-3	-8.455616E-2
3.695000E-3	-4.430634E-2
3.700000E-3	-2.951151E-2
3.705000E-3	-2.080077E-2
3.710000E-3	-1.407647E-2
3.715000E-3	-2.994883E-2
3.720000E-3	-8.880734E-3
3.725000E-3	3.327054E-2
3.730000E-3	3.902698E-2
3.735000E-3	4.033208E-2
3.740000E-3	5.492675E-2
3.745000E-3	2.775264E-2
3.750000E-3	-2.966917E-2
3.755000E-3	-6.163323E-2
3.760000E-3	-6.484938E-2
3.765000E-3	-2.501220E-2
3.770000E-3	1.696634E-2
3.775000E-3	5.809903E-3
3.780000E-3	-1.224083E-2
3.785000E-3	-5.134046E-3
3.790000E-3	-2.767038E-2
3.795000E-3	-5.312675E-2
3.800000E-3	-2.437335E-2
3.805000E-3	6.152630E-3
3.810000E-3	1.812065E-2
3.815000E-3	3.902286E-2
3.820000E-3	4.420626E-2
3.825000E-3	2.226901E-2
3.830000E-3	1.327175E-2
3.835000E-3	7.204115E-3
3.840000E-3	-3.115386E-2
3.845000E-3	-5.166948E-2
3.850000E-3	-1.667571E-2
3.855000E-3	7.938921E-3
3.860000E-3	1.282483E-2
3.865000E-3	7.371366E-3
3.870000E-3	-3.980565E-2
3.875000E-3	-8.559257E-2
3.880000E-3	-8.571458E-2
3.885000E-3	-6.715113E-2
3.890000E-3	-4.040885E-2
3.895000E-3	-6.777763E-3
3.900000E-3	6.322622E-3
3.905000E-3	3.467023E-3
3.910000E-3	9.795129E-3
3.915000E-3	-1.095355E-3
3.920000E-3	-2.069795E-2
3.925000E-3	-6.680429E-3
3.930000E-3	1.452065E-2
3.935000E-3	1.870602E-2
3.940000E-3	2.060884E-2
3.945000E-3	1.335675E-2
3.950000E-3	-1.496482E-2
3.955000E-3	-2.116954E-2
3.960000E-3	-4.927039E-3
3.965000E-3	-1.659071E-2
3.970000E-3	-3.237671E-2
3.975000E-3	-3.151989E-2
3.980000E-3	-4.689461E-2
3.985000E-3	-3.268927E-2
3.990000E-3	2.236497E-2
3.995000E-3	2.516162E-2
4.000000E-3	-1.125377E-2
4.005000E-3	-1.721585E-2
4.010000E-3	-3.244251E-2
4.015000E-3	-4.795432E-2
4.020000E-3	-1.911455E-2
4.025000E-3	-3.989339E-3
4.030000E-3	-1.368439E-2
4.035000E-3	3.347754E-3
4.040000E-3	1.835233E-2
4.045000E-3	9.863675E-3
4.050000E-3	9.800613E-3
4.055000E-3	7.508457E-3
4.060000E-3	-1.151288E-2
4.065000E-3	-1.127160E-2
4.070000E-3	8.712113E-3
4.075000E-3	6.148517E-3
4.080000E-3	-1.005697E-2
4.085000E-3	-1.462209E-2
4.090000E-3	-2.318203E-2
4.095000E-3	-3.491837E-2
4.100000E-3	-2.900290E-2
4.105000E-3	-2.876711E-2
4.110000E-3	-3.662652E-2
4.115000E-3	-1.637000E-2
4.120000E-3	1.682925E-2
4.125000E-3	1.550084E-2
4.130000E-3	9.486675E-4
4.135000E-3	-1.804113E-3
4.140000E-3	-1.740640E-2
4.145000E-3	-2.848607E-2
4.150000E-3	-2.257061E-2
4.155000E-3	-3.666764E-2
4.160000E-3	-5.224937E-2
4.165000E-3	-4.265988E-2
4.170000E-3	-2.477914E-2
4.175000E-3	-6.077230E-3
4.180000E-3	1.630419E-2
4.185000E-3	1.832491E-2
4.190000E-3	-1.110435E-3
4.195000E-3	-1.686352E-2
4.200000E-3	-3.992081E-2
4.205000E-3	-5.060428E-2
4.210000E-3	-2.478051E-2
4.215000E-3	-8.154154E-3
4.220000E-3	-8.428335E-3
4.225000E-3	9.409904E-3
4.230000E-3	1.487845E-2
4.235000E-3	-3.945470E-3
4.240000E-3	-5.624831E-3
4.245000E-3	2.870679E-3
4.250000E-3	-1.479894E-2
4.255000E-3	-2.567297E-2
4.260000E-3	-9.475708E-3
4.265000E-3	-2.508759E-3
4.270000E-3	6.332219E-3
4.275000E-3	1.843870E-2
4.280000E-3	8.311808E-3
4.285000E-3	-1.171166E-2
4.290000E-3	-2.212232E-2
4.295000E-3	-2.695203E-2
4.300000E-3	-2.451730E-2
4.305000E-3	-6.537855E-3
4.310000E-3	-1.226962E-3
4.315000E-3	-1.010221E-2
4.320000E-3	-1.360762E-2
4.325000E-3	-1.780260E-2
4.330000E-3	-1.091790E-2
4.335000E-3	-1.151562E-3
4.340000E-3	-1.053679E-2
4.345000E-3	-2.257198E-2
4.350000E-3	-2.352613E-2
4.355000E-3	-1.915568E-2
4.360000E-3	-9.743035E-3
4.365000E-3	1.424372E-3
4.370000E-3	1.096725E-3
4.375000E-3	-3.800154E-3
4.380000E-3	-2.174258E-3
4.385000E-3	-5.023003E-3
4.390000E-3	-6.578982E-3
4.395000E-3	-6.683171E-3
4.400000E-3	-1.917487E-2
4.405000E-3	-3.011608E-2
4.410000E-3	-2.750313E-2
4.415000E-3	-2.286947E-2
4.420000E-3	-2.031958E-2
4.425000E-3	-1.168835E-2
4.430000E-3	-1.113999E-2
4.435000E-3	-2.451456E-2
4.440000E-3	-2.764845E-2
4.445000E-3	-2.502316E-2
4.450000E-3	-2.483672E-2
4.455000E-3	-1.431912E-2
4.460000E-3	-1.109201E-2
4.465000E-3	-1.703352E-2
4.470000E-3	-1.079315E-2
4.475000E-3	-7.069767E-3
4.480000E-3	-1.230389E-2
4.485000E-3	-5.792081E-3
4.490000E-3	9.895205E-3
4.495000E-3	2.008516E-2
4.500000E-3	2.290374E-2
4.505000E-3	8.575022E-3
4.510000E-3	-1.966840E-2
4.515000E-3	-2.581555E-2
4.520000E-3	-1.201326E-2
4.525000E-3	-2.878904E-3
4.530000E-3	1.331288E-2
4.535000E-3	2.543581E-2
4.540000E-3	8.030772E-3
4.545000E-3	-2.573878E-2
4.550000E-3	-5.148715E-2
4.555000E-3	-6.045699E-2
4.560000E-3	-4.638189E-2
4.565000E-3	-1.773405E-2
4.570000E-3	1.379132E-3
4.575000E-3	7.239759E-3
4.580000E-3	6.995738E-3
4.585000E-3	1.490176E-3
4.590000E-3	-2.087891E-3
4.595000E-3	1.198173E-3
4.600000E-3	-3.088653E-3
4.605000E-3	-1.616436E-2
4.610000E-3	-2.224159E-2
4.615000E-3	-2.501220E-2
4.620000E-3	-2.882195E-2
4.625000E-3	-2.300382E-2
4.630000E-3	-1.406276E-2
4.635000E-3	-1.043808E-2
4.640000E-3	-3.728867E-3
4.645000E-3	-2.289414E-4
4.650000E-3	-6.467938E-3
4.655000E-3	-1.250678E-2
4.660000E-3	-2.320808E-2
4.665000E-3	-3.849781E-2
4.670000E-3	-3.906262E-2
4.675000E-3	-2.715766E-2
4.680000E-3	-1.628226E-2
4.685000E-3	-7.796347E-3
4.690000E-3	-5.690634E-3
4.695000E-3	-1.129764E-2
4.700000E-3	-7.596195E-3
4.705000E-3	3.461540E-3
4.710000E-3	3.292918E-3
4.715000E-3	-2.484083E-3
4.720000E-3	-1.010358E-3
4.725000E-3	1.952171E-3
4.730000E-3	8.513331E-4
4.735000E-3	1.802742E-3
4.740000E-3	1.974106E-4
4.745000E-3	-7.430315E-3
4.750000E-3	-1.293039E-2
4.755000E-3	-1.747769E-2
4.760000E-3	-2.613771E-2
4.765000E-3	-3.107435E-2
4.770000E-3	-2.519041E-2
4.775000E-3	-1.836741E-2
4.780000E-3	-1.372278E-2
4.785000E-3	-8.984923E-3
4.790000E-3	-4.862607E-3
4.795000E-3	1.347601E-3
4.800000E-3	7.886827E-3
4.805000E-3	7.486522E-3
4.810000E-3	-9.664893E-4
4.815000E-3	-1.042026E-2
4.820000E-3	-2.012491E-2
4.825000E-3	-2.460778E-2
4.830000E-3	-1.817960E-2
4.835000E-3	-1.338965E-2
4.840000E-3	-1.788348E-2
4.845000E-3	-2.143824E-2
4.850000E-3	-2.003992E-2
4.855000E-3	-2.051699E-2
4.860000E-3	-1.831120E-2
4.865000E-3	-1.183778E-2
4.870000E-3	-1.335400E-2
4.875000E-3	-1.439178E-2
4.880000E-3	-6.470680E-3
4.885000E-3	-3.258646E-3
4.890000E-3	-8.274794E-3
4.895000E-3	-1.440275E-2
4.900000E-3	-2.409369E-2
4.905000E-3	-3.013253E-2
4.910000E-3	-2.198935E-2
4.915000E-3	-8.236408E-3
4.920000E-3	7.759333E-4
4.925000E-3	7.353544E-3
4.930000E-3	1.114410E-2
4.935000E-3	9.390712E-3
4.940000E-3	1.063824E-3
4.945000E-3	-1.335537E-2
4.950000E-3	-2.923048E-2
4.955000E-3	-3.858417E-2
4.960000E-3	-3.525424E-2
4.965000E-3	-2.415812E-2
4.970000E-3	-1.683885E-2
4.975000E-3	-1.286870E-2
4.980000E-3	-1.117289E-2
4.985000E-3	-1.940793E-2
4.990000E-3	-2.584845E-2
4.995000E-3	-1.554334E-2
5.000000E-3	-1.837015E-3
5.005000E-3	7.156134E-3
5.010000E-3	1.796710E-2
5.015000E-3	2.155340E-2
5.020000E-3	1.518553E-2
5.025000E-3	1.237106E-2
5.030000E-3	9.016454E-3
5.035000E-3	-3.401220E-3
5.040000E-3	-1.042986E-2
5.045000E-3	-1.082605E-2
5.050000E-3	-1.551592E-2
5.055000E-3	-2.086246E-2
5.060000E-3	-2.448165E-2
5.065000E-3	-3.186262E-2
5.070000E-3	-3.591090E-2
5.075000E-3	-2.969384E-2
5.080000E-3	-2.043474E-2
5.085000E-3	-9.552479E-3
5.090000E-3	-1.617670E-4
5.095000E-3	-1.066566E-3
5.100000E-3	-7.079363E-3
5.105000E-3	-8.591473E-3
5.110000E-3	-8.226812E-3
5.115000E-3	-7.834733E-3
5.120000E-3	-7.552326E-3
5.125000E-3	-1.106459E-2
5.130000E-3	-1.707876E-2
5.135000E-3	-2.117777E-2
5.140000E-3	-2.511090E-2
5.145000E-3	-2.347952E-2
5.150000E-3	-1.565439E-2
5.155000E-3	-8.697033E-3
5.160000E-3	-8.513331E-4
5.165000E-3	4.249811E-3
5.170000E-3	-1.841128E-3
5.175000E-3	-1.192552E-2
5.180000E-3	-1.761204E-2
5.185000E-3	-2.014822E-2
5.190000E-3	-1.977670E-2
5.195000E-3	-1.855248E-2
5.200000E-3	-2.146977E-2
5.205000E-3	-2.553999E-2
5.210000E-3	-2.455294E-2
5.215000E-3	-1.967251E-2
5.220000E-3	-1.291257E-2
5.225000E-3	-8.788884E-3
5.230000E-3	-7.324755E-3
5.235000E-3	-3.654838E-3
5.240000E-3	1.340747E-3
5.245000E-3	5.405486E-3
5.250000E-3	1.256025E-2
5.255000E-3	1.552552E-2
5.260000E-3	6.961465E-3
5.265000E-3	-6.659865E-3
5.270000E-3	-1.720077E-2
5.275000E-3	-2.492309E-2
5.280000E-3	-2.706307E-2
5.285000E-3	-2.536041E-2
5.290000E-3	-2.333969E-2
5.295000E-3	-2.297229E-2
5.300000E-3	-2.254182E-2
5.305000E-3	-2.362072E-2
5.310000E-3	-2.705622E-2
5.315000E-3	-4.188806E-2
5.320000E-3	-5.944389E-2
5.325000E-3	-7.692158E-2
5.330000E-3	-8.325243E-2
5.335000E-3	-6.892097E-2
5.340000E-3	-4.722911E-2
5.345000E-3	-1.987267E-2
5.350000E-3	4.853010E-4
5.355000E-3	4.370999E-2
5.360000E-3	1.394171E-1
5.365000E-3	1.938202E-1
5.370000E-3	1.099536E-1
5.375000E-3	4.549354E-2
5.380000E-3	1.330739E-2
5.385000E-3	-1.909673E-3
5.390000E-3	-2.650648E-2
5.395000E-3	1.296878E-3
5.400000E-3	2.244174E-3
5.405000E-3	-4.012370E-2
5.410000E-3	-5.568898E-2
5.415000E-3	-4.956651E-2
5.420000E-3	-9.102958E-2
5.425000E-3	-1.126789E-1
5.430000E-3	-7.638144E-2
5.435000E-3	-7.187253E-2
5.440000E-3	-6.315631E-2
5.445000E-3	-1.504433E-2
5.450000E-3	-1.486063E-3
5.455000E-3	-8.385837E-3
5.460000E-3	3.163093E-2
5.465000E-3	2.674091E-2
5.470000E-3	-2.648455E-2
5.475000E-3	-1.008850E-2
5.480000E-3	3.482789E-2
5.485000E-3	1.558584E-2
5.490000E-3	1.279742E-2
5.495000E-3	2.736056E-2
5.500000E-3	-1.562834E-4
5.505000E-3	-2.670527E-3
5.510000E-3	1.821661E-2
5.515000E-3	-1.895553E-2
5.520000E-3	-2.825987E-2
5.525000E-3	-4.647374E-4
5.530000E-3	-2.366871E-2
5.535000E-3	-4.238433E-2
5.540000E-3	-1.715964E-2
5.545000E-3	-3.121006E-2
5.550000E-3	-4.659575E-2
5.555000E-3	-2.464068E-2
5.560000E-3	-2.048135E-2
5.565000E-3	-1.136345E-2
5.570000E-3	1.858538E-2
5.575000E-3	1.127982E-2
5.580000E-3	-8.828640E-4
5.585000E-3	1.178432E-2
5.590000E-3	1.273024E-2
5.595000E-3	-1.965880E-3
5.600000E-3	-6.971061E-3
5.605000E-3	-2.445698E-2
5.610000E-3	-4.345912E-2
5.615000E-3	-2.532750E-2
5.620000E-3	-1.004463E-2
5.625000E-3	-1.843596E-2
5.630000E-3	-2.080351E-2
5.635000E-3	-2.263093E-2
5.640000E-3	-3.110451E-2
5.645000E-3	-3.204632E-2
5.650000E-3	-2.974457E-2
5.655000E-3	-3.160077E-2
5.660000E-3	-2.077609E-2
5.665000E-3	4.104495E-3
5.670000E-3	8.358419E-3
5.675000E-3	-4.862607E-3
5.680000E-3	-1.823169E-2
5.685000E-3	-1.930922E-2
5.690000E-3	-1.949978E-2
5.695000E-3	-1.939148E-2
5.700000E-3	1.414776E-3
5.705000E-3	1.308393E-2
5.710000E-3	-4.099011E-4
5.715000E-3	-5.853772E-3
5.720000E-3	-2.220869E-4
5.725000E-3	8.760095E-4
5.730000E-3	-2.248287E-4
5.735000E-3	-1.141691E-2
5.740000E-3	-2.301478E-2
5.745000E-3	-1.330465E-2
5.750000E-3	-5.867481E-3
5.755000E-3	-1.466596E-2
5.760000E-3	-1.018035E-2
5.765000E-3	-5.838692E-3
5.770000E-3	-1.468241E-2
5.775000E-3	-1.187205E-2
5.780000E-3	-4.550040E-3
5.785000E-3	-1.598889E-2
5.790000E-3	-1.627541E-2
5.795000E-3	-1.040518E-3
5.800000E-3	-1.550496E-3
5.805000E-3	-7.164359E-3
5.810000E-3	-1.621783E-3
5.815000E-3	-1.192278E-2
5.820000E-3	-2.574289E-2
5.825000E-3	-2.758539E-2
5.830000E-3	-3.493071E-2
5.835000E-3	-4.186338E-2
5.840000E-3	-2.974731E-2
5.845000E-3	-1.664555E-2
5.850000E-3	-1.075613E-2
5.855000E-3	-2.028942E-4
5.860000E-3	1.850724E-3
5.865000E-3	-6.174564E-3
5.870000E-3	-8.856058E-3
5.875000E-3	-1.311684E-2
5.880000E-3	-1.967525E-2
5.885000E-3	-1.596010E-2
5.890000E-3	-8.579135E-3
5.895000E-3	-1.029551E-3
5.900000E-3	1.273710E-2
5.905000E-3	2.047038E-2
5.910000E-3	1.757365E-2
5.915000E-3	1.987541E-2
5.920000E-3	2.016878E-2
5.925000E-3	8.392692E-3
5.930000E-3	1.484692E-3
5.935000E-3	-2.194822E-3
5.940000E-3	-1.255476E-2
5.945000E-3	-1.798630E-2
5.950000E-3	-2.137381E-2
5.955000E-3	-3.348440E-2
5.960000E-3	-4.301906E-2
5.965000E-3	-3.777397E-2
5.970000E-3	-3.314030E-2
5.975000E-3	-2.856833E-2
5.980000E-3	-2.365911E-2
5.985000E-3	-2.407449E-2
5.990000E-3	-2.391410E-2
5.995000E-3	-1.900762E-2
6.000000E-3	-1.239985E-2
6.005000E-3	-7.956743E-3
6.010000E-3	-4.330695E-3
6.015000E-3	1.178980E-4
6.020000E-3	3.780961E-3
6.025000E-3	5.874336E-3
6.030000E-3	4.910588E-3
6.035000E-3	4.079819E-3
6.040000E-3	3.586292E-3
6.045000E-3	-6.164968E-3
6.050000E-3	-1.912415E-2
6.055000E-3	-2.338082E-2
6.060000E-3	-2.495325E-2
6.065000E-3	-2.862316E-2
6.070000E-3	-2.398539E-2
6.075000E-3	-1.637822E-2
6.080000E-3	-1.536512E-2
6.085000E-3	-1.533359E-2
6.090000E-3	-1.386261E-2
6.095000E-3	-1.285911E-2
6.100000E-3	-8.720338E-3
6.105000E-3	-4.023612E-3
6.110000E-3	-2.859712E-3
6.115000E-3	-9.514093E-4
6.120000E-3	2.469003E-3
6.125000E-3	-8.746386E-4
6.130000E-3	-9.834886E-3
6.135000E-3	-1.667845E-2
6.140000E-3	-2.075005E-2
6.145000E-3	-2.279133E-2
6.150000E-3	-1.743382E-2
6.155000E-3	-1.197761E-2
6.160000E-3	-1.442057E-2
6.165000E-3	-2.093375E-2
6.170000E-3	-2.603489E-2
6.175000E-3	-2.828729E-2
6.180000E-3	-2.438569E-2
6.185000E-3	-1.675111E-2
6.190000E-3	-1.313466E-2
6.195000E-3	-1.059300E-2
6.200000E-3	-8.376241E-3
6.205000E-3	-1.238614E-2
6.210000E-3	-1.501691E-2
6.215000E-3	-9.642959E-3
6.220000E-3	-5.522013E-3
6.225000E-3	-2.736330E-3
6.230000E-3	4.214168E-3
6.235000E-3	9.690940E-3
6.240000E-3	9.333134E-3
6.245000E-3	6.018281E-3
6.250000E-3	-1.007617E-3
6.255000E-3	-7.147908E-3
6.260000E-3	-5.877078E-3
6.265000E-3	-5.723536E-3
6.270000E-3	-1.246017E-2
6.275000E-3	-1.818097E-2
6.280000E-3	-2.300793E-2
6.285000E-3	-2.720565E-2
6.290000E-3	-2.601022E-2
6.295000E-3	-2.482301E-2
6.300000E-3	-2.530009E-2
6.305000E-3	-1.949841E-2
6.310000E-3	-1.041615E-2
6.315000E-3	-6.056666E-3
6.320000E-3	-2.507389E-3
6.325000E-3	-6.223917E-4
6.330000E-3	-3.746688E-3
6.335000E-3	-4.737854E-3
6.340000E-3	-5.604267E-3
6.345000E-3	-1.065195E-2
6.350000E-3	-1.210785E-2
6.355000E-3	-1.013100E-2
6.360000E-3	-1.564753E-2
6.365000E-3	-1.818371E-2
6.370000E-3	-1.182956E-2
6.375000E-3	-8.646309E-3
6.380000E-3	-8.627117E-3
6.385000E-3	-7.141054E-3
6.390000E-3	-9.087741E-3
6.395000E-3	-1.346231E-2
6.400000E-3	-1.215994E-2
6.405000E-3	-9.126127E-3
6.410000E-3	-7.867634E-3
6.415000E-3	-8.500993E-3
6.420000E-3	-1.374608E-2
6.425000E-3	-1.965195E-2
6.430000E-3	-2.060336E-2
6.435000E-3	-1.762849E-2
6.440000E-3	-1.453161E-2
6.445000E-3	-1.043123E-2
6.450000E-3	-6.681800E-3
6.455000E-3	-6.995738E-3
6.460000E-3	-8.643568E-3
6.465000E-3	-8.993149E-3
6.470000E-3	-1.087677E-2
6.475000E-3	-1.239163E-2
6.480000E-3	-1.221204E-2
6.485000E-3	-1.403809E-2
6.490000E-3	-1.775187E-2
6.495000E-3	-2.021128E-2
6.500000E-3	-1.882529E-2
6.505000E-3	-1.313877E-2
6.510000E-3	-6.976545E-3
6.515000E-3	-3.079057E-3
6.520000E-3	-1.466870E-3
6.525000E-3	-2.918661E-3
6.530000E-3	-5.996346E-3
6.535000E-3	-8.662760E-3
6.540000E-3	-1.326627E-2
6.545000E-3	-1.698416E-2
6.550000E-3	-1.589704E-2
6.555000E-3	-1.380914E-2
6.560000E-3	-1.220655E-2
6.565000E-3	-9.610057E-3
6.570000E-3	-8.159637E-3
6.575000E-3	-7.326126E-3
6.580000E-3	-5.110741E-3
6.585000E-3	-6.015539E-3
6.590000E-3	-1.106733E-2
6.595000E-3	-1.712948E-2
6.600000E-3	-2.357823E-2
6.605000E-3	-2.996665E-2
6.610000E-3	-3.128684E-2
6.615000E-3	-2.677381E-2
6.620000E-3	-1.690328E-2
6.625000E-3	-5.268395E-3
6.630000E-3	6.799698E-4
6.635000E-3	4.757047E-4
6.640000E-3	-7.869005E-4
6.645000E-3	-3.477991E-3
6.650000E-3	-7.456362E-3
6.655000E-3	-7.833362E-3
6.660000E-3	-5.373955E-3
6.665000E-3	-3.878295E-3
6.670000E-3	-1.492918E-3
6.675000E-3	-2.467632E-5
6.680000E-3	-2.926886E-3
6.685000E-3	-6.929934E-3
6.690000E-3	-9.985685E-3
6.695000E-3	-1.498401E-2
6.700000E-3	-2.145058E-2
6.705000E-3	-2.549064E-2
6.710000E-3	-2.874517E-2
6.715000E-3	-3.079879E-2
6.720000E-3	-2.893984E-2
6.725000E-3	-2.526170E-2
6.730000E-3	-2.052110E-2
6.735000E-3	-1.253831E-2
6.740000E-3	-5.653620E-3
6.745000E-3	-4.007161E-3
6.750000E-3	-5.622089E-3
6.755000E-3	-1.043671E-2
6.760000E-3	-1.755720E-2
6.765000E-3	-2.129978E-2
6.770000E-3	-2.079803E-2
6.775000E-3	-1.808089E-2
6.780000E-3	-1.113862E-2
6.785000E-3	-2.113938E-3
6.790000E-3	1.854837E-3
6.795000E-3	6.306171E-4
6.800000E-3	-2.297640E-3
6.805000E-3	-7.755220E-3
6.810000E-3	-1.196802E-2
6.815000E-3	-9.821177E-3
6.820000E-3	-5.804420E-3
6.825000E-3	-4.448593E-3
6.830000E-3	-3.993452E-3
6.835000E-3	-6.318510E-3
6.840000E-3	-1.144570E-2
6.845000E-3	-1.376528E-2
6.850000E-3	-1.525408E-2
6.855000E-3	-2.017152E-2
6.860000E-3	-2.423763E-2
6.865000E-3	-2.587861E-2
6.870000E-3	-2.685195E-2
6.875000E-3	-2.302164E-2
6.880000E-3	-1.565850E-2
6.885000E-3	-1.164997E-2
6.890000E-3	-9.489417E-3
6.895000E-3	-6.313026E-3
6.900000E-3	-4.728258E-3
6.905000E-3	-3.498554E-3
6.910000E-3	-1.143336E-3
6.915000E-3	-1.035035E-3
6.920000E-3	-3.872812E-3
6.925000E-3	-6.681800E-3
6.930000E-3	-1.019543E-2
6.935000E-3	-1.439452E-2
6.940000E-3	-1.405591E-2
6.945000E-3	-1.046550E-2
6.950000E-3	-7.564664E-3
6.955000E-3	-4.142880E-3
6.960000E-3	-1.668394E-3
6.965000E-3	-3.138006E-3
6.970000E-3	-7.430315E-3
6.975000E-3	-1.104951E-2
6.980000E-3	-1.533771E-2
6.985000E-3	-1.981372E-2
6.990000E-3	-2.172887E-2
6.995000E-3	-2.219224E-2
7.000000E-3	-2.298325E-2
7.005000E-3	-2.259529E-2
7.010000E-3	-2.167815E-2
7.015000E-3	-2.030861E-2
7.020000E-3	-1.627952E-2
7.025000E-3	-9.071290E-3
7.030000E-3	-9.061694E-4
7.035000E-3	5.798936E-3
7.040000E-3	8.760095E-3
7.045000E-3	6.958723E-3
7.050000E-3	2.227724E-3
7.055000E-3	-3.796041E-3
7.060000E-3	-1.170892E-2
7.065000E-3	-1.757091E-2
7.070000E-3	-2.030724E-2
7.075000E-3	-2.141905E-2
7.080000E-3	-2.090633E-2
7.085000E-3	-1.961631E-2
7.090000E-3	-2.011395E-2
7.095000E-3	-2.078158E-2
7.100000E-3	-1.896787E-2
7.105000E-3	-1.686352E-2
7.110000E-3	-1.540351E-2
7.115000E-3	-1.260412E-2
7.120000E-3	-9.344101E-3
7.125000E-3	-7.527649E-3
7.130000E-3	-5.607009E-3
7.135000E-3	-3.565729E-3
7.140000E-3	-1.348972E-3
7.145000E-3	1.316071E-3
7.150000E-3	3.122926E-3
7.155000E-3	2.455294E-3
7.160000E-3	5.291700E-4
7.165000E-3	-2.013862E-3
7.170000E-3	-6.062150E-3
7.175000E-3	-1.086032E-2
7.180000E-3	-1.595598E-2
7.185000E-3	-2.034837E-2
7.190000E-3	-2.257884E-2
7.195000E-3	-2.339315E-2
7.200000E-3	-2.313268E-2
7.205000E-3	-2.163428E-2
7.210000E-3	-1.928318E-2
7.215000E-3	-1.668257E-2
7.220000E-3	-1.421356E-2
7.225000E-3	-1.108241E-2
7.230000E-3	-7.777154E-3
7.235000E-3	-4.118204E-3
7.240000E-3	-1.206398E-3
7.245000E-3	-7.252097E-4
7.250000E-3	-3.063977E-3
7.255000E-3	-7.810056E-3
7.260000E-3	-1.502925E-2
7.265000E-3	-2.111471E-2
7.270000E-3	-2.391958E-2
7.275000E-3	-2.410465E-2
7.280000E-3	-2.264738E-2
7.285000E-3	-2.007830E-2
7.290000E-3	-1.811242E-2
7.295000E-3	-1.657975E-2
7.300000E-3	-1.457137E-2
7.305000E-3	-1.257259E-2
7.310000E-3	-1.047099E-2
7.315000E-3	-7.593453E-3
7.320000E-3	-4.580200E-3
7.325000E-3	-1.791775E-3
7.330000E-3	-4.866719E-4
7.335000E-3	-1.436710E-3
7.340000E-3	-3.676772E-3
7.345000E-3	-6.389797E-3
7.350000E-3	-8.824527E-3
7.355000E-3	-1.054502E-2
7.360000E-3	-1.238066E-2
7.365000E-3	-1.558310E-2
7.370000E-3	-1.881844E-2
7.375000E-3	-2.075827E-2
7.380000E-3	-2.183306E-2
7.385000E-3	-2.168912E-2
7.390000E-3	-2.005088E-2
7.395000E-3	-1.848668E-2
7.400000E-3	-1.816863E-2
7.405000E-3	-1.850039E-2
7.410000E-3	-1.788759E-2
7.415000E-3	-1.537061E-2
7.420000E-3	-1.084250E-2
7.425000E-3	-6.665349E-3
7.430000E-3	-4.751563E-3
7.435000E-3	-5.007923E-3
7.440000E-3	-5.650878E-3
7.445000E-3	-5.831838E-3
7.450000E-3	-5.091548E-3
7.455000E-3	-3.413558E-3
7.460000E-3	-2.384007E-3
7.465000E-3	-1.942575E-3
7.470000E-3	-2.281189E-3
7.475000E-3	-4.037321E-3
7.480000E-3	-7.008076E-3
7.485000E-3	-9.645700E-3
7.490000E-3	-1.166505E-2
7.495000E-3	-1.317853E-2
7.500000E-3	-1.437396E-2
7.505000E-3	-1.631927E-2
7.510000E-3	-1.981097E-2
7.515000E-3	-2.353573E-2
7.520000E-3	-2.686292E-2
7.525000E-3	-2.820915E-2
7.530000E-3	-2.646124E-2
7.535000E-3	-2.228546E-2
7.540000E-3	-1.622742E-2
7.545000E-3	-8.819044E-3
7.550000E-3	-2.828181E-3
7.555000E-3	1.231074E-3
7.560000E-3	3.425896E-3
7.565000E-3	3.345013E-3
7.570000E-3	5.538464E-4
7.575000E-3	-2.922773E-3
7.580000E-3	-5.605638E-3
7.585000E-3	-8.106172E-3
7.590000E-3	-1.021463E-2
7.595000E-3	-1.190084E-2
7.600000E-3	-1.338828E-2
7.605000E-3	-1.521158E-2
7.610000E-3	-1.686078E-2
7.615000E-3	-1.851958E-2
7.620000E-3	-1.947373E-2
7.625000E-3	-1.807266E-2
7.630000E-3	-1.455355E-2
7.635000E-3	-9.933591E-3
7.640000E-3	-4.589796E-3
7.645000E-3	-8.773804E-5
7.650000E-3	2.277076E-3
7.655000E-3	2.793908E-3
7.660000E-3	1.140594E-3
7.665000E-3	-3.158569E-3
7.670000E-3	-8.731306E-3
7.675000E-3	-1.492095E-2
7.680000E-3	-2.074319E-2
7.685000E-3	-2.419513E-2
7.690000E-3	-2.525485E-2
7.695000E-3	-2.538234E-2
7.700000E-3	-2.411425E-2
7.705000E-3	-2.116817E-2
7.710000E-3	-1.805758E-2
7.715000E-3	-1.519650E-2
7.720000E-3	-1.208317E-2
7.725000E-3	-9.615541E-3
7.730000E-3	-8.060932E-3
7.735000E-3	-5.963445E-3
7.740000E-3	-3.483474E-3
7.745000E-3	-1.536787E-3
7.750000E-3	-4.661083E-4
7.755000E-3	-2.152324E-4
7.760000E-3	-6.827116E-4
7.765000E-3	-4.263520E-4
7.770000E-3	3.125668E-4
7.775000E-3	-4.153848E-4
7.780000E-3	-2.584159E-3
7.785000E-3	-5.768776E-3
7.790000E-3	-1.005971E-2
7.795000E-3	-1.404357E-2
7.800000E-3	-1.713908E-2
7.805000E-3	-1.951486E-2
7.810000E-3	-2.103382E-2
7.815000E-3	-2.099818E-2
7.820000E-3	-2.019620E-2
7.825000E-3	-1.957381E-2
7.830000E-3	-1.893359E-2
7.835000E-3	-1.864433E-2
7.840000E-3	-1.926398E-2
7.845000E-3	-1.974243E-2
7.850000E-3	-1.952446E-2
7.855000E-3	-1.784235E-2
7.860000E-3	-1.547480E-2
7.865000E-3	-1.205713E-2
7.870000E-3	-7.941663E-3
7.875000E-3	-4.070222E-3
7.880000E-3	-5.675554E-4
7.885000E-3	1.813710E-3
7.890000E-3	1.679361E-3
7.895000E-3	-8.581877E-4
7.900000E-3	-4.518509E-3
7.905000E-3	-8.554459E-3
7.910000E-3	-1.213938E-2
7.915000E-3	-1.402849E-2
7.920000E-3	-1.446992E-2
7.925000E-3	-1.479208E-2
7.930000E-3	-1.536924E-2
7.935000E-3	-1.668257E-2
7.940000E-3	-1.815629E-2
7.945000E-3	-1.886916E-2
7.950000E-3	-1.772308E-2
7.955000E-3	-1.496756E-2
7.960000E-3	-1.091516E-2
7.965000E-3	-7.134199E-3
7.970000E-3	-4.318357E-3
7.975000E-3	-2.493680E-3
7.980000E-3	-1.720488E-3
7.985000E-3	-1.945317E-3
7.990000E-3	-3.233969E-3
7.995000E-3	-5.702972E-3
8.000000E-3	-9.422243E-3
8.005000E-3	-1.304555E-2
8.010000E-3	-1.659346E-2
8.015000E-3	-1.984936E-2
8.020000E-3	-2.222240E-2
8.025000E-3	-2.374136E-2
8.030000E-3	-2.447891E-2
8.035000E-3	-2.359194E-2
8.040000E-3	-2.153558E-2
8.045000E-3	-1.897746E-2
8.050000E-3	-1.663458E-2
8.055000E-3	-1.425058E-2
8.060000E-3	-1.189810E-2
8.065000E-3	-9.324908E-3
8.070000E-3	-6.297946E-3
8.075000E-3	-2.504647E-3
8.080000E-3	7.841587E-4
8.085000E-3	2.507389E-3
8.090000E-3	2.782941E-3
8.095000E-3	1.919270E-3
8.100000E-3	2.111197E-4
8.105000E-3	-2.633512E-3
8.110000E-3	-6.000459E-3
8.115000E-3	-1.020366E-2
8.120000E-3	-1.504433E-2
8.125000E-3	-1.942438E-2
8.130000E-3	-2.225256E-2
8.135000E-3	-2.324921E-2
8.140000E-3	-2.266246E-2
8.145000E-3	-2.133679E-2
8.150000E-3	-1.939011E-2
8.155000E-3	-1.727617E-2
8.160000E-3	-1.518553E-2
8.165000E-3	-1.280016E-2
8.170000E-3	-9.878755E-3
8.175000E-3	-7.284999E-3
8.180000E-3	-5.435646E-3
8.185000E-3	-4.969537E-3
8.190000E-3	-5.586445E-3
8.195000E-3	-7.190406E-3
8.200000E-3	-8.913636E-3
8.205000E-3	-1.071227E-2
8.210000E-3	-1.245332E-2
8.215000E-3	-1.299620E-2
8.220000E-3	-1.216543E-2
8.225000E-3	-1.052034E-2
8.230000E-3	-8.380353E-3
8.235000E-3	-7.265806E-3
8.240000E-3	-7.274032E-3
8.245000E-3	-7.755220E-3
8.250000E-3	-8.295357E-3
8.255000E-3	-8.797109E-3
8.260000E-3	-8.864284E-3
8.265000E-3	-8.943796E-3
8.270000E-3	-9.856820E-3
8.275000E-3	-1.169384E-2
8.280000E-3	-1.379544E-2
8.285000E-3	-1.551181E-2
8.290000E-3	-1.600671E-2
8.295000E-3	-1.509643E-2
8.300000E-3	-1.297700E-2
8.305000E-3	-9.844482E-3
8.310000E-3	-6.727040E-3
8.315000E-3	-4.920185E-3
8.320000E-3	-5.638540E-3
8.325000E-3	-8.735418E-3
8.330000E-3	-1.332247E-2
8.335000E-3	-1.810831E-2
8.340000E-3	-2.131212E-2
8.345000E-3	-2.200443E-2
8.350000E-3	-2.049643E-2
8.355000E-3	-1.832628E-2
8.360000E-3	-1.616985E-2
8.365000E-3	-1.481950E-2
8.370000E-3	-1.467556E-2
8.375000E-3	-1.485652E-2
8.380000E-3	-1.477152E-2
8.385000E-3	-1.423275E-2
8.390000E-3	-1.243138E-2
8.395000E-3	-9.736180E-3
8.400000E-3	-6.827116E-3
8.405000E-3	-4.155219E-3
8.410000E-3	-2.100229E-3
8.415000E-3	-1.069307E-3
8.420000E-3	-1.447678E-3
8.425000E-3	-2.837777E-3
8.430000E-3	-4.637778E-3
8.435000E-3	-6.685913E-3
8.440000E-3	-9.083629E-3
8.445000E-3	-1.191455E-2
8.450000E-3	-1.480168E-2
8.455000E-3	-1.762986E-2
8.460000E-3	-2.005774E-2
8.465000E-3	-2.186322E-2
8.470000E-3	-2.263093E-2
8.475000E-3	-2.222788E-2
8.480000E-3	-2.110374E-2
8.485000E-3	-1.956969E-2
8.490000E-3	-1.726520E-2
8.495000E-3	-1.476878E-2
8.500000E-3	-1.233405E-2
8.505000E-3	-1.036406E-2
8.510000E-3	-8.679211E-3
8.515000E-3	-7.596195E-3
8.520000E-3	-7.845700E-3
8.525000E-3	-9.529173E-3
8.530000E-3	-1.290160E-2
8.535000E-3	-1.635218E-2
8.540000E-3	-1.916254E-2
8.545000E-3	-1.979452E-2
8.550000E-3	-1.842362E-2
8.555000E-3	-1.574075E-2
8.560000E-3	-1.338553E-2
8.565000E-3	-1.189125E-2
8.570000E-3	-1.148409E-2
8.575000E-3	-1.098508E-2
8.580000E-3	-9.616911E-3
8.585000E-3	-7.213712E-3
8.590000E-3	-4.523993E-3
8.595000E-3	-2.393603E-3
8.600000E-3	-1.642346E-3
8.605000E-3	-2.455294E-3
8.610000E-3	-4.661083E-3
8.615000E-3	-7.409751E-3
8.620000E-3	-9.934962E-3
8.625000E-3	-1.197898E-2
8.630000E-3	-1.308668E-2
8.635000E-3	-1.361173E-2
8.640000E-3	-1.333344E-2
8.645000E-3	-1.300853E-2
8.650000E-3	-1.286048E-2
8.655000E-3	-1.304692E-2
8.660000E-3	-1.352674E-2
8.665000E-3	-1.460564E-2
8.670000E-3	-1.562423E-2
8.675000E-3	-1.633984E-2
8.680000E-3	-1.678950E-2
8.685000E-3	-1.658386E-2
8.690000E-3	-1.530069E-2
8.695000E-3	-1.293862E-2
8.700000E-3	-1.033664E-2
8.705000E-3	-8.037627E-3
8.710000E-3	-6.256819E-3
8.715000E-3	-5.442500E-3
8.720000E-3	-5.442500E-3
8.725000E-3	-5.674183E-3
8.730000E-3	-5.637169E-3
8.735000E-3	-5.745471E-3
8.740000E-3	-6.668091E-3
8.745000E-3	-7.793605E-3
8.750000E-3	-9.308457E-3
8.755000E-3	-1.083016E-2
8.760000E-3	-1.208180E-2
8.765000E-3	-1.265210E-2
8.770000E-3	-1.251501E-2
8.775000E-3	-1.192278E-2
8.780000E-3	-1.119620E-2
8.785000E-3	-1.123047E-2
8.790000E-3	-1.181859E-2
8.795000E-3	-1.286185E-2
8.800000E-3	-1.398462E-2
8.805000E-3	-1.436162E-2
8.810000E-3	-1.383245E-2
8.815000E-3	-1.255476E-2
8.820000E-3	-1.134151E-2
8.825000E-3	-1.059300E-2
8.830000E-3	-1.046002E-2
8.835000E-3	-1.076025E-2
8.840000E-3	-1.128393E-2
8.845000E-3	-1.147586E-2
8.850000E-3	-1.146215E-2
8.855000E-3	-1.139635E-2
8.860000E-3	-1.169109E-2
8.865000E-3	-1.141006E-2
8.870000E-3	-1.111805E-2
8.875000E-3	-1.058340E-2
8.880000E-3	-9.707391E-3
8.885000E-3	-9.178221E-3
8.890000E-3	-9.132981E-3
8.895000E-3	-9.937704E-3
8.900000E-3	-1.070404E-2
8.905000E-3	-1.106459E-2
8.910000E-3	-1.081097E-2
8.915000E-3	-9.865046E-3
8.920000E-3	-8.006096E-3
8.925000E-3	-6.411731E-3
8.930000E-3	-5.567253E-3
8.935000E-3	-6.255448E-3
8.940000E-3	-8.060932E-3
8.945000E-3	-1.057380E-2
8.950000E-3	-1.283443E-2
8.955000E-3	-1.486337E-2
8.960000E-3	-1.598752E-2
8.965000E-3	-1.637822E-2
8.970000E-3	-1.630968E-2
8.975000E-3	-1.584494E-2
8.980000E-3	-1.541722E-2
8.985000E-3	-1.508409E-2
8.990000E-3	-1.484829E-2
8.995000E-3	-1.436847E-2
9.000000E-3	-1.363504E-2
9.005000E-3	-1.260960E-2
9.010000E-3	-1.165956E-2
9.015000E-3	-1.084113E-2
9.020000E-3	-1.061356E-2
9.025000E-3	-1.071090E-2
9.030000E-3	-1.057929E-2
9.035000E-3	-1.044768E-2
9.040000E-3	-1.049429E-2
9.045000E-3	-1.063550E-2
9.050000E-3	-1.087815E-2
9.055000E-3	-1.118112E-2
9.060000E-3	-1.131958E-2
9.065000E-3	-1.129216E-2
9.070000E-3	-1.115918E-2
9.075000E-3	-1.080686E-2
9.080000E-3	-1.040930E-2
9.085000E-3	-1.022696E-2
9.090000E-3	-1.039147E-2
9.095000E-3	-1.072460E-2
9.100000E-3	-1.132232E-2
9.105000E-3	-1.159787E-2
9.110000E-3	-1.152521E-2
9.115000E-3	-1.135111E-2
9.120000E-3	-1.094669E-2
9.125000E-3	-1.025027E-2
9.130000E-3	-1.011318E-2
9.135000E-3	-1.032293E-2
9.140000E-3	-1.082468E-2
9.145000E-3	-1.154578E-2
9.150000E-3	-1.254380E-2
9.155000E-3	-1.368576E-2
9.160000E-3	-1.447952E-2
9.165000E-3	-1.494426E-2
9.170000E-3	-1.440412E-2
9.175000E-3	-1.353633E-2
9.180000E-3	-1.189947E-2
9.185000E-3	-1.000488E-2
9.190000E-3	-8.440673E-3
9.195000E-3	-7.435799E-3
9.200000E-3	-7.104039E-3
9.205000E-3	-7.781267E-3
9.210000E-3	-8.976698E-3
9.215000E-3	-1.029551E-2
9.220000E-3	-1.141691E-2
9.225000E-3	-1.186520E-2
9.230000E-3	-1.193374E-2
9.235000E-3	-1.175004E-2
9.240000E-3	-1.174045E-2
9.245000E-3	-1.178294E-2
9.250000E-3	-1.241630E-2
9.255000E-3	-1.325941E-2
9.260000E-3	-1.359254E-2
9.265000E-3	-1.341295E-2
9.270000E-3	-1.318127E-2
9.275000E-3	-1.231760E-2
9.280000E-3	-1.106596E-2
9.285000E-3	-9.644330E-3
9.290000E-3	-8.495510E-3
9.295000E-3	-7.800460E-3
9.300000E-3	-7.927954E-3
9.305000E-3	-8.429706E-3
9.310000E-3	-9.185076E-3
9.315000E-3	-9.689569E-3
9.320000E-3	-1.015157E-2
9.325000E-3	-1.029140E-2
9.330000E-3	-1.034760E-2
9.335000E-3	-1.061904E-2
9.340000E-3	-1.112354E-2
9.345000E-3	-1.237792E-2
9.350000E-3	-1.375294E-2
9.355000E-3	-1.453024E-2
9.360000E-3	-1.422316E-2
9.365000E-3	-1.319635E-2
9.370000E-3	-1.170069E-2
9.375000E-3	-9.701908E-3
9.380000E-3	-7.692158E-3
9.385000E-3	-5.992234E-3
9.390000E-3	-5.201221E-3
9.395000E-3	-5.232751E-3
9.400000E-3	-5.826354E-3
9.405000E-3	-6.897032E-3
9.410000E-3	-8.118510E-3
9.415000E-3	-9.492159E-3
9.420000E-3	-1.059300E-2
9.425000E-3	-1.172125E-2
9.430000E-3	-1.278508E-2
9.435000E-3	-1.409018E-2
9.440000E-3	-1.547480E-2
9.445000E-3	-1.688957E-2
9.450000E-3	-1.795477E-2
9.455000E-3	-1.821250E-2
9.460000E-3	-1.792186E-2
9.465000E-3	-1.713085E-2
9.470000E-3	-1.581615E-2
9.475000E-3	-1.444113E-2
9.480000E-3	-1.329643E-2
9.485000E-3	-1.230663E-2
9.490000E-3	-1.149231E-2
9.495000E-3	-1.051348E-2
9.500000E-3	-9.393454E-3
9.505000E-3	-8.480430E-3
9.510000E-3	-7.940292E-3
9.515000E-3	-7.427573E-3
9.520000E-3	-6.381571E-3
9.525000E-3	-5.404115E-3
9.530000E-3	-4.778981E-3
9.535000E-3	-4.785836E-3
9.540000E-3	-5.553544E-3
9.545000E-3	-7.818282E-3
9.550000E-3	-1.088226E-2
9.555000E-3	-1.422590E-2
9.560000E-3	-1.774639E-2
9.565000E-3	-2.080899E-2
9.570000E-3	-2.271318E-2
9.575000E-3	-2.314776E-2
9.580000E-3	-2.223611E-2
9.585000E-3	-2.005637E-2
9.590000E-3	-1.743519E-2
9.595000E-3	-1.488668E-2
9.600000E-3	-1.271105E-2
9.605000E-3	-1.122773E-2
9.610000E-3	-1.060259E-2
9.615000E-3	-1.034760E-2
9.620000E-3	-9.891093E-3
9.625000E-3	-9.308457E-3
9.630000E-3	-8.510590E-3
9.635000E-3	-7.784009E-3
9.640000E-3	-7.430315E-3
9.645000E-3	-7.756591E-3
9.650000E-3	-8.500993E-3
9.655000E-3	-9.884238E-3
9.660000E-3	-1.127982E-2
9.665000E-3	-1.254106E-2
9.670000E-3	-1.333481E-2
9.675000E-3	-1.344037E-2
9.680000E-3	-1.277137E-2
9.685000E-3	-1.169246E-2
9.690000E-3	-1.049703E-2
9.695000E-3	-9.409904E-3
9.700000E-3	-8.912265E-3
9.705000E-3	-8.629858E-3
9.710000E-3	-8.425593E-3
9.715000E-3	-8.780658E-3
9.720000E-3	-9.453773E-3
9.725000E-3	-1.044631E-2
9.730000E-3	-1.127434E-2
9.735000E-3	-1.195157E-2
9.740000E-3	-1.265484E-2
9.745000E-3	-1.351714E-2
9.750000E-3	-1.384616E-2
9.755000E-3	-1.422453E-2
9.760000E-3	-1.444662E-2
9.765000E-3	-1.396406E-2
9.770000E-3	-1.334304E-2
9.775000E-3	-1.276863E-2
9.780000E-3	-1.197350E-2
9.785000E-3	-1.060259E-2
9.790000E-3	-9.605944E-3
9.795000E-3	-8.163750E-3
9.800000E-3	-7.261693E-3
9.805000E-3	-6.517291E-3
9.810000E-3	-6.374717E-3
9.815000E-3	-6.854534E-3
9.820000E-3	-7.818282E-3
9.825000E-3	-9.197414E-3
9.830000E-3	-1.070541E-2
9.835000E-3	-1.214761E-2
9.840000E-3	-1.385987E-2
9.845000E-3	-1.489353E-2
9.850000E-3	-1.585728E-2
9.855000E-3	-1.626033E-2
9.860000E-3	-1.611501E-2
9.865000E-3	-1.553649E-2
9.870000E-3	-1.483870E-2
9.875000E-3	-1.377761E-2
9.880000E-3	-1.227784E-2
9.885000E-3	-1.053816E-2
9.890000E-3	-8.639455E-3
9.895000E-3	-7.472813E-3
9.900000E-3	-7.172585E-3
9.905000E-3	-7.741511E-3
9.910000E-3	-9.191930E-3
9.915000E-3	-1.102346E-2
9.920000E-3	-1.289475E-2
9.925000E-3	-1.455629E-2
9.930000E-3	-1.512659E-2
9.935000E-3	-1.524174E-2
9.940000E-3	-1.529109E-2
9.945000E-3	-1.524585E-2
9.950000E-3	-1.496756E-2
9.955000E-3	-1.462620E-2
9.960000E-3	-1.417106E-2
9.965000E-3	-1.371318E-2
9.970000E-3	-1.328272E-2
9.975000E-3	-1.240945E-2
9.980000E-3	-1.155537E-2
9.985000E-3	-1.083565E-2
9.990000E-3	-9.991169E-3
9.995000E-3	-8.906782E-3
