0.000000E+0	-5.859489E-1
5.000000E-6	-5.858104E-1
1.000000E-5	-5.857899E-1
1.500000E-5	-5.858886E-1
2.000000E-5	-5.859763E-1
2.500000E-5	-5.861326E-1
3.000000E-5	-5.860010E-1
3.500000E-5	-5.858694E-1
4.000000E-5	-5.858406E-1
4.500000E-5	-5.858858E-1
5.000000E-5	-5.859736E-1
5.500000E-5	-5.859667E-1
6.000000E-5	-5.858447E-1
6.500000E-5	-5.858954E-1
7.000000E-5	-5.858324E-1
7.500000E-5	-5.859215E-1
8.000000E-5	-5.859256E-1
8.500000E-5	-5.858104E-1
9.000000E-5	-5.857515E-1
9.500000E-5	-5.858406E-1
1.000000E-4	-5.858502E-1
1.050000E-4	-5.857995E-1
1.100000E-4	-5.858968E-1
1.150000E-4	-5.858625E-1
1.200000E-4	-5.858200E-1
1.250000E-4	-5.860531E-1
1.300000E-4	-5.859119E-1
1.350000E-4	-5.858858E-1
1.400000E-4	-5.858749E-1
1.450000E-4	-5.857432E-1
1.500000E-4	-5.857213E-1
1.550000E-4	-5.857926E-1
1.600000E-4	-5.860010E-1
1.650000E-4	-5.858968E-1
1.700000E-4	-5.856541E-1
1.750000E-4	-5.858337E-1
1.800000E-4	-5.856706E-1
1.850000E-4	-5.857652E-1
1.900000E-4	-5.858255E-1
1.950000E-4	-5.860065E-1
2.000000E-4	-5.859722E-1
2.050000E-4	-5.858639E-1
2.100000E-4	-5.859503E-1
2.150000E-4	-5.858680E-1
2.200000E-4	-5.858611E-1
2.250000E-4	-5.859653E-1
2.300000E-4	-5.860380E-1
2.350000E-4	-5.859420E-1
2.400000E-4	-5.859009E-1
2.450000E-4	-5.857899E-1
2.500000E-4	-5.858557E-1
2.550000E-4	-5.857391E-1
2.600000E-4	-5.856473E-1
2.650000E-4	-5.857419E-1
2.700000E-4	-5.857638E-1
2.750000E-4	-5.857528E-1
2.800000E-4	-5.855225E-1
2.850000E-4	-5.857926E-1
2.900000E-4	-5.859352E-1
2.950000E-4	-5.857775E-1
3.000000E-4	-5.857885E-1
3.050000E-4	-5.857542E-1
3.100000E-4	-5.859434E-1
3.150000E-4	-5.859461E-1
3.200000E-4	-5.856953E-1
3.250000E-4	-5.858707E-1
3.300000E-4	-5.861463E-1
3.350000E-4	-5.860572E-1
3.400000E-4	-5.858077E-1
3.450000E-4	-5.859105E-1
3.500000E-4	-5.859859E-1
3.550000E-4	-5.858598E-1
3.600000E-4	-5.857789E-1
3.650000E-4	-5.858995E-1
3.700000E-4	-5.858653E-1
3.750000E-4	-5.858159E-1
3.800000E-4	-5.856665E-1
3.850000E-4	-5.857090E-1
3.900000E-4	-5.857583E-1
3.950000E-4	-5.857145E-1
4.000000E-4	-5.857350E-1
4.050000E-4	-5.857241E-1
4.100000E-4	-5.857638E-1
4.150000E-4	-5.859448E-1
4.200000E-4	-5.857940E-1
4.250000E-4	-5.857611E-1
4.300000E-4	-5.856528E-1
4.350000E-4	-5.857624E-1
4.400000E-4	-5.857419E-1
4.450000E-4	-5.858680E-1
4.500000E-4	-5.856569E-1
4.550000E-4	-5.857830E-1
4.600000E-4	-5.858886E-1
4.650000E-4	-5.859201E-1
4.700000E-4	-5.859585E-1
4.750000E-4	-5.859873E-1
4.800000E-4	-5.858159E-1
4.850000E-4	-5.857158E-1
4.900000E-4	-5.857199E-1
4.950000E-4	-5.856898E-1
5.000000E-4	-5.857652E-1
5.050000E-4	-5.858118E-1
5.100000E-4	-5.858461E-1
5.150000E-4	-5.858790E-1
5.200000E-4	-5.857583E-1
5.250000E-4	-5.858954E-1
5.300000E-4	-5.858173E-1
5.350000E-4	-5.858420E-1
5.400000E-4	-5.857323E-1
5.450000E-4	-5.857926E-1
5.500000E-4	-5.857871E-1
5.550000E-4	-5.858886E-1
5.600000E-4	-5.858803E-1
5.650000E-4	-5.857679E-1
5.700000E-4	-5.858296E-1
5.750000E-4	-5.856898E-1
5.800000E-4	-5.858474E-1
5.850000E-4	-5.857570E-1
5.900000E-4	-5.858653E-1
5.950000E-4	-5.858378E-1
6.000000E-4	-5.857748E-1
6.050000E-4	-5.856596E-1
6.100000E-4	-5.857460E-1
6.150000E-4	-5.858324E-1
6.200000E-4	-5.858598E-1
6.250000E-4	-5.857871E-1
6.300000E-4	-5.857460E-1
6.350000E-4	-5.855157E-1
6.400000E-4	-5.856733E-1
6.450000E-4	-5.858680E-1
6.500000E-4	-5.857213E-1
6.550000E-4	-5.855883E-1
6.600000E-4	-5.857172E-1
6.650000E-4	-5.857062E-1
6.700000E-4	-5.855924E-1
6.750000E-4	-5.855568E-1
6.800000E-4	-5.856925E-1
6.850000E-4	-5.858392E-1
6.900000E-4	-5.858186E-1
6.950000E-4	-5.858653E-1
7.000000E-4	-5.858351E-1
7.050000E-4	-5.857693E-1
7.100000E-4	-5.856034E-1
7.150000E-4	-5.857199E-1
7.200000E-4	-5.856733E-1
7.250000E-4	-5.857432E-1
7.300000E-4	-5.859448E-1
7.350000E-4	-5.858529E-1
7.400000E-4	-5.857693E-1
7.450000E-4	-5.858721E-1
7.500000E-4	-5.859557E-1
7.550000E-4	-5.858022E-1
7.600000E-4	-5.856254E-1
7.650000E-4	-5.857213E-1
7.700000E-4	-5.858433E-1
7.750000E-4	-5.857103E-1
7.800000E-4	-5.856555E-1
7.850000E-4	-5.856158E-1
7.900000E-4	-5.856596E-1
7.950000E-4	-5.856391E-1
8.000000E-4	-5.858118E-1
8.050000E-4	-5.858310E-1
8.100000E-4	-5.856870E-1
8.150000E-4	-5.858200E-1
8.200000E-4	-5.858324E-1
8.250000E-4	-5.855390E-1
8.300000E-4	-5.853868E-1
8.350000E-4	-5.855856E-1
8.400000E-4	-5.856541E-1
8.450000E-4	-5.855993E-1
8.500000E-4	-5.856925E-1
8.550000E-4	-5.856925E-1
8.600000E-4	-5.857487E-1
8.650000E-4	-5.856912E-1
8.700000E-4	-5.856925E-1
8.750000E-4	-5.856912E-1
8.800000E-4	-5.857638E-1
8.850000E-4	-5.857391E-1
8.900000E-4	-5.857378E-1
8.950000E-4	-5.855856E-1
9.000000E-4	-5.856939E-1
9.050000E-4	-5.857323E-1
9.100000E-4	-5.857419E-1
9.150000E-4	-5.857254E-1
9.200000E-4	-5.856884E-1
9.250000E-4	-5.857515E-1
9.300000E-4	-5.856363E-1
9.350000E-4	-5.857926E-1
9.400000E-4	-5.858159E-1
9.450000E-4	-5.857474E-1
9.500000E-4	-5.856733E-1
9.550000E-4	-5.856130E-1
9.600000E-4	-5.855966E-1
9.650000E-4	-5.856199E-1
9.700000E-4	-5.856720E-1
9.750000E-4	-5.856199E-1
9.800000E-4	-5.856610E-1
9.850000E-4	-5.856692E-1
9.900000E-4	-5.856966E-1
9.950000E-4	-5.857282E-1
1.000000E-3	-5.856459E-1
1.005000E-3	-5.857254E-1
1.010000E-3	-5.857474E-1
1.015000E-3	-5.858529E-1
1.020000E-3	-5.858214E-1
1.025000E-3	-5.855609E-1
1.030000E-3	-5.855938E-1
1.035000E-3	-5.855568E-1
1.040000E-3	-5.856281E-1
1.045000E-3	-5.856349E-1
1.050000E-3	-5.857309E-1
1.055000E-3	-5.857570E-1
1.060000E-3	-5.857172E-1
1.065000E-3	-5.855678E-1
1.070000E-3	-5.853690E-1
1.075000E-3	-5.855088E-1
1.080000E-3	-5.855225E-1
1.085000E-3	-5.854060E-1
1.090000E-3	-5.854074E-1
1.095000E-3	-5.856473E-1
1.100000E-3	-5.856637E-1
1.105000E-3	-5.856254E-1
1.110000E-3	-5.855609E-1
1.115000E-3	-5.854334E-1
1.120000E-3	-5.855760E-1
1.125000E-3	-5.854732E-1
1.130000E-3	-5.856034E-1
1.135000E-3	-5.855239E-1
1.140000E-3	-5.854348E-1
1.145000E-3	-5.854389E-1
1.150000E-3	-5.857515E-1
1.155000E-3	-5.856939E-1
1.160000E-3	-5.856267E-1
1.165000E-3	-5.856610E-1
1.170000E-3	-5.854608E-1
1.175000E-3	-5.855595E-1
1.180000E-3	-5.855280E-1
1.185000E-3	-5.856116E-1
1.190000E-3	-5.855938E-1
1.195000E-3	-5.855979E-1
1.200000E-3	-5.855774E-1
1.205000E-3	-5.856678E-1
1.210000E-3	-5.855458E-1
1.215000E-3	-5.853978E-1
1.220000E-3	-5.855829E-1
1.225000E-3	-5.855787E-1
1.230000E-3	-5.854567E-1
1.235000E-3	-5.853662E-1
1.240000E-3	-5.854252E-1
1.245000E-3	-5.853704E-1
1.250000E-3	-5.854046E-1
1.255000E-3	-5.854677E-1
1.260000E-3	-5.855500E-1
1.265000E-3	-5.855225E-1
1.270000E-3	-5.854773E-1
1.275000E-3	-5.853882E-1
1.280000E-3	-5.851675E-1
1.285000E-3	-5.853690E-1
1.290000E-3	-5.853758E-1
1.295000E-3	-5.854005E-1
1.300000E-3	-5.855856E-1
1.305000E-3	-5.856103E-1
1.310000E-3	-5.854074E-1
1.315000E-3	-5.852305E-1
1.320000E-3	-5.856171E-1
1.325000E-3	-5.857268E-1
1.330000E-3	-5.855212E-1
1.335000E-3	-5.854211E-1
1.340000E-3	-5.855157E-1
1.345000E-3	-5.855253E-1
1.350000E-3	-5.855075E-1
1.355000E-3	-5.854965E-1
1.360000E-3	-5.854650E-1
1.365000E-3	-5.854746E-1
1.370000E-3	-5.856459E-1
1.375000E-3	-5.855760E-1
1.380000E-3	-5.855527E-1
1.385000E-3	-5.855280E-1
1.390000E-3	-5.856336E-1
1.395000E-3	-5.856267E-1
1.400000E-3	-5.855047E-1
1.405000E-3	-5.854951E-1
1.410000E-3	-5.853786E-1
1.415000E-3	-5.855308E-1
1.420000E-3	-5.855582E-1
1.425000E-3	-5.855719E-1
1.430000E-3	-5.856514E-1
1.435000E-3	-5.856774E-1
1.440000E-3	-5.855390E-1
1.445000E-3	-5.855198E-1
1.450000E-3	-5.856487E-1
1.455000E-3	-5.855033E-1
1.460000E-3	-5.854869E-1
1.465000E-3	-5.856158E-1
1.470000E-3	-5.856048E-1
1.475000E-3	-5.856774E-1
1.480000E-3	-5.855472E-1
1.485000E-3	-5.856322E-1
1.490000E-3	-5.856308E-1
1.495000E-3	-5.853992E-1
1.500000E-3	-5.853662E-1
1.505000E-3	-5.854608E-1
1.510000E-3	-5.854362E-1
1.515000E-3	-5.854046E-1
1.520000E-3	-5.854677E-1
1.525000E-3	-5.855198E-1
1.530000E-3	-5.855911E-1
1.535000E-3	-5.855225E-1
1.540000E-3	-5.855212E-1
1.545000E-3	-5.855856E-1
1.550000E-3	-5.853073E-1
1.555000E-3	-5.855116E-1
1.560000E-3	-5.857295E-1
1.565000E-3	-5.855527E-1
1.570000E-3	-5.854129E-1
1.575000E-3	-5.854046E-1
1.580000E-3	-5.852950E-1
1.585000E-3	-5.853169E-1
1.590000E-3	-5.853950E-1
1.595000E-3	-5.854389E-1
1.600000E-3	-5.854677E-1
1.605000E-3	-5.854773E-1
1.610000E-3	-5.854979E-1
1.615000E-3	-5.853978E-1
1.620000E-3	-5.852703E-1
1.625000E-3	-5.852689E-1
1.630000E-3	-5.853210E-1
1.635000E-3	-5.853731E-1
1.640000E-3	-5.856226E-1
1.645000E-3	-5.855870E-1
1.650000E-3	-5.855253E-1
1.655000E-3	-5.855637E-1
1.660000E-3	-5.855609E-1
1.665000E-3	-5.855815E-1
1.670000E-3	-5.853786E-1
1.675000E-3	-5.853046E-1
1.680000E-3	-5.853882E-1
1.685000E-3	-5.854499E-1
1.690000E-3	-5.853142E-1
1.695000E-3	-5.853978E-1
1.700000E-3	-5.855760E-1
1.705000E-3	-5.853923E-1
1.710000E-3	-5.854526E-1
1.715000E-3	-5.854115E-1
1.720000E-3	-5.853717E-1
1.725000E-3	-5.853196E-1
1.730000E-3	-5.852936E-1
1.735000E-3	-5.852346E-1
1.740000E-3	-5.851277E-1
1.745000E-3	-5.854197E-1
1.750000E-3	-5.853046E-1
1.755000E-3	-5.853320E-1
1.760000E-3	-5.853992E-1
1.765000E-3	-5.853155E-1
1.770000E-3	-5.853224E-1
1.775000E-3	-5.852813E-1
1.780000E-3	-5.852333E-1
1.785000E-3	-5.853827E-1
1.790000E-3	-5.852840E-1
1.795000E-3	-5.853046E-1
1.800000E-3	-5.854389E-1
1.805000E-3	-5.854800E-1
1.810000E-3	-5.855842E-1
1.815000E-3	-5.854416E-1
1.820000E-3	-5.852497E-1
1.825000E-3	-5.851318E-1
1.830000E-3	-5.853375E-1
1.835000E-3	-5.854266E-1
1.840000E-3	-5.853484E-1
1.845000E-3	-5.854238E-1
1.850000E-3	-5.853347E-1
1.855000E-3	-5.850331E-1
1.860000E-3	-5.851030E-1
1.865000E-3	-5.852895E-1
1.870000E-3	-5.854444E-1
1.875000E-3	-5.853004E-1
1.880000E-3	-5.852977E-1
1.885000E-3	-5.853279E-1
1.890000E-3	-5.853292E-1
1.895000E-3	-5.852813E-1
1.900000E-3	-5.852744E-1
1.905000E-3	-5.852415E-1
1.910000E-3	-5.852826E-1
1.915000E-3	-5.852922E-1
1.920000E-3	-5.852991E-1
1.925000E-3	-5.852250E-1
1.930000E-3	-5.852799E-1
1.935000E-3	-5.852072E-1
1.940000E-3	-5.851579E-1
1.945000E-3	-5.853087E-1
1.950000E-3	-5.854334E-1
1.955000E-3	-5.853429E-1
1.960000E-3	-5.851921E-1
1.965000E-3	-5.852415E-1
1.970000E-3	-5.852758E-1
1.975000E-3	-5.852442E-1
1.980000E-3	-5.855239E-1
1.985000E-3	-5.853320E-1
1.990000E-3	-5.851318E-1
1.995000E-3	-5.852045E-1
2.000000E-3	-5.854266E-1
2.005000E-3	-5.854691E-1
2.010000E-3	-5.854266E-1
2.015000E-3	-5.854115E-1
2.020000E-3	-5.853361E-1
2.025000E-3	-5.851387E-1
2.030000E-3	-5.852223E-1
2.035000E-3	-5.852908E-1
2.040000E-3	-5.852826E-1
2.045000E-3	-5.852689E-1
2.050000E-3	-5.852223E-1
2.055000E-3	-5.853169E-1
2.060000E-3	-5.850701E-1
2.065000E-3	-5.852278E-1
2.070000E-3	-5.851373E-1
2.075000E-3	-5.852991E-1
2.080000E-3	-5.852415E-1
2.085000E-3	-5.854608E-1
2.090000E-3	-5.855472E-1
2.095000E-3	-5.853196E-1
2.100000E-3	-5.851524E-1
2.105000E-3	-5.851373E-1
2.110000E-3	-5.851565E-1
2.115000E-3	-5.853128E-1
2.120000E-3	-5.853046E-1
2.125000E-3	-5.853306E-1
2.130000E-3	-5.852223E-1
2.135000E-3	-5.851099E-1
2.140000E-3	-5.851181E-1
2.145000E-3	-5.852196E-1
2.150000E-3	-5.853375E-1
2.155000E-3	-5.853128E-1
2.160000E-3	-5.853183E-1
2.165000E-3	-5.853073E-1
2.170000E-3	-5.852908E-1
2.175000E-3	-5.852250E-1
2.180000E-3	-5.851620E-1
2.185000E-3	-5.850592E-1
2.190000E-3	-5.851071E-1
2.195000E-3	-5.850153E-1
2.200000E-3	-5.852360E-1
2.205000E-3	-5.853786E-1
2.210000E-3	-5.853580E-1
2.215000E-3	-5.852278E-1
2.220000E-3	-5.852826E-1
2.225000E-3	-5.852004E-1
2.230000E-3	-5.851551E-1
2.235000E-3	-5.851373E-1
2.240000E-3	-5.853854E-1
2.245000E-3	-5.853251E-1
2.250000E-3	-5.851003E-1
2.255000E-3	-5.852867E-1
2.260000E-3	-5.852196E-1
2.265000E-3	-5.852017E-1
2.270000E-3	-5.852141E-1
2.275000E-3	-5.852799E-1
2.280000E-3	-5.852717E-1
2.285000E-3	-5.851551E-1
2.290000E-3	-5.850194E-1
2.295000E-3	-5.850633E-1
2.300000E-3	-5.850126E-1
2.305000E-3	-5.850345E-1
2.310000E-3	-5.850482E-1
2.315000E-3	-5.853827E-1
2.320000E-3	-5.853429E-1
2.325000E-3	-5.852237E-1
2.330000E-3	-5.849961E-1
2.335000E-3	-5.851167E-1
2.340000E-3	-5.851373E-1
2.345000E-3	-5.852840E-1
2.350000E-3	-5.852703E-1
2.355000E-3	-5.852429E-1
2.360000E-3	-5.850468E-1
2.365000E-3	-5.851894E-1
2.370000E-3	-5.851455E-1
2.375000E-3	-5.852429E-1
2.380000E-3	-5.849001E-1
2.385000E-3	-5.851126E-1
2.390000E-3	-5.848563E-1
2.395000E-3	-5.853114E-1
2.400000E-3	-5.846767E-1
2.405000E-3	-5.855102E-1
2.410000E-3	-5.845862E-1
2.415000E-3	-5.856774E-1
2.420000E-3	-5.841996E-1
2.425000E-3	-5.861161E-1
2.430000E-3	-5.840721E-1
2.435000E-3	-5.865836E-1
2.440000E-3	-5.833400E-1
2.445000E-3	-5.874363E-1
2.450000E-3	-5.823585E-1
2.455000E-3	-5.885769E-1
2.460000E-3	-5.798196E-1
2.465000E-3	-5.831920E-1
2.470000E-3	-6.668036E-1
2.475000E-3	-1.110147E+0
2.480000E-3	-1.273195E+0
2.485000E-3	-1.159081E+0
2.490000E-3	-8.990681E-1
2.495000E-3	-4.884404E-2
2.500000E-3	8.673289E-1
2.505000E-3	-2.474130E-1
2.510000E-3	-1.210073E+0
2.515000E-3	-2.376933E-1
2.520000E-3	-1.088377E-1
2.525000E-3	-1.022967E+0
2.530000E-3	-3.840472E-1
2.535000E-3	-4.581708E-2
2.540000E-3	-6.928015E-1
2.545000E-3	-7.200524E-1
2.550000E-3	1.970816E-2
2.555000E-3	-8.228539E-1
2.560000E-3	-7.652621E-1
2.565000E-3	-3.710359E-1
2.570000E-3	-9.158933E-1
2.575000E-3	-8.766620E-1
2.580000E-3	-5.792876E-1
2.585000E-3	-7.160575E-1
2.590000E-3	-9.983231E-1
2.595000E-3	-2.322673E-1
2.600000E-3	-3.466036E-1
2.605000E-3	-9.533629E-1
2.610000E-3	-5.499105E-1
2.615000E-3	-3.568306E-1
2.620000E-3	-1.049628E+0
2.625000E-3	-5.634729E-1
2.630000E-3	-1.510671E-1
2.635000E-3	-7.386199E-1
2.640000E-3	-7.950794E-1
2.645000E-3	-2.346650E-1
2.650000E-3	-6.092570E-1
2.655000E-3	-8.798727E-1
2.660000E-3	-2.900208E-1
2.665000E-3	-6.326612E-1
2.670000E-3	-9.642575E-1
2.675000E-3	-4.239529E-1
2.680000E-3	-4.413511E-1
2.685000E-3	-8.634698E-1
2.690000E-3	-6.234624E-1
2.695000E-3	-3.995522E-1
2.700000E-3	-7.787752E-1
2.705000E-3	-5.851606E-1
2.710000E-3	-3.185796E-1
2.715000E-3	-6.449143E-1
2.720000E-3	-6.256490E-1
2.725000E-3	-3.471698E-1
2.730000E-3	-6.696976E-1
2.735000E-3	-7.052191E-1
2.740000E-3	-3.075671E-1
2.745000E-3	-5.663024E-1
2.750000E-3	-7.647083E-1
2.755000E-3	-4.571069E-1
2.760000E-3	-5.641446E-1
2.765000E-3	-8.119717E-1
2.770000E-3	-5.846986E-1
2.775000E-3	-5.210104E-1
2.780000E-3	-6.914429E-1
2.785000E-3	-5.769228E-1
2.790000E-3	-5.555902E-1
2.795000E-3	-6.972994E-1
2.800000E-3	-5.750707E-1
2.805000E-3	-5.394080E-1
2.810000E-3	-6.032360E-1
2.815000E-3	-5.150017E-1
2.820000E-3	-6.209070E-1
2.825000E-3	-7.229738E-1
2.830000E-3	-4.808360E-1
2.835000E-3	-4.108649E-1
2.840000E-3	-6.168286E-1
2.845000E-3	-5.405554E-1
2.850000E-3	-4.788934E-1
2.855000E-3	-6.797038E-1
2.860000E-3	-6.337140E-1
2.865000E-3	-4.273062E-1
2.870000E-3	-5.422718E-1
2.875000E-3	-6.954007E-1
2.880000E-3	-6.036637E-1
2.885000E-3	-6.005408E-1
2.890000E-3	-7.119901E-1
2.895000E-3	-6.286951E-1
2.900000E-3	-4.910972E-1
2.905000E-3	-5.753381E-1
2.910000E-3	-6.407961E-1
2.915000E-3	-5.609737E-1
2.920000E-3	-6.266072E-1
2.925000E-3	-6.208481E-1
2.930000E-3	-5.240113E-1
2.935000E-3	-5.701697E-1
2.940000E-3	-6.338182E-1
2.945000E-3	-5.469617E-1
2.950000E-3	-5.746800E-1
2.955000E-3	-6.912853E-1
2.960000E-3	-5.679886E-1
2.965000E-3	-4.734646E-1
2.970000E-3	-6.066386E-1
2.975000E-3	-5.355489E-1
2.980000E-3	-5.274002E-1
2.985000E-3	-7.058114E-1
2.990000E-3	-7.076744E-1
2.995000E-3	-5.502491E-1
3.000000E-3	-5.847274E-1
3.005000E-3	-6.081987E-1
3.010000E-3	-4.910342E-1
3.015000E-3	-5.862354E-1
3.020000E-3	-6.303416E-1
3.025000E-3	-5.536695E-1
3.030000E-3	-5.834744E-1
3.035000E-3	-5.897682E-1
3.040000E-3	-4.698344E-1
3.045000E-3	-4.894124E-1
3.050000E-3	-5.536133E-1
3.055000E-3	-4.816530E-1
3.060000E-3	-5.304847E-1
3.065000E-3	-6.134726E-1
3.070000E-3	-5.670057E-1
3.075000E-3	-6.268965E-1
3.080000E-3	-7.303712E-1
3.085000E-3	-6.757748E-1
3.090000E-3	-6.608210E-1
3.095000E-3	-6.883364E-1
3.100000E-3	-6.146982E-1
3.105000E-3	-6.022476E-1
3.110000E-3	-6.321210E-1
3.115000E-3	-5.446256E-1
3.120000E-3	-5.249559E-1
3.125000E-3	-5.705536E-1
3.130000E-3	-5.391297E-1
3.135000E-3	-5.454742E-1
3.140000E-3	-5.863108E-1
3.145000E-3	-5.288314E-1
3.150000E-3	-4.883102E-1
3.155000E-3	-5.874610E-1
3.160000E-3	-6.098973E-1
3.165000E-3	-6.075503E-1
3.170000E-3	-6.599792E-1
3.175000E-3	-6.354386E-1
3.180000E-3	-6.096642E-1
3.185000E-3	-6.135192E-1
3.190000E-3	-5.544482E-1
3.195000E-3	-5.135444E-1
3.200000E-3	-5.990438E-1
3.205000E-3	-6.273146E-1
3.210000E-3	-5.829877E-1
3.215000E-3	-6.131669E-1
3.220000E-3	-5.684136E-1
3.225000E-3	-5.032928E-1
3.230000E-3	-5.475183E-1
3.235000E-3	-5.727046E-1
3.240000E-3	-5.399275E-1
3.245000E-3	-5.749570E-1
3.250000E-3	-5.938398E-1
3.255000E-3	-5.536078E-1
3.260000E-3	-6.078299E-1
3.265000E-3	-6.443139E-1
3.270000E-3	-6.037679E-1
3.275000E-3	-6.152877E-1
3.280000E-3	-6.280439E-1
3.285000E-3	-5.773725E-1
3.290000E-3	-5.814139E-1
3.295000E-3	-6.442453E-1
3.300000E-3	-6.306884E-1
3.305000E-3	-5.755725E-1
3.310000E-3	-5.771998E-1
3.315000E-3	-5.547950E-1
3.320000E-3	-5.250299E-1
3.325000E-3	-5.469589E-1
3.330000E-3	-5.810054E-1
3.335000E-3	-5.816319E-1
3.340000E-3	-5.798607E-1
3.345000E-3	-5.893871E-1
3.350000E-3	-5.697146E-1
3.355000E-3	-5.763978E-1
3.360000E-3	-5.966625E-1
3.365000E-3	-5.871690E-1
3.370000E-3	-5.867440E-1
3.375000E-3	-5.996717E-1
3.380000E-3	-6.014909E-1
3.385000E-3	-6.028549E-1
3.390000E-3	-6.051114E-1
3.395000E-3	-5.892130E-1
3.400000E-3	-5.707469E-1
3.405000E-3	-5.648273E-1
3.410000E-3	-5.831330E-1
3.415000E-3	-5.982514E-1
3.420000E-3	-5.882218E-1
3.425000E-3	-5.705988E-1
3.430000E-3	-5.763594E-1
3.435000E-3	-5.728142E-1
3.440000E-3	-5.619868E-1
3.445000E-3	-5.900301E-1
3.450000E-3	-6.132162E-1
3.455000E-3	-5.860037E-1
3.460000E-3	-5.558890E-1
3.465000E-3	-5.567883E-1
3.470000E-3	-5.603979E-1
3.475000E-3	-5.813043E-1
3.480000E-3	-6.146104E-1
3.485000E-3	-6.254968E-1
3.490000E-3	-6.304307E-1
3.495000E-3	-6.139743E-1
3.500000E-3	-5.654456E-1
3.505000E-3	-5.471289E-1
3.510000E-3	-5.698366E-1
3.515000E-3	-5.773958E-1
3.520000E-3	-5.836951E-1
3.525000E-3	-5.978017E-1
3.530000E-3	-5.735024E-1
3.535000E-3	-5.440060E-1
3.540000E-3	-5.643009E-1
3.545000E-3	-5.874898E-1
3.550000E-3	-5.974453E-1
3.555000E-3	-6.209701E-1
3.560000E-3	-6.174331E-1
3.565000E-3	-6.015950E-1
3.570000E-3	-5.941990E-1
3.575000E-3	-5.912118E-1
3.580000E-3	-6.051169E-1
3.585000E-3	-6.035733E-1
3.590000E-3	-5.998266E-1
3.595000E-3	-6.086607E-1
3.600000E-3	-6.095367E-1
3.605000E-3	-5.825422E-1
3.610000E-3	-5.664011E-1
3.615000E-3	-5.599044E-1
3.620000E-3	-5.448203E-1
3.625000E-3	-5.614261E-1
3.630000E-3	-5.764307E-1
3.635000E-3	-5.823489E-1
3.640000E-3	-6.125280E-1
3.645000E-3	-6.152644E-1
3.650000E-3	-5.998896E-1
3.655000E-3	-6.013113E-1
3.660000E-3	-5.800924E-1
3.665000E-3	-5.482421E-1
3.670000E-3	-5.541959E-1
3.675000E-3	-5.670592E-1
3.680000E-3	-5.558534E-1
3.685000E-3	-5.847260E-1
3.690000E-3	-6.366368E-1
3.695000E-3	-6.287335E-1
3.700000E-3	-6.010398E-1
3.705000E-3	-6.036665E-1
3.710000E-3	-5.767515E-1
3.715000E-3	-5.440910E-1
3.720000E-3	-5.643502E-1
3.725000E-3	-5.720671E-1
3.730000E-3	-5.554681E-1
3.735000E-3	-5.740028E-1
3.740000E-3	-5.918164E-1
3.745000E-3	-5.844107E-1
3.750000E-3	-5.910610E-1
3.755000E-3	-5.857090E-1
3.760000E-3	-5.575245E-1
3.765000E-3	-5.610779E-1
3.770000E-3	-5.869154E-1
3.775000E-3	-5.854992E-1
3.780000E-3	-5.920535E-1
3.785000E-3	-6.024491E-1
3.790000E-3	-5.916752E-1
3.795000E-3	-5.753874E-1
3.800000E-3	-5.732749E-1
3.805000E-3	-5.697434E-1
3.810000E-3	-5.749474E-1
3.815000E-3	-5.978662E-1
3.820000E-3	-6.006121E-1
3.825000E-3	-5.964062E-1
3.830000E-3	-5.979142E-1
3.835000E-3	-5.808889E-1
3.840000E-3	-5.685576E-1
3.845000E-3	-5.941140E-1
3.850000E-3	-6.043341E-1
3.855000E-3	-5.924936E-1
3.860000E-3	-6.123430E-1
3.865000E-3	-6.185257E-1
3.870000E-3	-5.736628E-1
3.875000E-3	-5.589105E-1
3.880000E-3	-5.715338E-1
3.885000E-3	-5.617195E-1
3.890000E-3	-5.739041E-1
3.895000E-3	-5.932613E-1
3.900000E-3	-5.881218E-1
3.905000E-3	-5.872951E-1
3.910000E-3	-5.969902E-1
3.915000E-3	-5.844875E-1
3.920000E-3	-5.722480E-1
3.925000E-3	-5.893460E-1
3.930000E-3	-5.915792E-1
3.935000E-3	-5.874377E-1
3.940000E-3	-6.023394E-1
3.945000E-3	-6.056392E-1
3.950000E-3	-5.935739E-1
3.955000E-3	-5.881670E-1
3.960000E-3	-5.846397E-1
3.965000E-3	-5.859530E-1
3.970000E-3	-5.881259E-1
3.975000E-3	-5.793699E-1
3.980000E-3	-5.681394E-1
3.985000E-3	-5.750844E-1
3.990000E-3	-5.802939E-1
3.995000E-3	-5.785761E-1
4.000000E-3	-5.990369E-1
4.005000E-3	-6.098753E-1
4.010000E-3	-5.980307E-1
4.015000E-3	-5.922825E-1
4.020000E-3	-5.922386E-1
4.025000E-3	-5.710745E-1
4.030000E-3	-5.552227E-1
4.035000E-3	-5.666438E-1
4.040000E-3	-5.675527E-1
4.045000E-3	-5.669426E-1
4.050000E-3	-5.833442E-1
4.055000E-3	-5.799512E-1
4.060000E-3	-5.606844E-1
4.065000E-3	-5.698284E-1
4.070000E-3	-5.764937E-1
4.075000E-3	-5.702712E-1
4.080000E-3	-5.850564E-1
4.085000E-3	-6.064535E-1
4.090000E-3	-6.024505E-1
4.095000E-3	-5.983405E-1
4.100000E-3	-6.016910E-1
4.105000E-3	-5.844944E-1
4.110000E-3	-5.725880E-1
4.115000E-3	-5.788887E-1
4.120000E-3	-5.786433E-1
4.125000E-3	-5.718381E-1
4.130000E-3	-5.739836E-1
4.135000E-3	-5.836787E-1
4.140000E-3	-5.865000E-1
4.145000E-3	-5.827588E-1
4.150000E-3	-5.782828E-1
4.155000E-3	-5.748363E-1
4.160000E-3	-5.790039E-1
4.165000E-3	-5.840118E-1
4.170000E-3	-5.881396E-1
4.175000E-3	-5.975084E-1
4.180000E-3	-5.978977E-1
4.185000E-3	-5.857981E-1
4.190000E-3	-5.749611E-1
4.195000E-3	-5.823969E-1
4.200000E-3	-5.904317E-1
4.205000E-3	-5.932544E-1
4.210000E-3	-6.011276E-1
4.215000E-3	-5.967557E-1
4.220000E-3	-5.887140E-1
4.225000E-3	-5.907306E-1
4.230000E-3	-5.824805E-1
4.235000E-3	-5.730596E-1
4.240000E-3	-5.882575E-1
4.245000E-3	-6.000775E-1
4.250000E-3	-5.934464E-1
4.255000E-3	-5.980334E-1
4.260000E-3	-5.936040E-1
4.265000E-3	-5.731364E-1
4.270000E-3	-5.867742E-1
4.275000E-3	-6.080342E-1
4.280000E-3	-5.954123E-1
4.285000E-3	-5.894694E-1
4.290000E-3	-5.966241E-1
4.295000E-3	-5.819637E-1
4.300000E-3	-5.775905E-1
4.305000E-3	-5.924854E-1
4.310000E-3	-5.774520E-1
4.315000E-3	-5.558931E-1
4.320000E-3	-5.673498E-1
4.325000E-3	-5.779592E-1
4.330000E-3	-5.768762E-1
4.335000E-3	-5.957755E-1
4.340000E-3	-6.067853E-1
4.345000E-3	-5.910007E-1
4.350000E-3	-5.845478E-1
4.355000E-3	-5.835731E-1
4.360000E-3	-5.754902E-1
4.365000E-3	-5.742962E-1
4.370000E-3	-5.771819E-1
4.375000E-3	-5.729938E-1
4.380000E-3	-5.707181E-1
4.385000E-3	-5.783787E-1
4.390000E-3	-5.735778E-1
4.395000E-3	-5.755985E-1
4.400000E-3	-5.813920E-1
4.405000E-3	-5.773122E-1
4.410000E-3	-5.686234E-1
4.415000E-3	-5.783033E-1
4.420000E-3	-5.886208E-1
4.425000E-3	-5.832372E-1
4.430000E-3	-5.904564E-1
4.435000E-3	-5.951381E-1
4.440000E-3	-5.811082E-1
4.445000E-3	-5.891404E-1
4.450000E-3	-6.009151E-1
4.455000E-3	-5.930282E-1
4.460000E-3	-5.905771E-1
4.465000E-3	-5.917917E-1
4.470000E-3	-5.898806E-1
4.475000E-3	-5.926307E-1
4.480000E-3	-6.015087E-1
4.485000E-3	-5.910418E-1
4.490000E-3	-5.796797E-1
4.495000E-3	-5.846671E-1
4.500000E-3	-5.770586E-1
4.505000E-3	-5.704439E-1
4.510000E-3	-5.797812E-1
4.515000E-3	-5.830055E-1
4.520000E-3	-5.778317E-1
4.525000E-3	-5.760139E-1
4.530000E-3	-5.801486E-1
4.535000E-3	-5.853375E-1
4.540000E-3	-5.864781E-1
4.545000E-3	-5.878462E-1
4.550000E-3	-5.793754E-1
4.555000E-3	-5.783335E-1
4.560000E-3	-5.864397E-1
4.565000E-3	-5.822995E-1
4.570000E-3	-5.782211E-1
4.575000E-3	-5.719958E-1
4.580000E-3	-5.683396E-1
4.585000E-3	-5.678913E-1
4.590000E-3	-5.684698E-1
4.595000E-3	-5.749556E-1
4.600000E-3	-5.771929E-1
4.605000E-3	-5.712240E-1
4.610000E-3	-5.682436E-1
4.615000E-3	-5.771504E-1
4.620000E-3	-5.962252E-1
4.625000E-3	-6.068401E-1
4.630000E-3	-6.136042E-1
4.635000E-3	-6.165791E-1
4.640000E-3	-6.052828E-1
4.645000E-3	-5.980197E-1
4.650000E-3	-5.981445E-1
4.655000E-3	-5.893378E-1
4.660000E-3	-5.849988E-1
4.665000E-3	-5.823009E-1
4.670000E-3	-5.799909E-1
4.675000E-3	-5.703452E-1
4.680000E-3	-5.681257E-1
4.685000E-3	-5.745059E-1
4.690000E-3	-5.843915E-1
4.695000E-3	-5.993838E-1
4.700000E-3	-5.987120E-1
4.705000E-3	-5.872375E-1
4.710000E-3	-5.877941E-1
4.715000E-3	-5.897271E-1
4.720000E-3	-5.909458E-1
4.725000E-3	-5.993509E-1
4.730000E-3	-6.023970E-1
4.735000E-3	-5.941263E-1
4.740000E-3	-5.902741E-1
4.745000E-3	-5.947666E-1
4.750000E-3	-5.859228E-1
4.755000E-3	-5.795961E-1
4.760000E-3	-5.803007E-1
4.765000E-3	-5.697845E-1
4.770000E-3	-5.623611E-1
4.775000E-3	-5.652276E-1
4.780000E-3	-5.702602E-1
4.785000E-3	-5.714913E-1
4.790000E-3	-5.837993E-1
4.795000E-3	-5.909047E-1
4.800000E-3	-5.918945E-1
4.805000E-3	-5.962512E-1
4.810000E-3	-5.976427E-1
4.815000E-3	-5.916080E-1
4.820000E-3	-5.922523E-1
4.825000E-3	-5.936918E-1
4.830000E-3	-5.864465E-1
4.835000E-3	-5.812645E-1
4.840000E-3	-5.822803E-1
4.845000E-3	-5.744196E-1
4.850000E-3	-5.673731E-1
4.855000E-3	-5.771737E-1
4.860000E-3	-5.825956E-1
4.865000E-3	-5.826779E-1
4.870000E-3	-5.863382E-1
4.875000E-3	-5.870607E-1
4.880000E-3	-5.775521E-1
4.885000E-3	-5.737958E-1
4.890000E-3	-5.828054E-1
4.895000E-3	-5.796660E-1
4.900000E-3	-5.780141E-1
4.905000E-3	-5.819088E-1
4.910000E-3	-5.780086E-1
4.915000E-3	-5.795920E-1
4.920000E-3	-5.887538E-1
4.925000E-3	-5.934765E-1
4.930000E-3	-5.901274E-1
4.935000E-3	-5.968284E-1
4.940000E-3	-5.995469E-1
4.945000E-3	-5.916190E-1
4.950000E-3	-5.937425E-1
4.955000E-3	-5.928103E-1
4.960000E-3	-5.840036E-1
4.965000E-3	-5.853196E-1
4.970000E-3	-5.884576E-1
4.975000E-3	-5.798552E-1
4.980000E-3	-5.772902E-1
4.985000E-3	-5.841256E-1
4.990000E-3	-5.837746E-1
4.995000E-3	-5.847589E-1
5.000000E-3	-5.900068E-1
5.005000E-3	-5.846218E-1
5.010000E-3	-5.763375E-1
5.015000E-3	-5.782266E-1
5.020000E-3	-5.824654E-1
5.025000E-3	-5.815263E-1
5.030000E-3	-5.834072E-1
5.035000E-3	-5.824407E-1
5.040000E-3	-5.779277E-1
5.045000E-3	-5.756246E-1
5.050000E-3	-5.761346E-1
5.055000E-3	-5.789655E-1
5.060000E-3	-5.857857E-1
5.065000E-3	-5.886057E-1
5.070000E-3	-5.849810E-1
5.075000E-3	-5.860353E-1
5.080000E-3	-5.846753E-1
5.085000E-3	-5.802226E-1
5.090000E-3	-5.820199E-1
5.095000E-3	-5.867330E-1
5.100000E-3	-5.894118E-1
5.105000E-3	-5.962650E-1
5.110000E-3	-5.990287E-1
5.115000E-3	-5.907361E-1
5.120000E-3	-5.827273E-1
5.125000E-3	-5.759755E-1
5.130000E-3	-5.716517E-1
5.135000E-3	-5.731062E-1
5.140000E-3	-5.806448E-1
5.145000E-3	-5.861655E-1
5.150000E-3	-5.907539E-1
5.155000E-3	-5.950860E-1
5.160000E-3	-5.925690E-1
5.165000E-3	-5.911899E-1
5.170000E-3	-5.948598E-1
5.175000E-3	-5.950407E-1
5.180000E-3	-5.948611E-1
5.185000E-3	-5.952176E-1
5.190000E-3	-5.898286E-1
5.195000E-3	-5.810232E-1
5.200000E-3	-5.764718E-1
5.205000E-3	-5.716462E-1
5.210000E-3	-5.680640E-1
5.215000E-3	-5.717723E-1
5.220000E-3	-5.746416E-1
5.225000E-3	-5.735024E-1
5.230000E-3	-5.721274E-1
5.235000E-3	-5.723084E-1
5.240000E-3	-5.773177E-1
5.245000E-3	-5.865096E-1
5.250000E-3	-5.934244E-1
5.255000E-3	-5.947583E-1
5.260000E-3	-5.912063E-1
5.265000E-3	-5.848645E-1
5.270000E-3	-5.809917E-1
5.275000E-3	-5.827615E-1
5.280000E-3	-5.865384E-1
5.285000E-3	-5.850468E-1
5.290000E-3	-5.799525E-1
5.295000E-3	-5.725524E-1
5.300000E-3	-5.672113E-1
5.305000E-3	-5.680188E-1
5.310000E-3	-5.736491E-1
5.315000E-3	-5.814880E-1
5.320000E-3	-5.867207E-1
5.325000E-3	-5.888593E-1
5.330000E-3	-5.923921E-1
5.335000E-3	-5.959551E-1
5.340000E-3	-6.008534E-1
5.345000E-3	-6.011221E-1
5.350000E-3	-5.957591E-1
5.355000E-3	-5.891157E-1
5.360000E-3	-5.825477E-1
5.365000E-3	-5.806983E-1
5.370000E-3	-5.822995E-1
5.375000E-3	-5.881163E-1
5.380000E-3	-5.926266E-1
5.385000E-3	-5.926814E-1
5.390000E-3	-5.901082E-1
5.395000E-3	-5.854019E-1
5.400000E-3	-5.810342E-1
5.405000E-3	-5.807573E-1
5.410000E-3	-5.795920E-1
5.415000E-3	-5.819294E-1
5.420000E-3	-5.889690E-1
5.425000E-3	-5.974686E-1
5.430000E-3	-6.009288E-1
5.435000E-3	-5.989012E-1
5.440000E-3	-5.937850E-1
5.445000E-3	-5.846781E-1
5.450000E-3	-5.838404E-1
5.455000E-3	-5.885180E-1
5.460000E-3	-5.898025E-1
5.465000E-3	-5.896613E-1
5.470000E-3	-5.874857E-1
5.475000E-3	-5.797606E-1
5.480000E-3	-5.708621E-1
5.485000E-3	-5.637004E-1
5.490000E-3	-5.587432E-1
5.495000E-3	-5.606954E-1
5.500000E-3	-5.721082E-1
5.505000E-3	-5.824723E-1
5.510000E-3	-5.868276E-1
5.515000E-3	-5.896750E-1
5.520000E-3	-5.857953E-1
5.525000E-3	-5.780182E-1
5.530000E-3	-5.772724E-1
5.535000E-3	-5.798771E-1
5.540000E-3	-5.808285E-1
5.545000E-3	-5.843765E-1
5.550000E-3	-5.891006E-1
5.555000E-3	-5.878065E-1
5.560000E-3	-5.868030E-1
5.565000E-3	-5.855856E-1
5.570000E-3	-5.802185E-1
5.575000E-3	-5.754806E-1
5.580000E-3	-5.776467E-1
5.585000E-3	-5.808546E-1
5.590000E-3	-5.843929E-1
5.595000E-3	-5.884535E-1
5.600000E-3	-5.864465E-1
5.605000E-3	-5.810534E-1
5.610000E-3	-5.788051E-1
5.615000E-3	-5.803570E-1
5.620000E-3	-5.820953E-1
5.625000E-3	-5.858707E-1
5.630000E-3	-5.886071E-1
5.635000E-3	-5.875803E-1
5.640000E-3	-5.890321E-1
5.645000E-3	-5.936424E-1
5.650000E-3	-5.962855E-1
5.655000E-3	-5.967695E-1
5.660000E-3	-5.946350E-1
5.665000E-3	-5.900081E-1
5.670000E-3	-5.872732E-1
5.675000E-3	-5.872238E-1
5.680000E-3	-5.875652E-1
5.685000E-3	-5.883151E-1
5.690000E-3	-5.880450E-1
5.695000E-3	-5.861216E-1
5.700000E-3	-5.847850E-1
5.705000E-3	-5.834360E-1
5.710000E-3	-5.810040E-1
5.715000E-3	-5.807024E-1
5.720000E-3	-5.807600E-1
5.725000E-3	-5.788311E-1
5.730000E-3	-5.776302E-1
5.735000E-3	-5.773108E-1
5.740000E-3	-5.761729E-1
5.745000E-3	-5.766116E-1
5.750000E-3	-5.791135E-1
5.755000E-3	-5.820075E-1
5.760000E-3	-5.852004E-1
5.765000E-3	-5.858570E-1
5.770000E-3	-5.827012E-1
5.775000E-3	-5.802295E-1
5.780000E-3	-5.803789E-1
5.785000E-3	-5.825518E-1
5.790000E-3	-5.890238E-1
5.795000E-3	-5.967352E-1
5.800000E-3	-5.998732E-1
5.805000E-3	-5.987628E-1
5.810000E-3	-5.947199E-1
5.815000E-3	-5.860736E-1
5.820000E-3	-5.762689E-1
5.825000E-3	-5.714968E-1
5.830000E-3	-5.713967E-1
5.835000E-3	-5.746060E-1
5.840000E-3	-5.808779E-1
5.845000E-3	-5.872046E-1
5.850000E-3	-5.918232E-1
5.855000E-3	-5.958139E-1
5.860000E-3	-5.966927E-1
5.865000E-3	-5.944334E-1
5.870000E-3	-5.925964E-1
5.875000E-3	-5.901795E-1
5.880000E-3	-5.860777E-1
5.885000E-3	-5.841955E-1
5.890000E-3	-5.830151E-1
5.895000E-3	-5.807477E-1
5.900000E-3	-5.800540E-1
5.905000E-3	-5.799608E-1
5.910000E-3	-5.761688E-1
5.915000E-3	-5.728924E-1
5.920000E-3	-5.722631E-1
5.925000E-3	-5.710060E-1
5.930000E-3	-5.720013E-1
5.935000E-3	-5.775713E-1
5.940000E-3	-5.820966E-1
5.945000E-3	-5.825737E-1
5.950000E-3	-5.806298E-1
5.955000E-3	-5.766829E-1
5.960000E-3	-5.721370E-1
5.965000E-3	-5.725030E-1
5.970000E-3	-5.765541E-1
5.975000E-3	-5.808998E-1
5.980000E-3	-5.869318E-1
5.985000E-3	-5.920988E-1
5.990000E-3	-5.927445E-1
5.995000E-3	-5.912228E-1
6.000000E-3	-5.904139E-1
6.005000E-3	-5.886139E-1
6.010000E-3	-5.878860E-1
6.015000E-3	-5.890608E-1
6.020000E-3	-5.889375E-1
6.025000E-3	-5.873376E-1
6.030000E-3	-5.870086E-1
6.035000E-3	-5.862327E-1
6.040000E-3	-5.858433E-1
6.045000E-3	-5.878462E-1
6.050000E-3	-5.886509E-1
6.055000E-3	-5.864589E-1
6.060000E-3	-5.836896E-1
6.065000E-3	-5.815277E-1
6.070000E-3	-5.809135E-1
6.075000E-3	-5.824147E-1
6.080000E-3	-5.842613E-1
6.085000E-3	-5.851524E-1
6.090000E-3	-5.860133E-1
6.095000E-3	-5.875487E-1
6.100000E-3	-5.876461E-1
6.105000E-3	-5.878887E-1
6.110000E-3	-5.883850E-1
6.115000E-3	-5.873225E-1
6.120000E-3	-5.847192E-1
6.125000E-3	-5.810205E-1
6.130000E-3	-5.774698E-1
6.135000E-3	-5.770682E-1
6.140000E-3	-5.812193E-1
6.145000E-3	-5.862560E-1
6.150000E-3	-5.892596E-1
6.155000E-3	-5.894529E-1
6.160000E-3	-5.878599E-1
6.165000E-3	-5.865370E-1
6.170000E-3	-5.853429E-1
6.175000E-3	-5.836293E-1
6.180000E-3	-5.833044E-1
6.185000E-3	-5.842161E-1
6.190000E-3	-5.852936E-1
6.195000E-3	-5.861271E-1
6.200000E-3	-5.874500E-1
6.205000E-3	-5.870991E-1
6.210000E-3	-5.851414E-1
6.215000E-3	-5.834744E-1
6.220000E-3	-5.831797E-1
6.225000E-3	-5.833455E-1
6.230000E-3	-5.830480E-1
6.235000E-3	-5.818101E-1
6.240000E-3	-5.797634E-1
6.245000E-3	-5.785775E-1
6.250000E-3	-5.786680E-1
6.255000E-3	-5.807929E-1
6.260000E-3	-5.848809E-1
6.265000E-3	-5.892240E-1
6.270000E-3	-5.927500E-1
6.275000E-3	-5.942278E-1
6.280000E-3	-5.923346E-1
6.285000E-3	-5.883014E-1
6.290000E-3	-5.838349E-1
6.295000E-3	-5.800307E-1
6.300000E-3	-5.780154E-1
6.305000E-3	-5.786036E-1
6.310000E-3	-5.811301E-1
6.315000E-3	-5.840721E-1
6.320000E-3	-5.858022E-1
6.325000E-3	-5.858132E-1
6.330000E-3	-5.845560E-1
6.335000E-3	-5.824544E-1
6.340000E-3	-5.787955E-1
6.345000E-3	-5.740384E-1
6.350000E-3	-5.702534E-1
6.355000E-3	-5.679379E-1
6.360000E-3	-5.668563E-1
6.365000E-3	-5.682258E-1
6.370000E-3	-5.702136E-1
6.375000E-3	-5.715160E-1
6.380000E-3	-5.732502E-1
6.385000E-3	-5.762415E-1
6.390000E-3	-5.798388E-1
6.395000E-3	-5.844793E-1
6.400000E-3	-5.892898E-1
6.405000E-3	-5.917533E-1
6.410000E-3	-5.921673E-1
6.415000E-3	-5.908142E-1
6.420000E-3	-5.888689E-1
6.425000E-3	-5.873472E-1
6.430000E-3	-5.858831E-1
6.435000E-3	-5.835388E-1
6.440000E-3	-5.821446E-1
6.445000E-3	-5.820637E-1
6.450000E-3	-5.819102E-1
6.455000E-3	-5.823393E-1
6.460000E-3	-5.830549E-1
6.465000E-3	-5.822721E-1
6.470000E-3	-5.804598E-1
6.475000E-3	-5.794316E-1
6.480000E-3	-5.803186E-1
6.485000E-3	-5.825202E-1
6.490000E-3	-5.861271E-1
6.495000E-3	-5.895338E-1
6.500000E-3	-5.921056E-1
6.505000E-3	-5.949324E-1
6.510000E-3	-5.971876E-1
6.515000E-3	-5.967722E-1
6.520000E-3	-5.945733E-1
6.525000E-3	-5.918520E-1
6.530000E-3	-5.896695E-1
6.535000E-3	-5.897353E-1
6.540000E-3	-5.910295E-1
6.545000E-3	-5.901000E-1
6.550000E-3	-5.863656E-1
6.555000E-3	-5.811672E-1
6.560000E-3	-5.762237E-1
6.565000E-3	-5.731007E-1
6.570000E-3	-5.714584E-1
6.575000E-3	-5.705769E-1
6.580000E-3	-5.707346E-1
6.585000E-3	-5.725140E-1
6.590000E-3	-5.760496E-1
6.595000E-3	-5.814633E-1
6.600000E-3	-5.874048E-1
6.605000E-3	-5.928884E-1
6.610000E-3	-5.971341E-1
6.615000E-3	-5.999116E-1
6.620000E-3	-6.001583E-1
6.625000E-3	-5.985996E-1
6.630000E-3	-5.958989E-1
6.635000E-3	-5.918452E-1
6.640000E-3	-5.865631E-1
6.645000E-3	-5.818512E-1
6.650000E-3	-5.780278E-1
6.655000E-3	-5.750584E-1
6.660000E-3	-5.748212E-1
6.665000E-3	-5.776083E-1
6.670000E-3	-5.813330E-1
6.675000E-3	-5.850441E-1
6.680000E-3	-5.874569E-1
6.685000E-3	-5.864506E-1
6.690000E-3	-5.833784E-1
6.695000E-3	-5.806599E-1
6.700000E-3	-5.792739E-1
6.705000E-3	-5.799142E-1
6.710000E-3	-5.829850E-1
6.715000E-3	-5.862532E-1
6.720000E-3	-5.874281E-1
6.725000E-3	-5.877174E-1
6.730000E-3	-5.872567E-1
6.735000E-3	-5.853950E-1
6.740000E-3	-5.832112E-1
6.745000E-3	-5.806640E-1
6.750000E-3	-5.783362E-1
6.755000E-3	-5.776289E-1
6.760000E-3	-5.782444E-1
6.765000E-3	-5.789970E-1
6.770000E-3	-5.805338E-1
6.775000E-3	-5.825531E-1
6.780000E-3	-5.836540E-1
6.785000E-3	-5.841393E-1
6.790000E-3	-5.842284E-1
6.795000E-3	-5.834360E-1
6.800000E-3	-5.832290E-1
6.805000E-3	-5.847178E-1
6.810000E-3	-5.866604E-1
6.815000E-3	-5.884947E-1
6.820000E-3	-5.902919E-1
6.825000E-3	-5.911090E-1
6.830000E-3	-5.899889E-1
6.835000E-3	-5.874747E-1
6.840000E-3	-5.837705E-1
6.845000E-3	-5.808395E-1
6.850000E-3	-5.791889E-1
6.855000E-3	-5.784308E-1
6.860000E-3	-5.779003E-1
6.865000E-3	-5.782293E-1
6.870000E-3	-5.792506E-1
6.875000E-3	-5.815579E-1
6.880000E-3	-5.848974E-1
6.885000E-3	-5.875912E-1
6.890000E-3	-5.895475E-1
6.895000E-3	-5.900575E-1
6.900000E-3	-5.888484E-1
6.905000E-3	-5.867481E-1
6.910000E-3	-5.852552E-1
6.915000E-3	-5.841585E-1
6.920000E-3	-5.830549E-1
6.925000E-3	-5.824832E-1
6.930000E-3	-5.828561E-1
6.935000E-3	-5.838240E-1
6.940000E-3	-5.848947E-1
6.945000E-3	-5.854663E-1
6.950000E-3	-5.860366E-1
6.955000E-3	-5.866645E-1
6.960000E-3	-5.873129E-1
6.965000E-3	-5.875597E-1
6.970000E-3	-5.875049E-1
6.975000E-3	-5.863081E-1
6.980000E-3	-5.835690E-1
6.985000E-3	-5.803199E-1
6.990000E-3	-5.773478E-1
6.995000E-3	-5.762305E-1
7.000000E-3	-5.774534E-1
7.005000E-3	-5.801321E-1
7.010000E-3	-5.821117E-1
7.015000E-3	-5.826121E-1
7.020000E-3	-5.814660E-1
7.025000E-3	-5.788860E-1
7.030000E-3	-5.764458E-1
7.035000E-3	-5.757000E-1
7.040000E-3	-5.769379E-1
7.045000E-3	-5.796578E-1
7.050000E-3	-5.819445E-1
7.055000E-3	-5.830494E-1
7.060000E-3	-5.828506E-1
7.065000E-3	-5.829164E-1
7.070000E-3	-5.836814E-1
7.075000E-3	-5.851085E-1
7.080000E-3	-5.872101E-1
7.085000E-3	-5.892185E-1
7.090000E-3	-5.903221E-1
7.095000E-3	-5.906017E-1
7.100000E-3	-5.901233E-1
7.105000E-3	-5.893158E-1
7.110000E-3	-5.887730E-1
7.115000E-3	-5.889018E-1
7.120000E-3	-5.890375E-1
7.125000E-3	-5.892062E-1
7.130000E-3	-5.891061E-1
7.135000E-3	-5.880957E-1
7.140000E-3	-5.859694E-1
7.145000E-3	-5.831673E-1
7.150000E-3	-5.810972E-1
7.155000E-3	-5.791163E-1
7.160000E-3	-5.772683E-1
7.165000E-3	-5.756081E-1
7.170000E-3	-5.743716E-1
7.175000E-3	-5.740563E-1
7.180000E-3	-5.749624E-1
7.185000E-3	-5.760962E-1
7.190000E-3	-5.767515E-1
7.195000E-3	-5.771271E-1
7.200000E-3	-5.778263E-1
7.205000E-3	-5.795714E-1
7.210000E-3	-5.825573E-1
7.215000E-3	-5.859146E-1
7.220000E-3	-5.886825E-1
7.225000E-3	-5.901631E-1
7.230000E-3	-5.900410E-1
7.235000E-3	-5.886455E-1
7.240000E-3	-5.872732E-1
7.245000E-3	-5.863012E-1
7.250000E-3	-5.858104E-1
7.255000E-3	-5.855445E-1
7.260000E-3	-5.855321E-1
7.265000E-3	-5.854787E-1
7.270000E-3	-5.850578E-1
7.275000E-3	-5.845752E-1
7.280000E-3	-5.840036E-1
7.285000E-3	-5.831742E-1
7.290000E-3	-5.820843E-1
7.295000E-3	-5.813714E-1
7.300000E-3	-5.810314E-1
7.305000E-3	-5.820665E-1
7.310000E-3	-5.844327E-1
7.315000E-3	-5.876790E-1
7.320000E-3	-5.906155E-1
7.325000E-3	-5.926924E-1
7.330000E-3	-5.928774E-1
7.335000E-3	-5.918095E-1
7.340000E-3	-5.906113E-1
7.345000E-3	-5.898615E-1
7.350000E-3	-5.890197E-1
7.355000E-3	-5.883123E-1
7.360000E-3	-5.869716E-1
7.365000E-3	-5.845245E-1
7.370000E-3	-5.820898E-1
7.375000E-3	-5.801787E-1
7.380000E-3	-5.791204E-1
7.385000E-3	-5.792767E-1
7.390000E-3	-5.803761E-1
7.395000E-3	-5.813166E-1
7.400000E-3	-5.820500E-1
7.405000E-3	-5.830919E-1
7.410000E-3	-5.838199E-1
7.415000E-3	-5.844587E-1
7.420000E-3	-5.854800E-1
7.425000E-3	-5.859516E-1
7.430000E-3	-5.853937E-1
7.435000E-3	-5.842421E-1
7.440000E-3	-5.823914E-1
7.445000E-3	-5.800156E-1
7.450000E-3	-5.780278E-1
7.455000E-3	-5.766994E-1
7.460000E-3	-5.755972E-1
7.465000E-3	-5.743209E-1
7.470000E-3	-5.735422E-1
7.475000E-3	-5.731940E-1
7.480000E-3	-5.737999E-1
7.485000E-3	-5.756671E-1
7.490000E-3	-5.787064E-1
7.495000E-3	-5.821241E-1
7.500000E-3	-5.855294E-1
7.505000E-3	-5.885015E-1
7.510000E-3	-5.906045E-1
7.515000E-3	-5.916313E-1
7.520000E-3	-5.915943E-1
7.525000E-3	-5.905579E-1
7.530000E-3	-5.886043E-1
7.535000E-3	-5.856692E-1
7.540000E-3	-5.821624E-1
7.545000E-3	-5.794193E-1
7.550000E-3	-5.772025E-1
7.555000E-3	-5.756068E-1
7.560000E-3	-5.746403E-1
7.565000E-3	-5.744264E-1
7.570000E-3	-5.750337E-1
7.575000E-3	-5.765157E-1
7.580000E-3	-5.786680E-1
7.585000E-3	-5.808148E-1
7.590000E-3	-5.829781E-1
7.595000E-3	-5.850729E-1
7.600000E-3	-5.869496E-1
7.605000E-3	-5.888333E-1
7.610000E-3	-5.912159E-1
7.615000E-3	-5.929337E-1
7.620000E-3	-5.935643E-1
7.625000E-3	-5.933847E-1
7.630000E-3	-5.924429E-1
7.635000E-3	-5.911460E-1
7.640000E-3	-5.901370E-1
7.645000E-3	-5.889649E-1
7.650000E-3	-5.869140E-1
7.655000E-3	-5.843120E-1
7.660000E-3	-5.816525E-1
7.665000E-3	-5.794494E-1
7.670000E-3	-5.785789E-1
7.675000E-3	-5.792369E-1
7.680000E-3	-5.811713E-1
7.685000E-3	-5.834867E-1
7.690000E-3	-5.856555E-1
7.695000E-3	-5.870237E-1
7.700000E-3	-5.876200E-1
7.705000E-3	-5.873938E-1
7.710000E-3	-5.869359E-1
7.715000E-3	-5.864452E-1
7.720000E-3	-5.858817E-1
7.725000E-3	-5.853402E-1
7.730000E-3	-5.846383E-1
7.735000E-3	-5.836512E-1
7.740000E-3	-5.819924E-1
7.745000E-3	-5.799196E-1
7.750000E-3	-5.783705E-1
7.755000E-3	-5.776494E-1
7.760000E-3	-5.772546E-1
7.765000E-3	-5.776686E-1
7.770000E-3	-5.780991E-1
7.775000E-3	-5.784432E-1
7.780000E-3	-5.786886E-1
7.785000E-3	-5.792520E-1
7.790000E-3	-5.801349E-1
7.795000E-3	-5.809026E-1
7.800000E-3	-5.818416E-1
7.805000E-3	-5.824558E-1
7.810000E-3	-5.830823E-1
7.815000E-3	-5.836444E-1
7.820000E-3	-5.838939E-1
7.825000E-3	-5.842517E-1
7.830000E-3	-5.850084E-1
7.835000E-3	-5.856404E-1
7.840000E-3	-5.856610E-1
7.845000E-3	-5.849372E-1
7.850000E-3	-5.837472E-1
7.855000E-3	-5.817361E-1
7.860000E-3	-5.793658E-1
7.865000E-3	-5.774260E-1
7.870000E-3	-5.764115E-1
7.875000E-3	-5.767652E-1
7.880000E-3	-5.781937E-1
7.885000E-3	-5.800787E-1
7.890000E-3	-5.816922E-1
7.895000E-3	-5.826327E-1
7.900000E-3	-5.833305E-1
7.905000E-3	-5.841119E-1
7.910000E-3	-5.852401E-1
7.915000E-3	-5.861888E-1
7.920000E-3	-5.870991E-1
7.925000E-3	-5.874884E-1
7.930000E-3	-5.878983E-1
7.935000E-3	-5.880642E-1
7.940000E-3	-5.882822E-1
7.945000E-3	-5.882972E-1
7.950000E-3	-5.876913E-1
7.955000E-3	-5.863259E-1
7.960000E-3	-5.845999E-1
7.965000E-3	-5.824805E-1
7.970000E-3	-5.807230E-1
7.975000E-3	-5.797867E-1
7.980000E-3	-5.797373E-1
7.985000E-3	-5.803254E-1
7.990000E-3	-5.808450E-1
7.995000E-3	-5.813125E-1
8.000000E-3	-5.821871E-1
8.005000E-3	-5.834552E-1
8.010000E-3	-5.850345E-1
8.015000E-3	-5.869044E-1
8.020000E-3	-5.882123E-1
8.025000E-3	-5.884426E-1
8.030000E-3	-5.874295E-1
8.035000E-3	-5.856774E-1
8.040000E-3	-5.832934E-1
8.045000E-3	-5.809560E-1
8.050000E-3	-5.793466E-1
8.055000E-3	-5.787434E-1
8.060000E-3	-5.792027E-1
8.065000E-3	-5.805407E-1
8.070000E-3	-5.821103E-1
8.075000E-3	-5.837349E-1
8.080000E-3	-5.850276E-1
8.085000E-3	-5.855294E-1
8.090000E-3	-5.850551E-1
8.095000E-3	-5.838034E-1
8.100000E-3	-5.825422E-1
8.105000E-3	-5.821761E-1
8.110000E-3	-5.832797E-1
8.115000E-3	-5.855212E-1
8.120000E-3	-5.882054E-1
8.125000E-3	-5.906360E-1
8.130000E-3	-5.928994E-1
8.135000E-3	-5.941236E-1
8.140000E-3	-5.943306E-1
8.145000E-3	-5.933449E-1
8.150000E-3	-5.913653E-1
8.155000E-3	-5.886455E-1
8.160000E-3	-5.857350E-1
8.165000E-3	-5.826902E-1
8.170000E-3	-5.794864E-1
8.175000E-3	-5.766418E-1
8.180000E-3	-5.745539E-1
8.185000E-3	-5.732666E-1
8.190000E-3	-5.734435E-1
8.195000E-3	-5.749186E-1
8.200000E-3	-5.771847E-1
8.205000E-3	-5.794453E-1
8.210000E-3	-5.811850E-1
8.215000E-3	-5.823900E-1
8.220000E-3	-5.826450E-1
8.225000E-3	-5.826107E-1
8.230000E-3	-5.825367E-1
8.235000E-3	-5.830453E-1
8.240000E-3	-5.840310E-1
8.245000E-3	-5.845163E-1
8.250000E-3	-5.843161E-1
8.255000E-3	-5.830549E-1
8.260000E-3	-5.811918E-1
8.265000E-3	-5.789833E-1
8.270000E-3	-5.769050E-1
8.275000E-3	-5.753943E-1
8.280000E-3	-5.748651E-1
8.285000E-3	-5.754861E-1
8.290000E-3	-5.766925E-1
8.295000E-3	-5.789545E-1
8.300000E-3	-5.816511E-1
8.305000E-3	-5.848343E-1
8.310000E-3	-5.876680E-1
8.315000E-3	-5.899341E-1
8.320000E-3	-5.915477E-1
8.325000E-3	-5.921509E-1
8.330000E-3	-5.915175E-1
8.335000E-3	-5.895420E-1
8.340000E-3	-5.870826E-1
8.345000E-3	-5.844793E-1
8.350000E-3	-5.823174E-1
8.355000E-3	-5.808176E-1
8.360000E-3	-5.799292E-1
8.365000E-3	-5.791286E-1
8.370000E-3	-5.786132E-1
8.375000E-3	-5.782334E-1
8.380000E-3	-5.785707E-1
8.385000E-3	-5.791903E-1
8.390000E-3	-5.806599E-1
8.395000E-3	-5.826327E-1
8.400000E-3	-5.847329E-1
8.405000E-3	-5.866851E-1
8.410000E-3	-5.883877E-1
8.415000E-3	-5.895653E-1
8.420000E-3	-5.901589E-1
8.425000E-3	-5.902247E-1
8.430000E-3	-5.899204E-1
8.435000E-3	-5.892432E-1
8.440000E-3	-5.887044E-1
8.445000E-3	-5.881135E-1
8.450000E-3	-5.872732E-1
8.455000E-3	-5.863026E-1
8.460000E-3	-5.851017E-1
8.465000E-3	-5.844628E-1
8.470000E-3	-5.842791E-1
8.475000E-3	-5.843285E-1
8.480000E-3	-5.845039E-1
8.485000E-3	-5.847987E-1
8.490000E-3	-5.848083E-1
8.495000E-3	-5.845862E-1
8.500000E-3	-5.846054E-1
8.505000E-3	-5.845108E-1
8.510000E-3	-5.845204E-1
8.515000E-3	-5.844272E-1
8.520000E-3	-5.843723E-1
8.525000E-3	-5.839953E-1
8.530000E-3	-5.837815E-1
8.535000E-3	-5.833771E-1
8.540000E-3	-5.825504E-1
8.545000E-3	-5.817114E-1
8.550000E-3	-5.808738E-1
8.555000E-3	-5.802308E-1
8.560000E-3	-5.793877E-1
8.565000E-3	-5.789477E-1
8.570000E-3	-5.779620E-1
8.575000E-3	-5.771230E-1
8.580000E-3	-5.769736E-1
8.585000E-3	-5.779675E-1
8.590000E-3	-5.794713E-1
8.595000E-3	-5.814139E-1
8.600000E-3	-5.835649E-1
8.605000E-3	-5.850756E-1
8.610000E-3	-5.861586E-1
8.615000E-3	-5.862560E-1
8.620000E-3	-5.857199E-1
8.625000E-3	-5.852415E-1
8.630000E-3	-5.847960E-1
8.635000E-3	-5.844889E-1
8.640000E-3	-5.843175E-1
8.645000E-3	-5.841941E-1
8.650000E-3	-5.836129E-1
8.655000E-3	-5.823763E-1
8.660000E-3	-5.809122E-1
8.665000E-3	-5.796331E-1
8.670000E-3	-5.786049E-1
8.675000E-3	-5.784363E-1
8.680000E-3	-5.784322E-1
8.685000E-3	-5.786296E-1
8.690000E-3	-5.794864E-1
8.695000E-3	-5.806448E-1
8.700000E-3	-5.823160E-1
8.705000E-3	-5.840776E-1
8.710000E-3	-5.853416E-1
8.715000E-3	-5.859969E-1
8.720000E-3	-5.858817E-1
8.725000E-3	-5.851963E-1
8.730000E-3	-5.842956E-1
8.735000E-3	-5.837253E-1
8.740000E-3	-5.834566E-1
8.745000E-3	-5.833414E-1
8.750000E-3	-5.831125E-1
8.755000E-3	-5.827643E-1
8.760000E-3	-5.822858E-1
8.765000E-3	-5.819664E-1
8.770000E-3	-5.818869E-1
8.775000E-3	-5.820980E-1
8.780000E-3	-5.819349E-1
8.785000E-3	-5.817950E-1
8.790000E-3	-5.815894E-1
8.795000E-3	-5.816319E-1
8.800000E-3	-5.819979E-1
8.805000E-3	-5.824764E-1
8.810000E-3	-5.831563E-1
8.815000E-3	-5.841955E-1
8.820000E-3	-5.850537E-1
8.825000E-3	-5.858255E-1
8.830000E-3	-5.865356E-1
8.835000E-3	-5.872142E-1
8.840000E-3	-5.879244E-1
8.845000E-3	-5.886276E-1
8.850000E-3	-5.890019E-1
8.855000E-3	-5.888388E-1
8.860000E-3	-5.884412E-1
8.865000E-3	-5.874171E-1
8.870000E-3	-5.859804E-1
8.875000E-3	-5.841996E-1
8.880000E-3	-5.819801E-1
8.885000E-3	-5.799553E-1
8.890000E-3	-5.781265E-1
8.895000E-3	-5.766802E-1
8.900000E-3	-5.757315E-1
8.905000E-3	-5.749899E-1
8.910000E-3	-5.750940E-1
8.915000E-3	-5.759330E-1
8.920000E-3	-5.774383E-1
8.925000E-3	-5.790642E-1
8.930000E-3	-5.807915E-1
8.935000E-3	-5.824640E-1
8.940000E-3	-5.833195E-1
8.945000E-3	-5.836183E-1
8.950000E-3	-5.834470E-1
8.955000E-3	-5.830782E-1
8.960000E-3	-5.829740E-1
8.965000E-3	-5.831454E-1
8.970000E-3	-5.832962E-1
8.975000E-3	-5.832071E-1
8.980000E-3	-5.831399E-1
8.985000E-3	-5.830055E-1
8.990000E-3	-5.832427E-1
8.995000E-3	-5.833647E-1
9.000000E-3	-5.834977E-1
9.005000E-3	-5.837527E-1
9.010000E-3	-5.836005E-1
9.015000E-3	-5.831125E-1
9.020000E-3	-5.825888E-1
9.025000E-3	-5.819157E-1
9.030000E-3	-5.816141E-1
9.035000E-3	-5.818307E-1
9.040000E-3	-5.827368E-1
9.045000E-3	-5.842860E-1
9.050000E-3	-5.858707E-1
9.055000E-3	-5.873047E-1
9.060000E-3	-5.873170E-1
9.065000E-3	-5.862464E-1
9.070000E-3	-5.842846E-1
9.075000E-3	-5.816497E-1
9.080000E-3	-5.793507E-1
9.085000E-3	-5.783116E-1
9.090000E-3	-5.782115E-1
9.095000E-3	-5.791218E-1
9.100000E-3	-5.801746E-1
9.105000E-3	-5.816908E-1
9.110000E-3	-5.833181E-1
9.115000E-3	-5.848851E-1
9.120000E-3	-5.864328E-1
9.125000E-3	-5.875638E-1
9.130000E-3	-5.880820E-1
9.135000E-3	-5.880066E-1
9.140000E-3	-5.873911E-1
9.145000E-3	-5.865384E-1
9.150000E-3	-5.858557E-1
9.155000E-3	-5.847713E-1
9.160000E-3	-5.837746E-1
9.165000E-3	-5.829521E-1
9.170000E-3	-5.826066E-1
9.175000E-3	-5.819924E-1
9.180000E-3	-5.811576E-1
9.185000E-3	-5.805338E-1
9.190000E-3	-5.801321E-1
9.195000E-3	-5.798717E-1
9.200000E-3	-5.800416E-1
9.205000E-3	-5.805036E-1
9.210000E-3	-5.816374E-1
9.215000E-3	-5.824380E-1
9.220000E-3	-5.831152E-1
9.225000E-3	-5.833812E-1
9.230000E-3	-5.835800E-1
9.235000E-3	-5.839199E-1
9.240000E-3	-5.842640E-1
9.245000E-3	-5.843806E-1
9.250000E-3	-5.843929E-1
9.255000E-3	-5.840186E-1
9.260000E-3	-5.836444E-1
9.265000E-3	-5.831892E-1
9.270000E-3	-5.826806E-1
9.275000E-3	-5.820733E-1
9.280000E-3	-5.817539E-1
9.285000E-3	-5.817402E-1
9.290000E-3	-5.821816E-1
9.295000E-3	-5.829507E-1
9.300000E-3	-5.840392E-1
9.305000E-3	-5.850729E-1
9.310000E-3	-5.857803E-1
9.315000E-3	-5.858228E-1
9.320000E-3	-5.850413E-1
9.325000E-3	-5.834552E-1
9.330000E-3	-5.812535E-1
9.335000E-3	-5.792095E-1
9.340000E-3	-5.775411E-1
9.345000E-3	-5.762237E-1
9.350000E-3	-5.758768E-1
9.355000E-3	-5.764375E-1
9.360000E-3	-5.774712E-1
9.365000E-3	-5.790573E-1
9.370000E-3	-5.806448E-1
9.375000E-3	-5.820308E-1
9.380000E-3	-5.830138E-1
9.385000E-3	-5.835375E-1
9.390000E-3	-5.840036E-1
9.395000E-3	-5.847891E-1
9.400000E-3	-5.855088E-1
9.405000E-3	-5.860010E-1
9.410000E-3	-5.857762E-1
9.415000E-3	-5.853484E-1
9.420000E-3	-5.843175E-1
9.425000E-3	-5.831125E-1
9.430000E-3	-5.821666E-1
9.435000E-3	-5.814688E-1
9.440000E-3	-5.814578E-1
9.445000E-3	-5.821268E-1
9.450000E-3	-5.832400E-1
9.455000E-3	-5.838939E-1
9.460000E-3	-5.843874E-1
9.465000E-3	-5.849605E-1
9.470000E-3	-5.852045E-1
9.475000E-3	-5.854841E-1
9.480000E-3	-5.855335E-1
9.485000E-3	-5.853128E-1
9.490000E-3	-5.852292E-1
9.495000E-3	-5.849824E-1
9.500000E-3	-5.847068E-1
9.505000E-3	-5.843230E-1
9.510000E-3	-5.835676E-1
9.515000E-3	-5.830083E-1
9.520000E-3	-5.824257E-1
9.525000E-3	-5.816703E-1
9.530000E-3	-5.810506E-1
9.535000E-3	-5.807161E-1
9.540000E-3	-5.808409E-1
9.545000E-3	-5.812110E-1
9.550000E-3	-5.823064E-1
9.555000E-3	-5.834401E-1
9.560000E-3	-5.846232E-1
9.565000E-3	-5.854279E-1
9.570000E-3	-5.861394E-1
9.575000E-3	-5.865987E-1
9.580000E-3	-5.868030E-1
9.585000E-3	-5.869017E-1
9.590000E-3	-5.869181E-1
9.595000E-3	-5.867029E-1
9.600000E-3	-5.860846E-1
9.605000E-3	-5.853498E-1
9.610000E-3	-5.844491E-1
9.615000E-3	-5.835580E-1
9.620000E-3	-5.824270E-1
9.625000E-3	-5.811206E-1
9.630000E-3	-5.797716E-1
9.635000E-3	-5.788654E-1
9.640000E-3	-5.786337E-1
9.645000E-3	-5.791725E-1
9.650000E-3	-5.805064E-1
9.655000E-3	-5.827533E-1
9.660000E-3	-5.850194E-1
9.665000E-3	-5.865452E-1
9.670000E-3	-5.872869E-1
9.675000E-3	-5.870223E-1
9.680000E-3	-5.859174E-1
9.685000E-3	-5.841283E-1
9.690000E-3	-5.823064E-1
9.695000E-3	-5.808834E-1
9.700000E-3	-5.797195E-1
9.705000E-3	-5.790889E-1
9.710000E-3	-5.789723E-1
9.715000E-3	-5.789614E-1
9.720000E-3	-5.789819E-1
9.725000E-3	-5.793548E-1
9.730000E-3	-5.793439E-1
9.735000E-3	-5.788682E-1
9.740000E-3	-5.783239E-1
9.745000E-3	-5.779867E-1
9.750000E-3	-5.779305E-1
9.755000E-3	-5.781525E-1
9.760000E-3	-5.788325E-1
9.765000E-3	-5.796126E-1
9.770000E-3	-5.805132E-1
9.775000E-3	-5.809670E-1
9.780000E-3	-5.810027E-1
9.785000E-3	-5.809423E-1
9.790000E-3	-5.807970E-1
9.795000E-3	-5.805352E-1
9.800000E-3	-5.804639E-1
9.805000E-3	-5.805132E-1
9.810000E-3	-5.810397E-1
9.815000E-3	-5.815949E-1
9.820000E-3	-5.821213E-1
9.825000E-3	-5.828191E-1
9.830000E-3	-5.833496E-1
9.835000E-3	-5.836293E-1
9.840000E-3	-5.840899E-1
9.845000E-3	-5.845451E-1
9.850000E-3	-5.852525E-1
9.855000E-3	-5.859146E-1
9.860000E-3	-5.865795E-1
9.865000E-3	-5.873541E-1
9.870000E-3	-5.879298E-1
9.875000E-3	-5.882356E-1
9.880000E-3	-5.881190E-1
9.885000E-3	-5.876790E-1
9.890000E-3	-5.870950E-1
9.895000E-3	-5.864794E-1
9.900000E-3	-5.861381E-1
9.905000E-3	-5.863410E-1
9.910000E-3	-5.866193E-1
9.915000E-3	-5.870442E-1
9.920000E-3	-5.871238E-1
9.925000E-3	-5.870826E-1
9.930000E-3	-5.866576E-1
9.935000E-3	-5.859448E-1
9.940000E-3	-5.850523E-1
9.945000E-3	-5.839323E-1
9.950000E-3	-5.827355E-1
9.955000E-3	-5.818800E-1
9.960000E-3	-5.813783E-1
9.965000E-3	-5.813892E-1
9.970000E-3	-5.816004E-1
9.975000E-3	-5.819404E-1
9.980000E-3	-5.823064E-1
9.985000E-3	-5.826738E-1
9.990000E-3	-5.830768E-1
9.995000E-3	-5.837746E-1
