0.000000E+0	3.214777E-3
5.000000E-6	3.432751E-3
1.000000E-5	3.583550E-3
1.500000E-5	3.542423E-3
2.000000E-5	3.486216E-3
2.500000E-5	3.416300E-3
3.000000E-5	3.401220E-3
3.500000E-5	3.435493E-3
4.000000E-5	3.475249E-3
4.500000E-5	3.261387E-3
5.000000E-5	3.270984E-3
5.500000E-5	3.504038E-3
6.000000E-5	3.325820E-3
6.500000E-5	3.490329E-3
7.000000E-5	3.587663E-3
7.500000E-5	3.567100E-3
8.000000E-5	3.702819E-3
8.500000E-5	3.556132E-3
9.000000E-5	3.365576E-3
9.500000E-5	3.523231E-3
1.000000E-4	3.632903E-3
1.050000E-4	3.457427E-3
1.100000E-4	3.386140E-3
1.150000E-4	3.587663E-3
1.200000E-4	3.557503E-3
1.250000E-4	3.309369E-3
1.300000E-4	3.375173E-3
1.350000E-4	3.520489E-3
1.400000E-4	3.605485E-3
1.450000E-4	3.598630E-3
1.500000E-4	3.600001E-3
1.550000E-4	3.561616E-3
1.600000E-4	3.488958E-3
1.650000E-4	3.542423E-3
1.700000E-4	3.436863E-3
1.750000E-4	3.515005E-3
1.800000E-4	3.535569E-3
1.850000E-4	3.486216E-3
1.900000E-4	3.439605E-3
1.950000E-4	3.509521E-3
2.000000E-4	3.683627E-3
2.050000E-4	3.531456E-3
2.100000E-4	3.660321E-3
2.150000E-4	3.538311E-3
2.200000E-4	3.298402E-3
2.250000E-4	3.392994E-3
2.300000E-4	3.388882E-3
2.350000E-4	3.535569E-3
2.400000E-4	3.528714E-3
2.450000E-4	3.569841E-3
2.500000E-4	3.421783E-3
2.550000E-4	3.373802E-3
2.600000E-4	3.680885E-3
2.650000E-4	3.649354E-3
2.700000E-4	3.513634E-3
2.750000E-4	3.541052E-3
2.800000E-4	3.578067E-3
2.850000E-4	3.456056E-3
2.900000E-4	3.506780E-3
2.950000E-4	3.531456E-3
3.000000E-4	3.543794E-3
3.050000E-4	3.430009E-3
3.100000E-4	3.457427E-3
3.150000E-4	3.467023E-3
3.200000E-4	3.517747E-3
3.250000E-4	3.340900E-3
3.300000E-4	3.582180E-3
3.350000E-4	3.654838E-3
3.400000E-4	3.569841E-3
3.450000E-4	3.656209E-3
3.500000E-4	3.613710E-3
3.550000E-4	3.546536E-3
3.600000E-4	3.513634E-3
3.650000E-4	3.572583E-3
3.700000E-4	3.497183E-3
3.750000E-4	3.295660E-3
3.800000E-4	3.430009E-3
3.850000E-4	3.512263E-3
3.900000E-4	3.468394E-3
3.950000E-4	3.427267E-3
4.000000E-4	3.465652E-3
4.050000E-4	3.558874E-3
4.100000E-4	3.620565E-3
4.150000E-4	3.690481E-3
4.200000E-4	3.631532E-3
4.250000E-4	3.499925E-3
4.300000E-4	3.545165E-3
4.350000E-4	3.561616E-3
4.400000E-4	3.531456E-3
4.450000E-4	3.528714E-3
4.500000E-4	3.469765E-3
4.550000E-4	3.329933E-3
4.600000E-4	3.233969E-3
4.650000E-4	3.325820E-3
4.700000E-4	3.364205E-3
4.750000E-4	3.663063E-3
4.800000E-4	3.589034E-3
4.850000E-4	3.458798E-3
4.900000E-4	3.310740E-3
4.950000E-4	3.462911E-3
5.000000E-4	3.371060E-3
5.050000E-4	3.283322E-3
5.100000E-4	3.606856E-3
5.150000E-4	3.587663E-3
5.200000E-4	3.598630E-3
5.250000E-4	3.626049E-3
5.300000E-4	3.656209E-3
5.350000E-4	3.682256E-3
5.400000E-4	3.556132E-3
5.450000E-4	3.508151E-3
5.500000E-4	3.541052E-3
5.550000E-4	3.462911E-3
5.600000E-4	3.405333E-3
5.650000E-4	3.520489E-3
5.700000E-4	3.519118E-3
5.750000E-4	3.430009E-3
5.800000E-4	3.447831E-3
5.850000E-4	3.434122E-3
5.900000E-4	3.546536E-3
5.950000E-4	3.552020E-3
6.000000E-4	3.711045E-3
6.050000E-4	3.513634E-3
6.100000E-4	3.532827E-3
6.150000E-4	3.502667E-3
6.200000E-4	3.569841E-3
6.250000E-4	3.683627E-3
6.300000E-4	3.730237E-3
6.350000E-4	3.519118E-3
6.400000E-4	3.486216E-3
6.450000E-4	3.594518E-3
6.500000E-4	3.589034E-3
6.550000E-4	3.598630E-3
6.600000E-4	3.584921E-3
6.650000E-4	3.653467E-3
6.700000E-4	3.593147E-3
6.750000E-4	3.602743E-3
6.800000E-4	3.403962E-3
6.850000E-4	3.568470E-3
6.900000E-4	3.556132E-3
6.950000E-4	3.398478E-3
7.000000E-4	3.373802E-3
7.050000E-4	3.520489E-3
7.100000E-4	3.543794E-3
7.150000E-4	3.571212E-3
7.200000E-4	3.515005E-3
7.250000E-4	3.786445E-3
7.300000E-4	3.641129E-3
7.350000E-4	3.528714E-3
7.400000E-4	3.543794E-3
7.450000E-4	3.525972E-3
7.500000E-4	3.450572E-3
7.550000E-4	3.508151E-3
7.600000E-4	3.665805E-3
7.650000E-4	3.475249E-3
7.700000E-4	3.461540E-3
7.750000E-4	3.565729E-3
7.800000E-4	3.552020E-3
7.850000E-4	3.427267E-3
7.900000E-4	3.373802E-3
7.950000E-4	3.299773E-3
8.000000E-4	3.520489E-3
8.050000E-4	3.460169E-3
8.100000E-4	3.586292E-3
8.150000E-4	3.416300E-3
8.200000E-4	3.340900E-3
8.250000E-4	3.262758E-3
8.300000E-4	3.297031E-3
8.350000E-4	3.420413E-3
8.400000E-4	3.587663E-3
8.450000E-4	3.575325E-3
8.500000E-4	3.627419E-3
8.550000E-4	3.711045E-3
8.600000E-4	3.653467E-3
8.650000E-4	3.550649E-3
8.700000E-4	3.482103E-3
8.750000E-4	3.543794E-3
8.800000E-4	3.637016E-3
8.850000E-4	3.468394E-3
8.900000E-4	3.495812E-3
8.950000E-4	3.553391E-3
9.000000E-4	3.595889E-3
9.050000E-4	3.530085E-3
9.100000E-4	3.553391E-3
9.150000E-4	3.438234E-3
9.200000E-4	3.421783E-3
9.250000E-4	3.617823E-3
9.300000E-4	3.620565E-3
9.350000E-4	3.473878E-3
9.400000E-4	3.438234E-3
9.450000E-4	3.547907E-3
9.500000E-4	3.390253E-3
9.550000E-4	3.652096E-3
9.600000E-4	3.467023E-3
9.650000E-4	3.604114E-3
9.700000E-4	3.520489E-3
9.750000E-4	3.498554E-3
9.800000E-4	3.446460E-3
9.850000E-4	3.430009E-3
9.900000E-4	3.493071E-3
9.950000E-4	3.454685E-3
1.000000E-3	3.584921E-3
1.005000E-3	3.637016E-3
1.010000E-3	3.443718E-3
1.015000E-3	3.480732E-3
1.020000E-3	3.583550E-3
1.025000E-3	3.347754E-3
1.030000E-3	3.386140E-3
1.035000E-3	3.486216E-3
1.040000E-3	3.543794E-3
1.045000E-3	3.734350E-3
1.050000E-3	3.738463E-3
1.055000E-3	3.638387E-3
1.060000E-3	3.652096E-3
1.065000E-3	3.414929E-3
1.070000E-3	3.643870E-3
1.075000E-3	3.654838E-3
1.080000E-3	3.541052E-3
1.085000E-3	3.483474E-3
1.090000E-3	3.483474E-3
1.095000E-3	3.589034E-3
1.100000E-3	3.587663E-3
1.105000E-3	3.578067E-3
1.110000E-3	3.553391E-3
1.115000E-3	3.630161E-3
1.120000E-3	3.628790E-3
1.125000E-3	3.506780E-3
1.130000E-3	3.523231E-3
1.135000E-3	3.541052E-3
1.140000E-3	3.401220E-3
1.145000E-3	3.317595E-3
1.150000E-3	3.464282E-3
1.155000E-3	3.575325E-3
1.160000E-3	3.552020E-3
1.165000E-3	3.654838E-3
1.170000E-3	3.501296E-3
1.175000E-3	3.346384E-3
1.180000E-3	3.387511E-3
1.185000E-3	3.542423E-3
1.190000E-3	3.490329E-3
1.195000E-3	3.377914E-3
1.200000E-3	3.395736E-3
1.205000E-3	3.479362E-3
1.210000E-3	3.473878E-3
1.215000E-3	3.560245E-3
1.220000E-3	3.402591E-3
1.225000E-3	3.505409E-3
1.230000E-3	3.598630E-3
1.235000E-3	3.461540E-3
1.240000E-3	3.402591E-3
1.245000E-3	3.392994E-3
1.250000E-3	3.554761E-3
1.255000E-3	3.450572E-3
1.260000E-3	3.225744E-3
1.265000E-3	3.451943E-3
1.270000E-3	3.543794E-3
1.275000E-3	3.613710E-3
1.280000E-3	3.538311E-3
1.285000E-3	3.661692E-3
1.290000E-3	3.541052E-3
1.295000E-3	3.576696E-3
1.300000E-3	3.595889E-3
1.305000E-3	3.334045E-3
1.310000E-3	3.664434E-3
1.315000E-3	3.702819E-3
1.320000E-3	3.562987E-3
1.325000E-3	3.517747E-3
1.330000E-3	3.709674E-3
1.335000E-3	3.761768E-3
1.340000E-3	3.800154E-3
1.345000E-3	3.783703E-3
1.350000E-3	3.689110E-3
1.355000E-3	3.442347E-3
1.360000E-3	3.364205E-3
1.365000E-3	3.442347E-3
1.370000E-3	3.465652E-3
1.375000E-3	3.482103E-3
1.380000E-3	3.387511E-3
1.385000E-3	3.549278E-3
1.390000E-3	3.536940E-3
1.395000E-3	3.568470E-3
1.400000E-3	3.550649E-3
1.405000E-3	3.531456E-3
1.410000E-3	3.460169E-3
1.415000E-3	3.317595E-3
1.420000E-3	3.261387E-3
1.425000E-3	3.391623E-3
1.430000E-3	3.366947E-3
1.435000E-3	3.477991E-3
1.440000E-3	3.376544E-3
1.445000E-3	3.390253E-3
1.450000E-3	3.387511E-3
1.455000E-3	3.569841E-3
1.460000E-3	3.617823E-3
1.465000E-3	3.561616E-3
1.470000E-3	3.562987E-3
1.475000E-3	3.436863E-3
1.480000E-3	3.579438E-3
1.485000E-3	3.480732E-3
1.490000E-3	3.498554E-3
1.495000E-3	3.442347E-3
1.500000E-3	3.541052E-3
1.505000E-3	3.580809E-3
1.510000E-3	3.430009E-3
1.515000E-3	3.392994E-3
1.520000E-3	3.553391E-3
1.525000E-3	3.586292E-3
1.530000E-3	3.552020E-3
1.535000E-3	3.261387E-3
1.540000E-3	3.340900E-3
1.545000E-3	3.423154E-3
1.550000E-3	3.550649E-3
1.555000E-3	3.653467E-3
1.560000E-3	3.601372E-3
1.565000E-3	3.362834E-3
1.570000E-3	3.458798E-3
1.575000E-3	3.643870E-3
1.580000E-3	3.665805E-3
1.585000E-3	3.646612E-3
1.590000E-3	3.494442E-3
1.595000E-3	3.442347E-3
1.600000E-3	3.413558E-3
1.605000E-3	3.450572E-3
1.610000E-3	3.495812E-3
1.615000E-3	3.598630E-3
1.620000E-3	3.508151E-3
1.625000E-3	3.413558E-3
1.630000E-3	3.345013E-3
1.635000E-3	3.398478E-3
1.640000E-3	3.451943E-3
1.645000E-3	3.572583E-3
1.650000E-3	3.443718E-3
1.655000E-3	3.409445E-3
1.660000E-3	3.395736E-3
1.665000E-3	3.469765E-3
1.670000E-3	3.573954E-3
1.675000E-3	3.406703E-3
1.680000E-3	3.483474E-3
1.685000E-3	3.552020E-3
1.690000E-3	3.420413E-3
1.695000E-3	3.456056E-3
1.700000E-3	3.637016E-3
1.705000E-3	3.508151E-3
1.710000E-3	3.325820E-3
1.715000E-3	3.523231E-3
1.720000E-3	3.635645E-3
1.725000E-3	3.589034E-3
1.730000E-3	3.488958E-3
1.735000E-3	3.405333E-3
1.740000E-3	3.373802E-3
1.745000E-3	3.340900E-3
1.750000E-3	3.446460E-3
1.755000E-3	3.528714E-3
1.760000E-3	3.595889E-3
1.765000E-3	3.445089E-3
1.770000E-3	3.430009E-3
1.775000E-3	3.368318E-3
1.780000E-3	3.531456E-3
1.785000E-3	3.488958E-3
1.790000E-3	3.569841E-3
1.795000E-3	3.538311E-3
1.800000E-3	3.532827E-3
1.805000E-3	3.499925E-3
1.810000E-3	3.391623E-3
1.815000E-3	3.661692E-3
1.820000E-3	3.680885E-3
1.825000E-3	3.521860E-3
1.830000E-3	3.458798E-3
1.835000E-3	3.499925E-3
1.840000E-3	3.531456E-3
1.845000E-3	3.624678E-3
1.850000E-3	3.538311E-3
1.855000E-3	3.678143E-3
1.860000E-3	3.451943E-3
1.865000E-3	3.483474E-3
1.870000E-3	3.560245E-3
1.875000E-3	3.572583E-3
1.880000E-3	3.469765E-3
1.885000E-3	3.539681E-3
1.890000E-3	3.680885E-3
1.895000E-3	3.800154E-3
1.900000E-3	3.684998E-3
1.905000E-3	3.635645E-3
1.910000E-3	3.665805E-3
1.915000E-3	3.464282E-3
1.920000E-3	3.373802E-3
1.925000E-3	3.484845E-3
1.930000E-3	3.557503E-3
1.935000E-3	3.495812E-3
1.940000E-3	3.583550E-3
1.945000E-3	3.745317E-3
1.950000E-3	3.495812E-3
1.955000E-3	3.473878E-3
1.960000E-3	3.546536E-3
1.965000E-3	3.490329E-3
1.970000E-3	3.454685E-3
1.975000E-3	3.450572E-3
1.980000E-3	3.647983E-3
1.985000E-3	3.541052E-3
1.990000E-3	3.458798E-3
1.995000E-3	3.365576E-3
2.000000E-3	3.568470E-3
2.005000E-3	3.575325E-3
2.010000E-3	3.641129E-3
2.015000E-3	3.580809E-3
2.020000E-3	3.623307E-3
2.025000E-3	3.575325E-3
2.030000E-3	3.501296E-3
2.035000E-3	3.355980E-3
2.040000E-3	3.445089E-3
2.045000E-3	3.468394E-3
2.050000E-3	3.413558E-3
2.055000E-3	3.408074E-3
2.060000E-3	3.516376E-3
2.065000E-3	3.663063E-3
2.070000E-3	3.785074E-3
2.075000E-3	3.678143E-3
2.080000E-3	3.513634E-3
2.085000E-3	3.387511E-3
2.090000E-3	3.364205E-3
2.095000E-3	3.318965E-3
2.100000E-3	3.462911E-3
2.105000E-3	3.556132E-3
2.110000E-3	3.490329E-3
2.115000E-3	3.575325E-3
2.120000E-3	3.435493E-3
2.125000E-3	3.362834E-3
2.130000E-3	3.527343E-3
2.135000E-3	3.558874E-3
2.140000E-3	3.447831E-3
2.145000E-3	3.328562E-3
2.150000E-3	3.479362E-3
2.155000E-3	3.598630E-3
2.160000E-3	3.505409E-3
2.165000E-3	3.484845E-3
2.170000E-3	3.439605E-3
2.175000E-3	3.557503E-3
2.180000E-3	3.530085E-3
2.185000E-3	3.647983E-3
2.190000E-3	3.579438E-3
2.195000E-3	3.513634E-3
2.200000E-3	3.634274E-3
2.205000E-3	3.561616E-3
2.210000E-3	3.228486E-3
2.215000E-3	3.309369E-3
2.220000E-3	3.530085E-3
2.225000E-3	3.562987E-3
2.230000E-3	3.575325E-3
2.235000E-3	3.460169E-3
2.240000E-3	3.467023E-3
2.245000E-3	3.442347E-3
2.250000E-3	3.434122E-3
2.255000E-3	3.269613E-3
2.260000E-3	3.472507E-3
2.265000E-3	3.380656E-3
2.270000E-3	3.423154E-3
2.275000E-3	3.601372E-3
2.280000E-3	3.579438E-3
2.285000E-3	3.497183E-3
2.290000E-3	3.339529E-3
2.295000E-3	3.454685E-3
2.300000E-3	3.460169E-3
2.305000E-3	3.508151E-3
2.310000E-3	3.647983E-3
2.315000E-3	3.616452E-3
2.320000E-3	3.600001E-3
2.325000E-3	3.575325E-3
2.330000E-3	3.442347E-3
2.335000E-3	3.430009E-3
2.340000E-3	3.505409E-3
2.345000E-3	3.430009E-3
2.350000E-3	3.262758E-3
2.355000E-3	3.292918E-3
2.360000E-3	3.403962E-3
2.365000E-3	3.473878E-3
2.370000E-3	3.384769E-3
2.375000E-3	3.595889E-3
2.380000E-3	3.334045E-3
2.385000E-3	3.460169E-3
2.390000E-3	3.323078E-3
2.395000E-3	3.697336E-3
2.400000E-3	3.165424E-3
2.405000E-3	3.617823E-3
2.410000E-3	3.017366E-3
2.415000E-3	3.960550E-3
2.420000E-3	3.076315E-3
2.425000E-3	4.311502E-3
2.430000E-3	2.658188E-3
2.435000E-3	4.422545E-3
2.440000E-3	2.493680E-3
2.445000E-3	4.659712E-3
2.450000E-3	2.307236E-3
2.455000E-3	8.546233E-3
2.460000E-3	1.482499E-2
2.465000E-3	-1.356718E-1
2.470000E-3	-3.139240E-1
2.475000E-3	-1.176732E-1
2.480000E-3	-4.771551E-1
2.485000E-3	-2.797747E-1
2.490000E-3	4.272157E-2
2.495000E-3	-3.204769E-2
2.500000E-3	8.086870E-1
2.505000E-3	1.089976E+0
2.510000E-3	6.289035E-2
2.515000E-3	5.384922E-3
2.520000E-3	5.626147E-1
2.525000E-3	-3.335608E-1
2.530000E-3	-3.455741E-1
2.535000E-3	5.472509E-1
2.540000E-3	-1.369454E-1
2.545000E-3	-4.464139E-1
2.550000E-3	3.211061E-1
2.555000E-3	-2.904636E-1
2.560000E-3	-8.310369E-1
2.565000E-3	2.164936E-2
2.570000E-3	-7.675570E-2
2.575000E-3	-5.785487E-1
2.580000E-3	3.204646E-1
2.585000E-3	2.610371E-1
2.590000E-3	-5.512882E-1
2.595000E-3	2.612455E-1
2.600000E-3	4.366722E-1
2.605000E-3	-3.285077E-1
2.610000E-3	3.127381E-1
2.615000E-3	6.055844E-1
2.620000E-3	-2.814225E-1
2.625000E-3	1.082989E-1
2.630000E-3	5.151265E-1
2.635000E-3	-3.073614E-1
2.640000E-3	-9.132296E-2
2.645000E-3	3.624225E-1
2.650000E-3	-4.133572E-1
2.655000E-3	-2.894930E-1
2.660000E-3	2.280915E-1
2.665000E-3	-3.780892E-1
2.670000E-3	-3.226306E-1
2.675000E-3	2.488004E-1
2.680000E-3	-3.859514E-2
2.685000E-3	-1.442057E-2
2.690000E-3	4.519222E-1
2.695000E-3	-3.362012E-2
2.700000E-3	-3.048280E-1
2.705000E-3	3.039492E-1
2.710000E-3	5.137062E-2
2.715000E-3	-3.028731E-1
2.720000E-3	2.708336E-1
2.725000E-3	1.920668E-1
2.730000E-3	-2.725459E-1
2.735000E-3	1.282881E-1
2.740000E-3	2.009420E-1
2.745000E-3	-2.319451E-1
2.750000E-3	6.769675E-2
2.755000E-3	1.575611E-1
2.760000E-3	-3.554145E-1
2.765000E-3	-1.088061E-1
2.770000E-3	9.318602E-2
2.775000E-3	-2.953427E-1
2.780000E-3	-8.351564E-3
2.785000E-3	3.225497E-1
2.790000E-3	-8.971214E-2
2.795000E-3	-4.177976E-2
2.800000E-3	2.713326E-1
2.805000E-3	-7.709020E-2
2.810000E-3	-1.126776E-1
2.815000E-3	2.579882E-1
2.820000E-3	3.905028E-2
2.825000E-3	-7.922471E-2
2.830000E-3	2.123027E-1
2.835000E-3	-8.742273E-3
2.840000E-3	-1.842334E-1
2.845000E-3	6.873590E-2
2.850000E-3	-5.947679E-2
2.855000E-3	-1.772802E-1
2.860000E-3	1.444525E-1
2.865000E-3	9.670514E-2
2.870000E-3	-1.681266E-1
2.875000E-3	-2.236497E-2
2.880000E-3	6.296575E-3
2.885000E-3	-1.462072E-1
2.890000E-3	3.397793E-2
2.895000E-3	8.911031E-2
2.900000E-3	-7.742882E-2
2.905000E-3	9.474337E-2
2.910000E-3	1.641017E-1
2.915000E-3	-6.994367E-2
2.920000E-3	-5.313635E-3
2.925000E-3	1.782330E-1
2.930000E-3	4.177701E-2
2.935000E-3	-2.961159E-3
2.940000E-3	9.865457E-2
2.945000E-3	-6.547040E-2
2.950000E-3	-1.203766E-1
2.955000E-3	2.097487E-3
2.960000E-3	-1.162145E-1
2.965000E-3	-1.981687E-1
2.970000E-3	-4.455584E-2
2.975000E-3	-2.401280E-2
2.980000E-3	-7.236743E-2
2.985000E-3	4.036361E-2
2.990000E-3	7.064694E-2
2.995000E-3	2.273101E-2
3.000000E-3	9.031123E-2
3.005000E-3	8.248883E-2
3.010000E-3	2.766216E-2
3.015000E-3	1.093230E-1
3.020000E-3	1.113766E-1
3.025000E-3	9.751260E-3
3.030000E-3	1.535416E-2
3.035000E-3	2.611989E-2
3.040000E-3	-4.787892E-2
3.045000E-3	-2.244449E-2
3.050000E-3	3.361326E-2
3.055000E-3	-4.060215E-2
3.060000E-3	-4.680961E-2
3.065000E-3	-1.609445E-3
3.070000E-3	-3.911608E-2
3.075000E-3	-2.023870E-2
3.080000E-3	3.191334E-2
3.085000E-3	1.534867E-2
3.090000E-3	2.018523E-2
3.095000E-3	5.497473E-2
3.100000E-3	-9.966493E-3
3.105000E-3	-5.761784E-2
3.110000E-3	-4.332477E-2
3.115000E-3	-6.625319E-2
3.120000E-3	-4.487115E-2
3.125000E-3	7.904649E-3
3.130000E-3	8.307695E-3
3.135000E-3	2.843946E-2
3.140000E-3	5.897915E-2
3.145000E-3	3.438646E-2
3.150000E-3	2.442408E-2
3.155000E-3	3.833604E-2
3.160000E-3	9.841740E-3
3.165000E-3	-1.284677E-2
3.170000E-3	1.202559E-2
3.175000E-3	-6.879210E-3
3.180000E-3	-5.259758E-2
3.185000E-3	-2.189475E-2
3.190000E-3	3.046155E-3
3.195000E-3	-4.678905E-3
3.200000E-3	2.653116E-2
3.205000E-3	2.591974E-2
3.210000E-3	-1.459330E-2
3.215000E-3	-1.629323E-2
3.220000E-3	6.395280E-3
3.225000E-3	9.152174E-3
3.230000E-3	1.589155E-2
3.235000E-3	4.154670E-2
3.240000E-3	1.846337E-2
3.245000E-3	-7.142425E-4
3.250000E-3	7.944405E-3
3.255000E-3	5.853772E-3
3.260000E-3	5.179286E-3
3.265000E-3	1.964098E-2
3.270000E-3	3.503627E-2
3.275000E-3	1.373649E-3
3.280000E-3	-3.469354E-2
3.285000E-3	-4.297793E-2
3.290000E-3	-5.615234E-2
3.295000E-3	-9.721100E-3
3.300000E-3	4.279423E-2
3.305000E-3	3.097701E-2
3.310000E-3	3.019011E-2
3.315000E-3	4.287511E-2
3.320000E-3	3.674167E-2
3.325000E-3	1.328409E-2
3.330000E-3	1.184875E-2
3.335000E-3	7.751107E-3
3.340000E-3	-2.134091E-2
3.345000E-3	-3.142804E-2
3.350000E-3	-4.183185E-2
3.355000E-3	-4.420215E-2
3.360000E-3	-1.893222E-2
3.365000E-3	-1.071090E-2
3.370000E-3	1.442057E-2
3.375000E-3	5.834305E-2
3.380000E-3	5.801129E-2
3.385000E-3	4.329872E-2
3.390000E-3	3.375447E-2
3.395000E-3	9.596348E-3
3.400000E-3	-1.559818E-2
3.405000E-3	-9.094596E-3
3.410000E-3	-6.912112E-3
3.415000E-3	-2.358645E-2
3.420000E-3	-1.246154E-3
3.425000E-3	-2.555370E-3
3.430000E-3	-3.208745E-2
3.435000E-3	-2.343428E-2
3.440000E-3	-1.314425E-2
3.445000E-3	-2.229506E-2
3.450000E-3	-8.550346E-3
3.455000E-3	1.064920E-2
3.460000E-3	1.022696E-3
3.465000E-3	2.079117E-2
3.470000E-3	5.266613E-2
3.475000E-3	1.721036E-2
3.480000E-3	-1.481128E-2
3.485000E-3	-7.162988E-3
3.490000E-3	-3.041768E-2
3.495000E-3	-3.408623E-2
3.500000E-3	-6.947756E-3
3.505000E-3	-8.248746E-3
3.510000E-3	8.196652E-3
3.515000E-3	4.705089E-2
3.520000E-3	3.989339E-2
3.525000E-3	1.966703E-2
3.530000E-3	3.791791E-2
3.535000E-3	3.488547E-2
3.540000E-3	2.264327E-2
3.545000E-3	4.288334E-2
3.550000E-3	3.225470E-2
3.555000E-3	2.584159E-3
3.560000E-3	3.839910E-3
3.565000E-3	-2.266109E-3
3.570000E-3	-1.959437E-2
3.575000E-3	-2.100503E-2
3.580000E-3	-9.552479E-3
3.585000E-3	-3.001875E-2
3.590000E-3	-3.280854E-2
3.595000E-3	-6.899774E-3
3.600000E-3	-2.141219E-2
3.605000E-3	-2.097350E-2
3.610000E-3	-4.671228E-2
3.615000E-3	-2.075827E-2
3.620000E-3	-2.944297E-2
3.625000E-3	-6.765151E-2
3.630000E-3	2.325881E-2
3.635000E-3	3.766704E-2
3.640000E-3	1.306885E-2
3.645000E-3	6.712919E-2
3.650000E-3	9.718907E-2
3.655000E-3	2.856421E-2
3.660000E-3	6.854534E-2
3.665000E-3	7.926172E-2
3.670000E-3	-1.371729E-2
3.675000E-3	3.783703E-3
3.680000E-3	2.789247E-2
3.685000E-3	-5.059057E-2
3.690000E-3	-5.034792E-2
3.695000E-3	1.514715E-2
3.700000E-3	-3.860199E-2
3.705000E-3	-5.267847E-2
3.710000E-3	9.378374E-3
3.715000E-3	-2.639681E-2
3.720000E-3	-3.887343E-2
3.725000E-3	4.438448E-2
3.730000E-3	1.692247E-2
3.735000E-3	-3.310603E-2
3.740000E-3	2.429247E-2
3.745000E-3	1.814258E-2
3.750000E-3	-2.088988E-2
3.755000E-3	4.671365E-2
3.760000E-3	3.709537E-2
3.765000E-3	-7.356286E-3
3.770000E-3	4.923338E-2
3.775000E-3	4.371136E-2
3.780000E-3	-3.358722E-4
3.785000E-3	1.760244E-2
3.790000E-3	1.804113E-3
3.795000E-3	-5.209309E-2
3.800000E-3	-3.531867E-2
3.805000E-3	-1.182544E-2
3.810000E-3	-3.939849E-2
3.815000E-3	-5.449355E-3
3.820000E-3	4.421175E-2
3.825000E-3	1.297289E-2
3.830000E-3	9.026051E-3
3.835000E-3	4.274625E-2
3.840000E-3	8.129478E-3
3.845000E-3	-1.222849E-2
3.850000E-3	2.153146E-2
3.855000E-3	4.652858E-3
3.860000E-3	-1.605880E-2
3.865000E-3	2.340686E-2
3.870000E-3	1.421493E-2
3.875000E-3	-6.809294E-3
3.880000E-3	1.427388E-2
3.885000E-3	-4.008532E-3
3.890000E-3	-2.411699E-2
3.895000E-3	-1.035035E-3
3.900000E-3	-5.789340E-3
3.905000E-3	-2.414030E-2
3.910000E-3	3.166795E-3
3.915000E-3	1.498127E-2
3.920000E-3	-1.099330E-2
3.925000E-3	-1.017487E-2
3.930000E-3	-1.875401E-3
3.935000E-3	-1.357746E-2
3.940000E-3	7.169843E-3
3.945000E-3	3.264129E-2
3.950000E-3	2.282697E-2
3.955000E-3	2.795553E-2
3.960000E-3	4.402530E-2
3.965000E-3	3.618783E-2
3.970000E-3	2.776635E-2
3.975000E-3	2.543306E-2
3.980000E-3	6.081343E-3
3.985000E-3	-1.398188E-2
3.990000E-3	-1.486611E-2
3.995000E-3	-3.091669E-2
4.000000E-3	-4.885501E-2
4.005000E-3	-4.092705E-2
4.010000E-3	-4.966658E-2
4.015000E-3	-4.040748E-2
4.020000E-3	-8.939683E-3
4.025000E-3	5.940139E-3
4.030000E-3	1.724875E-2
4.035000E-3	4.026079E-2
4.040000E-3	5.998266E-2
4.045000E-3	5.498570E-2
4.050000E-3	5.078250E-2
4.055000E-3	4.526597E-2
4.060000E-3	3.141022E-2
4.065000E-3	3.637838E-2
4.070000E-3	3.945881E-2
4.075000E-3	1.366657E-2
4.080000E-3	-3.594518E-3
4.085000E-3	-3.565729E-3
4.090000E-3	-1.986855E-2
4.095000E-3	-4.047740E-2
4.100000E-3	-3.813040E-2
4.105000E-3	-3.932035E-2
4.110000E-3	-4.719484E-2
4.115000E-3	-3.381342E-2
4.120000E-3	-2.479833E-2
4.125000E-3	-2.908653E-2
4.130000E-3	-1.953268E-2
4.135000E-3	-5.142272E-3
4.140000E-3	5.054533E-3
4.145000E-3	2.138615E-2
4.150000E-3	3.051227E-2
4.155000E-3	2.050740E-2
4.160000E-3	2.232111E-2
4.165000E-3	3.180641E-2
4.170000E-3	2.815980E-2
4.175000E-3	3.270435E-2
4.180000E-3	4.031700E-2
4.185000E-3	2.966094E-2
4.190000E-3	1.738721E-2
4.195000E-3	9.056211E-3
4.200000E-3	-1.197350E-2
4.205000E-3	-2.338356E-2
4.210000E-3	-1.731044E-2
4.215000E-3	-1.484281E-2
4.220000E-3	-8.716226E-3
4.225000E-3	6.561160E-3
4.230000E-3	8.263826E-3
4.235000E-3	6.961465E-3
4.240000E-3	1.321965E-2
4.245000E-3	8.847833E-3
4.250000E-3	6.524146E-3
4.255000E-3	1.178432E-2
4.260000E-3	-1.276314E-3
4.265000E-3	-1.776284E-2
4.270000E-3	-1.419985E-2
4.275000E-3	-1.477426E-2
4.280000E-3	-2.049094E-2
4.285000E-3	-5.500078E-3
4.290000E-3	5.500078E-3
4.295000E-3	1.136619E-2
4.300000E-3	3.300184E-2
4.305000E-3	3.847176E-2
4.310000E-3	2.665043E-2
4.315000E-3	1.966292E-2
4.320000E-3	3.512263E-3
4.325000E-3	-2.110785E-2
4.330000E-3	-2.230877E-2
4.335000E-3	-7.036865E-3
4.340000E-3	-5.113482E-3
4.345000E-3	2.261996E-4
4.350000E-3	1.343215E-2
4.355000E-3	9.615541E-3
4.360000E-3	-2.152324E-4
4.365000E-3	-6.169081E-5
4.370000E-3	-3.790557E-3
4.375000E-3	-2.777457E-3
4.380000E-3	9.727955E-3
4.385000E-3	7.819653E-3
4.390000E-3	1.405180E-3
4.395000E-3	1.016802E-2
4.400000E-3	9.564817E-3
4.405000E-3	-5.634427E-4
4.410000E-3	3.054380E-3
4.415000E-3	1.909673E-3
4.420000E-3	-5.835950E-3
4.425000E-3	1.775324E-3
4.430000E-3	1.119071E-2
4.435000E-3	9.075403E-3
4.440000E-3	1.483732E-2
4.445000E-3	1.898569E-2
4.450000E-3	7.009447E-3
4.455000E-3	-1.195431E-3
4.460000E-3	-2.244174E-3
4.465000E-3	-6.673574E-3
4.470000E-3	-3.386140E-3
4.475000E-3	5.994976E-3
4.480000E-3	4.635036E-3
4.485000E-3	5.391777E-3
4.490000E-3	1.318127E-2
4.495000E-3	1.243824E-2
4.500000E-3	5.709827E-3
4.505000E-3	2.359331E-3
4.510000E-3	-1.284540E-3
4.515000E-3	-3.413558E-4
4.520000E-3	6.160855E-3
4.525000E-3	4.928410E-3
4.530000E-3	7.840216E-3
4.535000E-3	1.629460E-2
4.540000E-3	1.386124E-2
4.545000E-3	1.260960E-2
4.550000E-3	2.219361E-2
4.555000E-3	2.066642E-2
4.560000E-3	7.141054E-3
4.565000E-3	-2.991319E-3
4.570000E-3	-1.367480E-2
4.575000E-3	-1.669902E-2
4.580000E-3	-4.282713E-3
4.585000E-3	7.127345E-3
4.590000E-3	1.127297E-2
4.595000E-3	1.348150E-2
4.600000E-3	5.121708E-3
4.605000E-3	-1.134700E-2
4.610000E-3	-1.864296E-2
4.615000E-3	-2.263916E-2
4.620000E-3	-2.992278E-2
4.625000E-3	-2.603352E-2
4.630000E-3	-1.028043E-2
4.635000E-3	3.915310E-3
4.640000E-3	1.723367E-2
4.645000E-3	2.735645E-2
4.650000E-3	2.870542E-2
4.655000E-3	2.423078E-2
4.660000E-3	1.571608E-2
4.665000E-3	4.497945E-3
4.670000E-3	-2.323687E-3
4.675000E-3	-3.918052E-3
4.680000E-3	-5.192995E-3
4.685000E-3	-5.125821E-3
4.690000E-3	2.304494E-3
4.695000E-3	1.027083E-2
4.700000E-3	1.422864E-2
4.705000E-3	1.372278E-2
4.710000E-3	1.003367E-2
4.715000E-3	-2.564967E-3
4.720000E-3	-1.216954E-2
4.725000E-3	4.404724E-3
4.730000E-3	-2.728105E-4
4.735000E-3	-5.589187E-3
4.740000E-3	1.818508E-2
4.745000E-3	2.767450E-2
4.750000E-3	1.198584E-2
4.755000E-3	4.141510E-3
4.760000E-3	-4.683018E-3
4.765000E-3	-2.587450E-2
4.770000E-3	-2.146292E-2
4.775000E-3	-1.650023E-2
4.780000E-3	-1.234227E-2
4.785000E-3	6.402135E-4
4.790000E-3	1.351851E-2
4.795000E-3	1.191729E-2
4.800000E-3	9.962380E-3
4.805000E-3	2.251852E-2
4.810000E-3	1.589155E-2
4.815000E-3	4.245698E-3
4.820000E-3	1.022971E-2
4.825000E-3	7.291853E-3
4.830000E-3	3.978372E-3
4.835000E-3	1.580930E-2
4.840000E-3	1.016802E-2
4.845000E-3	-4.948974E-4
4.850000E-3	-1.412034E-4
4.855000E-3	-3.312111E-3
4.860000E-3	-1.036268E-2
4.865000E-3	-5.833209E-3
4.870000E-3	1.706779E-3
4.875000E-3	-6.004572E-4
4.880000E-3	3.977001E-3
4.885000E-3	8.125365E-3
4.890000E-3	-3.505409E-3
4.895000E-3	-4.264891E-3
4.900000E-3	4.306018E-3
4.905000E-3	1.321554E-3
4.910000E-3	5.280733E-3
4.915000E-3	1.197076E-2
4.920000E-3	7.280886E-3
4.925000E-3	4.706323E-3
4.930000E-3	1.420122E-2
4.935000E-3	8.558571E-3
4.940000E-3	5.420566E-3
4.945000E-3	1.251501E-2
4.950000E-3	5.465806E-3
4.955000E-3	-5.905867E-3
4.960000E-3	-1.780808E-3
4.965000E-3	4.506171E-3
4.970000E-3	2.604723E-4
4.975000E-3	3.345013E-3
4.980000E-3	5.343795E-3
4.985000E-3	-2.150953E-3
4.990000E-3	-4.566491E-3
4.995000E-3	3.332675E-3
5.000000E-3	3.309369E-3
5.005000E-3	7.851183E-3
5.010000E-3	2.097625E-2
5.015000E-3	1.460153E-2
5.020000E-3	1.133603E-2
5.025000E-3	1.214623E-2
5.030000E-3	-1.869917E-3
5.035000E-3	-9.452403E-3
5.040000E-3	-2.685606E-3
5.045000E-3	-2.888501E-3
5.050000E-3	-2.245545E-3
5.055000E-3	8.361161E-3
5.060000E-3	8.394063E-3
5.065000E-3	5.180657E-3
5.070000E-3	8.522928E-3
5.075000E-3	3.136635E-3
5.080000E-3	-6.151259E-3
5.085000E-3	-3.032446E-3
5.090000E-3	2.179742E-4
5.095000E-3	-7.964969E-4
5.100000E-3	7.966340E-3
5.105000E-3	1.412034E-2
5.110000E-3	1.154852E-2
5.115000E-3	1.190770E-2
5.120000E-3	1.184189E-2
5.125000E-3	6.840825E-4
5.130000E-3	-5.506933E-3
5.135000E-3	-6.969690E-3
5.140000E-3	-1.626307E-2
5.145000E-3	-1.849216E-2
5.150000E-3	-1.694715E-2
5.155000E-3	-1.779985E-2
5.160000E-3	-8.283019E-3
5.165000E-3	5.471289E-3
5.170000E-3	1.543778E-2
5.175000E-3	2.719605E-2
5.180000E-3	3.801113E-2
5.185000E-3	3.598219E-2
5.190000E-3	2.837777E-2
5.195000E-3	2.248287E-2
5.200000E-3	8.542120E-3
5.205000E-3	-3.376544E-3
5.210000E-3	-3.020108E-3
5.215000E-3	-2.619803E-3
5.220000E-3	-6.237626E-3
5.225000E-3	-4.107237E-3
5.230000E-3	-2.814472E-3
5.235000E-3	-5.729020E-3
5.240000E-3	-3.221631E-3
5.245000E-3	-4.153848E-3
5.250000E-3	-7.719576E-3
5.255000E-3	-6.731153E-4
5.260000E-3	4.780352E-3
5.265000E-3	4.537702E-4
5.270000E-3	7.241130E-3
5.275000E-3	1.414502E-2
5.280000E-3	1.239300E-2
5.285000E-3	1.519376E-2
5.290000E-3	1.668531E-2
5.295000E-3	8.505106E-3
5.300000E-3	4.704952E-3
5.305000E-3	2.108455E-3
5.310000E-3	-6.254077E-3
5.315000E-3	-7.740140E-3
5.320000E-3	-3.306627E-3
5.325000E-3	-6.185532E-3
5.330000E-3	-6.591320E-3
5.335000E-3	4.194975E-4
5.340000E-3	1.302361E-4
5.345000E-3	2.316833E-3
5.350000E-3	1.332247E-2
5.355000E-3	1.697457E-2
5.360000E-3	1.452065E-2
5.365000E-3	1.516497E-2
5.370000E-3	8.792996E-3
5.375000E-3	-1.316071E-4
5.380000E-3	-5.757809E-4
5.385000E-3	1.165271E-4
5.390000E-3	-1.949430E-3
5.395000E-3	2.988577E-3
5.400000E-3	3.281951E-3
5.405000E-3	-2.933741E-3
5.410000E-3	-4.824221E-3
5.415000E-3	-6.817520E-3
5.420000E-3	-9.564817E-3
5.425000E-3	-3.335416E-3
5.430000E-3	4.044175E-3
5.435000E-3	6.676316E-3
5.440000E-3	1.395172E-2
5.445000E-3	1.954228E-2
5.450000E-3	1.500732E-2
5.455000E-3	9.481192E-3
5.460000E-3	5.624831E-3
5.465000E-3	-5.195737E-4
5.470000E-3	-2.015233E-3
5.475000E-3	2.467632E-4
5.480000E-3	-1.826048E-3
5.485000E-3	-1.806855E-3
5.490000E-3	3.372431E-4
5.495000E-3	-1.948059E-3
5.500000E-3	-2.937853E-3
5.505000E-3	2.581418E-3
5.510000E-3	4.131913E-3
5.515000E-3	5.332828E-3
5.520000E-3	1.086444E-2
5.525000E-3	9.128869E-3
5.530000E-3	3.709674E-3
5.535000E-3	1.253009E-3
5.540000E-3	-2.947450E-3
5.545000E-3	-5.441129E-3
5.550000E-3	-7.197261E-4
5.555000E-3	4.218280E-3
5.560000E-3	8.765578E-3
5.565000E-3	1.686352E-2
5.570000E-3	2.046216E-2
5.575000E-3	1.770115E-2
5.580000E-3	1.369262E-2
5.585000E-3	7.134199E-3
5.590000E-3	2.755523E-4
5.595000E-3	-2.828181E-3
5.600000E-3	-5.690634E-3
5.605000E-3	-8.548975E-3
5.610000E-3	-6.637931E-3
5.615000E-3	-3.423154E-3
5.620000E-3	-5.524755E-4
5.625000E-3	5.431533E-3
5.630000E-3	1.049703E-2
5.635000E-3	1.031744E-2
5.640000E-3	9.396195E-3
5.645000E-3	7.397413E-3
5.650000E-3	1.801372E-3
5.655000E-3	-1.804113E-3
5.660000E-3	-1.447678E-3
5.665000E-3	-8.252859E-4
5.670000E-3	1.562834E-3
5.675000E-3	6.843567E-3
5.680000E-3	1.014882E-2
5.685000E-3	1.352811E-2
5.690000E-3	1.597106E-2
5.695000E-3	1.394624E-2
5.700000E-3	7.663369E-3
5.705000E-3	2.118051E-3
5.710000E-3	-2.034426E-3
5.715000E-3	-5.757809E-3
5.720000E-3	-4.906476E-3
5.725000E-3	-2.830923E-3
5.730000E-3	-2.426505E-4
5.735000E-3	2.499163E-3
5.740000E-3	9.939075E-4
5.745000E-3	-1.270831E-3
5.750000E-3	-1.067936E-3
5.755000E-3	6.265044E-4
5.760000E-3	1.742423E-3
5.765000E-3	4.800916E-3
5.770000E-3	8.797109E-3
5.775000E-3	1.026946E-2
5.780000E-3	1.086855E-2
5.785000E-3	1.043260E-2
5.790000E-3	8.784771E-3
5.795000E-3	8.773804E-3
5.800000E-3	1.039010E-2
5.805000E-3	9.028792E-3
5.810000E-3	5.039454E-3
5.815000E-3	4.921556E-4
5.820000E-3	-5.824983E-3
5.825000E-3	-1.214898E-2
5.830000E-3	-1.566809E-2
5.835000E-3	-1.456314E-2
5.840000E-3	-8.555830E-3
5.845000E-3	8.321404E-4
5.850000E-3	9.023309E-3
5.855000E-3	1.501966E-2
5.860000E-3	1.868546E-2
5.865000E-3	1.883626E-2
5.870000E-3	1.702529E-2
5.875000E-3	1.476192E-2
5.880000E-3	1.070541E-2
5.885000E-3	4.863977E-3
5.890000E-3	-9.829402E-4
5.895000E-3	-5.336940E-3
5.900000E-3	-7.110894E-3
5.905000E-3	-6.245852E-3
5.910000E-3	-3.674030E-3
5.915000E-3	3.180504E-4
5.920000E-3	3.742576E-3
5.925000E-3	3.180504E-3
5.930000E-3	8.568168E-4
5.935000E-3	-6.881952E-4
5.940000E-3	-7.704496E-4
5.945000E-3	-2.248287E-4
5.950000E-3	2.081037E-3
5.955000E-3	6.613255E-3
5.960000E-3	1.196939E-2
5.965000E-3	1.705545E-2
5.970000E-3	2.153832E-2
5.975000E-3	2.346992E-2
5.980000E-3	2.149308E-2
5.985000E-3	1.658249E-2
5.990000E-3	9.368777E-3
5.995000E-3	1.941204E-3
6.000000E-3	-2.739072E-3
6.005000E-3	-6.784618E-3
6.010000E-3	-1.292491E-2
6.015000E-3	-1.918858E-2
6.020000E-3	-2.367967E-2
6.025000E-3	-2.404982E-2
6.030000E-3	-1.804799E-2
6.035000E-3	-6.653011E-3
6.040000E-3	6.195128E-3
6.045000E-3	1.672643E-2
6.050000E-3	2.227038E-2
6.055000E-3	2.284890E-2
6.060000E-3	2.017015E-2
6.065000E-3	1.594776E-2
6.070000E-3	1.227921E-2
6.075000E-3	9.852707E-3
6.080000E-3	8.277535E-3
6.085000E-3	5.523384E-3
6.090000E-3	1.623154E-3
6.095000E-3	-2.421021E-3
6.100000E-3	-6.801069E-3
6.105000E-3	-9.009600E-3
6.110000E-3	-7.404268E-3
6.115000E-3	-5.091548E-3
6.120000E-3	-2.390862E-3
6.125000E-3	-2.865195E-4
6.130000E-3	1.466870E-4
6.135000E-3	-2.056360E-5
6.140000E-3	1.281798E-3
6.145000E-3	4.035950E-3
6.150000E-3	8.664131E-3
6.155000E-3	1.445073E-2
6.160000E-3	1.858401E-2
6.165000E-3	2.016330E-2
6.170000E-3	1.935995E-2
6.175000E-3	1.543093E-2
6.180000E-3	8.432448E-3
6.185000E-3	9.459257E-5
6.190000E-3	-7.949889E-3
6.195000E-3	-1.457274E-2
6.200000E-3	-1.652628E-2
6.205000E-3	-1.376528E-2
6.210000E-3	-8.836865E-3
6.215000E-3	-1.372278E-3
6.220000E-3	5.423307E-3
6.225000E-3	9.001374E-3
6.230000E-3	1.021874E-2
6.235000E-3	1.071775E-2
6.240000E-3	1.141554E-2
6.245000E-3	1.298934E-2
6.250000E-3	1.446992E-2
6.255000E-3	1.293451E-2
6.260000E-3	9.404421E-3
6.265000E-3	6.123841E-3
6.270000E-3	2.898097E-3
6.275000E-3	1.468241E-3
6.280000E-3	3.007770E-3
6.285000E-3	5.316377E-3
6.290000E-3	5.723536E-3
6.295000E-3	4.757047E-3
6.300000E-3	2.068698E-3
6.305000E-3	-2.411425E-3
6.310000E-3	-6.169081E-3
6.315000E-3	-7.415235E-3
6.320000E-3	-5.693376E-3
6.325000E-3	-1.928866E-3
6.330000E-3	2.179742E-3
6.335000E-3	6.280124E-3
6.340000E-3	1.015157E-2
6.345000E-3	1.394212E-2
6.350000E-3	1.727617E-2
6.355000E-3	1.912141E-2
6.360000E-3	1.855522E-2
6.365000E-3	1.535690E-2
6.370000E-3	1.011044E-2
6.375000E-3	2.951562E-3
6.380000E-3	-3.668547E-3
6.385000E-3	-6.829858E-3
6.390000E-3	-6.226659E-3
6.395000E-3	-3.874183E-3
6.400000E-3	-1.362681E-3
6.405000E-3	-9.116530E-4
6.410000E-3	-3.058493E-3
6.415000E-3	-5.336940E-3
6.420000E-3	-6.598175E-3
6.425000E-3	-5.590558E-3
6.430000E-3	-2.193451E-3
6.435000E-3	2.581418E-3
6.440000E-3	8.321404E-3
6.445000E-3	1.393801E-2
6.450000E-3	1.797944E-2
6.455000E-3	1.923519E-2
6.460000E-3	1.864707E-2
6.465000E-3	1.624525E-2
6.470000E-3	1.210785E-2
6.475000E-3	7.995129E-3
6.480000E-3	4.156590E-3
6.485000E-3	1.417518E-3
6.490000E-3	-3.002286E-4
6.495000E-3	-2.234578E-3
6.500000E-3	-4.674792E-3
6.505000E-3	-6.887436E-3
6.510000E-3	-8.517444E-3
6.515000E-3	-9.504497E-3
6.520000E-3	-8.638084E-3
6.525000E-3	-5.789340E-3
6.530000E-3	-1.531303E-3
6.535000E-3	3.501296E-3
6.540000E-3	8.199394E-3
6.545000E-3	1.153070E-2
6.550000E-3	1.348013E-2
6.555000E-3	1.382422E-2
6.560000E-3	1.291257E-2
6.565000E-3	1.159924E-2
6.570000E-3	9.323537E-3
6.575000E-3	5.369842E-3
6.580000E-3	4.606247E-4
6.585000E-3	-4.414320E-3
6.590000E-3	-8.398175E-3
6.595000E-3	-9.737551E-3
6.600000E-3	-8.491397E-3
6.605000E-3	-5.804420E-3
6.610000E-3	-1.702666E-3
6.615000E-3	2.803504E-3
6.620000E-3	5.871594E-3
6.625000E-3	8.119881E-3
6.630000E-3	1.008850E-2
6.635000E-3	1.119757E-2
6.640000E-3	1.145530E-2
6.645000E-3	1.072598E-2
6.650000E-3	9.182334E-3
6.655000E-3	7.819653E-3
6.660000E-3	7.293224E-3
6.665000E-3	7.061541E-3
6.670000E-3	6.518662E-3
6.675000E-3	5.150497E-3
6.680000E-3	1.767099E-3
6.685000E-3	-2.104342E-3
6.690000E-3	-5.213559E-3
6.695000E-3	-7.553697E-3
6.700000E-3	-7.017672E-3
6.705000E-3	-3.449202E-3
6.710000E-3	1.287282E-3
6.715000E-3	6.056666E-3
6.720000E-3	1.026261E-2
6.725000E-3	1.248622E-2
6.730000E-3	1.273161E-2
6.735000E-3	1.140457E-2
6.740000E-3	8.458495E-3
6.745000E-3	4.097641E-3
6.750000E-3	7.581115E-4
6.755000E-3	-6.251335E-4
6.760000E-3	-8.444786E-4
6.765000E-3	7.677078E-4
6.770000E-3	3.800154E-3
6.775000E-3	5.502820E-3
6.780000E-3	6.425440E-3
6.785000E-3	6.729782E-3
6.790000E-3	5.298555E-3
6.795000E-3	3.324449E-3
6.800000E-3	1.542270E-3
6.805000E-3	-5.579591E-4
6.810000E-3	-2.163291E-3
6.815000E-3	-1.591623E-3
6.820000E-3	1.055598E-3
6.825000E-3	5.051792E-3
6.830000E-3	9.625137E-3
6.835000E-3	1.242042E-2
6.840000E-3	1.224220E-2
6.845000E-3	9.836257E-3
6.850000E-3	5.587816E-3
6.855000E-3	7.444024E-4
6.860000E-3	-3.102362E-3
6.865000E-3	-5.844176E-3
6.870000E-3	-7.435799E-3
6.875000E-3	-7.766187E-3
6.880000E-3	-7.102668E-3
6.885000E-3	-5.239606E-3
6.890000E-3	-2.252400E-3
6.895000E-3	8.938313E-4
6.900000E-3	3.373802E-3
6.905000E-3	5.811274E-3
6.910000E-3	7.841587E-3
6.915000E-3	9.797871E-3
6.920000E-3	1.313466E-2
6.925000E-3	1.697868E-2
6.930000E-3	2.018386E-2
6.935000E-3	2.186733E-2
6.940000E-3	2.073085E-2
6.945000E-3	1.633298E-2
6.950000E-3	1.025438E-2
6.955000E-3	3.480732E-3
6.960000E-3	-2.780199E-3
6.965000E-3	-6.971061E-3
6.970000E-3	-8.839607E-3
6.975000E-3	-8.422852E-3
6.980000E-3	-6.244481E-3
6.985000E-3	-3.146231E-3
6.990000E-3	-4.661083E-4
6.995000E-3	1.693070E-3
7.000000E-3	3.264129E-3
7.005000E-3	4.462302E-3
7.010000E-3	5.138159E-3
7.015000E-3	5.072355E-3
7.020000E-3	4.647374E-3
7.025000E-3	4.301906E-3
7.030000E-3	4.545927E-3
7.035000E-3	4.698098E-3
7.040000E-3	4.768014E-3
7.045000E-3	4.964054E-3
7.050000E-3	4.057884E-3
7.055000E-3	2.368927E-3
7.060000E-3	9.239912E-4
7.065000E-3	6.292462E-4
7.070000E-3	1.447678E-3
7.075000E-3	2.730846E-3
7.080000E-3	3.674030E-3
7.085000E-3	4.499316E-3
7.090000E-3	5.674183E-3
7.095000E-3	6.876469E-3
7.100000E-3	7.460475E-3
7.105000E-3	7.951260E-3
7.110000E-3	7.757962E-3
7.115000E-3	6.865501E-3
7.120000E-3	5.460322E-3
7.125000E-3	4.349887E-3
7.130000E-3	3.471136E-3
7.135000E-3	2.065957E-3
7.140000E-3	-3.098249E-4
7.145000E-3	-3.076315E-3
7.150000E-3	-5.202591E-3
7.155000E-3	-6.539226E-3
7.160000E-3	-6.825745E-3
7.165000E-3	-5.463064E-3
7.170000E-3	-2.297640E-3
7.175000E-3	1.943946E-3
7.180000E-3	6.920338E-3
7.185000E-3	1.126063E-2
7.190000E-3	1.372141E-2
7.195000E-3	1.415873E-2
7.200000E-3	1.288652E-2
7.205000E-3	1.064783E-2
7.210000E-3	8.381724E-3
7.215000E-3	6.829858E-3
7.220000E-3	5.634427E-3
7.225000E-3	4.754305E-3
7.230000E-3	4.111350E-3
7.235000E-3	3.037930E-3
7.240000E-3	8.897185E-4
7.245000E-3	-1.253009E-3
7.250000E-3	-2.941966E-3
7.255000E-3	-4.440367E-3
7.260000E-3	-5.283475E-3
7.265000E-3	-5.047679E-3
7.270000E-3	-4.473269E-3
7.275000E-3	-3.110588E-3
7.280000E-3	-9.568930E-4
7.285000E-3	2.477229E-3
7.290000E-3	6.914854E-3
7.295000E-3	1.188302E-2
7.300000E-3	1.536512E-2
7.305000E-3	1.695400E-2
7.310000E-3	1.647419E-2
7.315000E-3	1.362818E-2
7.320000E-3	8.913636E-3
7.325000E-3	4.022241E-3
7.330000E-3	-4.112720E-6
7.335000E-3	-2.807617E-3
7.340000E-3	-4.371822E-3
7.345000E-3	-4.890025E-3
7.350000E-3	-4.888654E-3
7.355000E-3	-3.985226E-3
7.360000E-3	-2.150953E-3
7.365000E-3	1.891851E-4
7.370000E-3	2.836406E-3
7.375000E-3	5.557656E-3
7.380000E-3	7.465959E-3
7.385000E-3	8.115768E-3
7.390000E-3	7.731915E-3
7.395000E-3	6.966949E-3
7.400000E-3	6.186903E-3
7.405000E-3	5.739987E-3
7.410000E-3	5.819499E-3
7.415000E-3	6.491244E-3
7.420000E-3	7.234275E-3
7.425000E-3	7.231534E-3
7.430000E-3	6.813407E-3
7.435000E-3	5.530238E-3
7.440000E-3	3.731608E-3
7.445000E-3	1.590252E-3
7.450000E-3	-4.359484E-4
7.455000E-3	-1.677990E-3
7.460000E-3	-2.155066E-3
7.465000E-3	-1.631379E-3
7.470000E-3	-7.800460E-4
7.475000E-3	8.897185E-4
7.480000E-3	2.906322E-3
7.485000E-3	4.473269E-3
7.490000E-3	5.504191E-3
7.495000E-3	5.967557E-3
7.500000E-3	6.322622E-3
7.505000E-3	6.529629E-3
7.510000E-3	6.776392E-3
7.515000E-3	7.507086E-3
7.520000E-3	7.888198E-3
7.525000E-3	7.960856E-3
7.530000E-3	7.478297E-3
7.535000E-3	6.550193E-3
7.540000E-3	5.165577E-3
7.545000E-3	3.656209E-3
7.550000E-3	1.935720E-3
7.555000E-3	-2.878904E-5
7.560000E-3	-1.909673E-3
7.565000E-3	-3.345013E-3
7.570000E-3	-4.415691E-3
7.575000E-3	-5.009294E-3
7.580000E-3	-4.709065E-3
7.585000E-3	-3.853619E-3
7.590000E-3	-1.986444E-3
7.595000E-3	8.431077E-4
7.600000E-3	4.603505E-3
7.605000E-3	7.594824E-3
7.610000E-3	9.529173E-3
7.615000E-3	1.006657E-2
7.620000E-3	9.117901E-3
7.625000E-3	6.961465E-3
7.630000E-3	4.525363E-3
7.635000E-3	2.470374E-3
7.640000E-3	1.416147E-3
7.645000E-3	1.743793E-3
7.650000E-3	3.430009E-3
7.655000E-3	5.526125E-3
7.660000E-3	7.194519E-3
7.665000E-3	7.740140E-3
7.670000E-3	7.012188E-3
7.675000E-3	5.231380E-3
7.680000E-3	3.460169E-3
7.685000E-3	1.638234E-3
7.690000E-3	1.150191E-3
7.695000E-3	1.206398E-3
7.700000E-3	1.623154E-3
7.705000E-3	2.493680E-3
7.710000E-3	3.392994E-3
7.715000E-3	4.306018E-3
7.720000E-3	5.155981E-3
7.725000E-3	5.435646E-3
7.730000E-3	4.868090E-3
7.735000E-3	3.327191E-3
7.740000E-3	1.490176E-3
7.745000E-3	-9.733438E-5
7.750000E-3	-1.354456E-3
7.755000E-3	-1.502514E-3
7.760000E-3	-9.404421E-4
7.765000E-3	3.427267E-4
7.770000E-3	1.424372E-3
7.775000E-3	2.257884E-3
7.780000E-3	2.895355E-3
7.785000E-3	4.003048E-3
7.790000E-3	5.768776E-3
7.795000E-3	7.766187E-3
7.800000E-3	9.408534E-3
7.805000E-3	1.026535E-2
7.810000E-3	1.014745E-2
7.815000E-3	9.253621E-3
7.820000E-3	7.659256E-3
7.825000E-3	6.016910E-3
7.830000E-3	4.188120E-3
7.835000E-3	2.516985E-3
7.840000E-3	1.211882E-3
7.845000E-3	5.277991E-4
7.850000E-3	1.247525E-4
7.855000E-3	-1.124144E-4
7.860000E-3	-3.550649E-4
7.865000E-3	-4.770756E-4
7.870000E-3	-4.208684E-4
7.875000E-3	-1.672506E-4
7.880000E-3	5.881190E-4
7.885000E-3	1.912415E-3
7.890000E-3	4.024982E-3
7.895000E-3	6.112874E-3
7.900000E-3	8.409142E-3
7.905000E-3	1.025850E-2
7.910000E-3	1.160473E-2
7.915000E-3	1.218188E-2
7.920000E-3	1.228058E-2
7.925000E-3	1.113451E-2
7.930000E-3	8.816302E-3
7.935000E-3	5.744100E-3
7.940000E-3	2.486825E-3
7.945000E-3	-4.496574E-4
7.950000E-3	-1.810968E-3
7.955000E-3	-1.854837E-3
7.960000E-3	-8.869767E-4
7.965000E-3	2.591014E-4
7.970000E-3	1.357198E-3
7.975000E-3	2.240062E-3
7.980000E-3	2.515614E-3
7.985000E-3	2.282560E-3
7.990000E-3	1.826048E-3
7.995000E-3	1.745164E-3
8.000000E-3	2.363443E-3
8.005000E-3	4.060626E-3
8.010000E-3	5.886674E-3
8.015000E-3	7.397413E-3
8.020000E-3	7.512569E-3
8.025000E-3	6.995738E-3
8.030000E-3	5.940139E-3
8.035000E-3	4.426658E-3
8.040000E-3	2.839148E-3
8.045000E-3	1.720488E-3
8.050000E-3	1.395583E-3
8.055000E-3	1.716375E-3
8.060000E-3	2.171516E-3
8.065000E-3	2.596498E-3
8.070000E-3	2.818584E-3
8.075000E-3	2.526581E-3
8.080000E-3	2.101600E-3
8.085000E-3	1.436710E-3
8.090000E-3	1.177609E-3
8.095000E-3	1.573801E-3
8.100000E-3	2.930999E-3
8.105000E-3	4.888654E-3
8.110000E-3	7.058799E-3
8.115000E-3	8.824527E-3
8.120000E-3	9.810209E-3
8.125000E-3	9.982944E-3
8.130000E-3	9.327650E-3
8.135000E-3	8.085608E-3
8.140000E-3	6.191015E-3
8.145000E-3	3.609598E-3
8.150000E-3	7.087588E-4
8.155000E-3	-1.797259E-3
8.160000E-3	-3.181875E-3
8.165000E-3	-3.240824E-3
8.170000E-3	-1.472354E-3
8.175000E-3	1.708150E-3
8.180000E-3	5.257428E-3
8.185000E-3	8.466721E-3
8.190000E-3	1.069856E-2
8.195000E-3	1.136756E-2
8.200000E-3	1.062179E-2
8.205000E-3	8.921862E-3
8.210000E-3	7.060170E-3
8.215000E-3	5.031228E-3
8.220000E-3	3.584921E-3
8.225000E-3	2.574563E-3
8.230000E-3	1.687586E-3
8.235000E-3	1.077533E-3
8.240000E-3	8.499622E-4
8.245000E-3	7.841587E-4
8.250000E-3	5.620718E-4
8.255000E-3	2.138615E-4
8.260000E-3	-2.796650E-4
8.265000E-3	-6.470680E-4
8.270000E-3	-9.980202E-4
8.275000E-3	-7.375479E-4
8.280000E-3	-1.727343E-4
8.285000E-3	8.746386E-4
8.290000E-3	2.330542E-3
8.295000E-3	3.849506E-3
8.300000E-3	5.113482E-3
8.305000E-3	5.988121E-3
8.310000E-3	6.377459E-3
8.315000E-3	6.337702E-3
8.320000E-3	5.731761E-3
8.325000E-3	4.818738E-3
8.330000E-3	3.852248E-3
8.335000E-3	2.551258E-3
8.340000E-3	1.218736E-3
8.345000E-3	3.564358E-4
8.350000E-3	1.165271E-4
8.355000E-3	6.182790E-4
8.360000E-3	1.566947E-3
8.365000E-3	2.754152E-3
8.370000E-3	3.823459E-3
8.375000E-3	4.314244E-3
8.380000E-3	3.992081E-3
8.385000E-3	3.166795E-3
8.390000E-3	2.028942E-3
8.395000E-3	1.440823E-3
8.400000E-3	1.635492E-3
8.405000E-3	2.367556E-3
8.410000E-3	3.724754E-3
8.415000E-3	4.954457E-3
8.420000E-3	6.174564E-3
8.425000E-3	6.595433E-3
8.430000E-3	6.271899E-3
8.435000E-3	5.650878E-3
8.440000E-3	4.846156E-3
8.445000E-3	3.649354E-3
8.450000E-3	2.475858E-3
8.455000E-3	1.573801E-3
8.460000E-3	9.747148E-4
8.465000E-3	7.183552E-4
8.470000E-3	9.856820E-4
8.475000E-3	1.651943E-3
8.480000E-3	2.630770E-3
8.485000E-3	3.313482E-3
8.490000E-3	3.498554E-3
8.495000E-3	3.716528E-3
8.500000E-3	3.623307E-3
8.505000E-3	3.316224E-3
8.510000E-3	2.777457E-3
8.515000E-3	2.663672E-3
8.520000E-3	2.700686E-3
8.525000E-3	2.688348E-3
8.530000E-3	3.464282E-3
8.535000E-3	4.582942E-3
8.540000E-3	5.804420E-3
8.545000E-3	6.764054E-3
8.550000E-3	6.918967E-3
8.555000E-3	6.252706E-3
8.560000E-3	4.975021E-3
8.565000E-3	3.427267E-3
8.570000E-3	1.436710E-3
8.575000E-3	1.466870E-4
8.580000E-3	-9.226203E-4
8.585000E-3	-1.592994E-3
8.590000E-3	-1.680732E-3
8.595000E-3	-1.357198E-3
8.600000E-3	-2.508759E-4
8.605000E-3	1.506627E-3
8.610000E-3	3.674030E-3
8.615000E-3	6.037474E-3
8.620000E-3	8.359790E-3
8.625000E-3	1.029003E-2
8.630000E-3	1.121813E-2
8.635000E-3	1.076299E-2
8.640000E-3	9.578526E-3
8.645000E-3	7.682562E-3
8.650000E-3	5.371213E-3
8.655000E-3	3.087282E-3
8.660000E-3	1.369536E-3
8.665000E-3	1.000762E-4
8.670000E-3	-5.346537E-5
8.675000E-3	9.075403E-4
8.680000E-3	2.755523E-3
8.685000E-3	4.857123E-3
8.690000E-3	7.009447E-3
8.695000E-3	8.155525E-3
8.700000E-3	8.193910E-3
8.705000E-3	7.302821E-3
8.710000E-3	5.735874E-3
8.715000E-3	3.982484E-3
8.720000E-3	2.833664E-3
8.725000E-3	2.410054E-3
8.730000E-3	2.386749E-3
8.735000E-3	2.567708E-3
8.740000E-3	2.596498E-3
8.745000E-3	2.209902E-3
8.750000E-3	1.450419E-3
8.755000E-3	4.894137E-4
8.760000E-3	-3.194213E-4
8.765000E-3	-7.855296E-4
8.770000E-3	-8.321404E-4
8.775000E-3	1.370907E-6
8.780000E-3	1.402438E-3
8.785000E-3	3.421783E-3
8.790000E-3	5.358875E-3
8.795000E-3	6.976545E-3
8.800000E-3	7.512569E-3
8.805000E-3	7.003963E-3
8.810000E-3	6.099164E-3
8.815000E-3	4.663825E-3
8.820000E-3	3.339529E-3
8.825000E-3	2.201676E-3
8.830000E-3	1.928866E-3
8.835000E-3	2.015233E-3
8.840000E-3	2.821326E-3
8.845000E-3	3.748059E-3
8.850000E-3	4.445851E-3
8.855000E-3	4.832447E-3
8.860000E-3	5.036712E-3
8.865000E-3	5.032599E-3
8.870000E-3	4.903734E-3
8.875000E-3	4.913330E-3
8.880000E-3	4.973650E-3
8.885000E-3	4.940748E-3
8.890000E-3	4.947603E-3
8.895000E-3	4.290938E-3
8.900000E-3	3.654838E-3
8.905000E-3	2.808988E-3
8.910000E-3	2.216756E-3
8.915000E-3	2.026200E-3
8.920000E-3	2.536178E-3
8.925000E-3	3.342271E-3
8.930000E-3	4.130542E-3
8.935000E-3	4.580200E-3
8.940000E-3	4.561007E-3
8.945000E-3	4.326582E-3
8.950000E-3	3.933132E-3
8.955000E-3	3.731608E-3
8.960000E-3	3.568470E-3
8.965000E-3	3.918052E-3
8.970000E-3	4.514396E-3
8.975000E-3	4.582942E-3
8.980000E-3	4.523993E-3
8.985000E-3	4.212797E-3
8.990000E-3	3.343642E-3
8.995000E-3	2.363443E-3
9.000000E-3	1.388729E-3
9.005000E-3	4.537702E-4
9.010000E-3	-1.946688E-4
9.015000E-3	-5.894899E-4
9.020000E-3	-5.401373E-4
9.025000E-3	5.894899E-5
9.030000E-3	1.187205E-3
9.035000E-3	2.401829E-3
9.040000E-3	3.314853E-3
9.045000E-3	3.823459E-3
9.050000E-3	3.923535E-3
9.055000E-3	3.868699E-3
9.060000E-3	3.654838E-3
9.065000E-3	3.383398E-3
9.070000E-3	3.287435E-3
9.075000E-3	3.305256E-3
9.080000E-3	3.520489E-3
9.085000E-3	3.451943E-3
9.090000E-3	3.637016E-3
9.095000E-3	3.801525E-3
9.100000E-3	4.299164E-3
9.105000E-3	4.296422E-3
9.110000E-3	4.196346E-3
9.115000E-3	3.513634E-3
9.120000E-3	2.563596E-3
9.125000E-3	1.952171E-3
9.130000E-3	1.657426E-3
9.135000E-3	2.000153E-3
9.140000E-3	2.649963E-3
9.145000E-3	3.642499E-3
9.150000E-3	4.584312E-3
9.155000E-3	5.442500E-3
9.160000E-3	6.154001E-3
9.165000E-3	6.594062E-3
9.170000E-3	6.929934E-3
9.175000E-3	6.785989E-3
9.180000E-3	6.529629E-3
9.185000E-3	6.377459E-3
9.190000E-3	6.341815E-3
9.195000E-3	6.417215E-3
9.200000E-3	6.577611E-3
9.205000E-3	7.106781E-3
9.210000E-3	7.975936E-3
9.215000E-3	8.620262E-3
9.220000E-3	8.617520E-3
9.225000E-3	7.959485E-3
9.230000E-3	6.175935E-3
9.235000E-3	3.613710E-3
9.240000E-3	6.854534E-4
9.245000E-3	-2.304494E-3
9.250000E-3	-4.619956E-3
9.255000E-3	-5.734503E-3
9.260000E-3	-5.615234E-3
9.265000E-3	-4.286826E-3
9.270000E-3	-2.301753E-3
9.275000E-3	-2.536178E-4
9.280000E-3	1.816452E-3
9.285000E-3	4.042804E-3
9.290000E-3	5.668700E-3
9.295000E-3	6.676316E-3
9.300000E-3	7.204115E-3
9.305000E-3	7.346690E-3
9.310000E-3	7.382333E-3
9.315000E-3	7.382333E-3
9.320000E-3	7.221937E-3
9.325000E-3	7.408381E-3
9.330000E-3	7.816911E-3
9.335000E-3	7.960856E-3
9.340000E-3	7.885456E-3
9.345000E-3	7.416606E-3
9.350000E-3	6.615996E-3
9.355000E-3	5.593300E-3
9.360000E-3	4.610360E-3
9.365000E-3	3.542423E-3
9.370000E-3	2.718508E-3
9.375000E-3	1.676619E-3
9.380000E-3	7.869005E-4
9.385000E-3	-1.028180E-4
9.390000E-3	-1.306474E-3
9.395000E-3	-2.034426E-3
9.400000E-3	-2.130389E-3
9.405000E-3	-1.605332E-3
9.410000E-3	-4.428029E-4
9.415000E-3	1.185834E-3
9.420000E-3	3.076315E-3
9.425000E-3	4.406095E-3
9.430000E-3	5.567253E-3
9.435000E-3	6.467938E-3
9.440000E-3	6.908000E-3
9.445000E-3	7.535875E-3
9.450000E-3	7.788122E-3
9.455000E-3	7.774413E-3
9.460000E-3	7.549584E-3
9.465000E-3	7.065654E-3
9.470000E-3	6.130695E-3
9.475000E-3	5.050421E-3
9.480000E-3	3.682256E-3
9.485000E-3	2.481341E-3
9.490000E-3	1.716375E-3
9.495000E-3	1.180351E-3
9.500000E-3	9.568930E-4
9.505000E-3	7.677078E-4
9.510000E-3	4.140139E-4
9.515000E-3	-1.645088E-5
9.520000E-3	-8.691549E-4
9.525000E-3	-1.545012E-3
9.530000E-3	-1.837015E-3
9.535000E-3	-1.624525E-3
9.540000E-3	-4.318357E-4
9.545000E-3	1.222849E-3
9.550000E-3	2.789795E-3
9.555000E-3	4.567862E-3
9.560000E-3	5.871594E-3
9.565000E-3	6.617367E-3
9.570000E-3	7.245243E-3
9.575000E-3	7.301450E-3
9.580000E-3	7.412493E-3
9.585000E-3	7.120490E-3
9.590000E-3	6.953239E-3
9.595000E-3	6.544709E-3
9.600000E-3	5.890787E-3
9.605000E-3	5.087435E-3
9.610000E-3	4.245698E-3
9.615000E-3	3.575325E-3
9.620000E-3	3.144860E-3
9.625000E-3	2.670527E-3
9.630000E-3	2.388120E-3
9.635000E-3	2.235949E-3
9.640000E-3	2.089262E-3
9.645000E-3	2.127647E-3
9.650000E-3	2.256513E-3
9.655000E-3	2.582788E-3
9.660000E-3	3.373802E-3
9.665000E-3	4.275858E-3
9.670000E-3	4.798174E-3
9.675000E-3	5.522013E-3
9.680000E-3	6.129324E-3
9.685000E-3	6.655753E-3
9.690000E-3	6.776392E-3
9.695000E-3	6.666720E-3
9.700000E-3	6.510437E-3
9.705000E-3	6.144404E-3
9.710000E-3	5.269766E-3
9.715000E-3	4.340291E-3
9.720000E-3	2.999544E-3
9.725000E-3	1.619041E-3
9.730000E-3	4.290938E-4
9.735000E-3	-3.098249E-4
9.740000E-3	-2.645850E-4
9.745000E-3	1.370907E-4
9.750000E-3	9.843111E-4
9.755000E-3	2.094746E-3
9.760000E-3	3.213406E-3
9.765000E-3	4.115462E-3
9.770000E-3	4.970908E-3
9.775000E-3	5.637169E-3
9.780000E-3	5.989492E-3
9.785000E-3	5.877078E-3
9.790000E-3	5.280733E-3
9.795000E-3	3.929019E-3
9.800000E-3	2.437472E-3
9.805000E-3	6.073117E-4
9.810000E-3	-3.948212E-4
9.815000E-3	-9.980202E-4
9.820000E-3	-6.169081E-4
9.825000E-3	6.991625E-4
9.830000E-3	2.293527E-3
9.835000E-3	4.082561E-3
9.840000E-3	5.490482E-3
9.845000E-3	6.531000E-3
9.850000E-3	6.860018E-3
9.855000E-3	6.753087E-3
9.860000E-3	6.319880E-3
9.865000E-3	5.849659E-3
9.870000E-3	5.550802E-3
9.875000E-3	5.538464E-3
9.880000E-3	5.808532E-3
9.885000E-3	6.366491E-3
9.890000E-3	6.805182E-3
9.895000E-3	6.743491E-3
9.900000E-3	6.027877E-3
9.905000E-3	4.835188E-3
9.910000E-3	3.191471E-3
9.915000E-3	1.413405E-3
9.920000E-3	-4.825592E-4
9.925000E-3	-1.810968E-3
9.930000E-3	-2.851486E-3
9.935000E-3	-3.458798E-3
9.940000E-3	-3.498554E-3
9.945000E-3	-2.581418E-3
9.950000E-3	-1.310587E-3
9.955000E-3	6.374717E-4
9.960000E-3	2.970755E-3
9.965000E-3	5.468547E-3
9.970000E-3	7.538617E-3
9.975000E-3	9.020567E-3
9.980000E-3	9.755373E-3
9.985000E-3	9.246767E-3
9.990000E-3	8.377612E-3
9.995000E-3	6.670833E-3
