0.000000E+0	9.127498E-3
5.000000E-6	9.024680E-3
1.000000E-5	9.071290E-3
1.500000E-5	9.260476E-3
2.000000E-5	9.064436E-3
2.500000E-5	9.172738E-3
3.000000E-5	9.021938E-3
3.500000E-5	8.928716E-3
4.000000E-5	8.950651E-3
4.500000E-5	9.020567E-3
5.000000E-5	9.054840E-3
5.500000E-5	9.141207E-3
6.000000E-5	9.037018E-3
6.500000E-5	8.946538E-3
7.000000E-5	8.934200E-3
7.500000E-5	9.045243E-3
8.000000E-5	9.278297E-3
8.500000E-5	9.142578E-3
9.000000E-5	9.112418E-3
9.500000E-5	9.117901E-3
1.000000E-4	9.024680E-3
1.050000E-4	9.211123E-3
1.100000E-4	8.979440E-3
1.150000E-4	9.054840E-3
1.200000E-4	9.239912E-3
1.250000E-4	9.090483E-3
1.300000E-4	9.000003E-3
1.350000E-4	8.962989E-3
1.400000E-4	9.008229E-3
1.450000E-4	9.172738E-3
1.500000E-4	9.072661E-3
1.550000E-4	9.067178E-3
1.600000E-4	9.064436E-3
1.650000E-4	9.139836E-3
1.700000E-4	9.180963E-3
1.750000E-4	9.122014E-3
1.800000E-4	9.045243E-3
1.850000E-4	9.080887E-3
1.900000E-4	9.172738E-3
1.950000E-4	9.071290E-3
2.000000E-4	8.993149E-3
2.050000E-4	9.010971E-3
2.100000E-4	9.057581E-3
2.150000E-4	8.854687E-3
2.200000E-4	8.934200E-3
2.250000E-4	9.139836E-3
2.300000E-4	9.260476E-3
2.350000E-4	9.028792E-3
2.400000E-4	8.983552E-3
2.450000E-4	9.187818E-3
2.500000E-4	9.202898E-3
2.550000E-4	9.252250E-3
2.600000E-4	9.174109E-3
2.650000E-4	9.047985E-3
2.700000E-4	8.958876E-3
2.750000E-4	8.994520E-3
2.800000E-4	8.953393E-3
2.850000E-4	9.039760E-3
2.900000E-4	9.063065E-3
2.950000E-4	9.161770E-3
3.000000E-4	9.052098E-3
3.050000E-4	8.962989E-3
3.100000E-4	9.165883E-3
3.150000E-4	9.076774E-3
3.200000E-4	9.102821E-3
3.250000E-4	9.094596E-3
3.300000E-4	9.224832E-3
3.350000E-4	9.115160E-3
3.400000E-4	9.095967E-3
3.450000E-4	9.123385E-3
3.500000E-4	9.215236E-3
3.550000E-4	9.134352E-3
3.600000E-4	9.097338E-3
3.650000E-4	9.046614E-3
3.700000E-4	8.967102E-3
3.750000E-4	8.976698E-3
3.800000E-4	9.182334E-3
3.850000E-4	9.156287E-3
3.900000E-4	9.204268E-3
3.950000E-4	9.035647E-3
4.000000E-4	8.845091E-3
4.050000E-4	9.004116E-3
4.100000E-4	9.053469E-3
4.150000E-4	9.152174E-3
4.200000E-4	9.146690E-3
4.250000E-4	9.043872E-3
4.300000E-4	9.047985E-3
4.350000E-4	9.202898E-3
4.400000E-4	9.035647E-3
4.450000E-4	9.204268E-3
4.500000E-4	8.983552E-3
4.550000E-4	8.987665E-3
4.600000E-4	8.865654E-3
4.650000E-4	8.941054E-3
4.700000E-4	9.069920E-3
4.750000E-4	8.976698E-3
4.800000E-4	8.997262E-3
4.850000E-4	9.063065E-3
4.900000E-4	9.171367E-3
4.950000E-4	9.175479E-3
5.000000E-4	9.023309E-3
5.050000E-4	9.191930E-3
5.100000E-4	9.190559E-3
5.150000E-4	9.205639E-3
5.200000E-4	9.260476E-3
5.250000E-4	9.193301E-3
5.300000E-4	9.313941E-3
5.350000E-4	9.058952E-3
5.400000E-4	9.143949E-3
5.450000E-4	9.056211E-3
5.500000E-4	9.180963E-3
5.550000E-4	9.213865E-3
5.600000E-4	9.198785E-3
5.650000E-4	9.056211E-3
5.700000E-4	9.082258E-3
5.750000E-4	9.231687E-3
5.800000E-4	9.138465E-3
5.850000E-4	9.037018E-3
5.900000E-4	9.069920E-3
5.950000E-4	9.146690E-3
6.000000E-4	9.202898E-3
6.050000E-4	9.171367E-3
6.100000E-4	9.234428E-3
6.150000E-4	9.010971E-3
6.200000E-4	9.023309E-3
6.250000E-4	9.165883E-3
6.300000E-4	9.026051E-3
6.350000E-4	8.987665E-3
6.400000E-4	8.915007E-3
6.450000E-4	8.967102E-3
6.500000E-4	9.141207E-3
6.550000E-4	9.204268E-3
6.600000E-4	9.139836E-3
6.650000E-4	9.050727E-3
6.700000E-4	9.065807E-3
6.750000E-4	9.119272E-3
6.800000E-4	9.289265E-3
6.850000E-4	9.058952E-3
6.900000E-4	9.013712E-3
6.950000E-4	8.993149E-3
7.000000E-4	9.156287E-3
7.050000E-4	9.260476E-3
7.100000E-4	9.054840E-3
7.150000E-4	9.224832E-3
7.200000E-4	9.200156E-3
7.250000E-4	9.123385E-3
7.300000E-4	9.150803E-3
7.350000E-4	9.222090E-3
7.400000E-4	9.249508E-3
7.450000E-4	9.154916E-3
7.500000E-4	9.042501E-3
7.550000E-4	9.250879E-3
7.600000E-4	9.094596E-3
7.650000E-4	9.274185E-3
7.700000E-4	9.150803E-3
7.750000E-4	9.127498E-3
7.800000E-4	9.069920E-3
7.850000E-4	8.986294E-3
7.900000E-4	9.234428E-3
7.950000E-4	9.194672E-3
8.000000E-4	9.274185E-3
8.050000E-4	9.205639E-3
8.100000E-4	9.105563E-3
8.150000E-4	9.168625E-3
8.200000E-4	9.128869E-3
8.250000E-4	8.998632E-3
8.300000E-4	9.211123E-3
8.350000E-4	9.167254E-3
8.400000E-4	9.217978E-3
8.450000E-4	9.381115E-3
8.500000E-4	9.272814E-3
8.550000E-4	9.086370E-3
8.600000E-4	9.097338E-3
8.650000E-4	9.039760E-3
8.700000E-4	9.111047E-3
8.750000E-4	9.016454E-3
8.800000E-4	9.091854E-3
8.850000E-4	9.154916E-3
8.900000E-4	9.371519E-3
8.950000E-4	9.263217E-3
9.000000E-4	9.042501E-3
9.050000E-4	9.049356E-3
9.100000E-4	8.969843E-3
9.150000E-4	9.098709E-3
9.200000E-4	8.972585E-3
9.250000E-4	9.050727E-3
9.300000E-4	9.143949E-3
9.350000E-4	9.180963E-3
9.400000E-4	9.179592E-3
9.450000E-4	9.074032E-3
9.500000E-4	8.989036E-3
9.550000E-4	9.047985E-3
9.600000E-4	9.080887E-3
9.650000E-4	8.987665E-3
9.700000E-4	8.995891E-3
9.750000E-4	9.160399E-3
9.800000E-4	9.082258E-3
9.850000E-4	9.150803E-3
9.900000E-4	9.098709E-3
9.950000E-4	9.211123E-3
1.000000E-3	9.164512E-3
1.005000E-3	9.028792E-3
1.010000E-3	9.267330E-3
1.015000E-3	9.116530E-3
1.020000E-3	9.004116E-3
1.025000E-3	9.106934E-3
1.030000E-3	9.105563E-3
1.035000E-3	9.063065E-3
1.040000E-3	9.082258E-3
1.045000E-3	9.013712E-3
1.050000E-3	8.989036E-3
1.055000E-3	9.281039E-3
1.060000E-3	9.275556E-3
1.065000E-3	9.257734E-3
1.070000E-3	9.142578E-3
1.075000E-3	9.191930E-3
1.080000E-3	9.130239E-3
1.085000E-3	8.995891E-3
1.090000E-3	9.111047E-3
1.095000E-3	9.138465E-3
1.100000E-3	9.175479E-3
1.105000E-3	9.201527E-3
1.110000E-3	9.282410E-3
1.115000E-3	9.072661E-3
1.120000E-3	9.205639E-3
1.125000E-3	9.065807E-3
1.130000E-3	8.919120E-3
1.135000E-3	8.906782E-3
1.140000E-3	9.089112E-3
1.145000E-3	9.127498E-3
1.150000E-3	9.085000E-3
1.155000E-3	9.080887E-3
1.160000E-3	9.169996E-3
1.165000E-3	9.278297E-3
1.170000E-3	9.187818E-3
1.175000E-3	9.027421E-3
1.180000E-3	9.008229E-3
1.185000E-3	9.196043E-3
1.190000E-3	9.041131E-3
1.195000E-3	8.957505E-3
1.200000E-3	9.047985E-3
1.205000E-3	9.017825E-3
1.210000E-3	9.061694E-3
1.215000E-3	9.035647E-3
1.220000E-3	9.187818E-3
1.225000E-3	8.983552E-3
1.230000E-3	8.960247E-3
1.235000E-3	9.068549E-3
1.240000E-3	9.230316E-3
1.245000E-3	9.235799E-3
1.250000E-3	9.178221E-3
1.255000E-3	9.005487E-3
1.260000E-3	8.957505E-3
1.265000E-3	9.089112E-3
1.270000E-3	9.174109E-3
1.275000E-3	9.138465E-3
1.280000E-3	8.958876E-3
1.285000E-3	9.046614E-3
1.290000E-3	9.185076E-3
1.295000E-3	9.167254E-3
1.300000E-3	8.953393E-3
1.305000E-3	8.954763E-3
1.310000E-3	9.012341E-3
1.315000E-3	9.102821E-3
1.320000E-3	9.174109E-3
1.325000E-3	9.217978E-3
1.330000E-3	9.097338E-3
1.335000E-3	9.315312E-3
1.340000E-3	9.382486E-3
1.345000E-3	9.095967E-3
1.350000E-3	8.995891E-3
1.355000E-3	8.972585E-3
1.360000E-3	9.021938E-3
1.365000E-3	9.006858E-3
1.370000E-3	9.212494E-3
1.375000E-3	9.272814E-3
1.380000E-3	9.211123E-3
1.385000E-3	9.128869E-3
1.390000E-3	9.120643E-3
1.395000E-3	9.082258E-3
1.400000E-3	9.283781E-3
1.405000E-3	9.009600E-3
1.410000E-3	9.141207E-3
1.415000E-3	9.064436E-3
1.420000E-3	9.120643E-3
1.425000E-3	9.082258E-3
1.430000E-3	8.967102E-3
1.435000E-3	9.053469E-3
1.440000E-3	9.119272E-3
1.445000E-3	9.259105E-3
1.450000E-3	9.164512E-3
1.455000E-3	9.109676E-3
1.460000E-3	9.045243E-3
1.465000E-3	9.019196E-3
1.470000E-3	8.972585E-3
1.475000E-3	9.368777E-3
1.480000E-3	9.259105E-3
1.485000E-3	9.154916E-3
1.490000E-3	9.104192E-3
1.495000E-3	9.086370E-3
1.500000E-3	9.082258E-3
1.505000E-3	9.047985E-3
1.510000E-3	9.024680E-3
1.515000E-3	8.923233E-3
1.520000E-3	9.086370E-3
1.525000E-3	9.230316E-3
1.530000E-3	9.271443E-3
1.535000E-3	9.261847E-3
1.540000E-3	9.233057E-3
1.545000E-3	9.217978E-3
1.550000E-3	9.071290E-3
1.555000E-3	9.152174E-3
1.560000E-3	9.329021E-3
1.565000E-3	9.279668E-3
1.570000E-3	9.185076E-3
1.575000E-3	9.189188E-3
1.580000E-3	9.169996E-3
1.585000E-3	9.101450E-3
1.590000E-3	9.154916E-3
1.595000E-3	9.227574E-3
1.600000E-3	9.064436E-3
1.605000E-3	8.983552E-3
1.610000E-3	9.117901E-3
1.615000E-3	9.130239E-3
1.620000E-3	8.965731E-3
1.625000E-3	9.082258E-3
1.630000E-3	9.157658E-3
1.635000E-3	9.300232E-3
1.640000E-3	9.165883E-3
1.645000E-3	9.075403E-3
1.650000E-3	9.128869E-3
1.655000E-3	9.301603E-3
1.660000E-3	9.239912E-3
1.665000E-3	9.115160E-3
1.670000E-3	9.075403E-3
1.675000E-3	9.053469E-3
1.680000E-3	9.148061E-3
1.685000E-3	9.165883E-3
1.690000E-3	9.164512E-3
1.695000E-3	8.910894E-3
1.700000E-3	9.065807E-3
1.705000E-3	9.222090E-3
1.710000E-3	9.264588E-3
1.715000E-3	9.217978E-3
1.720000E-3	9.253621E-3
1.725000E-3	9.253621E-3
1.730000E-3	9.196043E-3
1.735000E-3	9.239912E-3
1.740000E-3	9.224832E-3
1.745000E-3	9.213865E-3
1.750000E-3	9.250879E-3
1.755000E-3	9.041131E-3
1.760000E-3	8.973956E-3
1.765000E-3	9.165883E-3
1.770000E-3	8.958876E-3
1.775000E-3	9.233057E-3
1.780000E-3	9.071290E-3
1.785000E-3	9.146690E-3
1.790000E-3	9.204268E-3
1.795000E-3	9.019196E-3
1.800000E-3	8.995891E-3
1.805000E-3	9.160399E-3
1.810000E-3	9.071290E-3
1.815000E-3	9.041131E-3
1.820000E-3	9.167254E-3
1.825000E-3	9.134352E-3
1.830000E-3	9.089112E-3
1.835000E-3	9.183705E-3
1.840000E-3	9.283781E-3
1.845000E-3	9.379745E-3
1.850000E-3	9.127498E-3
1.855000E-3	9.223461E-3
1.860000E-3	9.090483E-3
1.865000E-3	9.026051E-3
1.870000E-3	8.952022E-3
1.875000E-3	9.131610E-3
1.880000E-3	9.004116E-3
1.885000E-3	8.989036E-3
1.890000E-3	9.053469E-3
1.895000E-3	8.995891E-3
1.900000E-3	9.082258E-3
1.905000E-3	9.279668E-3
1.910000E-3	9.230316E-3
1.915000E-3	9.082258E-3
1.920000E-3	9.238541E-3
1.925000E-3	9.178221E-3
1.930000E-3	9.145319E-3
1.935000E-3	9.130239E-3
1.940000E-3	9.278297E-3
1.945000E-3	8.993149E-3
1.950000E-3	9.142578E-3
1.955000E-3	9.009600E-3
1.960000E-3	9.149432E-3
1.965000E-3	9.178221E-3
1.970000E-3	9.324908E-3
1.975000E-3	9.127498E-3
1.980000E-3	9.095967E-3
1.985000E-3	8.954763E-3
1.990000E-3	9.075403E-3
1.995000E-3	9.202898E-3
2.000000E-3	9.222090E-3
2.005000E-3	9.201527E-3
2.010000E-3	9.253621E-3
2.015000E-3	9.207010E-3
2.020000E-3	9.109676E-3
2.025000E-3	9.168625E-3
2.030000E-3	9.279668E-3
2.035000E-3	9.128869E-3
2.040000E-3	9.038389E-3
2.045000E-3	9.047985E-3
2.050000E-3	9.194672E-3
2.055000E-3	9.067178E-3
2.060000E-3	9.042501E-3
2.065000E-3	9.201527E-3
2.070000E-3	8.939683E-3
2.075000E-3	9.122014E-3
2.080000E-3	9.172738E-3
2.085000E-3	9.112418E-3
2.090000E-3	8.969843E-3
2.095000E-3	9.017825E-3
2.100000E-3	8.873880E-3
2.105000E-3	9.111047E-3
2.110000E-3	9.143949E-3
2.115000E-3	9.102821E-3
2.120000E-3	8.919120E-3
2.125000E-3	8.941054E-3
2.130000E-3	9.032905E-3
2.135000E-3	9.082258E-3
2.140000E-3	9.054840E-3
2.145000E-3	9.146690E-3
2.150000E-3	9.164512E-3
2.155000E-3	9.072661E-3
2.160000E-3	9.113789E-3
2.165000E-3	9.180963E-3
2.170000E-3	9.254992E-3
2.175000E-3	9.165883E-3
2.180000E-3	9.106934E-3
2.185000E-3	9.116530E-3
2.190000E-3	9.050727E-3
2.195000E-3	8.887589E-3
2.200000E-3	9.021938E-3
2.205000E-3	9.197414E-3
2.210000E-3	9.404421E-3
2.215000E-3	9.169996E-3
2.220000E-3	9.104192E-3
2.225000E-3	9.237170E-3
2.230000E-3	9.134352E-3
2.235000E-3	9.145319E-3
2.240000E-3	9.111047E-3
2.245000E-3	9.094596E-3
2.250000E-3	9.179592E-3
2.255000E-3	9.193301E-3
2.260000E-3	9.146690E-3
2.265000E-3	9.137094E-3
2.270000E-3	9.305716E-3
2.275000E-3	9.302974E-3
2.280000E-3	9.193301E-3
2.285000E-3	8.904040E-3
2.290000E-3	8.895814E-3
2.295000E-3	9.119272E-3
2.300000E-3	8.941054E-3
2.305000E-3	8.936942E-3
2.310000E-3	9.264588E-3
2.315000E-3	9.348214E-3
2.320000E-3	9.398937E-3
2.325000E-3	9.239912E-3
2.330000E-3	9.244025E-3
2.335000E-3	9.057581E-3
2.340000E-3	9.034276E-3
2.345000E-3	9.082258E-3
2.350000E-3	9.176850E-3
2.355000E-3	9.164512E-3
2.360000E-3	9.242654E-3
2.365000E-3	9.041131E-3
2.370000E-3	9.194672E-3
2.375000E-3	9.197414E-3
2.380000E-3	9.052098E-3
2.385000E-3	8.888960E-3
2.390000E-3	8.976698E-3
2.395000E-3	9.278297E-3
2.400000E-3	9.176850E-3
2.405000E-3	9.020567E-3
2.410000E-3	8.897185E-3
2.415000E-3	8.821785E-3
2.420000E-3	9.030163E-3
2.425000E-3	9.034276E-3
2.430000E-3	9.019196E-3
2.435000E-3	9.115160E-3
2.440000E-3	9.135723E-3
2.445000E-3	8.890331E-3
2.450000E-3	1.090145E-2
2.455000E-3	8.380353E-3
2.460000E-3	2.736741E-2
2.465000E-3	1.033527E-2
2.470000E-3	-1.528479E-1
2.475000E-3	-2.427053E-2
2.480000E-3	-1.044796E-1
2.485000E-3	-2.078994E-1
2.490000E-3	-1.145077E-1
2.495000E-3	-3.899133E-2
2.500000E-3	1.127009E-1
2.505000E-3	5.122983E-1
2.510000E-3	2.293527E-1
2.515000E-3	-1.404234E-1
2.520000E-3	1.436628E-1
2.525000E-3	2.307277E-1
2.530000E-3	-1.805484E-2
2.535000E-3	-3.007632E-2
2.540000E-3	4.226506E-2
2.545000E-3	-4.555523E-2
2.550000E-3	3.853756E-2
2.555000E-3	-1.745164E-3
2.560000E-3	-1.009741E-1
2.565000E-3	-6.809843E-2
2.570000E-3	-6.331122E-2
2.575000E-3	-9.020430E-2
2.580000E-3	-6.465471E-2
2.585000E-3	-2.782941E-2
2.590000E-3	2.932370E-3
2.595000E-3	5.789202E-2
2.600000E-3	2.690679E-2
2.605000E-3	2.155066E-3
2.610000E-3	3.270572E-2
2.615000E-3	9.299821E-2
2.620000E-3	5.495280E-2
2.625000E-3	-2.105713E-3
2.630000E-3	2.867115E-2
2.635000E-3	4.267907E-2
2.640000E-3	5.691183E-2
2.645000E-3	2.399772E-2
2.650000E-3	-3.526247E-2
2.655000E-3	-2.077883E-2
2.660000E-3	-8.716226E-3
2.665000E-3	-7.199454E-2
2.670000E-3	-4.505074E-2
2.675000E-3	-3.679514E-3
2.680000E-3	-4.397458E-2
2.685000E-3	6.890178E-3
2.690000E-3	7.963735E-2
2.695000E-3	5.708182E-2
2.700000E-3	5.325836E-2
2.705000E-3	6.017596E-2
2.710000E-3	8.912265E-3
2.715000E-3	1.403123E-2
2.720000E-3	2.740580E-2
2.725000E-3	-1.401341E-2
2.730000E-3	4.531121E-2
2.735000E-3	7.424146E-2
2.740000E-3	-2.983642E-2
2.745000E-3	-4.627359E-2
2.750000E-3	-1.376116E-2
2.755000E-3	-7.190132E-2
2.760000E-3	-4.414046E-2
2.765000E-3	1.473176E-2
2.770000E-3	-3.459346E-2
2.775000E-3	-6.159484E-3
2.780000E-3	9.111595E-2
2.785000E-3	5.300337E-2
2.790000E-3	3.888577E-2
2.795000E-3	8.296591E-2
2.800000E-3	1.287419E-2
2.805000E-3	-2.603489E-2
2.810000E-3	1.747221E-2
2.815000E-3	-1.138949E-2
2.820000E-3	-2.048957E-2
2.825000E-3	3.638798E-2
2.830000E-3	1.070541E-2
2.835000E-3	-1.343489E-2
2.840000E-3	2.569628E-2
2.845000E-3	-1.319087E-2
2.850000E-3	-3.780001E-2
2.855000E-3	1.336634E-2
2.860000E-3	-7.487893E-3
2.865000E-3	-1.875812E-2
2.870000E-3	4.638326E-2
2.875000E-3	1.532400E-2
2.880000E-3	-1.706642E-2
2.885000E-3	4.351670E-2
2.890000E-3	3.824282E-2
2.895000E-3	-5.726278E-3
2.900000E-3	3.201616E-2
2.905000E-3	4.744709E-3
2.910000E-3	-4.653132E-2
2.915000E-3	7.158875E-3
2.920000E-3	2.353984E-2
2.925000E-3	-3.366810E-2
2.930000E-3	2.014959E-2
2.935000E-3	5.674320E-2
2.940000E-3	3.716528E-3
2.945000E-3	1.333344E-2
2.950000E-3	2.280229E-2
2.955000E-3	-1.513618E-2
2.960000E-3	6.877840E-3
2.965000E-3	3.005028E-2
2.970000E-3	-3.615081E-3
2.975000E-3	3.396010E-2
2.980000E-3	7.463628E-2
2.985000E-3	1.155949E-2
2.990000E-3	-3.112781E-2
2.995000E-3	1.438081E-3
3.000000E-3	-7.283628E-3
3.005000E-3	-2.206749E-2
3.010000E-3	2.312720E-3
3.015000E-3	-7.197261E-4
3.020000E-3	-2.170146E-3
3.025000E-3	3.275234E-2
3.030000E-3	2.197701E-2
3.035000E-3	-1.386672E-2
3.040000E-3	5.262911E-3
3.045000E-3	1.263565E-2
3.050000E-3	-1.303047E-2
3.055000E-3	5.904496E-3
3.060000E-3	1.596969E-2
3.065000E-3	4.360855E-3
3.070000E-3	4.089004E-2
3.075000E-3	5.196285E-2
3.080000E-3	-7.060170E-3
3.085000E-3	-3.561616E-3
3.090000E-3	3.711593E-2
3.095000E-3	4.019499E-3
3.100000E-3	-1.007617E-3
3.105000E-3	3.171730E-2
3.110000E-3	1.365834E-2
3.115000E-3	1.927358E-2
3.120000E-3	4.386216E-2
3.125000E-3	-7.918358E-3
3.130000E-3	-2.059650E-2
3.135000E-3	3.009415E-2
3.140000E-3	5.542576E-3
3.145000E-3	-2.727968E-2
3.150000E-3	1.270968E-2
3.155000E-3	1.667023E-3
3.160000E-3	-3.481692E-2
3.165000E-3	1.453161E-3
3.170000E-3	1.440960E-2
3.175000E-3	-4.103124E-3
3.180000E-3	2.360839E-2
3.185000E-3	3.090161E-2
3.190000E-3	-3.015995E-5
3.195000E-3	9.630620E-3
3.200000E-3	1.989460E-2
3.205000E-3	-5.079210E-3
3.210000E-3	6.661236E-3
3.215000E-3	3.558737E-2
3.220000E-3	1.119208E-2
3.225000E-3	3.501296E-3
3.230000E-3	3.271258E-2
3.235000E-3	1.246840E-2
3.240000E-3	-1.510739E-3
3.245000E-3	2.432948E-2
3.250000E-3	1.863748E-2
3.255000E-3	8.714855E-3
3.260000E-3	2.676010E-2
3.265000E-3	1.106322E-2
3.270000E-3	-7.512569E-3
3.275000E-3	1.650435E-2
3.280000E-3	2.392644E-2
3.285000E-3	9.342730E-3
3.290000E-3	1.569688E-2
3.295000E-3	1.524997E-2
3.300000E-3	6.868243E-4
3.305000E-3	1.321143E-2
3.310000E-3	1.462483E-2
3.315000E-3	-1.436299E-2
3.320000E-3	-9.067178E-3
3.325000E-3	9.050727E-3
3.330000E-3	-6.243110E-3
3.335000E-3	-6.458342E-3
3.340000E-3	1.004601E-2
3.345000E-3	-3.372431E-3
3.350000E-3	2.109826E-3
3.355000E-3	2.724403E-2
3.360000E-3	1.217502E-2
3.365000E-3	1.425743E-3
3.370000E-3	2.384692E-2
3.375000E-3	1.639742E-2
3.380000E-3	1.083016E-4
3.385000E-3	1.749825E-2
3.390000E-3	1.304692E-2
3.395000E-3	1.429856E-3
3.400000E-3	2.265972E-2
3.405000E-3	1.443291E-2
3.410000E-3	-1.152796E-2
3.415000E-3	1.033252E-2
3.420000E-3	1.722819E-2
3.425000E-3	-6.404877E-3
3.430000E-3	-1.909673E-3
3.435000E-3	-5.716681E-4
3.440000E-3	-1.352948E-2
3.445000E-3	4.704952E-3
3.450000E-3	1.605195E-2
3.455000E-3	3.757656E-3
3.460000E-3	1.954228E-2
3.465000E-3	3.391623E-2
3.470000E-3	1.659209E-2
3.475000E-3	2.122849E-2
3.480000E-3	3.127587E-2
3.485000E-3	7.748365E-3
3.490000E-3	2.929628E-3
3.495000E-3	2.181661E-2
3.500000E-3	1.538295E-2
3.505000E-3	4.455447E-3
3.510000E-3	7.239759E-3
3.515000E-3	-2.046764E-3
3.520000E-3	-1.587510E-3
3.525000E-3	6.777763E-3
3.530000E-3	-1.538157E-3
3.535000E-3	-2.418280E-3
3.540000E-3	9.660780E-3
3.545000E-3	8.177459E-3
3.550000E-3	2.193451E-3
3.555000E-3	7.686675E-3
3.560000E-3	1.306337E-2
3.565000E-3	1.193923E-2
3.570000E-3	7.757962E-3
3.575000E-3	7.916987E-3
3.580000E-3	1.199406E-2
3.585000E-3	3.996193E-3
3.590000E-3	-9.527802E-3
3.595000E-3	-7.811427E-3
3.600000E-3	-5.532980E-3
3.605000E-3	-5.659103E-3
3.610000E-3	8.041739E-3
3.615000E-3	1.343077E-2
3.620000E-3	6.488502E-3
3.625000E-3	1.035446E-2
3.630000E-3	1.724052E-2
3.635000E-3	2.004129E-2
3.640000E-3	2.758402E-2
3.645000E-3	3.095782E-2
3.650000E-3	2.530009E-2
3.655000E-3	2.436239E-2
3.660000E-3	2.402788E-2
3.665000E-3	1.710343E-2
3.670000E-3	1.448089E-2
3.675000E-3	1.932567E-2
3.680000E-3	1.622742E-2
3.685000E-3	1.111668E-2
3.690000E-3	1.370358E-2
3.695000E-3	7.866263E-3
3.700000E-3	-3.701448E-3
3.705000E-3	-8.080125E-3
3.710000E-3	-9.814322E-3
3.715000E-3	-4.362226E-3
3.720000E-3	8.407772E-3
3.725000E-3	1.107419E-2
3.730000E-3	1.187205E-2
3.735000E-3	2.398539E-2
3.740000E-3	2.524936E-2
3.745000E-3	1.128805E-2
3.750000E-3	6.526887E-3
3.755000E-3	7.062912E-3
3.760000E-3	2.799392E-3
3.765000E-3	6.614625E-3
3.770000E-3	1.069444E-2
3.775000E-3	4.683018E-3
3.780000E-3	1.192689E-3
3.785000E-3	2.303123E-4
3.790000E-3	-1.161706E-2
3.795000E-3	-1.890343E-2
3.800000E-3	-1.323336E-2
3.805000E-3	-6.199241E-3
3.810000E-3	4.344404E-3
3.815000E-3	1.348424E-2
3.820000E-3	1.323611E-2
3.825000E-3	1.377350E-2
3.830000E-3	2.575797E-2
3.835000E-3	2.620214E-2
3.840000E-3	2.805698E-2
3.845000E-3	3.301829E-2
3.850000E-3	3.570527E-2
3.855000E-3	3.137046E-2
3.860000E-3	2.493542E-2
3.865000E-3	2.242529E-2
3.870000E-3	7.751107E-3
3.875000E-3	-8.814931E-4
3.880000E-3	-8.525670E-3
3.885000E-3	-1.833451E-2
3.890000E-3	-1.091653E-2
3.895000E-3	7.925212E-3
3.900000E-3	5.944252E-3
3.905000E-3	7.056057E-3
3.910000E-3	1.222849E-2
3.915000E-3	6.078601E-3
3.920000E-3	8.783400E-3
3.925000E-3	1.781768E-2
3.930000E-3	1.434928E-2
3.935000E-3	1.572978E-2
3.940000E-3	2.415949E-2
3.945000E-3	1.600945E-2
3.950000E-3	7.574260E-3
3.955000E-3	3.630161E-3
3.960000E-3	-6.674945E-3
3.965000E-3	-9.881496E-3
3.970000E-3	-1.347601E-3
3.975000E-3	1.460016E-3
3.980000E-3	2.414167E-3
3.985000E-3	9.116530E-3
3.990000E-3	1.173085E-2
3.995000E-3	1.211745E-2
4.000000E-3	1.467144E-2
4.005000E-3	1.242727E-2
4.010000E-3	1.162940E-2
4.015000E-3	1.514441E-2
4.020000E-3	1.494151E-2
4.025000E-3	1.545149E-2
4.030000E-3	2.180701E-2
4.035000E-3	2.325195E-2
4.040000E-3	1.876634E-2
4.045000E-3	1.387221E-2
4.050000E-3	7.125974E-3
4.055000E-3	-2.503276E-3
4.060000E-3	-8.373499E-3
4.065000E-3	-1.038736E-2
4.070000E-3	-8.840978E-3
4.075000E-3	-5.750954E-3
4.080000E-3	-2.377152E-3
4.085000E-3	1.008987E-3
4.090000E-3	6.276011E-3
4.095000E-3	1.214623E-2
4.100000E-3	1.641387E-2
4.105000E-3	1.724875E-2
4.110000E-3	1.606840E-2
4.115000E-3	1.468104E-2
4.120000E-3	1.742011E-2
4.125000E-3	2.392232E-2
4.130000E-3	2.505058E-2
4.135000E-3	1.755035E-2
4.140000E-3	9.869158E-3
4.145000E-3	9.923995E-3
4.150000E-3	1.235735E-2
4.155000E-3	1.009947E-2
4.160000E-3	7.459104E-3
4.165000E-3	3.960550E-3
4.170000E-3	-2.163291E-3
4.175000E-3	-4.606247E-3
4.180000E-3	-4.443109E-3
4.185000E-3	-5.435646E-3
4.190000E-3	-2.632141E-3
4.195000E-3	2.832294E-3
4.200000E-3	4.725516E-3
4.205000E-3	9.913027E-3
4.210000E-3	1.682514E-2
4.215000E-3	1.823854E-2
4.220000E-3	1.930100E-2
4.225000E-3	2.099407E-2
4.230000E-3	1.971775E-2
4.235000E-3	1.838797E-2
4.240000E-3	1.602864E-2
4.245000E-3	1.021737E-2
4.250000E-3	2.762377E-3
4.255000E-3	-2.785683E-3
4.260000E-3	-3.868699E-3
4.265000E-3	-2.144098E-3
4.270000E-3	-9.006858E-4
4.275000E-3	3.205180E-3
4.280000E-3	9.789646E-3
4.285000E-3	1.222163E-2
4.290000E-3	1.308393E-2
4.295000E-3	1.529247E-2
4.300000E-3	1.824951E-2
4.305000E-3	2.034289E-2
4.310000E-3	2.168775E-2
4.315000E-3	2.045119E-2
4.320000E-3	1.943946E-2
4.325000E-3	2.153009E-2
4.330000E-3	2.127510E-2
4.335000E-3	1.600534E-2
4.340000E-3	1.298523E-2
4.345000E-3	9.444177E-3
4.350000E-3	2.456665E-3
4.355000E-3	-3.702819E-3
4.360000E-3	-8.019805E-3
4.365000E-3	-9.289265E-3
4.370000E-3	-5.154610E-3
4.375000E-3	9.596348E-4
4.380000E-3	5.057275E-3
4.385000E-3	7.981420E-3
4.390000E-3	9.149432E-3
4.395000E-3	7.744253E-3
4.400000E-3	7.579744E-3
4.405000E-3	7.664740E-3
4.410000E-3	7.533133E-3
4.415000E-3	1.298934E-2
4.420000E-3	2.030176E-2
4.425000E-3	2.368242E-2
4.430000E-3	2.596086E-2
4.435000E-3	2.605683E-2
4.440000E-3	2.216893E-2
4.445000E-3	1.714593E-2
4.450000E-3	1.183778E-2
4.455000E-3	6.908000E-3
4.460000E-3	2.697945E-3
4.465000E-3	3.660321E-4
4.470000E-3	-9.870529E-5
4.475000E-3	-6.251335E-4
4.480000E-3	-3.764510E-3
4.485000E-3	-5.864739E-3
4.490000E-3	-3.919423E-3
4.495000E-3	-2.850115E-3
4.500000E-3	-3.730237E-3
4.505000E-3	-1.750648E-3
4.510000E-3	1.879513E-3
4.515000E-3	6.047070E-3
4.520000E-3	1.209688E-2
4.525000E-3	1.684296E-2
4.530000E-3	2.002484E-2
4.535000E-3	2.262270E-2
4.540000E-3	1.943672E-2
4.545000E-3	1.338691E-2
4.550000E-3	1.077944E-2
4.555000E-3	8.925974E-3
4.560000E-3	7.616758E-3
4.565000E-3	1.088500E-2
4.570000E-3	1.380914E-2
4.575000E-3	1.451242E-2
4.580000E-3	1.613694E-2
4.585000E-3	1.570237E-2
4.590000E-3	1.090008E-2
4.595000E-3	8.838236E-3
4.600000E-3	8.502364E-3
4.605000E-3	6.188273E-3
4.610000E-3	6.769538E-3
4.615000E-3	1.067251E-2
4.620000E-3	1.062042E-2
4.625000E-3	7.265806E-3
4.630000E-3	5.191624E-3
4.635000E-3	3.986597E-3
4.640000E-3	5.149126E-3
4.645000E-3	8.584619E-3
4.650000E-3	9.856820E-3
4.655000E-3	8.524299E-3
4.660000E-3	7.005334E-3
4.665000E-3	1.864433E-3
4.670000E-3	-2.721250E-3
4.675000E-3	1.151562E-4
4.680000E-3	3.827572E-3
4.685000E-3	5.819499E-3
4.690000E-3	1.147449E-2
4.695000E-3	1.781631E-2
4.700000E-3	1.875263E-2
4.705000E-3	1.490039E-2
4.710000E-3	7.592082E-3
4.715000E-3	3.342271E-3
4.720000E-3	4.666567E-3
4.725000E-3	6.643414E-3
4.730000E-3	8.340597E-3
4.735000E-3	1.056147E-2
4.740000E-3	1.318538E-2
4.745000E-3	1.491272E-2
4.750000E-3	9.695053E-3
4.755000E-3	5.716681E-3
4.760000E-3	4.680276E-3
4.765000E-3	2.471745E-3
4.770000E-3	3.465652E-3
4.775000E-3	7.415235E-3
4.780000E-3	1.110297E-2
4.785000E-3	1.448363E-2
4.790000E-3	1.812887E-2
4.795000E-3	1.752704E-2
4.800000E-3	1.525408E-2
4.805000E-3	1.252872E-2
4.810000E-3	7.341206E-3
4.815000E-3	5.404115E-3
4.820000E-3	9.053469E-3
4.825000E-3	1.123321E-2
4.830000E-3	1.313877E-2
4.835000E-3	1.586962E-2
4.840000E-3	1.259726E-2
4.845000E-3	8.225441E-3
4.850000E-3	7.084846E-3
4.855000E-3	6.550193E-3
4.860000E-3	6.916225E-3
4.865000E-3	6.727040E-3
4.870000E-3	2.495050E-3
4.875000E-3	2.728105E-4
4.880000E-3	4.640520E-3
4.885000E-3	8.624375E-3
4.890000E-3	9.848595E-3
4.895000E-3	1.089734E-2
4.900000E-3	9.755373E-3
4.905000E-3	6.447375E-3
4.910000E-3	4.798174E-3
4.915000E-3	4.650116E-3
4.920000E-3	3.908455E-3
4.925000E-3	5.084693E-3
4.930000E-3	7.298708E-3
4.935000E-3	7.345319E-3
4.940000E-3	6.806552E-3
4.945000E-3	9.182334E-3
4.950000E-3	1.108104E-2
4.955000E-3	1.104265E-2
4.960000E-3	1.150328E-2
4.965000E-3	1.528150E-2
4.970000E-3	1.786429E-2
4.975000E-3	1.820701E-2
4.980000E-3	1.672095E-2
4.985000E-3	1.456177E-2
4.990000E-3	1.251090E-2
4.995000E-3	1.068759E-2
5.000000E-3	1.112765E-2
5.005000E-3	1.294959E-2
5.010000E-3	1.509094E-2
5.015000E-3	1.561463E-2
5.020000E-3	1.529658E-2
5.025000E-3	1.029688E-2
5.030000E-3	3.405333E-3
5.035000E-3	2.193451E-4
5.040000E-3	-2.785683E-3
5.045000E-3	-4.101753E-3
5.050000E-3	1.083016E-4
5.055000E-3	4.927039E-3
5.060000E-3	7.496119E-3
5.065000E-3	1.141006E-2
5.070000E-3	1.062316E-2
5.075000E-3	6.297946E-3
5.080000E-3	7.253468E-3
5.085000E-3	7.873118E-3
5.090000E-3	6.170452E-3
5.095000E-3	7.430315E-3
5.100000E-3	8.831382E-3
5.105000E-3	7.316530E-3
5.110000E-3	8.263826E-3
5.115000E-3	1.178569E-2
5.120000E-3	1.380092E-2
5.125000E-3	1.228607E-2
5.130000E-3	1.166368E-2
5.135000E-3	1.074380E-2
5.140000E-3	6.816149E-3
5.145000E-3	5.722165E-3
5.150000E-3	6.450117E-3
5.155000E-3	6.041586E-3
5.160000E-3	8.751869E-3
5.165000E-3	1.172537E-2
5.170000E-3	1.216269E-2
5.175000E-3	1.480031E-2
5.180000E-3	1.368302E-2
5.185000E-3	9.925365E-3
5.190000E-3	1.158553E-2
5.195000E-3	1.213115E-2
5.200000E-3	9.630620E-3
5.205000E-3	1.113725E-2
5.210000E-3	1.305103E-2
5.215000E-3	9.791017E-3
5.220000E-3	6.200612E-3
5.225000E-3	4.847527E-3
5.230000E-3	2.092004E-3
5.235000E-3	5.003810E-4
5.240000E-3	8.664131E-4
5.245000E-3	1.274943E-3
5.250000E-3	3.491700E-3
5.255000E-3	9.716988E-3
5.260000E-3	1.338005E-2
5.265000E-3	1.346368E-2
5.270000E-3	1.412582E-2
5.275000E-3	1.123458E-2
5.280000E-3	6.207466E-3
5.285000E-3	6.414473E-3
5.290000E-3	7.152021E-3
5.295000E-3	7.309675E-3
5.300000E-3	1.238614E-2
5.305000E-3	1.566398E-2
5.310000E-3	1.497853E-2
5.315000E-3	1.393116E-2
5.320000E-3	1.229429E-2
5.325000E-3	8.550346E-3
5.330000E-3	4.230618E-3
5.335000E-3	3.022850E-3
5.340000E-3	1.990557E-3
5.345000E-3	2.497792E-3
5.350000E-3	6.151259E-3
5.355000E-3	7.535875E-3
5.360000E-3	6.569386E-3
5.365000E-3	7.046461E-3
5.370000E-3	5.091548E-3
5.375000E-3	2.272964E-3
5.380000E-3	4.932523E-3
5.385000E-3	8.339226E-3
5.390000E-3	1.036268E-2
5.395000E-3	1.576954E-2
5.400000E-3	1.783413E-2
5.405000E-3	1.521158E-2
5.410000E-3	1.552552E-2
5.415000E-3	1.332933E-2
5.420000E-3	1.077121E-2
5.425000E-3	1.344585E-2
5.430000E-3	1.349109E-2
5.435000E-3	1.033252E-2
5.440000E-3	1.056284E-2
5.445000E-3	9.616911E-3
5.450000E-3	6.898403E-3
5.455000E-3	8.208990E-3
5.460000E-3	8.839607E-3
5.465000E-3	7.323384E-3
5.470000E-3	7.821023E-3
5.475000E-3	9.355068E-3
5.480000E-3	8.631229E-3
5.485000E-3	9.706020E-3
5.490000E-3	1.261783E-2
5.495000E-3	1.251638E-2
5.500000E-3	1.189536E-2
5.505000E-3	1.171577E-2
5.510000E-3	8.849204E-3
5.515000E-3	5.838692E-3
5.520000E-3	3.608227E-3
5.525000E-3	7.594824E-4
5.530000E-3	-3.207922E-4
5.535000E-3	1.765728E-3
5.540000E-3	2.697945E-3
5.545000E-3	5.522013E-3
5.550000E-3	8.487284E-3
5.555000E-3	1.017076E-2
5.560000E-3	1.182270E-2
5.565000E-3	1.327723E-2
5.570000E-3	1.415461E-2
5.575000E-3	1.381737E-2
5.580000E-3	1.458097E-2
5.585000E-3	1.589292E-2
5.590000E-3	1.590937E-2
5.595000E-3	1.435339E-2
5.600000E-3	1.352811E-2
5.605000E-3	1.083016E-2
5.610000E-3	8.195281E-3
5.615000E-3	7.223308E-3
5.620000E-3	5.978525E-3
5.625000E-3	5.482256E-3
5.630000E-3	5.844176E-3
5.635000E-3	4.606247E-3
5.640000E-3	3.361464E-3
5.645000E-3	2.725363E-3
5.650000E-3	1.693070E-3
5.655000E-3	2.830923E-3
5.660000E-3	6.942272E-3
5.665000E-3	1.060122E-2
5.670000E-3	1.286185E-2
5.675000E-3	1.501280E-2
5.680000E-3	1.524448E-2
5.685000E-3	1.419711E-2
5.690000E-3	1.329231E-2
5.695000E-3	1.231211E-2
5.700000E-3	1.205713E-2
5.705000E-3	1.213253E-2
5.710000E-3	1.112628E-2
5.715000E-3	9.058952E-3
5.720000E-3	6.768167E-3
5.725000E-3	4.851639E-3
5.730000E-3	3.797412E-3
5.735000E-3	4.259408E-3
5.740000E-3	6.206095E-3
5.745000E-3	8.687437E-3
5.750000E-3	1.096588E-2
5.755000E-3	1.175004E-2
5.760000E-3	1.130724E-2
5.765000E-3	1.060945E-2
5.770000E-3	9.882867E-3
5.775000E-3	9.749889E-3
5.780000E-3	9.039760E-3
5.785000E-3	8.048594E-3
5.790000E-3	6.481647E-3
5.795000E-3	4.730999E-3
5.800000E-3	2.717137E-3
5.805000E-3	3.139377E-4
5.810000E-3	-1.832902E-3
5.815000E-3	-1.753390E-3
5.820000E-3	1.043260E-3
5.825000E-3	4.133284E-3
5.830000E-3	7.313788E-3
5.835000E-3	1.138812E-2
5.840000E-3	1.360488E-2
5.845000E-3	1.488119E-2
5.850000E-3	1.593953E-2
5.855000E-3	1.586413E-2
5.860000E-3	1.554060E-2
5.865000E-3	1.651120E-2
5.870000E-3	1.605606E-2
5.875000E-3	1.516086E-2
5.880000E-3	1.413679E-2
5.885000E-3	1.172948E-2
5.890000E-3	9.143949E-3
5.895000E-3	6.880581E-3
5.900000E-3	4.385531E-3
5.905000E-3	3.292918E-3
5.910000E-3	4.375935E-3
5.915000E-3	5.705714E-3
5.920000E-3	6.476164E-3
5.925000E-3	8.299470E-3
5.930000E-3	9.548366E-3
5.935000E-3	1.033115E-2
5.940000E-3	1.193237E-2
5.945000E-3	1.296192E-2
5.950000E-3	1.263976E-2
5.955000E-3	1.218462E-2
5.960000E-3	1.133603E-2
5.965000E-3	9.915769E-3
5.970000E-3	8.816302E-3
5.975000E-3	8.283019E-3
5.980000E-3	8.318663E-3
5.985000E-3	8.531153E-3
5.990000E-3	9.093225E-3
5.995000E-3	8.957505E-3
6.000000E-3	8.392692E-3
6.005000E-3	8.325517E-3
6.010000E-3	7.781267E-3
6.015000E-3	6.559789E-3
6.020000E-3	5.875707E-3
6.025000E-3	5.672812E-3
6.030000E-3	6.469309E-3
6.035000E-3	8.709371E-3
6.040000E-3	1.117015E-2
6.045000E-3	1.211882E-2
6.050000E-3	1.185834E-2
6.055000E-3	1.069307E-2
6.060000E-3	8.551717E-3
6.065000E-3	6.803811E-3
6.070000E-3	5.890787E-3
6.075000E-3	5.424678E-3
6.080000E-3	6.074488E-3
6.085000E-3	7.719576E-3
6.090000E-3	8.973956E-3
6.095000E-3	9.778678E-3
6.100000E-3	1.080823E-2
6.105000E-3	1.079315E-2
6.110000E-3	1.067114E-2
6.115000E-3	1.103169E-2
6.120000E-3	1.056558E-2
6.125000E-3	9.585381E-3
6.130000E-3	9.183705E-3
6.135000E-3	8.939683E-3
6.140000E-3	8.825898E-3
6.145000E-3	9.482563E-3
6.150000E-3	9.919882E-3
6.155000E-3	1.035583E-2
6.160000E-3	1.158553E-2
6.165000E-3	1.253009E-2
6.170000E-3	1.208180E-2
6.175000E-3	1.143062E-2
6.180000E-3	9.925365E-3
6.185000E-3	8.036256E-3
6.190000E-3	6.487131E-3
6.195000E-3	5.157351E-3
6.200000E-3	4.404724E-3
6.205000E-3	4.891396E-3
6.210000E-3	6.211579E-3
6.215000E-3	7.361770E-3
6.220000E-3	8.808076E-3
6.225000E-3	1.064098E-2
6.230000E-3	1.155263E-2
6.235000E-3	1.171988E-2
6.240000E-3	1.097274E-2
6.245000E-3	9.141207E-3
6.250000E-3	7.367253E-3
6.255000E-3	6.115615E-3
6.260000E-3	5.358875E-3
6.265000E-3	5.401373E-3
6.270000E-3	6.366491E-3
6.275000E-3	7.226050E-3
6.280000E-3	7.596195E-3
6.285000E-3	7.518053E-3
6.290000E-3	6.917596E-3
6.295000E-3	6.410360E-3
6.300000E-3	7.094443E-3
6.305000E-3	8.425593E-3
6.310000E-3	1.052856E-2
6.315000E-3	1.297837E-2
6.320000E-3	1.453710E-2
6.325000E-3	1.505530E-2
6.330000E-3	1.510602E-2
6.335000E-3	1.433969E-2
6.340000E-3	1.275903E-2
6.345000E-3	1.163214E-2
6.350000E-3	1.065880E-2
6.355000E-3	9.907544E-3
6.360000E-3	9.250879E-3
6.365000E-3	8.263826E-3
6.370000E-3	7.312417E-3
6.375000E-3	7.105410E-3
6.380000E-3	6.818891E-3
6.385000E-3	6.663978E-3
6.390000E-3	7.083476E-3
6.395000E-3	7.759333E-3
6.400000E-3	8.111656E-3
6.405000E-3	8.851945E-3
6.410000E-3	9.608686E-3
6.415000E-3	1.032978E-2
6.420000E-3	1.091927E-2
6.425000E-3	1.147860E-2
6.430000E-3	1.195568E-2
6.435000E-3	1.204890E-2
6.440000E-3	1.141554E-2
6.445000E-3	9.407163E-3
6.450000E-3	6.766796E-3
6.455000E-3	4.437625E-3
6.460000E-3	3.003657E-3
6.465000E-3	2.540290E-3
6.470000E-3	3.047526E-3
6.475000E-3	3.854990E-3
6.480000E-3	4.846156E-3
6.485000E-3	5.905867E-3
6.490000E-3	6.733894E-3
6.495000E-3	7.116377E-3
6.500000E-3	7.619500E-3
6.505000E-3	8.446157E-3
6.510000E-3	9.795129E-3
6.515000E-3	1.104403E-2
6.520000E-3	1.239711E-2
6.525000E-3	1.335537E-2
6.530000E-3	1.341981E-2
6.535000E-3	1.251227E-2
6.540000E-3	1.115644E-2
6.545000E-3	9.715617E-3
6.550000E-3	9.039760E-3
6.555000E-3	8.823156E-3
6.560000E-3	8.979440E-3
6.565000E-3	8.969843E-3
6.570000E-3	9.403050E-3
6.575000E-3	9.876013E-3
6.580000E-3	9.878755E-3
6.585000E-3	9.621024E-3
6.590000E-3	8.690178E-3
6.595000E-3	8.107543E-3
6.600000E-3	7.840216E-3
6.605000E-3	8.081496E-3
6.610000E-3	8.709371E-3
6.615000E-3	9.791017E-3
6.620000E-3	1.086855E-2
6.625000E-3	1.071912E-2
6.630000E-3	9.660780E-3
6.635000E-3	8.581877E-3
6.640000E-3	7.423460E-3
6.645000E-3	6.973803E-3
6.650000E-3	7.086217E-3
6.655000E-3	7.189035E-3
6.660000E-3	7.305562E-3
6.665000E-3	7.889569E-3
6.670000E-3	8.735418E-3
6.675000E-3	9.165883E-3
6.680000E-3	9.684086E-3
6.685000E-3	9.586751E-3
6.690000E-3	9.124756E-3
6.695000E-3	8.572280E-3
6.700000E-3	8.141816E-3
6.705000E-3	7.960856E-3
6.710000E-3	8.618891E-3
6.715000E-3	9.426355E-3
6.720000E-3	1.022422E-2
6.725000E-3	1.058614E-2
6.730000E-3	1.073968E-2
6.735000E-3	1.036680E-2
6.740000E-3	1.037914E-2
6.745000E-3	1.038325E-2
6.750000E-3	9.497643E-3
6.755000E-3	8.579135E-3
6.760000E-3	8.378983E-3
6.765000E-3	8.551717E-3
6.770000E-3	9.276927E-3
6.775000E-3	1.000214E-2
6.780000E-3	1.045042E-2
6.785000E-3	1.069856E-2
6.790000E-3	1.114684E-2
6.795000E-3	1.154578E-2
6.800000E-3	1.153481E-2
6.805000E-3	1.162255E-2
6.810000E-3	1.190495E-2
6.815000E-3	1.182544E-2
6.820000E-3	1.096177E-2
6.825000E-3	9.131610E-3
6.830000E-3	6.758571E-3
6.835000E-3	4.928410E-3
6.840000E-3	3.556132E-3
6.845000E-3	2.867937E-3
6.850000E-3	2.884388E-3
6.855000E-3	4.029095E-3
6.860000E-3	5.778372E-3
6.865000E-3	7.579744E-3
6.870000E-3	8.901298E-3
6.875000E-3	9.457886E-3
6.880000E-3	9.444177E-3
6.885000E-3	9.274185E-3
6.890000E-3	9.292006E-3
6.895000E-3	9.585381E-3
6.900000E-3	1.034349E-2
6.905000E-3	1.159376E-2
6.910000E-3	1.297700E-2
6.915000E-3	1.412857E-2
6.920000E-3	1.501966E-2
6.925000E-3	1.489902E-2
6.930000E-3	1.374608E-2
6.935000E-3	1.164037E-2
6.940000E-3	8.599699E-3
6.945000E-3	5.190253E-3
6.950000E-3	2.259254E-3
6.955000E-3	1.823306E-4
6.960000E-3	-7.197261E-4
6.965000E-3	-3.564358E-4
6.970000E-3	7.334352E-4
6.975000E-3	2.314091E-3
6.980000E-3	3.897488E-3
6.985000E-3	5.389035E-3
6.990000E-3	7.212341E-3
6.995000E-3	9.516835E-3
7.000000E-3	1.192141E-2
7.005000E-3	1.414639E-2
7.010000E-3	1.598889E-2
7.015000E-3	1.690054E-2
7.020000E-3	1.681143E-2
7.025000E-3	1.553923E-2
7.030000E-3	1.366794E-2
7.035000E-3	1.102757E-2
7.040000E-3	8.802593E-3
7.045000E-3	7.242501E-3
7.050000E-3	6.203353E-3
7.055000E-3	6.170452E-3
7.060000E-3	6.603658E-3
7.065000E-3	7.182181E-3
7.070000E-3	8.414626E-3
7.075000E-3	9.551108E-3
7.080000E-3	1.065880E-2
7.085000E-3	1.133740E-2
7.090000E-3	1.114684E-2
7.095000E-3	1.038051E-2
7.100000E-3	9.355068E-3
7.105000E-3	8.384466E-3
7.110000E-3	7.549584E-3
7.115000E-3	6.825745E-3
7.120000E-3	6.584466E-3
7.125000E-3	6.444633E-3
7.130000E-3	6.620109E-3
7.135000E-3	7.520795E-3
7.140000E-3	8.320034E-3
7.145000E-3	9.518206E-3
7.150000E-3	1.035309E-2
7.155000E-3	1.038736E-2
7.160000E-3	1.003641E-2
7.165000E-3	1.021600E-2
7.170000E-3	1.069170E-2
7.175000E-3	1.147175E-2
7.180000E-3	1.249307E-2
7.185000E-3	1.342940E-2
7.190000E-3	1.355278E-2
7.195000E-3	1.314151E-2
7.200000E-3	1.192278E-2
7.205000E-3	1.022285E-2
7.210000E-3	8.243263E-3
7.215000E-3	6.509066E-3
7.220000E-3	5.142272E-3
7.225000E-3	4.003048E-3
7.230000E-3	3.541052E-3
7.235000E-3	4.086673E-3
7.240000E-3	5.465806E-3
7.245000E-3	7.067025E-3
7.250000E-3	8.377612E-3
7.255000E-3	8.987665E-3
7.260000E-3	9.438694E-3
7.265000E-3	9.729326E-3
7.270000E-3	9.647071E-3
7.275000E-3	9.523690E-3
7.280000E-3	9.553850E-3
7.285000E-3	1.009262E-2
7.290000E-3	1.076299E-2
7.295000E-3	1.135248E-2
7.300000E-3	1.169795E-2
7.305000E-3	1.138812E-2
7.310000E-3	1.072323E-2
7.315000E-3	9.791017E-3
7.320000E-3	9.043872E-3
7.325000E-3	8.702517E-3
7.330000E-3	8.877993E-3
7.335000E-3	9.194672E-3
7.340000E-3	9.578526E-3
7.345000E-3	9.732068E-3
7.350000E-3	9.496272E-3
7.355000E-3	9.279668E-3
7.360000E-3	8.873880E-3
7.365000E-3	8.155525E-3
7.370000E-3	7.456362E-3
7.375000E-3	7.194519E-3
7.380000E-3	6.923079E-3
7.385000E-3	6.477535E-3
7.390000E-3	5.596042E-3
7.395000E-3	5.075097E-3
7.400000E-3	5.036712E-3
7.405000E-3	5.257428E-3
7.410000E-3	6.387055E-3
7.415000E-3	7.694900E-3
7.420000E-3	9.085000E-3
7.425000E-3	1.025438E-2
7.430000E-3	1.096040E-2
7.435000E-3	1.083428E-2
7.440000E-3	1.030785E-2
7.445000E-3	9.501755E-3
7.450000E-3	8.825898E-3
7.455000E-3	8.277535E-3
7.460000E-3	8.627117E-3
7.465000E-3	9.069920E-3
7.470000E-3	9.233057E-3
7.475000E-3	9.806097E-3
7.480000E-3	1.028043E-2
7.485000E-3	1.029414E-2
7.490000E-3	1.063001E-2
7.495000E-3	1.133740E-2
7.500000E-3	1.155263E-2
7.505000E-3	1.158965E-2
7.510000E-3	1.165134E-2
7.515000E-3	1.152521E-2
7.520000E-3	1.123458E-2
7.525000E-3	1.102072E-2
7.530000E-3	1.059437E-2
7.535000E-3	9.803355E-3
7.540000E-3	8.968472E-3
7.545000E-3	8.060932E-3
7.550000E-3	6.905258E-3
7.555000E-3	5.970299E-3
7.560000E-3	5.416453E-3
7.565000E-3	4.656971E-3
7.570000E-3	4.119575E-3
7.575000E-3	4.245698E-3
7.580000E-3	4.650116E-3
7.585000E-3	5.332828E-3
7.590000E-3	6.130695E-3
7.595000E-3	7.064283E-3
7.600000E-3	7.838845E-3
7.605000E-3	9.072661E-3
7.610000E-3	1.040381E-2
7.615000E-3	1.138949E-2
7.620000E-3	1.218873E-2
7.625000E-3	1.260000E-2
7.630000E-3	1.259041E-2
7.635000E-3	1.246566E-2
7.640000E-3	1.200092E-2
7.645000E-3	1.143473E-2
7.650000E-3	1.099056E-2
7.655000E-3	1.082194E-2
7.660000E-3	1.067388E-2
7.665000E-3	1.066428E-2
7.670000E-3	1.002681E-2
7.675000E-3	8.798480E-3
7.680000E-3	7.856667E-3
7.685000E-3	7.338464E-3
7.690000E-3	7.035494E-3
7.695000E-3	6.869614E-3
7.700000E-3	7.028639E-3
7.705000E-3	7.080734E-3
7.710000E-3	7.161617E-3
7.715000E-3	7.539988E-3
7.720000E-3	8.048594E-3
7.725000E-3	8.533895E-3
7.730000E-3	9.559333E-3
7.735000E-3	1.035172E-2
7.740000E-3	1.096177E-2
7.745000E-3	1.126063E-2
7.750000E-3	1.118386E-2
7.755000E-3	1.096177E-2
7.760000E-3	1.074654E-2
7.765000E-3	1.082468E-2
7.770000E-3	1.083976E-2
7.775000E-3	1.070541E-2
7.780000E-3	1.054364E-2
7.785000E-3	1.041889E-2
7.790000E-3	9.651184E-3
7.795000E-3	8.454382E-3
7.800000E-3	7.175326E-3
7.805000E-3	6.077230E-3
7.810000E-3	5.179286E-3
7.815000E-3	4.835188E-3
7.820000E-3	4.628181E-3
7.825000E-3	5.027115E-3
7.830000E-3	5.982637E-3
7.835000E-3	7.471442E-3
7.840000E-3	9.124756E-3
7.845000E-3	1.087129E-2
7.850000E-3	1.193649E-2
7.855000E-3	1.222986E-2
7.860000E-3	1.212156E-2
7.865000E-3	1.157457E-2
7.870000E-3	1.113039E-2
7.875000E-3	1.079452E-2
7.880000E-3	1.036131E-2
7.885000E-3	1.011866E-2
7.890000E-3	9.737551E-3
7.895000E-3	9.124756E-3
7.900000E-3	8.214474E-3
7.905000E-3	7.077992E-3
7.910000E-3	6.123841E-3
7.915000E-3	5.460322E-3
7.920000E-3	5.585074E-3
7.925000E-3	6.288350E-3
7.930000E-3	7.297337E-3
7.935000E-3	8.158267E-3
7.940000E-3	8.995891E-3
7.945000E-3	9.222090E-3
7.950000E-3	9.142578E-3
7.955000E-3	8.771062E-3
7.960000E-3	8.226812E-3
7.965000E-3	8.040369E-3
7.970000E-3	8.207619E-3
7.975000E-3	8.891702E-3
7.980000E-3	9.814322E-3
7.985000E-3	1.055461E-2
7.990000E-3	1.105499E-2
7.995000E-3	1.118112E-2
8.000000E-3	1.115781E-2
8.005000E-3	1.086032E-2
8.010000E-3	1.012141E-2
8.015000E-3	9.603202E-3
8.020000E-3	9.046614E-3
8.025000E-3	8.605182E-3
8.030000E-3	8.913636E-3
8.035000E-3	9.571671E-3
8.040000E-3	9.971976E-3
8.045000E-3	1.001173E-2
8.050000E-3	9.619653E-3
8.055000E-3	9.202898E-3
8.060000E-3	8.285761E-3
8.065000E-3	7.579744E-3
8.070000E-3	7.283628E-3
8.075000E-3	7.372737E-3
8.080000E-3	7.720947E-3
8.085000E-3	8.077383E-3
8.090000E-3	8.553088E-3
8.095000E-3	8.909523E-3
8.100000E-3	9.174109E-3
8.105000E-3	9.378374E-3
8.110000E-3	9.803355E-3
8.115000E-3	1.024342E-2
8.120000E-3	1.045454E-2
8.125000E-3	1.069307E-2
8.130000E-3	1.079178E-2
8.135000E-3	1.061082E-2
8.140000E-3	1.037228E-2
8.145000E-3	9.799242E-3
8.150000E-3	9.116530E-3
8.155000E-3	8.516073E-3
8.160000E-3	8.476317E-3
8.165000E-3	8.782029E-3
8.170000E-3	9.137094E-3
8.175000E-3	9.319425E-3
8.180000E-3	9.335876E-3
8.185000E-3	8.965731E-3
8.190000E-3	8.176088E-3
8.195000E-3	7.127345E-3
8.200000E-3	6.642044E-3
8.205000E-3	6.650269E-3
8.210000E-3	7.415235E-3
8.215000E-3	8.351564E-3
8.220000E-3	9.396195E-3
8.225000E-3	9.886980E-3
8.230000E-3	1.011729E-2
8.235000E-3	9.704649E-3
8.240000E-3	8.871138E-3
8.245000E-3	8.633971E-3
8.250000E-3	8.776546E-3
8.255000E-3	8.927345E-3
8.260000E-3	9.217978E-3
8.265000E-3	9.319425E-3
8.270000E-3	9.253621E-3
8.275000E-3	8.755982E-3
8.280000E-3	7.882714E-3
8.285000E-3	6.769538E-3
8.290000E-3	5.535722E-3
8.295000E-3	4.979134E-3
8.300000E-3	5.235493E-3
8.305000E-3	5.953848E-3
8.310000E-3	7.093072E-3
8.315000E-3	8.649051E-3
8.320000E-3	9.939075E-3
8.325000E-3	1.091379E-2
8.330000E-3	1.148683E-2
8.335000E-3	1.142377E-2
8.340000E-3	1.097959E-2
8.345000E-3	1.042986E-2
8.350000E-3	9.845853E-3
8.355000E-3	9.334505E-3
8.360000E-3	9.333134E-3
8.365000E-3	9.344101E-3
8.370000E-3	9.363294E-3
8.375000E-3	9.108305E-3
8.380000E-3	8.738160E-3
8.385000E-3	8.104801E-3
8.390000E-3	7.768929E-3
8.395000E-3	7.753849E-3
8.400000E-3	8.435190E-3
8.405000E-3	9.202898E-3
8.410000E-3	9.876013E-3
8.415000E-3	1.027220E-2
8.420000E-3	1.001447E-2
8.425000E-3	9.553850E-3
8.430000E-3	8.665502E-3
8.435000E-3	7.878602E-3
8.440000E-3	7.645547E-3
8.445000E-3	7.367253E-3
8.450000E-3	7.904649E-3
8.455000E-3	8.373499E-3
8.460000E-3	8.809447E-3
8.465000E-3	9.141207E-3
8.470000E-3	9.337246E-3
8.475000E-3	9.404421E-3
8.480000E-3	9.316683E-3
8.485000E-3	9.345472E-3
8.490000E-3	9.719729E-3
8.495000E-3	1.076162E-2
8.500000E-3	1.178432E-2
8.505000E-3	1.266032E-2
8.510000E-3	1.306337E-2
8.515000E-3	1.295781E-2
8.520000E-3	1.222301E-2
8.525000E-3	1.067251E-2
8.530000E-3	9.283781E-3
8.535000E-3	8.069158E-3
8.540000E-3	7.210970E-3
8.545000E-3	6.862760E-3
8.550000E-3	6.713331E-3
8.555000E-3	6.747603E-3
8.560000E-3	6.816149E-3
8.565000E-3	6.836712E-3
8.570000E-3	6.849051E-3
8.575000E-3	7.139683E-3
8.580000E-3	7.679820E-3
8.585000E-3	8.400917E-3
8.590000E-3	9.253621E-3
8.595000E-3	9.998024E-3
8.600000E-3	1.088774E-2
8.605000E-3	1.145530E-2
8.610000E-3	1.204205E-2
8.615000E-3	1.225865E-2
8.620000E-3	1.210237E-2
8.625000E-3	1.144981E-2
8.630000E-3	1.071090E-2
8.635000E-3	9.730697E-3
8.640000E-3	8.910894E-3
8.645000E-3	8.225441E-3
8.650000E-3	7.675707E-3
8.655000E-3	7.223308E-3
8.660000E-3	6.408989E-3
8.665000E-3	6.056666E-3
8.670000E-3	5.959332E-3
8.675000E-3	6.223917E-3
8.680000E-3	6.812036E-3
8.685000E-3	7.856667E-3
8.690000E-3	9.201527E-3
8.695000E-3	1.054502E-2
8.700000E-3	1.167601E-2
8.705000E-3	1.197624E-2
8.710000E-3	1.163900E-2
8.715000E-3	1.081508E-2
8.720000E-3	9.981573E-3
8.725000E-3	8.934200E-3
8.730000E-3	8.206248E-3
8.735000E-3	7.789493E-3
8.740000E-3	7.464588E-3
8.745000E-3	7.150650E-3
8.750000E-3	6.746233E-3
8.755000E-3	6.325364E-3
8.760000E-3	5.877078E-3
8.765000E-3	6.073117E-3
8.770000E-3	6.487131E-3
8.775000E-3	6.779134E-3
8.780000E-3	7.494748E-3
8.785000E-3	8.446157E-3
8.790000E-3	9.371519E-3
8.795000E-3	1.016939E-2
8.800000E-3	1.105225E-2
8.805000E-3	1.177198E-2
8.810000E-3	1.191866E-2
8.815000E-3	1.181722E-2
8.820000E-3	1.141280E-2
8.825000E-3	1.051623E-2
8.830000E-3	9.766340E-3
8.835000E-3	9.100080E-3
8.840000E-3	8.587360E-3
8.845000E-3	8.668244E-3
8.850000E-3	8.536637E-3
8.855000E-3	8.573651E-3
8.860000E-3	8.492768E-3
8.865000E-3	8.646309E-3
8.870000E-3	8.835495E-3
8.875000E-3	8.716226E-3
8.880000E-3	8.499622E-3
8.885000E-3	8.339226E-3
8.890000E-3	8.026659E-3
8.895000E-3	7.940292E-3
8.900000E-3	7.897794E-3
8.905000E-3	8.051336E-3
8.910000E-3	8.318663E-3
8.915000E-3	8.771062E-3
8.920000E-3	9.520948E-3
8.925000E-3	1.002270E-2
8.930000E-3	1.020640E-2
8.935000E-3	9.826660E-3
8.940000E-3	9.142578E-3
8.945000E-3	8.255601E-3
8.950000E-3	7.637322E-3
8.955000E-3	7.167101E-3
8.960000E-3	7.194519E-3
8.965000E-3	7.444024E-3
8.970000E-3	7.967710E-3
8.975000E-3	8.808076E-3
8.980000E-3	9.615541E-3
8.985000E-3	1.017213E-2
8.990000E-3	1.049155E-2
8.995000E-3	1.057380E-2
9.000000E-3	1.031196E-2
9.005000E-3	9.952784E-3
9.010000E-3	9.379745E-3
9.015000E-3	8.838236E-3
9.020000E-3	8.495510E-3
9.025000E-3	8.444786E-3
9.030000E-3	8.436561E-3
9.035000E-3	8.568168E-3
9.040000E-3	8.824527E-3
9.045000E-3	9.090483E-3
9.050000E-3	9.278297E-3
9.055000E-3	9.873271E-3
9.060000E-3	1.044768E-2
9.065000E-3	1.096177E-2
9.070000E-3	1.143885E-2
9.075000E-3	1.162940E-2
9.080000E-3	1.151013E-2
9.085000E-3	1.133192E-2
9.090000E-3	1.088226E-2
9.095000E-3	1.026535E-2
9.100000E-3	9.653926E-3
9.105000E-3	8.945167E-3
9.110000E-3	8.644938E-3
9.115000E-3	7.927954E-3
9.120000E-3	7.513940E-3
9.125000E-3	7.352173E-3
9.130000E-3	7.182181E-3
9.135000E-3	7.001221E-3
9.140000E-3	6.751716E-3
9.145000E-3	6.525517E-3
9.150000E-3	6.285608E-3
9.155000E-3	6.125212E-3
9.160000E-3	6.073117E-3
9.165000E-3	6.421328E-3
9.170000E-3	7.258952E-3
9.175000E-3	7.903278E-3
9.180000E-3	8.893073E-3
9.185000E-3	9.895205E-3
9.190000E-3	1.082331E-2
9.195000E-3	1.140457E-2
9.200000E-3	1.202971E-2
9.205000E-3	1.257122E-2
9.210000E-3	1.291943E-2
9.215000E-3	1.293862E-2
9.220000E-3	1.264113E-2
9.225000E-3	1.200640E-2
9.230000E-3	1.143610E-2
9.235000E-3	1.074380E-2
9.240000E-3	1.018584E-2
9.245000E-3	9.434581E-3
9.250000E-3	9.021938E-3
9.255000E-3	8.684695E-3
9.260000E-3	8.262455E-3
9.265000E-3	7.848442E-3
9.270000E-3	7.550955E-3
9.275000E-3	7.363141E-3
9.280000E-3	7.486522E-3
9.285000E-3	7.751107E-3
9.290000E-3	8.114398E-3
9.295000E-3	8.296728E-3
9.300000E-3	8.102059E-3
9.305000E-3	8.000612E-3
9.310000E-3	7.618129E-3
9.315000E-3	7.016301E-3
9.320000E-3	6.614625E-3
9.325000E-3	6.510437E-3
9.330000E-3	6.817520E-3
9.335000E-3	7.348061E-3
9.340000E-3	8.188426E-3
9.345000E-3	8.879364E-3
9.350000E-3	9.641588E-3
9.355000E-3	1.002407E-2
9.360000E-3	1.011729E-2
9.365000E-3	1.012278E-2
9.370000E-3	9.789646E-3
9.375000E-3	9.460628E-3
9.380000E-3	8.880734E-3
9.385000E-3	8.539379E-3
9.390000E-3	8.278906E-3
9.395000E-3	8.229554E-3
9.400000E-3	8.561313E-3
9.405000E-3	9.138465E-3
9.410000E-3	9.659410E-3
9.415000E-3	1.010770E-2
9.420000E-3	1.034623E-2
9.425000E-3	1.046824E-2
9.430000E-3	1.035994E-2
9.435000E-3	1.010084E-2
9.440000E-3	9.701908E-3
9.445000E-3	9.265959E-3
9.450000E-3	8.969843E-3
9.455000E-3	8.576393E-3
9.460000E-3	8.351564E-3
9.465000E-3	8.161008E-3
9.470000E-3	8.139074E-3
9.475000E-3	8.147299E-3
9.480000E-3	8.254230E-3
9.485000E-3	8.217216E-3
9.490000E-3	8.293986E-3
9.495000E-3	8.263826E-3
9.500000E-3	8.355677E-3
9.505000E-3	8.439302E-3
9.510000E-3	8.405030E-3
9.515000E-3	8.505106E-3
9.520000E-3	8.813560E-3
9.525000E-3	9.049356E-3
9.530000E-3	9.290636E-3
9.535000E-3	9.409904E-3
9.540000E-3	9.350955E-3
9.545000E-3	9.117901E-3
9.550000E-3	8.794367E-3
9.555000E-3	8.904040E-3
9.560000E-3	9.049356E-3
9.565000E-3	9.387970E-3
9.570000E-3	9.947300E-3
9.575000E-3	1.040107E-2
9.580000E-3	1.058614E-2
9.585000E-3	1.046413E-2
9.590000E-3	1.002544E-2
9.595000E-3	9.377003E-3
9.600000E-3	8.838236E-3
9.605000E-3	8.141816E-3
9.610000E-3	7.390559E-3
9.615000E-3	6.888807E-3
9.620000E-3	6.913483E-3
9.625000E-3	6.972432E-3
9.630000E-3	7.072508E-3
9.635000E-3	7.345319E-3
9.640000E-3	7.446766E-3
9.645000E-3	7.601678E-3
9.650000E-3	7.847071E-3
9.655000E-3	8.261085E-3
9.660000E-3	8.958876E-3
9.665000E-3	9.815693E-3
9.670000E-3	1.061630E-2
9.675000E-3	1.134425E-2
9.680000E-3	1.205713E-2
9.685000E-3	1.275218E-2
9.690000E-3	1.280290E-2
9.695000E-3	1.244098E-2
9.700000E-3	1.200092E-2
9.705000E-3	1.124966E-2
9.710000E-3	1.068348E-2
9.715000E-3	1.020777E-2
9.720000E-3	9.745777E-3
9.725000E-3	9.337246E-3
9.730000E-3	9.278297E-3
9.735000E-3	9.261847E-3
9.740000E-3	9.160399E-3
9.745000E-3	9.186447E-3
9.750000E-3	9.322166E-3
9.755000E-3	9.316683E-3
9.760000E-3	9.555221E-3
9.765000E-3	9.995282E-3
9.770000E-3	1.008713E-2
9.775000E-3	1.004463E-2
9.780000E-3	9.571671E-3
9.785000E-3	9.105563E-3
9.790000E-3	8.193910E-3
9.795000E-3	7.134199E-3
9.800000E-3	6.269157E-3
9.805000E-3	5.771518E-3
9.810000E-3	5.557656E-3
9.815000E-3	5.779743E-3
9.820000E-3	6.171823E-3
9.825000E-3	6.620109E-3
9.830000E-3	7.109523E-3
9.835000E-3	7.434428E-3
9.840000E-3	8.036256E-3
9.845000E-3	8.603811E-3
9.850000E-3	9.124756E-3
9.855000E-3	9.696424E-3
9.860000E-3	1.000625E-2
9.865000E-3	1.052582E-2
9.870000E-3	1.080686E-2
9.875000E-3	1.064372E-2
9.880000E-3	1.031607E-2
9.885000E-3	9.756744E-3
9.890000E-3	9.286523E-3
9.895000E-3	9.117901E-3
9.900000E-3	8.727193E-3
9.905000E-3	8.559942E-3
9.910000E-3	8.780658E-3
9.915000E-3	9.082258E-3
9.920000E-3	9.780049E-3
9.925000E-3	1.043397E-2
9.930000E-3	1.069719E-2
9.935000E-3	1.082605E-2
9.940000E-3	1.070541E-2
9.945000E-3	1.039970E-2
9.950000E-3	1.014608E-2
9.955000E-3	9.941816E-3
9.960000E-3	9.707391E-3
9.965000E-3	9.374261E-3
9.970000E-3	8.980811E-3
9.975000E-3	8.487284E-3
9.980000E-3	7.873118E-3
9.985000E-3	7.230163E-3
9.990000E-3	6.716073E-3
9.995000E-3	6.255448E-3
