0.000000E+0	1.192689E-2
5.000000E-6	1.196665E-2
1.000000E-5	1.197213E-2
1.500000E-5	1.198584E-2
2.000000E-5	1.199955E-2
2.500000E-5	1.213664E-2
3.000000E-5	1.214761E-2
3.500000E-5	1.207769E-2
4.000000E-5	1.199269E-2
4.500000E-5	1.178157E-2
5.000000E-5	1.189947E-2
5.500000E-5	1.200640E-2
6.000000E-5	1.193237E-2
6.500000E-5	1.186520E-2
7.000000E-5	1.192826E-2
7.500000E-5	1.203382E-2
8.000000E-5	1.177061E-2
8.500000E-5	1.178294E-2
9.000000E-5	1.190633E-2
9.500000E-5	1.189262E-2
1.000000E-4	1.192415E-2
1.050000E-4	1.202697E-2
1.100000E-4	1.192552E-2
1.150000E-4	1.188713E-2
1.200000E-4	1.192689E-2
1.250000E-4	1.194471E-2
1.300000E-4	1.193100E-2
1.350000E-4	1.195705E-2
1.400000E-4	1.205713E-2
1.450000E-4	1.193786E-2
1.500000E-4	1.185286E-2
1.550000E-4	1.201326E-2
1.600000E-4	1.193237E-2
1.650000E-4	1.192141E-2
1.700000E-4	1.209962E-2
1.750000E-4	1.200503E-2
1.800000E-4	1.196116E-2
1.850000E-4	1.181448E-2
1.900000E-4	1.185834E-2
1.950000E-4	1.184464E-2
2.000000E-4	1.195294E-2
2.050000E-4	1.197213E-2
2.100000E-4	1.188713E-2
2.150000E-4	1.190770E-2
2.200000E-4	1.193649E-2
2.250000E-4	1.180488E-2
2.300000E-4	1.174867E-2
2.350000E-4	1.181996E-2
2.400000E-4	1.178020E-2
2.450000E-4	1.180351E-2
2.500000E-4	1.189947E-2
2.550000E-4	1.205438E-2
2.600000E-4	1.203382E-2
2.650000E-4	1.197076E-2
2.700000E-4	1.198310E-2
2.750000E-4	1.186931E-2
2.800000E-4	1.184189E-2
2.850000E-4	1.192003E-2
2.900000E-4	1.193649E-2
2.950000E-4	1.191181E-2
3.000000E-4	1.185423E-2
3.050000E-4	1.181036E-2
3.100000E-4	1.197487E-2
3.150000E-4	1.195431E-2
3.200000E-4	1.173359E-2
3.250000E-4	1.204067E-2
3.300000E-4	1.195568E-2
3.350000E-4	1.197487E-2
3.400000E-4	1.207358E-2
3.450000E-4	1.212430E-2
3.500000E-4	1.214623E-2
3.550000E-4	1.202011E-2
3.600000E-4	1.196527E-2
3.650000E-4	1.186109E-2
3.700000E-4	1.192415E-2
3.750000E-4	1.197898E-2
3.800000E-4	1.208454E-2
3.850000E-4	1.195979E-2
3.900000E-4	1.203519E-2
3.950000E-4	1.185423E-2
4.000000E-4	1.180351E-2
4.050000E-4	1.191318E-2
4.100000E-4	1.211882E-2
4.150000E-4	1.197213E-2
4.200000E-4	1.198995E-2
4.250000E-4	1.206261E-2
4.300000E-4	1.206535E-2
4.350000E-4	1.208180E-2
4.400000E-4	1.211059E-2
4.450000E-4	1.202285E-2
4.500000E-4	1.203108E-2
4.550000E-4	1.204067E-2
4.600000E-4	1.195705E-2
4.650000E-4	1.182544E-2
4.700000E-4	1.183778E-2
4.750000E-4	1.188028E-2
4.800000E-4	1.210648E-2
4.850000E-4	1.198447E-2
4.900000E-4	1.203930E-2
4.950000E-4	1.197761E-2
5.000000E-4	1.189399E-2
5.050000E-4	1.195294E-2
5.100000E-4	1.197624E-2
5.150000E-4	1.193923E-2
5.200000E-4	1.197624E-2
5.250000E-4	1.206946E-2
5.300000E-4	1.211333E-2
5.350000E-4	1.203793E-2
5.400000E-4	1.186109E-2
5.450000E-4	1.190495E-2
5.500000E-4	1.190907E-2
5.550000E-4	1.175827E-2
5.600000E-4	1.186109E-2
5.650000E-4	1.198447E-2
5.700000E-4	1.174867E-2
5.750000E-4	1.187754E-2
5.800000E-4	1.191044E-2
5.850000E-4	1.203793E-2
5.900000E-4	1.205987E-2
5.950000E-4	1.196116E-2
6.000000E-4	1.190770E-2
6.050000E-4	1.198447E-2
6.100000E-4	1.200640E-2
6.150000E-4	1.204342E-2
6.200000E-4	1.180899E-2
6.250000E-4	1.189536E-2
6.300000E-4	1.209825E-2
6.350000E-4	1.190084E-2
6.400000E-4	1.184189E-2
6.450000E-4	1.168835E-2
6.500000E-4	1.186657E-2
6.550000E-4	1.188302E-2
6.600000E-4	1.172674E-2
6.650000E-4	1.170069E-2
6.700000E-4	1.195294E-2
6.750000E-4	1.203519E-2
6.800000E-4	1.188987E-2
6.850000E-4	1.197213E-2
6.900000E-4	1.214075E-2
6.950000E-4	1.206535E-2
7.000000E-4	1.195431E-2
7.050000E-4	1.186246E-2
7.100000E-4	1.185697E-2
7.150000E-4	1.187479E-2
7.200000E-4	1.201874E-2
7.250000E-4	1.207906E-2
7.300000E-4	1.211059E-2
7.350000E-4	1.187891E-2
7.400000E-4	1.199269E-2
7.450000E-4	1.188028E-2
7.500000E-4	1.176101E-2
7.550000E-4	1.191866E-2
7.600000E-4	1.178432E-2
7.650000E-4	1.182956E-2
7.700000E-4	1.180899E-2
7.750000E-4	1.195157E-2
7.800000E-4	1.195568E-2
7.850000E-4	1.204479E-2
7.900000E-4	1.188850E-2
7.950000E-4	1.201051E-2
8.000000E-4	1.212567E-2
8.050000E-4	1.200640E-2
8.100000E-4	1.200229E-2
8.150000E-4	1.188987E-2
8.200000E-4	1.190084E-2
8.250000E-4	1.189810E-2
8.300000E-4	1.196802E-2
8.350000E-4	1.197761E-2
8.400000E-4	1.200366E-2
8.450000E-4	1.196527E-2
8.500000E-4	1.197350E-2
8.550000E-4	1.207083E-2
8.600000E-4	1.199543E-2
8.650000E-4	1.220793E-2
8.700000E-4	1.211882E-2
8.750000E-4	1.213115E-2
8.800000E-4	1.203656E-2
8.850000E-4	1.198721E-2
8.900000E-4	1.198447E-2
8.950000E-4	1.185286E-2
9.000000E-4	1.178432E-2
9.050000E-4	1.189399E-2
9.100000E-4	1.177609E-2
9.150000E-4	1.168424E-2
9.200000E-4	1.196665E-2
9.250000E-4	1.202971E-2
9.300000E-4	1.205987E-2
9.350000E-4	1.192963E-2
9.400000E-4	1.195019E-2
9.450000E-4	1.184738E-2
9.500000E-4	1.186383E-2
9.550000E-4	1.182270E-2
9.600000E-4	1.180077E-2
9.650000E-4	1.185971E-2
9.700000E-4	1.194060E-2
9.750000E-4	1.215172E-2
9.800000E-4	1.197487E-2
9.850000E-4	1.189399E-2
9.900000E-4	1.197076E-2
9.950000E-4	1.200229E-2
1.000000E-3	1.195157E-2
1.005000E-3	1.190221E-2
1.010000E-3	1.194471E-2
1.015000E-3	1.200640E-2
1.020000E-3	1.224494E-2
1.025000E-3	1.218599E-2
1.030000E-3	1.226276E-2
1.035000E-3	1.205850E-2
1.040000E-3	1.203930E-2
1.045000E-3	1.198995E-2
1.050000E-3	1.210785E-2
1.055000E-3	1.199132E-2
1.060000E-3	1.188439E-2
1.065000E-3	1.187891E-2
1.070000E-3	1.196253E-2
1.075000E-3	1.186520E-2
1.080000E-3	1.192141E-2
1.085000E-3	1.194608E-2
1.090000E-3	1.205850E-2
1.095000E-3	1.188165E-2
1.100000E-3	1.187617E-2
1.105000E-3	1.181036E-2
1.110000E-3	1.191181E-2
1.115000E-3	1.204479E-2
1.120000E-3	1.205850E-2
1.125000E-3	1.212430E-2
1.130000E-3	1.209414E-2
1.135000E-3	1.201874E-2
1.140000E-3	1.199543E-2
1.145000E-3	1.180899E-2
1.150000E-3	1.180625E-2
1.155000E-3	1.179940E-2
1.160000E-3	1.180625E-2
1.165000E-3	1.192963E-2
1.170000E-3	1.212430E-2
1.175000E-3	1.212841E-2
1.180000E-3	1.201737E-2
1.185000E-3	1.193786E-2
1.190000E-3	1.183641E-2
1.195000E-3	1.181585E-2
1.200000E-3	1.190358E-2
1.205000E-3	1.199818E-2
1.210000E-3	1.207632E-2
1.215000E-3	1.215720E-2
1.220000E-3	1.192826E-2
1.225000E-3	1.195705E-2
1.230000E-3	1.194197E-2
1.235000E-3	1.198447E-2
1.240000E-3	1.204205E-2
1.245000E-3	1.202011E-2
1.250000E-3	1.206946E-2
1.255000E-3	1.197624E-2
1.260000E-3	1.210099E-2
1.265000E-3	1.219147E-2
1.270000E-3	1.218599E-2
1.275000E-3	1.206261E-2
1.280000E-3	1.203930E-2
1.285000E-3	1.194745E-2
1.290000E-3	1.193237E-2
1.295000E-3	1.196527E-2
1.300000E-3	1.187891E-2
1.305000E-3	1.200640E-2
1.310000E-3	1.199955E-2
1.315000E-3	1.189673E-2
1.320000E-3	1.174045E-2
1.325000E-3	1.188165E-2
1.330000E-3	1.198173E-2
1.335000E-3	1.202422E-2
1.340000E-3	1.200640E-2
1.345000E-3	1.197350E-2
1.350000E-3	1.186520E-2
1.355000E-3	1.193374E-2
1.360000E-3	1.209003E-2
1.365000E-3	1.214075E-2
1.370000E-3	1.201051E-2
1.375000E-3	1.187479E-2
1.380000E-3	1.187342E-2
1.385000E-3	1.186246E-2
1.390000E-3	1.197213E-2
1.395000E-3	1.202697E-2
1.400000E-3	1.192963E-2
1.405000E-3	1.197761E-2
1.410000E-3	1.193511E-2
1.415000E-3	1.184738E-2
1.420000E-3	1.184738E-2
1.425000E-3	1.190770E-2
1.430000E-3	1.205027E-2
1.435000E-3	1.216817E-2
1.440000E-3	1.218188E-2
1.445000E-3	1.210374E-2
1.450000E-3	1.188713E-2
1.455000E-3	1.172537E-2
1.460000E-3	1.179391E-2
1.465000E-3	1.177061E-2
1.470000E-3	1.191044E-2
1.475000E-3	1.186246E-2
1.480000E-3	1.206398E-2
1.485000E-3	1.196116E-2
1.490000E-3	1.203930E-2
1.495000E-3	1.187342E-2
1.500000E-3	1.186520E-2
1.505000E-3	1.186520E-2
1.510000E-3	1.186383E-2
1.515000E-3	1.200914E-2
1.520000E-3	1.201463E-2
1.525000E-3	1.190770E-2
1.530000E-3	1.207358E-2
1.535000E-3	1.207632E-2
1.540000E-3	1.207906E-2
1.545000E-3	1.180488E-2
1.550000E-3	1.177472E-2
1.555000E-3	1.175553E-2
1.560000E-3	1.181859E-2
1.565000E-3	1.181996E-2
1.570000E-3	1.185286E-2
1.575000E-3	1.177609E-2
1.580000E-3	1.194197E-2
1.585000E-3	1.187479E-2
1.590000E-3	1.201189E-2
1.595000E-3	1.204753E-2
1.600000E-3	1.209140E-2
1.605000E-3	1.186520E-2
1.610000E-3	1.175964E-2
1.615000E-3	1.182544E-2
1.620000E-3	1.177746E-2
1.625000E-3	1.183915E-2
1.630000E-3	1.183367E-2
1.635000E-3	1.187068E-2
1.640000E-3	1.192141E-2
1.645000E-3	1.207083E-2
1.650000E-3	1.190358E-2
1.655000E-3	1.178294E-2
1.660000E-3	1.188028E-2
1.665000E-3	1.194334E-2
1.670000E-3	1.199406E-2
1.675000E-3	1.204616E-2
1.680000E-3	1.200503E-2
1.685000E-3	1.182818E-2
1.690000E-3	1.192826E-2
1.695000E-3	1.203382E-2
1.700000E-3	1.192963E-2
1.705000E-3	1.203930E-2
1.710000E-3	1.209003E-2
1.715000E-3	1.191318E-2
1.720000E-3	1.190907E-2
1.725000E-3	1.195157E-2
1.730000E-3	1.208454E-2
1.735000E-3	1.218325E-2
1.740000E-3	1.212567E-2
1.745000E-3	1.195705E-2
1.750000E-3	1.191044E-2
1.755000E-3	1.197350E-2
1.760000E-3	1.191044E-2
1.765000E-3	1.182407E-2
1.770000E-3	1.207083E-2
1.775000E-3	1.209140E-2
1.780000E-3	1.208043E-2
1.785000E-3	1.209003E-2
1.790000E-3	1.211882E-2
1.795000E-3	1.205850E-2
1.800000E-3	1.196665E-2
1.805000E-3	1.201737E-2
1.810000E-3	1.183093E-2
1.815000E-3	1.177061E-2
1.820000E-3	1.178843E-2
1.825000E-3	1.177472E-2
1.830000E-3	1.181173E-2
1.835000E-3	1.194334E-2
1.840000E-3	1.181859E-2
1.845000E-3	1.168424E-2
1.850000E-3	1.189947E-2
1.855000E-3	1.198995E-2
1.860000E-3	1.198447E-2
1.865000E-3	1.191181E-2
1.870000E-3	1.185834E-2
1.875000E-3	1.194060E-2
1.880000E-3	1.192415E-2
1.885000E-3	1.205850E-2
1.890000E-3	1.191592E-2
1.895000E-3	1.181036E-2
1.900000E-3	1.195979E-2
1.905000E-3	1.195842E-2
1.910000E-3	1.194060E-2
1.915000E-3	1.176512E-2
1.920000E-3	1.189262E-2
1.925000E-3	1.177198E-2
1.930000E-3	1.193100E-2
1.935000E-3	1.204342E-2
1.940000E-3	1.209825E-2
1.945000E-3	1.209551E-2
1.950000E-3	1.191455E-2
1.955000E-3	1.187754E-2
1.960000E-3	1.196116E-2
1.965000E-3	1.195979E-2
1.970000E-3	1.200503E-2
1.975000E-3	1.200640E-2
1.980000E-3	1.204067E-2
1.985000E-3	1.201051E-2
1.990000E-3	1.195157E-2
1.995000E-3	1.220244E-2
2.000000E-3	1.215446E-2
2.005000E-3	1.183641E-2
2.010000E-3	1.180077E-2
2.015000E-3	1.192963E-2
2.020000E-3	1.189125E-2
2.025000E-3	1.177061E-2
2.030000E-3	1.193374E-2
2.035000E-3	1.197213E-2
2.040000E-3	1.203656E-2
2.045000E-3	1.211470E-2
2.050000E-3	1.203930E-2
2.055000E-3	1.184464E-2
2.060000E-3	1.183778E-2
2.065000E-3	1.197487E-2
2.070000E-3	1.192963E-2
2.075000E-3	1.202559E-2
2.080000E-3	1.210922E-2
2.085000E-3	1.197898E-2
2.090000E-3	1.200229E-2
2.095000E-3	1.200092E-2
2.100000E-3	1.208180E-2
2.105000E-3	1.199269E-2
2.110000E-3	1.177472E-2
2.115000E-3	1.188028E-2
2.120000E-3	1.193511E-2
2.125000E-3	1.196939E-2
2.130000E-3	1.210785E-2
2.135000E-3	1.216131E-2
2.140000E-3	1.200229E-2
2.145000E-3	1.187342E-2
2.150000E-3	1.185560E-2
2.155000E-3	1.196939E-2
2.160000E-3	1.188439E-2
2.165000E-3	1.176649E-2
2.170000E-3	1.172125E-2
2.175000E-3	1.193923E-2
2.180000E-3	1.201600E-2
2.185000E-3	1.208317E-2
2.190000E-3	1.202971E-2
2.195000E-3	1.198584E-2
2.200000E-3	1.207221E-2
2.205000E-3	1.204616E-2
2.210000E-3	1.195705E-2
2.215000E-3	1.192415E-2
2.220000E-3	1.200366E-2
2.225000E-3	1.198035E-2
2.230000E-3	1.188713E-2
2.235000E-3	1.195705E-2
2.240000E-3	1.186794E-2
2.245000E-3	1.191455E-2
2.250000E-3	1.198858E-2
2.255000E-3	1.182133E-2
2.260000E-3	1.183778E-2
2.265000E-3	1.175416E-2
2.270000E-3	1.184052E-2
2.275000E-3	1.189262E-2
2.280000E-3	1.181173E-2
2.285000E-3	1.171714E-2
2.290000E-3	1.185971E-2
2.295000E-3	1.193786E-2
2.300000E-3	1.186657E-2
2.305000E-3	1.189399E-2
2.310000E-3	1.211607E-2
2.315000E-3	1.224494E-2
2.320000E-3	1.203519E-2
2.325000E-3	1.196527E-2
2.330000E-3	1.195568E-2
2.335000E-3	1.187617E-2
2.340000E-3	1.185560E-2
2.345000E-3	1.187068E-2
2.350000E-3	1.198035E-2
2.355000E-3	1.180214E-2
2.360000E-3	1.195294E-2
2.365000E-3	1.188713E-2
2.370000E-3	1.216680E-2
2.375000E-3	1.194745E-2
2.380000E-3	1.212293E-2
2.385000E-3	1.173496E-2
2.390000E-3	1.224220E-2
2.395000E-3	1.149642E-2
2.400000E-3	1.244235E-2
2.405000E-3	1.126748E-2
2.410000E-3	1.290435E-2
2.415000E-3	1.093024E-2
2.420000E-3	1.330054E-2
2.425000E-3	1.039422E-2
2.430000E-3	1.374882E-2
2.435000E-3	9.520948E-3
2.440000E-3	1.458097E-2
2.445000E-3	8.573651E-3
2.450000E-3	1.575994E-2
2.455000E-3	7.193148E-3
2.460000E-3	1.709521E-2
2.465000E-3	5.833209E-3
2.470000E-3	1.858538E-2
2.475000E-3	5.500078E-3
2.480000E-3	2.204692E-2
2.485000E-3	5.627847E-2
2.490000E-3	-1.253557E-1
2.495000E-3	-9.524992E-1
2.500000E-3	1.171234E-1
2.505000E-3	1.564904E-1
2.510000E-3	-1.284419E+0
2.515000E-3	4.413360E-2
2.520000E-3	7.553601E-1
2.525000E-3	-2.143427E-1
2.530000E-3	3.107188E-1
2.535000E-3	6.707724E-1
2.540000E-3	-5.430847E-2
2.545000E-3	5.564278E-1
2.550000E-3	6.157003E-1
2.555000E-3	-2.877945E-2
2.560000E-3	2.670129E-1
2.565000E-3	6.408647E-1
2.570000E-3	-3.811944E-2
2.575000E-3	4.374015E-2
2.580000E-3	4.226369E-1
2.585000E-3	-1.202916E-1
2.590000E-3	-3.129122E-1
2.595000E-3	1.957203E-1
2.600000E-3	-9.427452E-2
2.605000E-3	-4.278984E-1
2.610000E-3	1.946688E-3
2.615000E-3	-1.586688E-1
2.620000E-3	-4.635954E-1
2.625000E-3	-7.895464E-2
2.630000E-3	-1.515442E-1
2.635000E-3	-4.358442E-1
2.640000E-3	-3.239179E-2
2.645000E-3	-1.121690E-1
2.650000E-3	-3.076617E-1
2.655000E-3	1.583946E-1
2.660000E-3	2.059239E-2
2.665000E-3	-1.547356E-1
2.670000E-3	2.603955E-1
2.675000E-3	5.324465E-2
2.680000E-3	-8.573103E-2
2.685000E-3	3.410309E-1
2.690000E-3	1.473135E-1
2.695000E-3	-5.998540E-2
2.700000E-3	2.549229E-1
2.705000E-3	1.509588E-1
2.710000E-3	-8.582288E-2
2.715000E-3	1.557789E-1
2.720000E-3	1.485350E-1
2.725000E-3	-7.954550E-2
2.730000E-3	1.070623E-1
2.735000E-3	1.116398E-1
2.740000E-3	-9.509295E-2
2.745000E-3	6.581038E-2
2.750000E-3	9.220994E-2
2.755000E-3	-1.518471E-1
2.760000E-3	6.631076E-3
2.765000E-3	8.883065E-2
2.770000E-3	-1.361557E-1
2.775000E-3	-4.327267E-2
2.780000E-3	7.134336E-2
2.785000E-3	-1.448473E-1
2.790000E-3	-8.832616E-2
2.795000E-3	2.418143E-2
2.800000E-3	-1.342639E-1
2.805000E-3	-6.207329E-2
2.810000E-3	2.949643E-2
2.815000E-3	-6.940353E-2
2.820000E-3	-8.814931E-3
2.825000E-3	5.664861E-2
2.830000E-3	-2.458036E-3
2.835000E-3	3.065348E-2
2.840000E-3	6.355524E-2
2.845000E-3	3.864998E-2
2.850000E-3	5.117047E-2
2.855000E-3	1.126474E-1
2.860000E-3	6.006217E-2
2.865000E-3	7.338876E-2
2.870000E-3	1.432707E-1
2.875000E-3	4.189765E-2
2.880000E-3	4.811060E-2
2.885000E-3	1.235160E-1
2.890000E-3	5.359834E-2
2.895000E-3	1.997960E-2
2.900000E-3	7.453346E-2
2.905000E-3	2.624190E-2
2.910000E-3	-1.465499E-3
2.915000E-3	4.619956E-2
2.920000E-3	-1.196253E-2
2.925000E-3	-9.051001E-2
2.930000E-3	-6.235433E-2
2.935000E-3	-8.351839E-2
2.940000E-3	-1.300579E-1
2.945000E-3	-9.686279E-2
2.950000E-3	-9.264588E-2
2.955000E-3	-1.222794E-1
2.960000E-3	-7.457185E-2
2.965000E-3	-3.224784E-2
2.970000E-3	-5.097169E-2
2.975000E-3	2.445287E-2
2.980000E-3	8.865243E-2
2.985000E-3	6.253529E-2
2.990000E-3	7.526964E-2
2.995000E-3	1.106966E-1
3.000000E-3	7.813895E-2
3.005000E-3	7.432234E-2
3.010000E-3	8.134276E-2
3.015000E-3	4.577732E-2
3.020000E-3	4.932523E-2
3.025000E-3	8.458769E-2
3.030000E-3	5.311304E-2
3.035000E-3	3.230679E-2
3.040000E-3	7.057154E-2
3.045000E-3	3.773969E-2
3.050000E-3	-4.274487E-3
3.055000E-3	1.222986E-2
3.060000E-3	5.567253E-3
3.065000E-3	-1.028043E-2
3.070000E-3	-1.905286E-2
3.075000E-3	-2.148622E-2
3.080000E-3	-1.741600E-2
3.085000E-3	-1.216543E-2
3.090000E-3	-1.765865E-2
3.095000E-3	-3.702408E-2
3.100000E-3	-2.896041E-2
3.105000E-3	-1.884997E-2
3.110000E-3	-2.622271E-2
3.115000E-3	-8.066416E-3
3.120000E-3	3.834426E-3
3.125000E-3	-1.306885E-2
3.130000E-3	3.379285E-3
3.135000E-3	1.422727E-2
3.140000E-3	-5.867481E-4
3.145000E-3	-5.750954E-3
3.150000E-3	2.798021E-3
3.155000E-3	4.189491E-3
3.160000E-3	-2.385378E-3
3.165000E-3	1.672506E-4
3.170000E-3	5.203962E-3
3.175000E-3	2.465987E-2
3.180000E-3	3.709811E-2
3.185000E-3	3.286612E-2
3.190000E-3	4.315203E-2
3.195000E-3	5.392051E-2
3.200000E-3	5.785912E-2
3.205000E-3	3.413832E-2
3.210000E-3	1.057106E-2
3.215000E-3	2.894396E-2
3.220000E-3	1.184189E-2
3.225000E-3	3.961921E-3
3.230000E-3	4.948425E-2
3.235000E-3	5.150086E-2
3.240000E-3	4.400611E-2
3.245000E-3	6.479591E-2
3.250000E-3	4.896879E-2
3.255000E-3	2.243900E-2
3.260000E-3	3.505546E-2
3.265000E-3	1.631653E-2
3.270000E-3	-2.201951E-2
3.275000E-3	1.363641E-2
3.280000E-3	1.085073E-2
3.285000E-3	-3.688973E-2
3.290000E-3	-2.828181E-3
3.295000E-3	3.523231E-3
3.300000E-3	-3.882408E-2
3.305000E-3	-1.844692E-2
3.310000E-3	-9.194672E-3
3.315000E-3	-3.325820E-2
3.320000E-3	-9.256363E-3
3.325000E-3	1.157731E-2
3.330000E-3	-1.485378E-2
3.335000E-3	8.548975E-3
3.340000E-3	4.445440E-2
3.345000E-3	3.711045E-3
3.350000E-3	1.088363E-2
3.355000E-3	4.931700E-2
3.360000E-3	6.622851E-3
3.365000E-3	-1.856208E-3
3.370000E-3	3.635508E-2
3.375000E-3	1.618081E-2
3.380000E-3	4.359484E-3
3.385000E-3	2.619255E-2
3.390000E-3	1.554883E-2
3.395000E-3	1.196802E-2
3.400000E-3	3.648806E-2
3.405000E-3	2.217579E-2
3.410000E-3	1.074106E-2
3.415000E-3	2.726322E-2
3.420000E-3	1.278919E-2
3.425000E-3	3.501296E-3
3.430000E-3	1.113862E-2
3.435000E-3	-3.062606E-3
3.440000E-3	-1.640701E-2
3.445000E-3	3.619194E-3
3.450000E-3	1.006794E-2
3.455000E-3	-9.331763E-3
3.460000E-3	9.727955E-3
3.465000E-3	2.679437E-2
3.470000E-3	4.895508E-3
3.475000E-3	1.532811E-2
3.480000E-3	2.797061E-2
3.485000E-3	1.255751E-3
3.490000E-3	2.052248E-3
3.495000E-3	2.009887E-2
3.500000E-3	8.991778E-3
3.505000E-3	8.455753E-3
3.510000E-3	2.245545E-2
3.515000E-3	1.385164E-2
3.520000E-3	1.646322E-2
3.525000E-3	3.371334E-2
3.530000E-3	2.261585E-2
3.535000E-3	1.565987E-2
3.540000E-3	2.955538E-2
3.545000E-3	3.196681E-2
3.550000E-3	2.298874E-2
3.555000E-3	1.908028E-2
3.560000E-3	1.967251E-2
3.565000E-3	1.303321E-2
3.570000E-3	8.548975E-3
3.575000E-3	1.026809E-3
3.580000E-3	-9.348214E-3
3.585000E-3	-2.421021E-3
3.590000E-3	-3.610969E-3
3.595000E-3	-2.260762E-2
3.600000E-3	-1.893634E-2
3.605000E-3	-1.008439E-2
3.610000E-3	-1.226687E-2
3.615000E-3	-1.491547E-3
3.620000E-3	1.461798E-2
3.625000E-3	1.539391E-2
3.630000E-3	1.642072E-2
3.635000E-3	2.673268E-2
3.640000E-3	1.935172E-2
3.645000E-3	1.487023E-2
3.650000E-3	2.947861E-2
3.655000E-3	2.456939E-2
3.660000E-3	1.307023E-2
3.665000E-3	2.032644E-2
3.670000E-3	1.065058E-2
3.675000E-3	-5.293071E-3
3.680000E-3	9.261847E-3
3.685000E-3	2.112293E-2
3.690000E-3	7.116377E-3
3.695000E-3	1.034898E-2
3.700000E-3	2.631319E-2
3.705000E-3	1.551867E-2
3.710000E-3	1.165956E-2
3.715000E-3	2.521646E-2
3.720000E-3	2.023047E-2
3.725000E-3	1.831669E-2
3.730000E-3	2.974594E-2
3.735000E-3	1.848805E-2
3.740000E-3	5.731761E-3
3.745000E-3	1.750922E-2
3.750000E-3	1.386672E-2
3.755000E-3	1.514852E-3
3.760000E-3	1.843321E-2
3.765000E-3	2.364266E-2
3.770000E-3	1.015019E-2
3.775000E-3	1.431090E-2
3.780000E-3	1.381189E-2
3.785000E-3	9.363294E-4
3.790000E-3	3.694594E-3
3.795000E-3	1.538020E-2
3.800000E-3	1.356101E-2
3.805000E-3	1.361722E-2
3.810000E-3	2.364129E-2
3.815000E-3	1.866901E-2
3.820000E-3	1.188439E-2
3.825000E-3	1.046002E-2
3.830000E-3	1.354456E-3
3.835000E-3	-4.975021E-3
3.840000E-3	-2.529323E-3
3.845000E-3	2.052248E-3
3.850000E-3	3.671288E-3
3.855000E-3	1.094806E-2
3.860000E-3	1.863611E-2
3.865000E-3	1.556802E-2
3.870000E-3	1.897335E-2
3.875000E-3	1.914746E-2
3.880000E-3	1.121676E-2
3.885000E-3	2.117914E-2
3.890000E-3	2.693969E-2
3.895000E-3	2.191120E-2
3.900000E-3	2.703428E-2
3.905000E-3	2.967191E-2
3.910000E-3	2.008516E-2
3.915000E-3	1.515263E-2
3.920000E-3	1.854426E-2
3.925000E-3	1.140457E-2
3.930000E-3	4.707694E-3
3.935000E-3	8.208990E-3
3.940000E-3	5.553544E-3
3.945000E-3	4.943490E-3
3.950000E-3	4.345775E-3
3.955000E-3	-3.643870E-3
3.960000E-3	-4.352629E-3
3.965000E-3	1.568317E-3
3.970000E-3	-1.883626E-3
3.975000E-3	-6.343186E-3
3.980000E-3	4.722774E-3
3.985000E-3	7.792234E-3
3.990000E-3	-8.773804E-5
3.995000E-3	5.316377E-3
4.000000E-3	1.107281E-2
4.005000E-3	1.013100E-2
4.010000E-3	1.246154E-2
4.015000E-3	1.625210E-2
4.020000E-3	1.624525E-2
4.025000E-3	1.277000E-2
4.030000E-3	1.476055E-2
4.035000E-3	1.475918E-2
4.040000E-3	1.265347E-2
4.045000E-3	1.491135E-2
4.050000E-3	1.111394E-2
4.055000E-3	1.025164E-2
4.060000E-3	1.149505E-2
4.065000E-3	6.639302E-3
4.070000E-3	8.764207E-3
4.075000E-3	1.453024E-2
4.080000E-3	1.757365E-2
4.085000E-3	2.094334E-2
4.090000E-3	2.589643E-2
4.095000E-3	2.661753E-2
4.100000E-3	2.287495E-2
4.105000E-3	2.433634E-2
4.110000E-3	2.193588E-2
4.115000E-3	1.846749E-2
4.120000E-3	1.965058E-2
4.125000E-3	9.711504E-3
4.130000E-3	-4.022241E-3
4.135000E-3	-7.842958E-3
4.140000E-3	-1.163489E-2
4.145000E-3	-1.357335E-2
4.150000E-3	-2.130389E-3
4.155000E-3	1.108515E-2
4.160000E-3	1.758188E-2
4.165000E-3	3.139240E-2
4.170000E-3	4.065424E-2
4.175000E-3	3.779453E-2
4.180000E-3	3.914213E-2
4.185000E-3	3.781372E-2
4.190000E-3	3.116071E-2
4.195000E-3	2.673954E-2
4.200000E-3	1.984388E-2
4.205000E-3	1.422453E-2
4.210000E-3	1.142377E-2
4.215000E-3	1.092613E-2
4.220000E-3	5.693376E-3
4.225000E-3	3.531456E-3
4.230000E-3	6.962836E-3
4.235000E-3	9.207010E-3
4.240000E-3	9.296119E-3
4.245000E-3	8.076012E-3
4.250000E-3	9.641588E-3
4.255000E-3	-6.027877E-3
4.260000E-3	-1.207495E-2
4.265000E-3	-1.862651E-2
4.270000E-3	-2.907419E-2
4.275000E-3	-3.145820E-2
4.280000E-3	-2.312857E-2
4.285000E-3	-2.164251E-2
4.290000E-3	-1.264799E-2
4.295000E-3	-7.910132E-3
4.300000E-3	-8.697033E-3
4.305000E-3	-1.242042E-3
4.310000E-3	6.233513E-3
4.315000E-3	5.490482E-3
4.320000E-3	1.191318E-2
4.325000E-3	2.096528E-2
4.330000E-3	2.904266E-2
4.335000E-3	3.388470E-2
4.340000E-3	4.178387E-2
4.345000E-3	4.517686E-2
4.350000E-3	4.056239E-2
4.355000E-3	4.367435E-2
4.360000E-3	4.713041E-2
4.365000E-3	4.345500E-2
4.370000E-3	4.336727E-2
4.375000E-3	4.366338E-2
4.380000E-3	3.745455E-2
4.385000E-3	3.193390E-2
4.390000E-3	2.728242E-2
4.395000E-3	2.021539E-2
4.400000E-3	1.527327E-2
4.405000E-3	1.650023E-2
4.410000E-3	1.511014E-2
4.415000E-3	1.804662E-2
4.420000E-3	2.023733E-2
4.425000E-3	1.762575E-2
4.430000E-3	1.396406E-2
4.435000E-3	8.728564E-3
4.440000E-3	3.750801E-3
4.445000E-3	-4.692614E-3
4.450000E-3	-1.536238E-2
4.455000E-3	-1.368713E-2
4.460000E-3	-1.219147E-2
4.465000E-3	-1.565713E-2
4.470000E-3	-1.349795E-2
4.475000E-3	-9.741664E-3
4.480000E-3	-1.147175E-2
4.485000E-3	-1.257944E-2
4.490000E-3	-9.870529E-3
4.495000E-3	-9.457886E-3
4.500000E-3	-5.953848E-3
4.505000E-3	1.037776E-3
4.510000E-3	3.786445E-3
4.515000E-3	9.175479E-3
4.520000E-3	1.430267E-2
4.525000E-3	2.207023E-2
4.530000E-3	3.058493E-2
4.535000E-3	3.582180E-2
4.540000E-3	4.071319E-2
4.545000E-3	4.456955E-2
4.550000E-3	4.491228E-2
4.555000E-3	4.418021E-2
4.560000E-3	4.217458E-2
4.565000E-3	4.179072E-2
4.570000E-3	3.612751E-2
4.575000E-3	2.711242E-2
4.580000E-3	2.092552E-2
4.585000E-3	1.503336E-2
4.590000E-3	8.195281E-3
4.595000E-3	1.517594E-3
4.600000E-3	-1.982331E-3
4.605000E-3	-3.109217E-3
4.610000E-3	-5.091548E-3
4.615000E-3	-1.053816E-2
4.620000E-3	-1.592994E-2
4.625000E-3	-1.553100E-2
4.630000E-3	-1.748866E-2
4.635000E-3	-1.949978E-2
4.640000E-3	-1.332384E-2
4.645000E-3	-6.940901E-3
4.650000E-3	-3.088653E-3
4.655000E-3	3.613710E-3
4.660000E-3	9.065807E-3
4.665000E-3	1.119208E-2
4.670000E-3	1.565713E-2
4.675000E-3	1.769978E-2
4.680000E-3	1.871288E-2
4.685000E-3	2.566886E-2
4.690000E-3	3.040808E-2
4.695000E-3	3.323627E-2
4.700000E-3	3.925318E-2
4.705000E-3	4.180032E-2
4.710000E-3	3.926688E-2
4.715000E-3	3.719270E-2
4.720000E-3	3.161174E-2
4.725000E-3	2.341372E-2
4.730000E-3	1.971090E-2
4.735000E-3	1.416010E-2
4.740000E-3	5.626202E-3
4.745000E-3	2.226353E-3
4.750000E-3	-1.339376E-3
4.755000E-3	-1.112217E-2
4.760000E-3	-1.723093E-2
4.765000E-3	-1.819193E-2
4.770000E-3	-2.144098E-2
4.775000E-3	-2.222377E-2
4.780000E-3	-1.857442E-2
4.785000E-3	-1.499909E-2
4.790000E-3	-9.603202E-3
4.795000E-3	-2.285302E-3
4.800000E-3	4.344404E-3
4.805000E-3	1.134562E-2
4.810000E-3	2.229643E-2
4.815000E-3	3.063840E-2
4.820000E-3	3.666079E-2
4.825000E-3	4.668760E-2
4.830000E-3	5.176544E-2
4.835000E-3	4.992294E-2
4.840000E-3	5.090451E-2
4.845000E-3	5.125958E-2
4.850000E-3	4.828608E-2
4.855000E-3	4.288745E-2
4.860000E-3	3.572172E-2
4.865000E-3	2.719194E-2
4.870000E-3	1.819193E-2
4.875000E-3	8.879364E-3
4.880000E-3	-7.594824E-4
4.885000E-3	-7.522166E-3
4.890000E-3	-1.158142E-2
4.895000E-3	-1.646322E-2
4.900000E-3	-2.134639E-2
4.905000E-3	-2.337122E-2
4.910000E-3	-2.340961E-2
4.915000E-3	-2.320808E-2
4.920000E-3	-2.292979E-2
4.925000E-3	-2.110922E-2
4.930000E-3	-1.745439E-2
4.935000E-3	-1.041889E-2
4.940000E-3	-2.566338E-3
4.945000E-3	6.000459E-3
4.950000E-3	1.928318E-2
4.955000E-3	3.202438E-2
4.960000E-3	4.040062E-2
4.965000E-3	4.704952E-2
4.970000E-3	5.317062E-2
4.975000E-3	5.638540E-2
4.980000E-3	5.622500E-2
4.985000E-3	5.298281E-2
4.990000E-3	4.871655E-2
4.995000E-3	4.462165E-2
5.000000E-3	3.868014E-2
5.005000E-3	2.984190E-2
5.010000E-3	2.112019E-2
5.015000E-3	1.125515E-2
5.020000E-3	-1.894593E-3
5.025000E-3	-1.277548E-2
5.030000E-3	-2.491486E-2
5.035000E-3	-3.092355E-2
5.040000E-3	-3.698021E-2
5.045000E-3	-3.826475E-2
5.050000E-3	-3.456742E-2
5.055000E-3	-3.180641E-2
5.060000E-3	-2.288318E-2
5.065000E-3	-1.008987E-2
5.070000E-3	-3.689110E-3
5.075000E-3	5.742729E-3
5.080000E-3	1.673055E-2
5.085000E-3	2.224708E-2
5.090000E-3	2.762377E-2
5.095000E-3	3.253847E-2
5.100000E-3	3.188044E-2
5.105000E-3	3.321707E-2
5.110000E-3	3.867191E-2
5.115000E-3	3.908592E-2
5.120000E-3	4.051441E-2
5.125000E-3	4.339057E-2
5.130000E-3	4.203749E-2
5.135000E-3	3.880078E-2
5.140000E-3	3.585058E-2
5.145000E-3	2.876437E-2
5.150000E-3	1.983017E-2
5.155000E-3	1.332110E-2
5.160000E-3	9.891093E-3
5.165000E-3	3.647983E-3
5.170000E-3	2.482712E-3
5.175000E-3	2.865195E-3
5.180000E-3	-8.499622E-4
5.185000E-3	1.194060E-3
5.190000E-3	1.392841E-3
5.195000E-3	-7.841587E-4
5.200000E-3	1.616299E-3
5.205000E-3	3.430009E-3
5.210000E-3	8.828640E-4
5.215000E-3	-3.331304E-4
5.220000E-3	3.084540E-4
5.225000E-3	5.867481E-4
5.230000E-3	2.098858E-3
5.235000E-3	2.296269E-3
5.240000E-3	-2.522469E-4
5.245000E-3	5.058646E-4
5.250000E-3	1.344860E-3
5.255000E-3	1.263976E-3
5.260000E-3	4.975021E-3
5.265000E-3	9.233057E-3
5.270000E-3	1.374334E-2
5.275000E-3	2.118462E-2
5.280000E-3	2.757442E-2
5.285000E-3	3.022027E-2
5.290000E-3	3.343916E-2
5.295000E-3	3.479636E-2
5.300000E-3	3.198189E-2
5.305000E-3	3.200382E-2
5.310000E-3	3.161997E-2
5.315000E-3	2.527952E-2
5.320000E-3	2.025789E-2
5.325000E-3	1.734883E-2
5.330000E-3	1.176786E-2
5.335000E-3	6.452858E-3
5.340000E-3	6.285608E-3
5.345000E-3	3.794670E-3
5.350000E-3	5.483627E-5
5.355000E-3	-2.168775E-3
5.360000E-3	-6.182790E-3
5.365000E-3	-1.033527E-2
5.370000E-3	-1.152796E-2
5.375000E-3	-1.494288E-2
5.380000E-3	-1.718295E-2
5.385000E-3	-1.489764E-2
5.390000E-3	-1.242453E-2
5.395000E-3	-8.177459E-3
5.400000E-3	-1.370907E-6
5.405000E-3	9.359181E-3
5.410000E-3	1.851410E-2
5.415000E-3	2.817076E-2
5.420000E-3	3.612477E-2
5.425000E-3	4.135478E-2
5.430000E-3	4.422271E-2
5.435000E-3	4.408836E-2
5.440000E-3	4.560870E-2
5.445000E-3	4.580474E-2
5.450000E-3	4.432005E-2
5.455000E-3	4.211563E-2
5.460000E-3	3.915858E-2
5.465000E-3	3.218889E-2
5.470000E-3	2.390039E-2
5.475000E-3	1.582026E-2
5.480000E-3	7.696271E-3
5.485000E-3	5.936027E-4
5.490000E-3	-6.514549E-3
5.495000E-3	-1.201463E-2
5.500000E-3	-1.610130E-2
5.505000E-3	-1.851547E-2
5.510000E-3	-2.009064E-2
5.515000E-3	-2.007693E-2
5.520000E-3	-1.651806E-2
5.525000E-3	-1.291531E-2
5.530000E-3	-9.892464E-3
5.535000E-3	-3.498554E-3
5.540000E-3	3.103733E-3
5.545000E-3	9.039760E-3
5.550000E-3	1.348150E-2
5.555000E-3	1.762027E-2
5.560000E-3	2.084190E-2
5.565000E-3	2.325743E-2
5.570000E-3	2.710420E-2
5.575000E-3	2.838737E-2
5.580000E-3	2.842712E-2
5.585000E-3	3.058493E-2
5.590000E-3	3.018600E-2
5.595000E-3	2.782393E-2
5.600000E-3	2.738935E-2
5.605000E-3	2.690816E-2
5.610000E-3	2.523977E-2
5.615000E-3	2.306688E-2
5.620000E-3	2.202773E-2
5.625000E-3	2.035111E-2
5.630000E-3	1.978493E-2
5.635000E-3	1.824677E-2
5.640000E-3	1.640427E-2
5.645000E-3	1.374060E-2
5.650000E-3	1.049978E-2
5.655000E-3	6.506324E-3
5.660000E-3	2.617061E-3
5.665000E-3	-4.030466E-4
5.670000E-3	-3.417671E-3
5.675000E-3	-6.957352E-3
5.680000E-3	-9.673119E-3
5.685000E-3	-1.365149E-2
5.690000E-3	-1.638919E-2
5.695000E-3	-1.638508E-2
5.700000E-3	-1.423413E-2
5.705000E-3	-1.032293E-2
5.710000E-3	-4.288197E-3
5.715000E-3	2.560854E-3
5.720000E-3	8.709371E-3
5.725000E-3	1.448774E-2
5.730000E-3	1.924616E-2
5.735000E-3	2.360290E-2
5.740000E-3	2.814609E-2
5.745000E-3	3.146505E-2
5.750000E-3	3.404099E-2
5.755000E-3	3.612339E-2
5.760000E-3	3.789872E-2
5.765000E-3	3.834152E-2
5.770000E-3	3.745592E-2
5.775000E-3	3.570801E-2
5.780000E-3	3.180230E-2
5.785000E-3	2.600884E-2
5.790000E-3	2.067190E-2
5.795000E-3	1.454258E-2
5.800000E-3	7.815540E-3
5.805000E-3	2.467632E-3
5.810000E-3	-2.109826E-3
5.815000E-3	-6.296575E-3
5.820000E-3	-8.666873E-3
5.825000E-3	-9.493530E-3
5.830000E-3	-1.030236E-2
5.835000E-3	-9.841740E-3
5.840000E-3	-8.221328E-3
5.845000E-3	-6.159484E-3
5.850000E-3	-2.301753E-3
5.855000E-3	2.220869E-3
5.860000E-3	5.616605E-3
5.865000E-3	9.079516E-3
5.870000E-3	1.321417E-2
5.875000E-3	1.616848E-2
5.880000E-3	1.937366E-2
5.885000E-3	2.401417E-2
5.890000E-3	2.820367E-2
5.895000E-3	3.156376E-2
5.900000E-3	3.477854E-2
5.905000E-3	3.537214E-2
5.910000E-3	3.511989E-2
5.915000E-3	3.411090E-2
5.920000E-3	2.993101E-2
5.925000E-3	2.378935E-2
5.930000E-3	1.849353E-2
5.935000E-3	1.268089E-2
5.940000E-3	6.781876E-3
5.945000E-3	2.558112E-3
5.950000E-3	-1.187205E-3
5.955000E-3	-4.979134E-3
5.960000E-3	-7.338464E-3
5.965000E-3	-8.945167E-3
5.970000E-3	-9.806097E-3
5.975000E-3	-9.138465E-3
5.980000E-3	-7.892311E-3
5.985000E-3	-6.254077E-3
5.990000E-3	-2.166033E-3
5.995000E-3	2.843261E-3
6.000000E-3	7.346690E-3
6.005000E-3	1.253694E-2
6.010000E-3	1.759559E-2
6.015000E-3	2.101189E-2
6.020000E-3	2.358097E-2
6.025000E-3	2.501768E-2
6.030000E-3	2.534670E-2
6.035000E-3	2.608699E-2
6.040000E-3	2.712613E-2
6.045000E-3	2.780885E-2
6.050000E-3	2.877945E-2
6.055000E-3	2.915782E-2
6.060000E-3	2.787602E-2
6.065000E-3	2.555919E-2
6.070000E-3	2.261585E-2
6.075000E-3	1.922286E-2
6.080000E-3	1.594228E-2
6.085000E-3	1.220244E-2
6.090000E-3	7.449508E-3
6.095000E-3	2.416909E-3
6.100000E-3	-2.669156E-3
6.105000E-3	-7.485151E-3
6.110000E-3	-1.100153E-2
6.115000E-3	-1.239574E-2
6.120000E-3	-1.165134E-2
6.125000E-3	-1.008713E-2
6.130000E-3	-7.482409E-3
6.135000E-3	-3.918052E-3
6.140000E-3	-4.263520E-4
6.145000E-3	2.970755E-3
6.150000E-3	6.629705E-3
6.155000E-3	1.046550E-2
6.160000E-3	1.451653E-2
6.165000E-3	1.882392E-2
6.170000E-3	2.279818E-2
6.175000E-3	2.705485E-2
6.180000E-3	3.192842E-2
6.185000E-3	3.605211E-2
6.190000E-3	3.913528E-2
6.195000E-3	4.104495E-2
6.200000E-3	4.070359E-2
6.205000E-3	3.748333E-2
6.210000E-3	3.266871E-2
6.215000E-3	2.712750E-2
6.220000E-3	2.090222E-2
6.225000E-3	1.484555E-2
6.230000E-3	9.641588E-3
6.235000E-3	4.791319E-3
6.240000E-3	7.635951E-4
6.245000E-3	-3.028333E-3
6.250000E-3	-7.700384E-3
6.255000E-3	-1.158690E-2
6.260000E-3	-1.393116E-2
6.265000E-3	-1.471120E-2
6.270000E-3	-1.381874E-2
6.275000E-3	-1.095629E-2
6.280000E-3	-7.198632E-3
6.285000E-3	-2.872050E-3
6.290000E-3	1.377761E-3
6.295000E-3	5.017519E-3
6.300000E-3	7.656515E-3
6.305000E-3	1.074517E-2
6.310000E-3	1.378310E-2
6.315000E-3	1.735431E-2
6.320000E-3	2.125591E-2
6.325000E-3	2.526855E-2
6.330000E-3	2.913725E-2
6.335000E-3	3.315401E-2
6.340000E-3	3.647435E-2
6.345000E-3	3.821951E-2
6.350000E-3	3.852385E-2
6.355000E-3	3.777122E-2
6.360000E-3	3.556818E-2
6.365000E-3	3.148150E-2
6.370000E-3	2.655995E-2
6.375000E-3	2.069110E-2
6.380000E-3	1.389277E-2
6.385000E-3	6.532371E-3
6.390000E-3	-2.399087E-4
6.395000E-3	-5.656362E-3
6.400000E-3	-9.390712E-3
6.405000E-3	-1.135522E-2
6.410000E-3	-1.142514E-2
6.415000E-3	-9.331763E-3
6.420000E-3	-6.041586E-3
6.425000E-3	-2.301753E-3
6.430000E-3	1.858950E-3
6.435000E-3	5.767405E-3
6.440000E-3	9.696424E-3
6.445000E-3	1.315111E-2
6.450000E-3	1.610404E-2
6.455000E-3	1.856345E-2
6.460000E-3	2.048135E-2
6.465000E-3	2.175218E-2
6.470000E-3	2.228272E-2
6.475000E-3	2.256787E-2
6.480000E-3	2.249795E-2
6.485000E-3	2.144921E-2
6.490000E-3	1.969856E-2
6.495000E-3	1.828241E-2
6.500000E-3	1.665926E-2
6.505000E-3	1.460564E-2
6.510000E-3	1.287144E-2
6.515000E-3	1.160610E-2
6.520000E-3	1.070130E-2
6.525000E-3	1.044768E-2
6.530000E-3	1.053405E-2
6.535000E-3	1.084936E-2
6.540000E-3	1.065880E-2
6.545000E-3	1.020366E-2
6.550000E-3	8.728564E-3
6.555000E-3	6.906629E-3
6.560000E-3	4.809141E-3
6.565000E-3	3.120184E-3
6.570000E-3	2.562225E-3
6.575000E-3	2.638996E-3
6.580000E-3	2.626657E-3
6.585000E-3	2.686977E-3
6.590000E-3	2.863824E-3
6.595000E-3	2.995431E-3
6.600000E-3	4.090786E-3
6.605000E-3	6.295204E-3
6.610000E-3	9.139836E-3
6.615000E-3	1.249993E-2
6.620000E-3	1.580244E-2
6.625000E-3	1.803017E-2
6.630000E-3	2.003443E-2
6.635000E-3	2.243763E-2
6.640000E-3	2.474487E-2
6.645000E-3	2.672035E-2
6.650000E-3	2.840519E-2
6.655000E-3	2.876574E-2
6.660000E-3	2.747983E-2
6.665000E-3	2.531928E-2
6.670000E-3	2.172750E-2
6.675000E-3	1.676071E-2
6.680000E-3	1.169795E-2
6.685000E-3	7.093072E-3
6.690000E-3	2.721250E-3
6.695000E-3	-9.843111E-4
6.700000E-3	-3.450572E-3
6.705000E-3	-5.021632E-3
6.710000E-3	-5.756438E-3
6.715000E-3	-5.549431E-3
6.720000E-3	-4.769385E-3
6.725000E-3	-2.814472E-3
6.730000E-3	7.827878E-4
6.735000E-3	4.733741E-3
6.740000E-3	9.113789E-3
6.745000E-3	1.383382E-2
6.750000E-3	1.781905E-2
6.755000E-3	2.072263E-2
6.760000E-3	2.309704E-2
6.765000E-3	2.437198E-2
6.770000E-3	2.472019E-2
6.775000E-3	2.483672E-2
6.780000E-3	2.463520E-2
6.785000E-3	2.421433E-2
6.790000E-3	2.363718E-2
6.795000E-3	2.239376E-2
6.800000E-3	2.033055E-2
6.805000E-3	1.844966E-2
6.810000E-3	1.692659E-2
6.815000E-3	1.545835E-2
6.820000E-3	1.409703E-2
6.825000E-3	1.313329E-2
6.830000E-3	1.208454E-2
6.835000E-3	1.163352E-2
6.840000E-3	1.151562E-2
6.845000E-3	1.171714E-2
6.850000E-3	1.225454E-2
6.855000E-3	1.272339E-2
6.860000E-3	1.214623E-2
6.865000E-3	1.093024E-2
6.870000E-3	9.023309E-3
6.875000E-3	6.265044E-3
6.880000E-3	3.530085E-3
6.885000E-3	7.978678E-4
6.890000E-3	-1.732826E-3
6.895000E-3	-3.912568E-3
6.900000E-3	-5.704343E-3
6.905000E-3	-6.801069E-3
6.910000E-3	-7.127345E-3
6.915000E-3	-6.934047E-3
6.920000E-3	-5.951107E-3
6.925000E-3	-3.768623E-3
6.930000E-3	7.677078E-5
6.935000E-3	4.836559E-3
6.940000E-3	1.014471E-2
6.945000E-3	1.548439E-2
6.950000E-3	2.119559E-2
6.955000E-3	2.655721E-2
6.960000E-3	3.091395E-2
6.965000E-3	3.462088E-2
6.970000E-3	3.729278E-2
6.975000E-3	3.890496E-2
6.980000E-3	3.890771E-2
6.985000E-3	3.767663E-2
6.990000E-3	3.569978E-2
6.995000E-3	3.306490E-2
7.000000E-3	2.936482E-2
7.005000E-3	2.486825E-2
7.010000E-3	1.992339E-2
7.015000E-3	1.414365E-2
7.020000E-3	7.634580E-3
7.025000E-3	7.485151E-4
7.030000E-3	-6.118357E-3
7.035000E-3	-1.237655E-2
7.040000E-3	-1.760656E-2
7.045000E-3	-2.124906E-2
7.050000E-3	-2.280504E-2
7.055000E-3	-2.204967E-2
7.060000E-3	-1.916254E-2
7.065000E-3	-1.455492E-2
7.070000E-3	-8.507848E-3
7.075000E-3	-1.030922E-3
7.080000E-3	6.581724E-3
7.085000E-3	1.439452E-2
7.090000E-3	2.204007E-2
7.095000E-3	2.882880E-2
7.100000E-3	3.417397E-2
7.105000E-3	3.796452E-2
7.110000E-3	4.016894E-2
7.115000E-3	4.079407E-2
7.120000E-3	4.021555E-2
7.125000E-3	3.869110E-2
7.130000E-3	3.614396E-2
7.135000E-3	3.244936E-2
7.140000E-3	2.763885E-2
7.145000E-3	2.213055E-2
7.150000E-3	1.631927E-2
7.155000E-3	1.087129E-2
7.160000E-3	5.513787E-3
7.165000E-3	8.540750E-4
7.170000E-3	-3.021479E-3
7.175000E-3	-6.004572E-3
7.180000E-3	-7.834733E-3
7.185000E-3	-8.383095E-3
7.190000E-3	-7.657886E-3
7.195000E-3	-5.472660E-3
7.200000E-3	-2.149582E-3
7.205000E-3	1.708150E-3
7.210000E-3	5.654991E-3
7.215000E-3	9.250879E-3
7.220000E-3	1.234365E-2
7.225000E-3	1.499498E-2
7.230000E-3	1.778477E-2
7.235000E-3	2.066642E-2
7.240000E-3	2.259529E-2
7.245000E-3	2.389902E-2
7.250000E-3	2.406079E-2
7.255000E-3	2.377564E-2
7.260000E-3	2.280641E-2
7.265000E-3	2.165210E-2
7.270000E-3	2.073222E-2
7.275000E-3	1.984525E-2
7.280000E-3	1.920915E-2
7.285000E-3	1.802331E-2
7.290000E-3	1.657975E-2
7.295000E-3	1.492506E-2
7.300000E-3	1.253009E-2
7.305000E-3	9.788275E-3
7.310000E-3	6.983399E-3
7.315000E-3	4.665196E-3
7.320000E-3	2.725363E-3
7.325000E-3	1.353085E-3
7.330000E-3	6.827116E-4
7.335000E-3	2.892613E-4
7.340000E-3	4.798174E-5
7.345000E-3	8.636713E-5
7.350000E-3	2.412796E-4
7.355000E-3	8.705258E-4
7.360000E-3	2.130389E-3
7.365000E-3	3.739834E-3
7.370000E-3	5.674183E-3
7.375000E-3	7.829249E-3
7.380000E-3	1.011455E-2
7.385000E-3	1.240122E-2
7.390000E-3	1.467693E-2
7.395000E-3	1.703626E-2
7.400000E-3	1.901585E-2
7.405000E-3	2.052659E-2
7.410000E-3	2.134091E-2
7.415000E-3	2.139848E-2
7.420000E-3	2.107632E-2
7.425000E-3	2.087617E-2
7.430000E-3	2.051836E-2
7.435000E-3	2.017152E-2
7.440000E-3	1.967937E-2
7.445000E-3	1.895142E-2
7.450000E-3	1.815218E-2
7.455000E-3	1.656193E-2
7.460000E-3	1.464951E-2
7.465000E-3	1.250815E-2
7.470000E-3	1.005149E-2
7.475000E-3	7.600307E-3
7.480000E-3	5.931914E-3
7.485000E-3	4.688501E-3
7.490000E-3	3.845394E-3
7.495000E-3	3.894746E-3
7.500000E-3	4.815996E-3
7.505000E-3	6.310284E-3
7.510000E-3	8.103430E-3
7.515000E-3	1.037502E-2
7.520000E-3	1.270831E-2
7.525000E-3	1.514167E-2
7.530000E-3	1.712674E-2
7.535000E-3	1.841402E-2
7.540000E-3	1.899529E-2
7.545000E-3	1.874304E-2
7.550000E-3	1.777244E-2
7.555000E-3	1.645362E-2
7.560000E-3	1.459330E-2
7.565000E-3	1.270419E-2
7.570000E-3	1.091379E-2
7.575000E-3	9.264588E-3
7.580000E-3	7.712722E-3
7.585000E-3	6.330848E-3
7.590000E-3	5.249202E-3
7.595000E-3	4.175782E-3
7.600000E-3	2.996802E-3
7.605000E-3	2.530694E-3
7.610000E-3	2.274334E-3
7.615000E-3	2.348363E-3
7.620000E-3	2.659559E-3
7.625000E-3	3.490329E-3
7.630000E-3	4.696727E-3
7.635000E-3	6.025136E-3
7.640000E-3	7.670224E-3
7.645000E-3	9.551108E-3
7.650000E-3	1.196527E-2
7.655000E-3	1.500869E-2
7.660000E-3	1.849902E-2
7.665000E-3	2.180290E-2
7.670000E-3	2.503824E-2
7.675000E-3	2.752918E-2
7.680000E-3	2.926612E-2
7.685000E-3	3.016955E-2
7.690000E-3	3.030115E-2
7.695000E-3	2.944160E-2
7.700000E-3	2.795690E-2
7.705000E-3	2.561128E-2
7.710000E-3	2.235401E-2
7.715000E-3	1.850176E-2
7.720000E-3	1.431364E-2
7.725000E-3	1.007617E-2
7.730000E-3	5.796194E-3
7.735000E-3	1.691699E-3
7.740000E-3	-2.041280E-3
7.745000E-3	-5.199850E-3
7.750000E-3	-7.228792E-3
7.755000E-3	-8.244634E-3
7.760000E-3	-8.019805E-3
7.765000E-3	-6.775022E-3
7.770000E-3	-4.666567E-3
7.775000E-3	-1.506627E-3
7.780000E-3	2.266109E-3
7.785000E-3	6.544709E-3
7.790000E-3	1.117015E-2
7.795000E-3	1.559407E-2
7.800000E-3	1.940244E-2
7.805000E-3	2.225667E-2
7.810000E-3	2.425683E-2
7.815000E-3	2.541524E-2
7.820000E-3	2.570039E-2
7.825000E-3	2.523428E-2
7.830000E-3	2.453923E-2
7.835000E-3	2.338630E-2
7.840000E-3	2.202773E-2
7.845000E-3	2.055264E-2
7.850000E-3	1.892400E-2
7.855000E-3	1.716101E-2
7.860000E-3	1.544738E-2
7.865000E-3	1.407784E-2
7.870000E-3	1.250541E-2
7.875000E-3	1.139635E-2
7.880000E-3	1.084250E-2
7.885000E-3	1.031744E-2
7.890000E-3	1.016939E-2
7.895000E-3	9.719729E-3
7.900000E-3	9.191930E-3
7.905000E-3	8.208990E-3
7.910000E-3	6.869614E-3
7.915000E-3	5.657732E-3
7.920000E-3	4.136026E-3
7.925000E-3	2.769232E-3
7.930000E-3	2.037168E-3
7.935000E-3	2.028942E-3
7.940000E-3	2.761006E-3
7.945000E-3	4.348516E-3
7.950000E-3	6.653011E-3
7.955000E-3	9.119272E-3
7.960000E-3	1.193100E-2
7.965000E-3	1.414365E-2
7.970000E-3	1.569688E-2
7.975000E-3	1.701158E-2
7.980000E-3	1.783687E-2
7.985000E-3	1.818645E-2
7.990000E-3	1.813710E-2
7.995000E-3	1.798767E-2
8.000000E-3	1.808363E-2
8.005000E-3	1.769155E-2
8.010000E-3	1.721311E-2
8.015000E-3	1.622194E-2
8.020000E-3	1.528698E-2
8.025000E-3	1.399696E-2
8.030000E-3	1.241082E-2
8.035000E-3	1.063550E-2
8.040000E-3	8.743644E-3
8.045000E-3	7.124603E-3
8.050000E-3	5.631685E-3
8.055000E-3	4.255295E-3
8.060000E-3	3.498554E-3
8.065000E-3	3.066719E-3
8.070000E-3	3.287435E-3
8.075000E-3	4.141510E-3
8.080000E-3	5.697489E-3
8.085000E-3	7.460475E-3
8.090000E-3	9.574413E-3
8.095000E-3	1.209277E-2
8.100000E-3	1.467419E-2
8.105000E-3	1.667982E-2
8.110000E-3	1.826870E-2
8.115000E-3	1.949155E-2
8.120000E-3	2.044982E-2
8.125000E-3	2.101463E-2
8.130000E-3	2.082133E-2
8.135000E-3	2.035797E-2
8.140000E-3	1.944083E-2
8.145000E-3	1.827282E-2
8.150000E-3	1.682377E-2
8.155000E-3	1.510054E-2
8.160000E-3	1.341432E-2
8.165000E-3	1.195705E-2
8.170000E-3	1.064783E-2
8.175000E-3	9.577155E-3
8.180000E-3	8.435190E-3
8.185000E-3	7.502973E-3
8.190000E-3	6.969690E-3
8.195000E-3	6.668091E-3
8.200000E-3	6.387055E-3
8.205000E-3	6.163597E-3
8.210000E-3	6.274641E-3
8.215000E-3	6.461084E-3
8.220000E-3	7.042348E-3
8.225000E-3	8.100688E-3
8.230000E-3	9.451032E-3
8.235000E-3	1.108789E-2
8.240000E-3	1.287830E-2
8.245000E-3	1.471806E-2
8.250000E-3	1.626992E-2
8.255000E-3	1.774228E-2
8.260000E-3	1.874715E-2
8.265000E-3	1.954228E-2
8.270000E-3	1.971775E-2
8.275000E-3	1.936406E-2
8.280000E-3	1.847297E-2
8.285000E-3	1.711714E-2
8.290000E-3	1.559269E-2
8.295000E-3	1.365012E-2
8.300000E-3	1.158965E-2
8.305000E-3	9.840369E-3
8.310000E-3	8.570910E-3
8.315000E-3	7.353544E-3
8.320000E-3	6.254077E-3
8.325000E-3	5.203962E-3
8.330000E-3	4.976392E-3
8.335000E-3	5.061388E-3
8.340000E-3	5.201221E-3
8.345000E-3	5.915463E-3
8.350000E-3	7.061541E-3
8.355000E-3	8.432448E-3
8.360000E-3	1.008302E-2
8.365000E-3	1.155949E-2
8.370000E-3	1.319772E-2
8.375000E-3	1.433146E-2
8.380000E-3	1.520473E-2
8.385000E-3	1.557076E-2
8.390000E-3	1.553649E-2
8.395000E-3	1.528561E-2
8.400000E-3	1.477975E-2
8.405000E-3	1.393938E-2
8.410000E-3	1.279742E-2
8.415000E-3	1.179940E-2
8.420000E-3	1.084387E-2
8.425000E-3	1.021600E-2
8.430000E-3	9.921253E-3
8.435000E-3	9.806097E-3
8.440000E-3	9.616911E-3
8.445000E-3	9.615541E-3
8.450000E-3	9.988427E-3
8.455000E-3	1.053542E-2
8.460000E-3	1.088500E-2
8.465000E-3	1.117289E-2
8.470000E-3	1.134837E-2
8.475000E-3	1.128805E-2
8.480000E-3	1.088637E-2
8.485000E-3	1.025575E-2
8.490000E-3	9.677231E-3
8.495000E-3	9.219348E-3
8.500000E-3	8.868396E-3
8.505000E-3	8.827269E-3
8.510000E-3	9.272814E-3
8.515000E-3	1.001173E-2
8.520000E-3	1.106459E-2
8.525000E-3	1.176786E-2
8.530000E-3	1.260549E-2
8.535000E-3	1.334989E-2
8.540000E-3	1.409018E-2
8.545000E-3	1.485240E-2
8.550000E-3	1.558584E-2
8.555000E-3	1.623428E-2
8.560000E-3	1.704037E-2
8.565000E-3	1.791364E-2
8.570000E-3	1.873893E-2
8.575000E-3	1.909262E-2
8.580000E-3	1.914746E-2
8.585000E-3	1.858264E-2
8.590000E-3	1.788622E-2
8.595000E-3	1.708561E-2
8.600000E-3	1.589292E-2
8.605000E-3	1.466185E-2
8.610000E-3	1.370358E-2
8.615000E-3	1.295781E-2
8.620000E-3	1.246703E-2
8.625000E-3	1.192141E-2
8.630000E-3	1.173908E-2
8.635000E-3	1.190633E-2
8.640000E-3	1.189125E-2
8.645000E-3	1.150465E-2
8.650000E-3	1.087403E-2
8.655000E-3	1.015294E-2
8.660000E-3	9.446919E-3
8.665000E-3	8.749127E-3
8.670000E-3	8.291245E-3
8.675000E-3	8.034885E-3
8.680000E-3	7.656515E-3
8.685000E-3	7.808685E-3
8.690000E-3	8.262455E-3
8.695000E-3	9.095967E-3
8.700000E-3	1.017487E-2
8.705000E-3	1.155263E-2
8.710000E-3	1.305926E-2
8.715000E-3	1.456863E-2
8.720000E-3	1.521158E-2
8.725000E-3	1.541036E-2
8.730000E-3	1.502651E-2
8.735000E-3	1.400930E-2
8.740000E-3	1.270008E-2
8.745000E-3	1.129764E-2
8.750000E-3	9.945929E-3
8.755000E-3	8.446157E-3
8.760000E-3	7.169843E-3
8.765000E-3	6.263673E-3
8.770000E-3	5.815387E-3
8.775000E-3	5.607009E-3
8.780000E-3	5.911350E-3
8.785000E-3	6.473422E-3
8.790000E-3	7.836103E-3
8.795000E-3	9.636104E-3
8.800000E-3	1.168150E-2
8.805000E-3	1.324022E-2
8.810000E-3	1.455629E-2
8.815000E-3	1.515538E-2
8.820000E-3	1.520747E-2
8.825000E-3	1.505530E-2
8.830000E-3	1.470572E-2
8.835000E-3	1.440138E-2
8.840000E-3	1.381874E-2
8.845000E-3	1.345408E-2
8.850000E-3	1.295507E-2
8.855000E-3	1.267266E-2
8.860000E-3	1.229429E-2
8.865000E-3	1.192689E-2
8.870000E-3	1.143748E-2
8.875000E-3	1.083153E-2
8.880000E-3	1.040518E-2
8.885000E-3	1.008576E-2
8.890000E-3	1.012826E-2
8.895000E-3	1.047647E-2
8.900000E-3	1.117426E-2
8.905000E-3	1.197076E-2
8.910000E-3	1.291531E-2
8.915000E-3	1.384068E-2
8.920000E-3	1.477152E-2
8.925000E-3	1.556391E-2
8.930000E-3	1.611775E-2
8.935000E-3	1.657015E-2
8.940000E-3	1.697457E-2
8.945000E-3	1.671684E-2
8.950000E-3	1.630008E-2
8.955000E-3	1.538432E-2
8.960000E-3	1.394349E-2
8.965000E-3	1.265758E-2
8.970000E-3	1.135111E-2
8.975000E-3	1.001996E-2
8.980000E-3	8.847833E-3
8.985000E-3	7.869005E-3
8.990000E-3	7.130086E-3
8.995000E-3	6.536484E-3
9.000000E-3	6.323993E-3
9.005000E-3	6.269157E-3
9.010000E-3	6.762683E-3
9.015000E-3	7.720947E-3
9.020000E-3	8.867025E-3
9.025000E-3	1.012415E-2
9.030000E-3	1.122636E-2
9.035000E-3	1.210922E-2
9.040000E-3	1.273161E-2
9.045000E-3	1.323062E-2
9.050000E-3	1.307845E-2
9.055000E-3	1.316482E-2
9.060000E-3	1.315933E-2
9.065000E-3	1.341569E-2
9.070000E-3	1.335126E-2
9.075000E-3	1.346505E-2
9.080000E-3	1.396132E-2
9.085000E-3	1.436299E-2
9.090000E-3	1.486200E-2
9.095000E-3	1.530755E-2
9.100000E-3	1.538569E-2
9.105000E-3	1.531714E-2
9.110000E-3	1.479894E-2
9.115000E-3	1.400107E-2
9.120000E-3	1.306611E-2
9.125000E-3	1.231074E-2
9.130000E-3	1.128942E-2
9.135000E-3	1.016527E-2
9.140000E-3	9.640217E-3
9.145000E-3	9.159029E-3
9.150000E-3	9.164512E-3
9.155000E-3	9.584010E-3
9.160000E-3	1.010770E-2
9.165000E-3	1.086992E-2
9.170000E-3	1.169384E-2
9.175000E-3	1.252460E-2
9.180000E-3	1.296192E-2
9.185000E-3	1.328546E-2
9.190000E-3	1.348698E-2
9.195000E-3	1.351577E-2
9.200000E-3	1.300305E-2
9.205000E-3	1.278782E-2
9.210000E-3	1.219970E-2
9.215000E-3	1.160610E-2
9.220000E-3	1.120305E-2
9.225000E-3	1.086169E-2
9.230000E-3	1.078081E-2
9.235000E-3	1.081508E-2
9.240000E-3	1.091105E-2
9.245000E-3	1.127434E-2
9.250000E-3	1.149231E-2
9.255000E-3	1.158553E-2
9.260000E-3	1.171303E-2
9.265000E-3	1.164174E-2
9.270000E-3	1.168287E-2
9.275000E-3	1.166093E-2
9.280000E-3	1.181859E-2
9.285000E-3	1.229018E-2
9.290000E-3	1.276451E-2
9.295000E-3	1.326352E-2
9.300000E-3	1.384753E-2
9.305000E-3	1.451790E-2
9.310000E-3	1.535553E-2
9.315000E-3	1.572156E-2
9.320000E-3	1.591760E-2
9.325000E-3	1.625484E-2
9.330000E-3	1.653862E-2
9.335000E-3	1.622331E-2
9.340000E-3	1.566124E-2
9.345000E-3	1.508957E-2
9.350000E-3	1.460016E-2
9.355000E-3	1.391059E-2
9.360000E-3	1.357883E-2
9.365000E-3	1.307708E-2
9.370000E-3	1.266718E-2
9.375000E-3	1.251364E-2
9.380000E-3	1.211333E-2
9.385000E-3	1.175004E-2
9.390000E-3	1.138812E-2
9.395000E-3	1.059985E-2
9.400000E-3	9.766340E-3
9.405000E-3	8.842349E-3
9.410000E-3	7.666111E-3
9.415000E-3	6.615996E-3
9.420000E-3	5.565882E-3
9.425000E-3	4.567862E-3
9.430000E-3	3.998935E-3
9.435000E-3	3.406703E-3
9.440000E-3	3.068089E-3
9.445000E-3	3.159940E-3
9.450000E-3	3.457427E-3
9.455000E-3	4.264891E-3
9.460000E-3	5.308151E-3
9.465000E-3	6.552935E-3
9.470000E-3	7.977307E-3
9.475000E-3	1.012278E-2
9.480000E-3	1.217502E-2
9.485000E-3	1.431090E-2
9.490000E-3	1.621920E-2
9.495000E-3	1.800412E-2
9.500000E-3	1.970130E-2
9.505000E-3	2.096802E-2
9.510000E-3	2.172476E-2
9.515000E-3	2.209765E-2
9.520000E-3	2.210039E-2
9.525000E-3	2.175903E-2
9.530000E-3	2.107495E-2
9.535000E-3	2.018523E-2
9.540000E-3	1.861554E-2
9.545000E-3	1.674563E-2
9.550000E-3	1.443702E-2
9.555000E-3	1.166505E-2
9.560000E-3	9.023309E-3
9.565000E-3	6.548822E-3
9.570000E-3	4.266262E-3
9.575000E-3	2.257884E-3
9.580000E-3	6.676316E-4
9.585000E-3	-1.549125E-4
9.590000E-3	-3.961921E-4
9.595000E-3	-4.647374E-4
9.600000E-3	4.359484E-4
9.605000E-3	1.630008E-3
9.610000E-3	3.157198E-3
9.615000E-3	5.131304E-3
9.620000E-3	7.201374E-3
9.625000E-3	9.296119E-3
9.630000E-3	1.162255E-2
9.635000E-3	1.354045E-2
9.640000E-3	1.522529E-2
9.645000E-3	1.706231E-2
9.650000E-3	1.878005E-2
9.655000E-3	2.020442E-2
9.660000E-3	2.138066E-2
9.665000E-3	2.273786E-2
9.670000E-3	2.372080E-2
9.675000E-3	2.419513E-2
9.680000E-3	2.467769E-2
9.685000E-3	2.475172E-2
9.690000E-3	2.404159E-2
9.695000E-3	2.272004E-2
9.700000E-3	2.120107E-2
9.705000E-3	1.920503E-2
9.710000E-3	1.680732E-2
9.715000E-3	1.429445E-2
9.720000E-3	1.177883E-2
9.725000E-3	9.950042E-3
9.730000E-3	8.012950E-3
9.735000E-3	6.591320E-3
9.740000E-3	5.531609E-3
9.745000E-3	4.619956E-3
9.750000E-3	3.634274E-3
9.755000E-3	3.181875E-3
9.760000E-3	2.507389E-3
9.765000E-3	2.111197E-3
9.770000E-3	2.219498E-3
9.775000E-3	2.289414E-3
9.780000E-3	2.906322E-3
9.785000E-3	3.804266E-3
9.790000E-3	5.362988E-3
9.795000E-3	7.224679E-3
9.800000E-3	9.475708E-3
9.805000E-3	1.190221E-2
9.810000E-3	1.436162E-2
9.815000E-3	1.668394E-2
9.820000E-3	1.851821E-2
9.825000E-3	1.967663E-2
9.830000E-3	2.050191E-2
9.835000E-3	2.118599E-2
9.840000E-3	2.150542E-2
9.845000E-3	2.121753E-2
9.850000E-3	2.041006E-2
9.855000E-3	1.942575E-2
9.860000E-3	1.797122E-2
9.865000E-3	1.657563E-2
9.870000E-3	1.496893E-2
9.875000E-3	1.303595E-2
9.880000E-3	1.101798E-2
9.885000E-3	8.968472E-3
9.890000E-3	6.966949E-3
9.895000E-3	5.180657E-3
9.900000E-3	3.483474E-3
9.905000E-3	2.063215E-3
9.910000E-3	1.178980E-3
9.915000E-3	8.732677E-4
9.920000E-3	1.273572E-3
9.925000E-3	2.241433E-3
9.930000E-3	3.893375E-3
9.935000E-3	5.904496E-3
9.940000E-3	8.049965E-3
9.945000E-3	1.082742E-2
9.950000E-3	1.322651E-2
9.955000E-3	1.529658E-2
9.960000E-3	1.698554E-2
9.965000E-3	1.854563E-2
9.970000E-3	1.956695E-2
9.975000E-3	2.012354E-2
9.980000E-3	2.047038E-2
9.985000E-3	2.043611E-2
9.990000E-3	2.016467E-2
9.995000E-3	1.958203E-2
