0.000000E+0	-2.399087E-4
5.000000E-6	-2.618432E-4
1.000000E-5	-2.549887E-4
1.500000E-5	-2.673268E-4
2.000000E-5	-3.728867E-4
2.500000E-5	-2.714396E-4
3.000000E-5	-2.385378E-4
3.500000E-5	-1.398325E-4
4.000000E-5	4.249811E-5
4.500000E-5	-1.699924E-4
5.000000E-5	-2.042651E-4
5.500000E-5	-4.030466E-4
6.000000E-5	-4.194975E-4
6.500000E-5	-3.975630E-4
7.000000E-5	-2.755523E-4
7.500000E-5	-1.905560E-4
8.000000E-5	-1.261234E-4
8.500000E-5	-1.782179E-4
9.000000E-5	-2.248287E-4
9.500000E-5	-2.440214E-4
1.000000E-4	-2.207160E-4
1.050000E-4	-2.481341E-4
1.100000E-4	-3.482103E-4
1.150000E-4	-3.386140E-4
1.200000E-4	-2.495050E-4
1.250000E-4	-2.467632E-4
1.300000E-4	-3.180504E-4
1.350000E-4	-1.521707E-4
1.400000E-4	-3.249049E-4
1.450000E-4	-3.564358E-4
1.500000E-4	-3.029704E-4
1.550000E-4	-2.645850E-4
1.600000E-4	-4.222393E-4
1.650000E-4	-3.166795E-4
1.700000E-4	-3.084540E-4
1.750000E-4	-3.482103E-4
1.800000E-4	-2.933741E-4
1.850000E-4	-3.098249E-4
1.900000E-4	-2.412796E-4
1.950000E-4	-1.316071E-4
2.000000E-4	-1.425743E-4
2.050000E-4	-1.809597E-4
2.100000E-4	-4.976392E-4
2.150000E-4	-5.840063E-4
2.200000E-4	-2.837777E-4
2.250000E-4	-1.672506E-4
2.300000E-4	-1.370907E-4
2.350000E-4	-1.521707E-4
2.400000E-4	-1.960397E-4
2.450000E-4	-4.482865E-4
2.500000E-4	-4.948974E-4
2.550000E-4	-4.249811E-4
2.600000E-4	-3.578067E-4
2.650000E-4	-5.086064E-4
2.700000E-4	-3.440976E-4
2.750000E-4	-3.578067E-4
2.800000E-4	-2.453923E-4
2.850000E-4	-7.402897E-5
2.900000E-4	-8.225441E-6
2.950000E-4	-1.096725E-4
3.000000E-4	-1.617670E-4
3.050000E-4	-2.193451E-4
3.100000E-4	-9.459257E-5
3.150000E-4	-1.562834E-4
3.200000E-4	-2.399087E-4
3.250000E-4	-3.811121E-4
3.300000E-4	-4.153848E-4
3.350000E-4	-3.660321E-4
3.400000E-4	-2.467632E-4
3.450000E-4	-1.398325E-4
3.500000E-4	-3.660321E-4
3.550000E-4	-2.892613E-4
3.600000E-4	-2.399087E-4
3.650000E-4	-2.001524E-4
3.700000E-4	-2.728105E-4
3.750000E-4	-4.044175E-4
3.800000E-4	-4.167557E-4
3.850000E-4	-3.249049E-4
3.900000E-4	-3.125668E-4
3.950000E-4	-3.111959E-4
4.000000E-4	-4.167557E-4
4.050000E-4	-3.660321E-4
4.100000E-4	-3.235340E-4
4.150000E-4	-2.782941E-4
4.200000E-4	-1.850724E-4
4.250000E-4	-1.562834E-4
4.300000E-4	-4.208684E-4
4.350000E-4	-3.454685E-4
4.400000E-4	-2.261996E-4
4.450000E-4	-2.440214E-4
4.500000E-4	-2.261996E-4
4.550000E-4	-2.467632E-4
4.600000E-4	-3.715158E-4
4.650000E-4	-3.166795E-4
4.700000E-4	-2.056360E-4
4.750000E-4	-1.905560E-4
4.800000E-4	-2.700686E-4
4.850000E-4	-3.509521E-4
4.900000E-4	-3.660321E-4
4.950000E-4	-4.770756E-4
5.000000E-4	-3.728867E-4
5.050000E-4	-4.085302E-4
5.100000E-4	-3.317595E-4
5.150000E-4	-4.729629E-4
5.200000E-4	-4.428029E-4
5.250000E-4	-3.811121E-4
5.300000E-4	-5.140901E-4
5.350000E-4	-5.483627E-4
5.400000E-4	-2.810359E-4
5.450000E-4	-5.346537E-5
5.500000E-4	-1.124144E-4
5.550000E-4	-1.713634E-4
5.600000E-4	-2.728105E-4
5.650000E-4	-4.866719E-4
5.700000E-4	-5.127192E-4
5.750000E-4	-3.742576E-4
5.800000E-4	-2.686977E-4
5.850000E-4	-2.591014E-4
5.900000E-4	-5.140901E-4
5.950000E-4	-4.236102E-4
6.000000E-4	-1.741052E-4
6.050000E-4	-2.261996E-4
6.100000E-4	-2.536178E-4
6.150000E-4	-2.453923E-4
6.200000E-4	-3.756285E-4
6.250000E-4	-4.565120E-4
6.300000E-4	-3.454685E-4
6.350000E-4	-4.853010E-4
6.400000E-4	-3.742576E-4
6.450000E-4	-2.974868E-4
6.500000E-4	-2.741814E-4
6.550000E-4	-3.495812E-4
6.600000E-4	-2.481341E-4
6.650000E-4	-6.580353E-5
6.700000E-4	-3.029704E-4
6.750000E-4	-3.564358E-4
6.800000E-4	-4.386902E-4
6.850000E-4	-5.593300E-4
6.900000E-4	-4.071593E-4
6.950000E-4	-3.427267E-4
7.000000E-4	-3.207922E-4
7.050000E-4	-4.633665E-4
7.100000E-4	-5.182028E-4
7.150000E-4	-4.633665E-4
7.200000E-4	-4.894137E-4
7.250000E-4	-3.674030E-4
7.300000E-4	-2.837777E-4
7.350000E-4	-3.701448E-4
7.400000E-4	-3.276467E-4
7.450000E-4	-3.536940E-4
7.500000E-4	-4.112720E-4
7.550000E-4	-4.277229E-4
7.600000E-4	-3.811121E-4
7.650000E-4	-3.345013E-4
7.700000E-4	-3.194213E-4
7.750000E-4	-2.549887E-4
7.800000E-4	-2.577305E-4
7.850000E-4	-4.907846E-4
7.900000E-4	-4.565120E-4
7.950000E-4	-3.290176E-4
8.000000E-4	-1.672506E-4
8.050000E-4	-3.797412E-4
8.100000E-4	-3.660321E-4
8.150000E-4	-3.180504E-4
8.200000E-4	-4.318357E-4
8.250000E-4	-4.318357E-4
8.300000E-4	-5.360246E-4
8.350000E-4	-5.552173E-4
8.400000E-4	-5.675554E-4
8.450000E-4	-4.455447E-4
8.500000E-4	-3.015995E-4
8.550000E-4	-2.536178E-4
8.600000E-4	-3.221631E-4
8.650000E-4	-2.440214E-4
8.700000E-4	-4.482865E-4
8.750000E-4	-2.892613E-4
8.800000E-4	-1.823306E-4
8.850000E-4	-1.645088E-4
8.900000E-4	-2.097487E-4
8.950000E-4	-1.590252E-4
9.000000E-4	-3.619194E-4
9.050000E-4	-3.961921E-4
9.100000E-4	-4.619956E-4
9.150000E-4	-4.153848E-4
9.200000E-4	-3.043413E-4
9.250000E-4	-3.523231E-4
9.300000E-4	-3.907084E-4
9.350000E-4	-4.606247E-4
9.400000E-4	-4.318357E-4
9.450000E-4	-2.261996E-4
9.500000E-4	-3.386140E-4
9.550000E-4	-5.744100E-4
9.600000E-4	-2.920032E-4
9.650000E-4	-6.265044E-4
9.700000E-4	-5.305409E-4
9.750000E-4	-3.907084E-4
9.800000E-4	-2.782941E-4
9.850000E-4	-3.262758E-4
9.900000E-4	-4.853010E-4
9.950000E-4	-2.947450E-4
1.000000E-3	-2.796650E-4
1.005000E-3	-4.784465E-4
1.010000E-3	-4.194975E-4
1.015000E-3	-4.373193E-4
1.020000E-3	-3.769994E-4
1.025000E-3	-4.345775E-4
1.030000E-3	-2.865195E-4
1.035000E-3	-3.687739E-4
1.040000E-3	-3.043413E-4
1.045000E-3	-2.193451E-4
1.050000E-3	-1.672506E-4
1.055000E-3	-3.153086E-4
1.060000E-3	-3.852248E-4
1.065000E-3	-5.552173E-4
1.070000E-3	-5.757809E-4
1.075000E-3	-4.249811E-4
1.080000E-3	-5.250573E-4
1.085000E-3	-4.578829E-4
1.090000E-3	-3.084540E-4
1.095000E-3	-3.029704E-4
1.100000E-3	-3.276467E-4
1.105000E-3	-3.989339E-4
1.110000E-3	-4.414320E-4
1.115000E-3	-3.756285E-4
1.120000E-3	-5.305409E-4
1.125000E-3	-2.974868E-4
1.130000E-3	-3.715158E-4
1.135000E-3	-2.399087E-4
1.140000E-3	-3.660321E-4
1.145000E-3	-4.688501E-4
1.150000E-3	-5.387664E-4
1.155000E-3	-5.209446E-4
1.160000E-3	-2.851486E-4
1.165000E-3	-3.358722E-4
1.170000E-3	-4.167557E-4
1.175000E-3	-5.415082E-4
1.180000E-3	-5.826354E-4
1.185000E-3	-5.072355E-4
1.190000E-3	-3.975630E-4
1.195000E-3	-3.578067E-4
1.200000E-3	-3.674030E-4
1.205000E-3	-4.057884E-4
1.210000E-3	-3.098249E-4
1.215000E-3	-2.686977E-4
1.220000E-3	-1.795888E-4
1.225000E-3	-2.166033E-4
1.230000E-3	-2.357960E-4
1.235000E-3	-4.633665E-4
1.240000E-3	-3.632903E-4
1.245000E-3	-4.236102E-4
1.250000E-3	-3.934503E-4
1.255000E-3	-4.030466E-4
1.260000E-3	-2.632141E-4
1.265000E-3	-3.591776E-4
1.270000E-3	-3.948212E-4
1.275000E-3	-4.414320E-4
1.280000E-3	-2.974868E-4
1.285000E-3	-2.563596E-4
1.290000E-3	-2.728105E-4
1.295000E-3	-3.948212E-4
1.300000E-3	-3.482103E-4
1.305000E-3	-4.866719E-4
1.310000E-3	-4.729629E-4
1.315000E-3	-3.290176E-4
1.320000E-3	-2.275705E-4
1.325000E-3	-2.755523E-4
1.330000E-3	-4.757047E-4
1.335000E-3	-4.880428E-4
1.340000E-3	-4.510283E-4
1.345000E-3	-4.208684E-4
1.350000E-3	-5.511045E-4
1.355000E-3	-5.661845E-4
1.360000E-3	-5.140901E-4
1.365000E-3	-4.373193E-4
1.370000E-3	-5.195737E-4
1.375000E-3	-3.934503E-4
1.380000E-3	-2.549887E-4
1.385000E-3	-2.508759E-4
1.390000E-3	-3.468394E-4
1.395000E-3	-2.536178E-4
1.400000E-3	-4.167557E-4
1.405000E-3	-4.167557E-4
1.410000E-3	-3.578067E-4
1.415000E-3	-3.783703E-4
1.420000E-3	-4.757047E-4
1.425000E-3	-3.249049E-4
1.430000E-3	-2.385378E-4
1.435000E-3	-4.537702E-4
1.440000E-3	-4.359484E-4
1.445000E-3	-3.907084E-4
1.450000E-3	-4.030466E-4
1.455000E-3	-4.400611E-4
1.460000E-3	-3.331304E-4
1.465000E-3	-2.453923E-4
1.470000E-3	-3.276467E-4
1.475000E-3	-3.399849E-4
1.480000E-3	-2.837777E-4
1.485000E-3	-3.002286E-4
1.490000E-3	-1.878142E-4
1.495000E-3	-3.605485E-4
1.500000E-3	-3.386140E-4
1.505000E-3	-4.112720E-4
1.510000E-3	-4.825592E-4
1.515000E-3	-5.319118E-4
1.520000E-3	-5.127192E-4
1.525000E-3	-4.359484E-4
1.530000E-3	-4.469156E-4
1.535000E-3	-3.824830E-4
1.540000E-3	-4.373193E-4
1.545000E-3	-4.332066E-4
1.550000E-3	-2.316833E-4
1.555000E-3	-2.166033E-4
1.560000E-3	-2.851486E-4
1.565000E-3	-3.290176E-4
1.570000E-3	-1.576543E-4
1.575000E-3	-2.974868E-4
1.580000E-3	-4.016757E-4
1.585000E-3	-2.947450E-4
1.590000E-3	-2.289414E-4
1.595000E-3	-1.960397E-4
1.600000E-3	-2.316833E-4
1.605000E-3	-3.701448E-4
1.610000E-3	-3.948212E-4
1.615000E-3	-3.578067E-4
1.620000E-3	-4.811883E-4
1.625000E-3	-4.853010E-4
1.630000E-3	-3.907084E-4
1.635000E-3	-2.124906E-4
1.640000E-3	-4.647374E-4
1.645000E-3	-4.839301E-4
1.650000E-3	-4.222393E-4
1.655000E-3	-4.016757E-4
1.660000E-3	-2.824068E-4
1.665000E-3	-1.343489E-4
1.670000E-3	-3.221631E-4
1.675000E-3	-3.783703E-4
1.680000E-3	-2.330542E-4
1.685000E-3	-3.207922E-4
1.690000E-3	-2.796650E-4
1.695000E-3	-3.180504E-4
1.700000E-3	-4.057884E-4
1.705000E-3	-5.346537E-4
1.710000E-3	-5.922318E-4
1.715000E-3	-3.975630E-4
1.720000E-3	-3.797412E-4
1.725000E-3	-3.701448E-4
1.730000E-3	-3.002286E-4
1.735000E-3	-4.455447E-4
1.740000E-3	-3.331304E-4
1.745000E-3	-2.097487E-4
1.750000E-3	-2.906322E-4
1.755000E-3	-3.125668E-4
1.760000E-3	-1.823306E-4
1.765000E-3	-3.865957E-4
1.770000E-3	-4.386902E-4
1.775000E-3	-2.577305E-4
1.780000E-3	-2.563596E-4
1.785000E-3	-2.892613E-4
1.790000E-3	-4.112720E-4
1.795000E-3	-2.988577E-4
1.800000E-3	-2.070069E-4
1.805000E-3	-2.316833E-4
1.810000E-3	-3.207922E-4
1.815000E-3	-4.400611E-4
1.820000E-3	-3.824830E-4
1.825000E-3	-3.399849E-4
1.830000E-3	-3.728867E-4
1.835000E-3	-5.113482E-4
1.840000E-3	-4.085302E-4
1.845000E-3	-2.275705E-4
1.850000E-3	-3.111959E-4
1.855000E-3	-3.783703E-4
1.860000E-3	-2.179742E-4
1.865000E-3	-3.043413E-4
1.870000E-3	-3.591776E-4
1.875000E-3	-4.304647E-4
1.880000E-3	-4.523993E-4
1.885000E-3	-3.769994E-4
1.890000E-3	-2.536178E-4
1.895000E-3	-1.590252E-4
1.900000E-3	-2.220869E-4
1.905000E-3	-2.440214E-4
1.910000E-3	-3.536940E-4
1.915000E-3	-2.933741E-4
1.920000E-3	-2.728105E-4
1.925000E-3	-4.181266E-4
1.930000E-3	-3.070831E-4
1.935000E-3	-2.234578E-4
1.940000E-3	-3.386140E-4
1.945000E-3	-3.509521E-4
1.950000E-3	-3.934503E-4
1.955000E-3	-4.469156E-4
1.960000E-3	-4.565120E-4
1.965000E-3	-2.728105E-4
1.970000E-3	-3.153086E-5
1.975000E-3	-2.179742E-4
1.980000E-3	-3.454685E-4
1.985000E-3	-4.126430E-4
1.990000E-3	-5.648136E-4
1.995000E-3	-3.619194E-4
2.000000E-3	-2.974868E-4
2.005000E-3	-2.604723E-4
2.010000E-3	-7.677078E-5
2.015000E-3	-1.480579E-4
2.020000E-3	-2.508759E-4
2.025000E-3	-3.098249E-4
2.030000E-3	-3.057122E-4
2.035000E-3	-3.098249E-4
2.040000E-3	-1.206398E-4
2.045000E-3	-8.362532E-5
2.050000E-3	-4.702210E-4
2.055000E-3	-4.332066E-4
2.060000E-3	-4.702210E-4
2.065000E-3	-3.372431E-4
2.070000E-3	-4.085302E-4
2.075000E-3	-3.345013E-4
2.080000E-3	-3.345013E-4
2.085000E-3	-3.632903E-4
2.090000E-3	-3.742576E-4
2.095000E-3	-2.920032E-4
2.100000E-3	-3.468394E-4
2.105000E-3	-2.275705E-4
2.110000E-3	-2.824068E-4
2.115000E-3	-3.317595E-4
2.120000E-3	-1.274943E-4
2.125000E-3	-2.440214E-4
2.130000E-3	-3.015995E-4
2.135000E-3	-4.194975E-4
2.140000E-3	-4.455447E-4
2.145000E-3	-3.536940E-4
2.150000E-3	-2.371669E-4
2.155000E-3	-2.453923E-4
2.160000E-3	-4.249811E-4
2.165000E-3	-1.864433E-4
2.170000E-3	-1.686215E-4
2.175000E-3	-4.332066E-4
2.180000E-3	-5.264282E-4
2.185000E-3	-3.934503E-4
2.190000E-3	-3.413558E-4
2.195000E-3	-4.674792E-4
2.200000E-3	-4.948974E-4
2.205000E-3	-3.303885E-4
2.210000E-3	-3.907084E-4
2.215000E-3	-3.440976E-4
2.220000E-3	-4.619956E-4
2.225000E-3	-5.702972E-4
2.230000E-3	-3.550649E-4
2.235000E-3	-2.166033E-4
2.240000E-3	-3.728867E-4
2.245000E-3	-4.194975E-4
2.250000E-3	-2.303123E-4
2.255000E-3	-2.632141E-4
2.260000E-3	-3.578067E-4
2.265000E-3	-4.606247E-4
2.270000E-3	-4.194975E-4
2.275000E-3	-3.057122E-4
2.280000E-3	-3.262758E-4
2.285000E-3	-3.180504E-4
2.290000E-3	-2.152324E-4
2.295000E-3	-3.386140E-4
2.300000E-3	-2.906322E-4
2.305000E-3	-3.290176E-4
2.310000E-3	-4.551411E-4
2.315000E-3	-2.686977E-4
2.320000E-3	-2.810359E-4
2.325000E-3	-1.878142E-4
2.330000E-3	-1.466870E-4
2.335000E-3	-2.275705E-4
2.340000E-3	-2.755523E-4
2.345000E-3	-2.467632E-4
2.350000E-3	-3.358722E-4
2.355000E-3	-3.386140E-4
2.360000E-3	-4.894137E-4
2.365000E-3	-3.345013E-4
2.370000E-3	-6.690025E-4
2.375000E-3	-2.083778E-4
2.380000E-3	-6.950498E-4
2.385000E-3	-1.096725E-4
2.390000E-3	-8.006096E-4
2.395000E-3	1.000762E-4
2.400000E-3	-1.054227E-3
2.405000E-3	2.426505E-4
2.410000E-3	-1.263976E-3
2.415000E-3	5.346537E-4
2.420000E-3	-1.805484E-3
2.425000E-3	1.110435E-3
2.430000E-3	-1.872659E-3
2.435000E-3	1.820564E-3
2.440000E-3	-2.925515E-3
2.445000E-3	2.815843E-3
2.450000E-3	-4.481494E-3
2.455000E-3	4.791319E-3
2.460000E-3	-2.079666E-3
2.465000E-3	4.605150E-2
2.470000E-3	-8.931321E-2
2.475000E-3	-2.381786E-1
2.480000E-3	-2.014616E-1
2.485000E-3	-2.185692E-1
2.490000E-3	-1.457452E-1
2.495000E-3	2.787328E-2
2.500000E-3	1.959396E-1
2.505000E-3	6.147420E-1
2.510000E-3	1.939203E-1
2.515000E-3	-3.188921E-1
2.520000E-3	2.265753E-1
2.525000E-3	1.356636E-1
2.530000E-3	-2.483425E-1
2.535000E-3	3.192801E-1
2.540000E-3	1.674686E-1
2.545000E-3	-3.525630E-1
2.550000E-3	1.539940E-1
2.555000E-3	7.384115E-2
2.560000E-3	-3.798879E-1
2.565000E-3	2.118928E-1
2.570000E-3	1.441138E-1
2.575000E-3	-4.361321E-1
2.580000E-3	8.391321E-2
2.585000E-3	1.842115E-1
2.590000E-3	-4.136602E-1
2.595000E-3	2.021539E-2
2.600000E-3	3.075451E-1
2.605000E-3	-2.060925E-1
2.610000E-3	-1.703626E-2
2.615000E-3	3.055683E-1
2.620000E-3	-1.160432E-1
2.625000E-3	-8.705670E-2
2.630000E-3	2.254909E-1
2.635000E-3	-1.651134E-1
2.640000E-3	-1.182695E-1
2.645000E-3	3.221261E-1
2.650000E-3	-6.601602E-2
2.655000E-3	-2.523894E-1
2.660000E-3	1.411445E-1
2.665000E-3	-1.147463E-1
2.670000E-3	-2.550586E-1
2.675000E-3	1.719542E-1
2.680000E-3	4.074061E-2
2.685000E-3	-1.654685E-1
2.690000E-3	1.441029E-1
2.695000E-3	5.616331E-2
2.700000E-3	-1.292326E-1
2.705000E-3	1.450872E-1
2.710000E-3	5.900657E-2
2.715000E-3	-1.583109E-1
2.720000E-3	1.418656E-1
2.725000E-3	1.659017E-1
2.730000E-3	-1.620919E-1
2.735000E-3	1.592857E-2
2.740000E-3	1.642319E-1
2.745000E-3	-8.205014E-2
2.750000E-3	-8.346081E-2
2.755000E-3	4.104221E-2
2.760000E-3	-4.012918E-2
2.765000E-3	-5.082363E-2
2.770000E-3	6.616271E-2
2.775000E-3	-6.171823E-3
2.780000E-3	-5.640459E-2
2.785000E-3	6.092721E-2
2.790000E-3	-3.076315E-2
2.795000E-3	-8.801085E-2
2.800000E-3	1.230471E-1
2.805000E-3	3.919148E-2
2.810000E-3	-7.043445E-2
2.815000E-3	7.289523E-2
2.820000E-3	-2.428973E-2
2.825000E-3	-1.351673E-1
2.830000E-3	3.816330E-2
2.835000E-3	1.094258E-2
2.840000E-3	-9.526706E-2
2.845000E-3	5.418509E-2
2.850000E-3	1.995218E-2
2.855000E-3	-1.228346E-1
2.860000E-3	4.186887E-2
2.865000E-3	9.393179E-2
2.870000E-3	-9.000552E-2
2.875000E-3	-1.052719E-2
2.880000E-3	6.748700E-2
2.885000E-3	-6.565684E-2
2.890000E-3	-1.555842E-2
2.895000E-3	6.571990E-2
2.900000E-3	-1.664144E-2
2.905000E-3	9.301603E-3
2.910000E-3	7.530391E-2
2.915000E-3	-1.205027E-3
2.920000E-3	1.137853E-3
2.925000E-3	5.041373E-2
2.930000E-3	-3.022712E-2
2.935000E-3	-1.870328E-2
2.940000E-3	7.944405E-2
2.945000E-3	4.953086E-3
2.950000E-3	-3.125256E-2
2.955000E-3	3.408897E-2
2.960000E-3	-2.336985E-2
2.965000E-3	-6.853300E-2
2.970000E-3	-4.097778E-2
2.975000E-3	-6.902790E-2
2.980000E-3	-3.626049E-2
2.985000E-3	6.345379E-2
2.990000E-3	3.067952E-2
2.995000E-3	-2.836406E-3
3.000000E-3	5.861038E-2
3.005000E-3	1.736253E-2
3.010000E-3	-5.518997E-2
3.015000E-3	-6.211579E-3
3.020000E-3	1.791364E-2
3.025000E-3	-3.290588E-2
3.030000E-3	-5.179286E-3
3.035000E-3	2.630633E-2
3.040000E-3	-3.566277E-2
3.045000E-3	-2.515203E-2
3.050000E-3	3.922850E-2
3.055000E-3	-7.383704E-3
3.060000E-3	-3.089339E-2
3.065000E-3	3.342271E-2
3.070000E-3	8.792996E-3
3.075000E-3	-4.231715E-2
3.080000E-3	2.235401E-2
3.085000E-3	2.619803E-2
3.090000E-3	-3.370100E-2
3.095000E-3	2.088439E-2
3.100000E-3	2.854639E-2
3.105000E-3	-3.575873E-2
3.110000E-3	1.880610E-2
3.115000E-3	6.449980E-2
3.120000E-3	-7.361770E-3
3.125000E-3	-3.560245E-3
3.130000E-3	3.046155E-2
3.135000E-3	-3.331989E-2
3.140000E-3	-2.282560E-2
3.145000E-3	1.915020E-2
3.150000E-3	-4.869187E-2
3.155000E-3	-4.519743E-2
3.160000E-3	2.417320E-2
3.165000E-3	-3.015995E-3
3.170000E-3	-8.056819E-3
3.175000E-3	4.563749E-2
3.180000E-3	4.813254E-3
3.185000E-3	-2.509719E-2
3.190000E-3	1.254380E-2
3.195000E-3	-3.259194E-2
3.200000E-3	-4.299849E-2
3.205000E-3	3.329521E-2
3.210000E-3	7.959485E-3
3.215000E-3	-1.492780E-2
3.220000E-3	3.877473E-2
3.225000E-3	9.751260E-3
3.230000E-3	-2.141356E-2
3.235000E-3	1.774228E-2
3.240000E-3	-1.162529E-3
3.245000E-3	-3.196955E-2
3.250000E-3	4.256666E-3
3.255000E-3	-6.854534E-5
3.260000E-3	-5.129248E-2
3.265000E-3	-3.333634E-2
3.270000E-3	2.327800E-3
3.275000E-3	-1.067936E-3
3.280000E-3	1.168972E-2
3.285000E-3	1.979178E-2
3.290000E-3	1.363367E-2
3.295000E-3	3.110039E-2
3.300000E-3	3.131288E-2
3.305000E-3	9.472966E-3
3.310000E-3	2.889049E-2
3.315000E-3	4.453254E-2
3.320000E-3	-2.270222E-3
3.325000E-3	-1.302361E-2
3.330000E-3	2.255005E-2
3.335000E-3	-1.261234E-3
3.340000E-3	-2.749354E-2
3.345000E-3	-4.111350E-3
3.350000E-3	-4.692614E-3
3.355000E-3	-2.019072E-2
3.360000E-3	-6.568015E-3
3.365000E-3	-1.372278E-3
3.370000E-3	-1.383656E-2
3.375000E-3	1.898706E-3
3.380000E-3	1.590937E-2
3.385000E-3	1.018584E-3
3.390000E-3	3.997564E-3
3.395000E-3	1.364601E-2
3.400000E-3	1.152933E-3
3.405000E-3	2.024829E-3
3.410000E-3	1.065606E-2
3.415000E-3	2.436101E-3
3.420000E-3	-5.442500E-3
3.425000E-3	-4.619956E-3
3.430000E-3	-8.051336E-3
3.435000E-3	-9.261847E-3
3.440000E-3	-1.166505E-2
3.445000E-3	-3.401905E-2
3.450000E-3	-3.810161E-2
3.455000E-3	-1.613694E-2
3.460000E-3	-1.184189E-2
3.465000E-3	-8.400917E-3
3.470000E-3	6.465197E-3
3.475000E-3	7.368624E-3
3.480000E-3	8.669615E-3
3.485000E-3	9.301603E-3
3.490000E-3	-1.616299E-3
3.495000E-3	1.314700E-3
3.500000E-3	1.153481E-2
3.505000E-3	-1.294136E-3
3.510000E-3	-5.291700E-3
3.515000E-3	4.565120E-3
3.520000E-3	-3.575325E-3
3.525000E-3	-6.260931E-3
3.530000E-3	2.811730E-3
3.535000E-3	9.117901E-3
3.540000E-3	1.407236E-2
3.545000E-3	8.998632E-3
3.550000E-3	-5.120337E-3
3.555000E-3	-9.716988E-3
3.560000E-3	-2.253771E-3
3.565000E-3	-1.150191E-3
3.570000E-3	-4.555523E-3
3.575000E-3	3.682256E-3
3.580000E-3	7.191777E-3
3.585000E-3	6.777763E-3
3.590000E-3	2.092278E-2
3.595000E-3	3.006262E-2
3.600000E-3	2.315187E-2
3.605000E-3	1.025575E-2
3.610000E-3	-4.236102E-3
3.615000E-3	-1.326901E-2
3.620000E-3	-1.885545E-2
3.625000E-3	-1.831120E-2
3.630000E-3	-1.168972E-2
3.635000E-3	-1.450282E-2
3.640000E-3	-1.968759E-2
3.645000E-3	-1.482224E-2
3.650000E-3	-1.390922E-2
3.655000E-3	-1.112765E-2
3.660000E-3	-4.129171E-3
3.665000E-3	4.197717E-3
3.670000E-3	9.529173E-3
3.675000E-3	8.435190E-3
3.680000E-3	1.622742E-2
3.685000E-3	2.929902E-2
3.690000E-3	2.842987E-2
3.695000E-3	2.429521E-2
3.700000E-3	1.781356E-2
3.705000E-3	3.270984E-3
3.710000E-3	-8.396804E-3
3.715000E-3	-1.228058E-2
3.720000E-3	-5.023003E-3
3.725000E-3	2.713025E-3
3.730000E-3	-1.113588E-2
3.735000E-3	-2.764845E-2
3.740000E-3	-2.204281E-2
3.745000E-3	-2.125043E-2
3.750000E-3	-2.116132E-2
3.755000E-3	2.473116E-3
3.760000E-3	1.732415E-2
3.765000E-3	1.319498E-2
3.770000E-3	1.912004E-2
3.775000E-3	2.390039E-2
3.780000E-3	5.579591E-3
3.785000E-3	-7.515311E-3
3.790000E-3	-2.314091E-3
3.795000E-3	-8.961618E-3
3.800000E-3	-1.207769E-2
3.805000E-3	4.234731E-3
3.810000E-3	-2.649963E-3
3.815000E-3	-1.795888E-2
3.820000E-3	-9.496272E-3
3.825000E-3	-1.069444E-2
3.830000E-3	-2.173299E-2
3.835000E-3	-1.251090E-2
3.840000E-3	-7.223308E-3
3.845000E-3	-1.348287E-2
3.850000E-3	-3.624678E-3
3.855000E-3	9.093225E-3
3.860000E-3	8.056819E-3
3.865000E-3	1.106322E-2
3.870000E-3	1.723915E-2
3.875000E-3	9.279668E-3
3.880000E-3	-9.267330E-4
3.885000E-3	3.153086E-5
3.890000E-3	-5.977154E-3
3.895000E-3	-1.129353E-2
3.900000E-3	7.130086E-3
3.905000E-3	1.168972E-2
3.910000E-3	-3.935874E-3
3.915000E-3	7.238388E-4
3.920000E-3	4.911959E-3
3.925000E-3	-4.710436E-3
3.930000E-3	-1.040518E-3
3.935000E-3	7.572889E-3
3.940000E-3	4.332066E-3
3.945000E-3	1.266718E-3
3.950000E-3	1.110435E-4
3.955000E-3	-6.155372E-3
3.960000E-3	-4.274487E-3
3.965000E-3	2.769232E-4
3.970000E-3	-4.578829E-4
3.975000E-3	5.894899E-3
3.980000E-3	7.919729E-3
3.985000E-3	-3.166795E-4
3.990000E-3	-2.566338E-3
3.995000E-3	-2.626657E-3
4.000000E-3	-3.742576E-3
4.005000E-3	-1.909673E-3
4.010000E-3	-2.703428E-3
4.015000E-3	-3.269613E-3
4.020000E-3	-3.074944E-3
4.025000E-3	-1.069993E-2
4.030000E-3	-1.436025E-2
4.035000E-3	-5.236864E-3
4.040000E-3	-1.773953E-3
4.045000E-3	-3.287435E-3
4.050000E-3	4.987359E-3
4.055000E-3	1.251364E-2
4.060000E-3	1.361173E-2
4.065000E-3	1.628226E-2
4.070000E-3	1.248896E-2
4.075000E-3	1.606703E-3
4.080000E-3	-1.990557E-3
4.085000E-3	1.919270E-3
4.090000E-3	4.146993E-3
4.095000E-3	4.077077E-3
4.100000E-3	1.209140E-3
4.105000E-3	-5.698860E-3
4.110000E-3	-9.729326E-3
4.115000E-3	-7.189035E-3
4.120000E-3	-6.570756E-3
4.125000E-3	-6.158113E-3
4.130000E-3	-9.185076E-5
4.135000E-3	3.506780E-3
4.140000E-3	1.279056E-3
4.145000E-3	1.614928E-3
4.150000E-3	3.693223E-3
4.155000E-3	1.157045E-3
4.160000E-3	1.294136E-3
4.165000E-3	6.939530E-3
4.170000E-3	8.088350E-3
4.175000E-3	2.257884E-3
4.180000E-3	-4.928410E-3
4.185000E-3	-1.209140E-2
4.190000E-3	-1.503474E-2
4.195000E-3	-7.330239E-3
4.200000E-3	-4.260778E-3
4.205000E-3	-1.005834E-2
4.210000E-3	-4.820108E-3
4.215000E-3	1.639605E-3
4.220000E-3	-6.525517E-4
4.225000E-3	5.342424E-3
4.230000E-3	1.369810E-2
4.235000E-3	9.334505E-3
4.240000E-3	5.228639E-3
4.245000E-3	3.291547E-3
4.250000E-3	-7.936180E-3
4.255000E-3	-1.451927E-2
4.260000E-3	-5.997717E-3
4.265000E-3	3.774107E-3
4.270000E-3	1.467693E-2
4.275000E-3	2.674091E-2
4.280000E-3	2.564418E-2
4.285000E-3	1.408195E-2
4.290000E-3	8.527040E-4
4.295000E-3	-1.443839E-2
4.300000E-3	-2.061433E-2
4.305000E-3	-1.351577E-2
4.310000E-3	-9.520948E-3
4.315000E-3	-9.305716E-3
4.320000E-3	-2.159178E-3
4.325000E-3	-1.576543E-4
4.330000E-3	-4.364967E-3
4.335000E-3	-2.360702E-3
4.340000E-3	1.728714E-3
4.345000E-3	3.072202E-3
4.350000E-3	3.355980E-3
4.355000E-3	1.192689E-4
4.360000E-3	-4.899621E-3
4.365000E-3	-3.324449E-3
4.370000E-3	3.509521E-4
4.375000E-3	-5.963445E-4
4.380000E-3	1.942575E-3
4.385000E-3	4.500687E-3
4.390000E-3	-3.153086E-3
4.395000E-3	-8.229554E-3
4.400000E-3	-4.844785E-3
4.405000E-3	-5.057275E-3
4.410000E-3	-5.708456E-3
4.415000E-3	-1.353085E-3
4.420000E-3	3.564358E-5
4.425000E-3	1.296878E-3
4.430000E-3	6.337702E-3
4.435000E-3	5.649507E-3
4.440000E-3	1.100838E-3
4.445000E-3	2.471745E-3
4.450000E-3	3.440976E-3
4.455000E-3	2.866566E-3
4.460000E-3	5.707085E-3
4.465000E-3	4.045546E-3
4.470000E-3	-3.258646E-3
4.475000E-3	-7.216454E-3
4.480000E-3	-8.505106E-3
4.485000E-3	-9.955525E-3
4.490000E-3	-6.343186E-3
4.495000E-3	-2.290785E-3
4.500000E-3	-4.961312E-3
4.505000E-3	-6.369233E-3
4.510000E-3	-5.838692E-3
4.515000E-3	-8.295357E-3
4.520000E-3	-7.396042E-3
4.525000E-3	-3.524601E-3
4.530000E-3	-1.749277E-3
4.535000E-3	8.431077E-4
4.540000E-3	4.160702E-3
4.545000E-3	5.489111E-3
4.550000E-3	9.913027E-3
4.555000E-3	1.244646E-2
4.560000E-3	7.734656E-3
4.565000E-3	7.611275E-3
4.570000E-3	1.004738E-2
4.575000E-3	1.721859E-3
4.580000E-3	-7.357657E-3
4.585000E-3	-8.765578E-3
4.590000E-3	-1.118660E-2
4.595000E-3	-1.342255E-2
4.600000E-3	-7.389188E-3
4.605000E-3	2.193451E-3
4.610000E-3	7.405639E-3
4.615000E-3	7.973194E-3
4.620000E-3	4.905105E-3
4.625000E-3	1.752019E-3
4.630000E-3	2.644479E-3
4.635000E-3	3.734350E-3
4.640000E-3	4.556894E-3
4.645000E-3	8.548975E-3
4.650000E-3	9.958267E-3
4.655000E-3	3.787816E-3
4.660000E-3	-2.331913E-3
4.665000E-3	-1.675248E-3
4.670000E-3	-7.952631E-3
4.675000E-3	-2.760184E-2
4.680000E-3	-6.646568E-2
4.685000E-3	-7.710117E-2
4.690000E-3	-5.125272E-2
4.695000E-3	-4.336041E-2
4.700000E-3	2.659696E-2
4.705000E-3	1.694797E-1
4.710000E-3	1.228428E-1
4.715000E-3	-5.229598E-2
4.720000E-3	1.020777E-2
4.725000E-3	6.570619E-2
4.730000E-3	-5.287588E-2
4.735000E-3	4.418296E-2
4.740000E-3	9.717125E-2
4.745000E-3	-7.460338E-2
4.750000E-3	-7.105410E-3
4.755000E-3	6.567878E-2
4.760000E-3	-9.025639E-2
4.765000E-3	-5.522013E-3
4.770000E-3	9.816790E-2
4.775000E-3	-8.546507E-2
4.780000E-3	-4.995310E-2
4.785000E-3	7.262653E-2
4.790000E-3	-8.673865E-2
4.795000E-3	-8.519775E-2
4.800000E-3	7.288975E-2
4.805000E-3	-2.198112E-2
4.810000E-3	-6.152219E-2
4.815000E-3	8.575845E-2
4.820000E-3	1.938599E-2
4.825000E-3	-4.978859E-2
4.830000E-3	5.546826E-2
4.835000E-3	-4.299164E-3
4.840000E-3	-6.810802E-2
4.845000E-3	5.884343E-2
4.850000E-3	2.395934E-2
4.855000E-3	-7.588381E-2
4.860000E-3	5.870223E-3
4.865000E-3	-1.346231E-3
4.870000E-3	-7.953453E-2
4.875000E-3	1.204067E-2
4.880000E-3	3.670740E-2
4.885000E-3	-4.077214E-2
4.890000E-3	1.324707E-2
4.895000E-3	2.914137E-2
4.900000E-3	-4.405272E-2
4.905000E-3	9.594977E-3
4.910000E-3	4.192507E-2
4.915000E-3	-3.156376E-2
4.920000E-3	1.645774E-2
4.925000E-3	6.972569E-2
4.930000E-3	-1.329368E-2
4.935000E-3	-1.607525E-2
4.940000E-3	4.905927E-2
4.945000E-3	7.563293E-3
4.950000E-3	-3.062743E-2
4.955000E-3	4.329324E-3
4.960000E-3	-4.969537E-3
4.965000E-3	-2.098310E-2
4.970000E-3	4.341662E-3
4.975000E-3	-3.365576E-3
4.980000E-3	-2.254456E-2
4.985000E-3	4.736483E-3
4.990000E-3	-3.446460E-3
4.995000E-3	-2.938128E-2
5.000000E-3	1.524311E-2
5.005000E-3	3.056985E-2
5.010000E-3	-8.106172E-3
5.015000E-3	1.318949E-2
5.020000E-3	1.757091E-2
5.025000E-3	-3.333223E-2
5.030000E-3	-1.165956E-2
5.035000E-3	1.358706E-2
5.040000E-3	-2.570999E-2
5.045000E-3	-1.127434E-2
5.050000E-3	1.673192E-2
5.055000E-3	-2.733177E-2
5.060000E-3	-1.388866E-2
5.065000E-3	3.768897E-2
5.070000E-3	6.273270E-3
5.075000E-3	-1.293176E-2
5.080000E-3	2.185225E-2
5.085000E-3	2.824068E-3
5.090000E-3	-2.189749E-2
5.095000E-3	5.946994E-3
5.100000E-3	5.342424E-3
5.105000E-3	-7.402897E-3
5.110000E-3	1.986855E-2
5.115000E-3	2.126825E-2
5.120000E-3	1.480579E-4
5.125000E-3	1.096451E-2
5.130000E-3	3.579438E-3
5.135000E-3	-1.623017E-2
5.140000E-3	3.198326E-3
5.145000E-3	9.700537E-3
5.150000E-3	-1.001173E-2
5.155000E-3	-1.827419E-3
5.160000E-3	5.509675E-3
5.165000E-3	-1.563519E-2
5.170000E-3	-2.213603E-2
5.175000E-3	-2.074867E-2
5.180000E-3	-2.244586E-2
5.185000E-3	1.059711E-3
5.190000E-3	1.945180E-2
5.195000E-3	7.929325E-3
5.200000E-3	1.321006E-2
5.205000E-3	2.315050E-2
5.210000E-3	-1.905560E-3
5.215000E-3	-9.807467E-3
5.220000E-3	1.150465E-2
5.225000E-3	3.435493E-3
5.230000E-3	-1.179665E-2
5.235000E-3	3.957808E-3
5.240000E-3	-4.844785E-3
5.245000E-3	-2.714533E-2
5.250000E-3	-7.467330E-3
5.255000E-3	-2.142727E-3
5.260000E-3	-2.307922E-2
5.265000E-3	-2.983093E-3
5.270000E-3	1.374197E-2
5.275000E-3	-4.415691E-3
5.280000E-3	1.074106E-2
5.285000E-3	3.032857E-2
5.290000E-3	2.821326E-3
5.295000E-3	-3.428638E-3
5.300000E-3	1.640564E-2
5.305000E-3	3.229856E-3
5.310000E-3	1.805484E-3
5.315000E-3	2.410191E-2
5.320000E-3	8.128107E-3
5.325000E-3	-1.442742E-2
5.330000E-3	-2.976239E-3
5.335000E-3	-8.995891E-3
5.340000E-3	-2.010572E-2
5.345000E-3	6.498098E-4
5.350000E-3	-4.044175E-3
5.355000E-3	-2.194959E-2
5.360000E-3	-4.303277E-3
5.365000E-3	-2.522469E-3
5.370000E-3	-1.538157E-2
5.375000E-3	6.744862E-4
5.380000E-3	2.430618E-3
5.385000E-3	-1.345819E-2
5.390000E-3	9.047985E-4
5.395000E-3	4.942119E-3
5.400000E-3	-1.028866E-2
5.405000E-3	5.855143E-3
5.410000E-3	1.296055E-2
5.415000E-3	-2.523839E-3
5.420000E-3	6.881952E-3
5.425000E-3	1.460290E-2
5.430000E-3	-2.013862E-3
5.435000E-3	-1.550496E-3
5.440000E-3	3.509521E-3
5.445000E-3	-1.057792E-2
5.450000E-3	-6.071746E-3
5.455000E-3	7.951260E-3
5.460000E-3	-5.516529E-3
5.465000E-3	-8.110285E-3
5.470000E-3	1.039284E-2
5.475000E-3	1.020229E-2
5.480000E-3	7.674336E-3
5.485000E-3	1.637411E-2
5.490000E-3	1.056010E-2
5.495000E-3	7.068396E-3
5.500000E-3	1.180899E-2
5.505000E-3	-1.018584E-3
5.510000E-3	-9.623766E-3
5.515000E-3	1.380503E-3
5.520000E-3	-6.688654E-3
5.525000E-3	-2.115858E-2
5.530000E-3	-5.804420E-3
5.535000E-3	2.042651E-4
5.540000E-3	-1.485789E-2
5.545000E-3	-1.018584E-2
5.550000E-3	-2.102971E-3
5.555000E-3	-9.261847E-3
5.560000E-3	-5.800307E-3
5.565000E-3	1.339376E-3
5.570000E-3	-3.720641E-3
5.575000E-3	-1.738310E-3
5.580000E-3	4.936635E-3
5.585000E-3	-2.437472E-3
5.590000E-3	-5.428791E-3
5.595000E-3	-2.119422E-3
5.600000E-3	-6.336331E-3
5.605000E-3	-4.360855E-3
5.610000E-3	4.928410E-3
5.615000E-3	3.346384E-3
5.620000E-3	6.772280E-4
5.625000E-3	4.312873E-3
5.630000E-3	2.950191E-3
5.635000E-3	3.945470E-3
5.640000E-3	1.087815E-2
5.645000E-3	6.119728E-3
5.650000E-3	-1.535416E-4
5.655000E-3	4.626811E-3
5.660000E-3	8.691549E-4
5.665000E-3	-7.051945E-3
5.670000E-3	-2.896726E-3
5.675000E-3	-1.029551E-3
5.680000E-3	-3.449202E-3
5.685000E-3	6.621480E-4
5.690000E-3	3.221631E-4
5.695000E-3	-3.831685E-3
5.700000E-3	-1.329780E-4
5.705000E-3	-2.426505E-4
5.710000E-3	-4.449964E-3
5.715000E-3	1.406550E-3
5.720000E-3	4.477382E-3
5.725000E-3	-8.691549E-4
5.730000E-3	1.307845E-3
5.735000E-3	5.879819E-3
5.740000E-3	3.704190E-3
5.745000E-3	8.952022E-4
5.750000E-3	-3.169537E-3
5.755000E-3	-9.993911E-3
5.760000E-3	-8.920491E-3
5.765000E-3	-2.647221E-3
5.770000E-3	-3.491700E-3
5.775000E-3	-1.620412E-3
5.780000E-3	4.004419E-3
5.785000E-3	2.481341E-3
5.790000E-3	4.337549E-3
5.795000E-3	1.131409E-2
5.800000E-3	1.130587E-2
5.805000E-3	6.573498E-3
5.810000E-3	4.401982E-3
5.815000E-3	1.033664E-3
5.820000E-3	-3.971517E-3
5.825000E-3	-5.605638E-3
5.830000E-3	-4.676163E-3
5.835000E-3	-6.384313E-3
5.840000E-3	-6.870985E-3
5.845000E-3	-5.341053E-3
5.850000E-3	-4.433513E-3
5.855000E-3	-2.548516E-3
5.860000E-3	-3.372431E-4
5.865000E-3	2.988577E-4
5.870000E-3	7.978678E-4
5.875000E-3	2.166033E-4
5.880000E-3	-1.475096E-3
5.885000E-3	5.867481E-4
5.890000E-3	3.916681E-3
5.895000E-3	4.456818E-3
5.900000E-3	2.551258E-3
5.905000E-3	-3.865957E-4
5.910000E-3	-3.966033E-3
5.915000E-3	-7.149279E-3
5.920000E-3	-5.687892E-3
5.925000E-3	-9.925365E-4
5.930000E-3	-3.654838E-3
5.935000E-3	-9.870529E-3
5.940000E-3	-8.950651E-3
5.945000E-3	-7.352173E-3
5.950000E-3	-7.234275E-3
5.955000E-3	-2.769232E-4
5.960000E-3	7.253468E-3
5.965000E-3	7.759333E-3
5.970000E-3	8.411884E-3
5.975000E-3	1.023519E-2
5.980000E-3	6.888807E-3
5.985000E-3	2.585530E-3
5.990000E-3	3.109217E-3
5.995000E-3	3.420413E-3
6.000000E-3	2.174258E-3
6.005000E-3	3.076315E-3
6.010000E-3	8.842349E-4
6.015000E-3	-5.527496E-3
6.020000E-3	-7.848442E-3
6.025000E-3	-7.113636E-3
6.030000E-3	-8.252859E-3
6.035000E-3	-7.526278E-3
6.040000E-3	-3.861845E-3
6.045000E-3	-2.670527E-3
6.050000E-3	-2.578676E-3
6.055000E-3	6.374717E-4
6.060000E-3	3.964663E-3
6.065000E-3	5.697489E-3
6.070000E-3	8.917749E-3
6.075000E-3	1.080549E-2
6.080000E-3	7.833362E-3
6.085000E-3	5.790710E-3
6.090000E-3	4.156590E-3
6.095000E-3	-2.260625E-3
6.100000E-3	-4.669309E-3
6.105000E-3	-1.937091E-3
6.110000E-3	-5.712569E-3
6.115000E-3	-9.582639E-3
6.120000E-3	-6.307542E-3
6.125000E-3	-5.809903E-3
6.130000E-3	-5.542576E-3
6.135000E-3	2.042651E-4
6.140000E-3	3.028333E-3
6.145000E-3	1.369536E-3
6.150000E-3	1.324296E-3
6.155000E-3	1.272202E-3
6.160000E-3	9.829402E-4
6.165000E-3	3.313482E-3
6.170000E-3	5.427420E-3
6.175000E-3	5.777001E-3
6.180000E-3	5.199850E-3
6.185000E-3	2.312720E-3
6.190000E-3	-2.187967E-3
6.195000E-3	-4.537702E-3
6.200000E-3	-4.996955E-3
6.205000E-3	-5.139530E-3
6.210000E-3	-5.801678E-3
6.215000E-3	-6.853163E-3
6.220000E-3	-8.451641E-3
6.225000E-3	-1.080137E-2
6.230000E-3	-1.114821E-2
6.235000E-3	-6.247222E-3
6.240000E-3	-3.687739E-4
6.245000E-3	2.765119E-3
6.250000E-3	5.416453E-3
6.255000E-3	7.977307E-3
6.260000E-3	8.351564E-3
6.265000E-3	6.813407E-3
6.270000E-3	5.304039E-3
6.275000E-3	3.340900E-3
6.280000E-3	6.676316E-4
6.285000E-3	2.591014E-4
6.290000E-3	2.139986E-3
6.295000E-3	2.048135E-3
6.300000E-3	3.015995E-4
6.305000E-3	-1.810968E-3
6.310000E-3	-5.675554E-3
6.315000E-3	-8.267939E-3
6.320000E-3	-7.339835E-3
6.325000E-3	-7.762074E-3
6.330000E-3	-8.080125E-3
6.335000E-3	-4.296422E-3
6.340000E-3	-1.880884E-3
6.345000E-3	-1.181722E-3
6.350000E-3	3.343642E-3
6.355000E-3	6.426811E-3
6.360000E-3	5.654991E-3
6.365000E-3	7.652402E-3
6.370000E-3	1.004189E-2
6.375000E-3	6.389797E-3
6.380000E-3	2.839148E-3
6.385000E-3	9.006858E-4
6.390000E-3	-3.244936E-3
6.395000E-3	-4.581571E-3
6.400000E-3	-3.893375E-3
6.405000E-3	-7.051945E-3
6.410000E-3	-8.269310E-3
6.415000E-3	-5.146384E-3
6.420000E-3	-5.786598E-3
6.425000E-3	-5.452096E-3
6.430000E-3	-8.910894E-5
6.435000E-3	2.204418E-3
6.440000E-3	2.017975E-3
6.445000E-3	4.526734E-3
6.450000E-3	3.852248E-3
6.455000E-3	1.087129E-3
6.460000E-3	2.573192E-3
6.465000E-3	5.727649E-3
6.470000E-3	8.097947E-3
6.475000E-3	1.132917E-2
6.480000E-3	1.139224E-2
6.485000E-3	6.062150E-3
6.490000E-3	3.646612E-4
6.495000E-3	-4.377306E-3
6.500000E-3	-7.921100E-3
6.505000E-3	-7.345319E-3
6.510000E-3	-5.905867E-3
6.515000E-3	-6.905258E-3
6.520000E-3	-6.721556E-3
6.525000E-3	-5.586445E-3
6.530000E-3	-6.066263E-3
6.535000E-3	-5.537093E-3
6.540000E-3	-2.841890E-3
6.545000E-3	-4.907846E-4
6.550000E-3	1.137853E-3
6.555000E-3	1.968622E-3
6.560000E-3	9.582639E-4
6.565000E-3	-3.482103E-4
6.570000E-3	1.686215E-4
6.575000E-3	-2.385378E-4
6.580000E-3	-1.555979E-3
6.585000E-3	-1.669765E-3
6.590000E-3	-3.458798E-3
6.595000E-3	-6.439149E-3
6.600000E-3	-5.331457E-3
6.605000E-3	-2.159178E-3
6.610000E-3	-9.143949E-4
6.615000E-3	1.080275E-3
6.620000E-3	4.005790E-3
6.625000E-3	4.550040E-3
6.630000E-3	5.726278E-3
6.635000E-3	6.906629E-3
6.640000E-3	4.665196E-3
6.645000E-3	1.942575E-3
6.650000E-3	1.647830E-3
6.655000E-3	8.760095E-4
6.660000E-3	3.605485E-4
6.665000E-3	1.110435E-3
6.670000E-3	-1.206398E-4
6.675000E-3	-1.869917E-3
6.680000E-3	-2.645850E-3
6.685000E-3	-4.179895E-3
6.690000E-3	-5.345166E-3
6.695000E-3	-4.440367E-3
6.700000E-3	-3.942728E-3
6.705000E-3	-3.846765E-3
6.710000E-3	-2.172887E-3
6.715000E-3	-7.649660E-4
6.720000E-3	-7.951260E-4
6.725000E-3	-5.332828E-4
6.730000E-3	-8.554459E-4
6.735000E-3	-1.532674E-3
6.740000E-3	-2.522469E-4
6.745000E-3	1.368165E-3
6.750000E-3	3.309369E-3
6.755000E-3	5.971670E-3
6.760000E-3	6.812036E-3
6.765000E-3	6.282866E-3
6.770000E-3	7.348061E-3
6.775000E-3	6.122470E-3
6.780000E-3	1.495659E-3
6.785000E-3	-2.281189E-3
6.790000E-3	-4.655600E-3
6.795000E-3	-7.604420E-3
6.800000E-3	-7.836103E-3
6.805000E-3	-4.922926E-3
6.810000E-3	-1.938462E-3
6.815000E-3	-1.096725E-4
6.820000E-3	-6.306171E-5
6.825000E-3	-1.720488E-3
6.830000E-3	-2.463520E-3
6.835000E-3	-1.580656E-3
6.840000E-3	-4.428029E-4
6.845000E-3	1.254380E-3
6.850000E-3	2.930999E-3
6.855000E-3	1.126885E-3
6.860000E-3	-2.240062E-3
6.865000E-3	-4.247069E-3
6.870000E-3	-5.535722E-3
6.875000E-3	-7.191777E-3
6.880000E-3	-7.279515E-3
6.885000E-3	-6.673574E-3
6.890000E-3	-5.916834E-3
6.895000E-3	-3.487587E-3
6.900000E-3	-7.992387E-4
6.905000E-3	8.266568E-4
6.910000E-3	2.815843E-3
6.915000E-3	4.177153E-3
6.920000E-3	3.213406E-3
6.925000E-3	2.263367E-3
6.930000E-3	1.124144E-3
6.935000E-3	-7.553697E-4
6.940000E-3	-1.513481E-3
6.945000E-3	-9.747148E-4
6.950000E-3	-8.540750E-4
6.955000E-3	2.124906E-4
6.960000E-3	1.594365E-3
6.965000E-3	1.942575E-3
6.970000E-3	2.107084E-3
6.975000E-3	2.793908E-3
6.980000E-3	1.132369E-3
6.985000E-3	-2.112567E-3
6.990000E-3	-4.329324E-3
6.995000E-3	-6.347299E-3
7.000000E-3	-7.848442E-3
7.005000E-3	-6.700993E-3
7.010000E-3	-5.087435E-3
7.015000E-3	-4.188120E-3
7.020000E-3	-2.015233E-3
7.025000E-3	4.729629E-4
7.030000E-3	1.180351E-3
7.035000E-3	1.647830E-3
7.040000E-3	2.436101E-3
7.045000E-3	2.525210E-3
7.050000E-3	3.257275E-3
7.055000E-3	4.344404E-3
7.060000E-3	3.430009E-3
7.065000E-3	1.738310E-3
7.070000E-3	-3.399849E-4
7.075000E-3	-2.005637E-3
7.080000E-3	-1.945317E-3
7.085000E-3	-1.857579E-3
7.090000E-3	-2.888501E-3
7.095000E-3	-4.104495E-3
7.100000E-3	-3.997564E-3
7.105000E-3	-2.958417E-3
7.110000E-3	-8.581877E-4
7.115000E-3	1.565576E-3
7.120000E-3	3.254533E-3
7.125000E-3	3.472507E-3
7.130000E-3	2.999544E-3
7.135000E-3	2.708912E-3
7.140000E-3	3.035188E-3
7.145000E-3	2.813101E-3
7.150000E-3	2.792537E-3
7.155000E-3	3.103733E-3
7.160000E-3	3.386140E-3
7.165000E-3	2.638996E-3
7.170000E-3	1.440823E-3
7.175000E-3	-6.031990E-5
7.180000E-3	-1.693070E-3
7.185000E-3	-2.958417E-3
7.190000E-3	-3.609598E-3
7.195000E-3	-4.138768E-3
7.200000E-3	-3.771365E-3
7.205000E-3	-2.892613E-3
7.210000E-3	-2.455294E-3
7.215000E-3	-1.950800E-3
7.220000E-3	-1.468241E-3
7.225000E-3	-1.457274E-3
7.230000E-3	-1.117289E-3
7.235000E-3	1.932979E-4
7.240000E-3	1.416147E-3
7.245000E-3	2.329171E-3
7.250000E-3	3.094137E-3
7.255000E-3	3.042042E-3
7.260000E-3	2.548516E-3
7.265000E-3	1.982331E-3
7.270000E-3	1.124144E-3
7.275000E-3	-1.220107E-4
7.280000E-3	-1.619041E-3
7.285000E-3	-3.257275E-3
7.290000E-3	-4.772127E-3
7.295000E-3	-5.320489E-3
7.300000E-3	-5.135417E-3
7.305000E-3	-4.024982E-3
7.310000E-3	-1.945317E-3
7.315000E-3	-5.990863E-4
7.320000E-3	-2.865195E-4
7.325000E-3	2.728105E-4
7.330000E-3	1.247525E-3
7.335000E-3	1.853466E-3
7.340000E-3	2.484083E-3
7.345000E-3	3.032446E-3
7.350000E-3	3.002286E-3
7.355000E-3	2.654076E-3
7.360000E-3	2.092004E-3
7.365000E-3	2.371669E-4
7.370000E-3	-1.941204E-3
7.375000E-3	-3.377914E-3
7.380000E-3	-3.730237E-3
7.385000E-3	-3.148973E-3
7.390000E-3	-1.435339E-3
7.395000E-3	-2.741814E-4
7.400000E-3	-9.047985E-5
7.405000E-3	-4.208684E-4
7.410000E-3	-1.066566E-3
7.415000E-3	-1.820564E-3
7.420000E-3	-1.572430E-3
7.425000E-3	-1.000762E-3
7.430000E-3	-8.417368E-4
7.435000E-3	-9.253621E-4
7.440000E-3	-1.320183E-3
7.445000E-3	-1.344860E-3
7.450000E-3	-1.139224E-3
7.455000E-3	-8.019805E-4
7.460000E-3	-7.238388E-4
7.465000E-3	2.344251E-4
7.470000E-3	1.242042E-3
7.475000E-3	1.521707E-3
7.480000E-3	1.314700E-3
7.485000E-3	6.936789E-4
7.490000E-3	-6.580353E-4
7.495000E-3	-1.937091E-3
7.500000E-3	-1.736939E-3
7.505000E-3	-3.660321E-4
7.510000E-3	1.620412E-3
7.515000E-3	2.948821E-3
7.520000E-3	2.148211E-3
7.525000E-3	1.044631E-3
7.530000E-3	4.482865E-4
7.535000E-3	8.225441E-6
7.540000E-3	2.508759E-4
7.545000E-3	1.348972E-3
7.550000E-3	1.827419E-3
7.555000E-3	8.897185E-4
7.560000E-3	-7.745624E-4
7.565000E-3	-3.457427E-3
7.570000E-3	-5.724907E-3
7.575000E-3	-6.890178E-3
7.580000E-3	-7.441282E-3
7.585000E-3	-7.700384E-3
7.590000E-3	-6.709218E-3
7.595000E-3	-5.380809E-3
7.600000E-3	-4.370451E-3
7.605000E-3	-3.015995E-3
7.610000E-3	-1.432598E-3
7.615000E-3	-7.361770E-4
7.620000E-3	0.000000E+0
7.625000E-3	7.581115E-4
7.630000E-3	1.290023E-3
7.635000E-3	1.259863E-3
7.640000E-3	7.841587E-4
7.645000E-3	-3.564358E-5
7.650000E-3	0.000000E+0
7.655000E-3	9.034276E-4
7.660000E-3	1.786292E-3
7.665000E-3	2.633512E-3
7.670000E-3	3.427267E-3
7.675000E-3	2.803504E-3
7.680000E-3	1.653314E-3
7.685000E-3	8.718967E-4
7.690000E-3	1.576543E-4
7.695000E-3	-2.412796E-4
7.700000E-3	-7.622242E-4
7.705000E-3	-1.657426E-3
7.710000E-3	-2.755523E-3
7.715000E-3	-3.206551E-3
7.720000E-3	-3.690481E-3
7.725000E-3	-3.579438E-3
7.730000E-3	-1.963139E-3
7.735000E-3	-2.042651E-4
7.740000E-3	1.093984E-3
7.745000E-3	2.013862E-3
7.750000E-3	1.979589E-3
7.755000E-3	1.098096E-3
7.760000E-3	1.987815E-4
7.765000E-3	-7.608533E-4
7.770000E-3	-1.735568E-3
7.775000E-3	-2.400458E-3
7.780000E-3	-3.057122E-3
7.785000E-3	-3.690481E-3
7.790000E-3	-3.525972E-3
7.795000E-3	-2.637625E-3
7.800000E-3	-1.353085E-3
7.805000E-3	4.290938E-4
7.810000E-3	2.167404E-3
7.815000E-3	2.844632E-3
7.820000E-3	2.935112E-3
7.825000E-3	2.896726E-3
7.830000E-3	2.581418E-3
7.835000E-3	2.652705E-3
7.840000E-3	3.854990E-3
7.845000E-3	4.704952E-3
7.850000E-3	4.585683E-3
7.855000E-3	3.528714E-3
7.860000E-3	1.102209E-3
7.865000E-3	-1.834273E-3
7.870000E-3	-3.501296E-3
7.875000E-3	-4.130542E-3
7.880000E-3	-3.813863E-3
7.885000E-3	-2.390862E-3
7.890000E-3	-1.296878E-3
7.895000E-3	-6.114244E-4
7.900000E-3	-3.194213E-4
7.905000E-3	-5.565882E-4
7.910000E-3	-8.266568E-4
7.915000E-3	-1.002133E-3
7.920000E-3	-5.990863E-4
7.925000E-3	-4.702210E-4
7.930000E-3	-2.453923E-4
7.935000E-3	-4.030466E-4
7.940000E-3	-1.247525E-3
7.945000E-3	-2.004266E-3
7.950000E-3	-2.570450E-3
7.955000E-3	-2.697945E-3
7.960000E-3	-2.474487E-3
7.965000E-3	-1.706779E-3
7.970000E-3	-1.013100E-3
7.975000E-3	1.480579E-4
7.980000E-3	1.073420E-3
7.985000E-3	1.923382E-3
7.990000E-3	2.521098E-3
7.995000E-3	3.096879E-3
8.000000E-3	3.118813E-3
8.005000E-3	2.715766E-3
8.010000E-3	2.574563E-3
8.015000E-3	1.868546E-3
8.020000E-3	7.814169E-4
8.025000E-3	-2.152324E-4
8.030000E-3	-1.062453E-3
8.035000E-3	-1.425743E-3
8.040000E-3	-1.365423E-3
8.045000E-3	-1.433969E-3
8.050000E-3	-1.592994E-3
8.055000E-3	-1.601219E-3
8.060000E-3	-1.927495E-3
8.065000E-3	-2.645850E-3
8.070000E-3	-2.463520E-3
8.075000E-3	-1.884997E-3
8.080000E-3	-1.229703E-3
8.085000E-3	-1.850724E-4
8.090000E-3	1.565576E-3
8.095000E-3	2.773345E-3
8.100000E-3	3.506780E-3
8.105000E-3	3.702819E-3
8.110000E-3	3.450572E-3
8.115000E-3	2.645850E-3
8.120000E-3	1.041889E-3
8.125000E-3	-5.689263E-4
8.130000E-3	-2.271593E-3
8.135000E-3	-4.164815E-3
8.140000E-3	-5.502820E-3
8.145000E-3	-5.650878E-3
8.150000E-3	-5.254686E-3
8.155000E-3	-4.306018E-3
8.160000E-3	-2.940595E-3
8.165000E-3	-1.506627E-3
8.170000E-3	-1.782179E-4
8.175000E-3	1.192689E-3
8.180000E-3	2.440214E-3
8.185000E-3	3.153086E-3
8.190000E-3	3.360093E-3
8.195000E-3	3.150344E-3
8.200000E-3	2.289414E-3
8.205000E-3	1.140594E-3
8.210000E-3	2.193451E-5
8.215000E-3	-1.192689E-3
8.220000E-3	-2.129018E-3
8.225000E-3	-2.533436E-3
8.230000E-3	-2.263367E-3
8.235000E-3	-1.427114E-3
8.240000E-3	-4.866719E-4
8.245000E-3	-2.056360E-5
8.250000E-3	7.402897E-5
8.255000E-3	1.658797E-4
8.260000E-3	-2.577305E-4
8.265000E-3	-6.648898E-4
8.270000E-3	-5.524755E-4
8.275000E-3	-2.330542E-4
8.280000E-3	1.370907E-5
8.285000E-3	-1.507998E-5
8.290000E-3	-2.988577E-4
8.295000E-3	-1.139224E-3
8.300000E-3	-2.056360E-3
8.305000E-3	-2.777457E-3
8.310000E-3	-3.679514E-3
8.315000E-3	-4.489720E-3
8.320000E-3	-4.519880E-3
8.325000E-3	-4.266262E-3
8.330000E-3	-3.575325E-3
8.335000E-3	-2.710283E-3
8.340000E-3	-1.747906E-3
8.345000E-3	-7.759333E-4
8.350000E-3	1.507998E-5
8.355000E-3	5.593300E-4
8.360000E-3	5.305409E-4
8.365000E-3	2.920032E-4
8.370000E-3	7.951260E-5
8.375000E-3	-1.562834E-4
8.380000E-3	-3.701448E-4
8.385000E-3	-2.947450E-4
8.390000E-3	-4.523993E-5
8.395000E-3	8.225441E-5
8.400000E-3	-1.425743E-4
8.405000E-3	-8.198023E-4
8.410000E-3	-1.725972E-3
8.415000E-3	-2.884388E-3
8.420000E-3	-4.286826E-3
8.425000E-3	-5.240977E-3
8.430000E-3	-5.165577E-3
8.435000E-3	-4.306018E-3
8.440000E-3	-3.059864E-3
8.445000E-3	-1.490176E-3
8.450000E-3	-8.499622E-5
8.455000E-3	1.180351E-3
8.460000E-3	2.141356E-3
8.465000E-3	2.652705E-3
8.470000E-3	3.176391E-3
8.475000E-3	3.569841E-3
8.480000E-3	3.787816E-3
8.485000E-3	3.680885E-3
8.490000E-3	3.229856E-3
8.495000E-3	2.455294E-3
8.500000E-3	1.454532E-3
8.505000E-3	8.376241E-4
8.510000E-3	-3.098249E-4
8.515000E-3	-1.111805E-3
8.520000E-3	-1.368165E-3
8.525000E-3	-1.627266E-3
8.530000E-3	-1.687586E-3
8.535000E-3	-1.284540E-3
8.540000E-3	-7.402897E-4
8.545000E-3	-3.221631E-4
8.550000E-3	5.346537E-5
8.555000E-3	5.826354E-4
8.560000E-3	8.691549E-4
8.565000E-3	6.964207E-4
8.570000E-3	5.360246E-4
8.575000E-3	-5.003810E-4
8.580000E-3	-1.583397E-3
8.585000E-3	-2.575934E-3
8.590000E-3	-3.272355E-3
8.595000E-3	-3.745317E-3
8.600000E-3	-3.706932E-3
8.605000E-3	-3.249049E-3
8.610000E-3	-2.251029E-3
8.615000E-3	-1.373649E-3
8.620000E-3	-5.469918E-4
8.625000E-3	3.427267E-5
8.630000E-3	7.731915E-4
8.635000E-3	1.303732E-3
8.640000E-3	1.602590E-3
8.645000E-3	1.716375E-3
8.650000E-3	1.834273E-3
8.655000E-3	1.830161E-3
8.660000E-3	1.690328E-3
8.665000E-3	1.546383E-3
8.670000E-3	1.338005E-3
8.675000E-3	1.180351E-3
8.680000E-3	8.143187E-4
8.685000E-3	5.086064E-4
8.690000E-3	1.028180E-4
8.695000E-3	4.661083E-5
8.700000E-3	7.539988E-5
8.705000E-3	-2.741814E-5
8.710000E-3	-7.512569E-4
8.715000E-3	-1.826048E-3
8.720000E-3	-2.880275E-3
8.725000E-3	-3.576696E-3
8.730000E-3	-3.499925E-3
8.735000E-3	-2.560854E-3
8.740000E-3	-1.376390E-3
8.745000E-3	-9.733438E-5
8.750000E-3	9.281039E-4
8.755000E-3	1.719117E-3
8.760000E-3	2.219498E-3
8.765000E-3	2.570450E-3
8.770000E-3	2.279818E-3
8.775000E-3	1.599848E-3
8.780000E-3	9.390712E-4
8.785000E-3	-4.386902E-4
8.790000E-3	-1.776695E-3
8.795000E-3	-2.850115E-3
8.800000E-3	-3.290176E-3
8.805000E-3	-3.571212E-3
8.810000E-3	-3.206551E-3
8.815000E-3	-2.393603E-3
8.820000E-3	-1.486063E-3
8.825000E-3	-5.744100E-4
8.830000E-3	4.606247E-4
8.835000E-3	1.073420E-3
8.840000E-3	1.518965E-3
8.845000E-3	2.038538E-3
8.850000E-3	2.104342E-3
8.855000E-3	2.207160E-3
8.860000E-3	2.285302E-3
8.865000E-3	2.525210E-3
8.870000E-3	2.798021E-3
8.875000E-3	2.660930E-3
8.880000E-3	2.059102E-3
8.885000E-3	6.799698E-4
8.890000E-3	-1.019955E-3
8.895000E-3	-2.544403E-3
8.900000E-3	-3.931761E-3
8.905000E-3	-4.414320E-3
8.910000E-3	-4.149735E-3
8.915000E-3	-3.417671E-3
8.920000E-3	-2.644479E-3
8.925000E-3	-1.832902E-3
8.930000E-3	-1.266718E-3
8.935000E-3	-8.033514E-4
8.940000E-3	-2.001524E-4
8.945000E-3	4.784465E-4
8.950000E-3	1.214623E-3
8.955000E-3	1.809597E-3
8.960000E-3	1.905560E-3
8.965000E-3	1.625896E-3
8.970000E-3	1.270831E-3
8.975000E-3	4.839301E-4
8.980000E-3	-7.046461E-4
8.985000E-3	-1.976848E-3
8.990000E-3	-3.181875E-3
8.995000E-3	-4.208684E-3
9.000000E-3	-4.740596E-3
9.005000E-3	-4.454076E-3
9.010000E-3	-3.457427E-3
9.015000E-3	-2.381265E-3
9.020000E-3	-1.668394E-3
9.025000E-3	-1.188576E-3
9.030000E-3	-7.252097E-4
9.035000E-3	-2.207160E-4
9.040000E-3	2.481341E-4
9.045000E-3	5.894899E-4
9.050000E-3	5.497336E-4
9.055000E-3	2.138615E-4
9.060000E-3	-4.016757E-4
9.065000E-3	-1.268089E-3
9.070000E-3	-1.987815E-3
9.075000E-3	-2.452552E-3
9.080000E-3	-2.880275E-3
9.085000E-3	-2.899468E-3
9.090000E-3	-2.478600E-3
9.095000E-3	-1.893222E-3
9.100000E-3	-1.109064E-3
9.105000E-3	-2.549887E-4
9.110000E-3	6.182790E-4
9.115000E-3	1.377761E-3
9.120000E-3	1.620412E-3
9.125000E-3	1.609445E-3
9.130000E-3	1.115918E-3
9.135000E-3	5.511045E-4
9.140000E-3	3.838539E-5
9.145000E-3	-2.124906E-4
9.150000E-3	-2.001524E-4
9.155000E-3	0.000000E+0
9.160000E-3	2.357960E-4
9.165000E-3	3.728867E-4
9.170000E-3	7.539988E-5
9.175000E-3	-1.521707E-4
9.180000E-3	-7.498860E-4
9.185000E-3	-1.294136E-3
9.190000E-3	-1.646459E-3
9.195000E-3	-1.688957E-3
9.200000E-3	-1.588881E-3
9.205000E-3	-1.132369E-3
9.210000E-3	-4.400611E-4
9.215000E-3	8.499622E-5
9.220000E-3	6.758571E-4
9.225000E-3	1.247525E-3
9.230000E-3	1.480579E-3
9.235000E-3	1.723230E-3
9.240000E-3	1.908302E-3
9.245000E-3	2.075553E-3
9.250000E-3	2.081037E-3
9.255000E-3	1.928866E-3
9.260000E-3	1.617670E-3
9.265000E-3	1.100838E-3
9.270000E-3	1.713634E-4
9.275000E-3	-6.676316E-4
9.280000E-3	-1.236558E-3
9.285000E-3	-1.912415E-3
9.290000E-3	-2.451181E-3
9.295000E-3	-3.077686E-3
9.300000E-3	-3.353238E-3
9.305000E-3	-3.209293E-3
9.310000E-3	-2.737701E-3
9.315000E-3	-1.812339E-3
9.320000E-3	-8.568168E-4
9.325000E-3	1.370907E-6
9.330000E-3	5.511045E-4
9.335000E-3	7.690787E-4
9.340000E-3	9.459257E-4
9.345000E-3	9.692311E-4
9.350000E-3	7.882714E-4
9.355000E-3	3.427267E-4
9.360000E-3	-4.112720E-6
9.365000E-3	-2.659559E-4
9.370000E-3	-2.824068E-4
9.375000E-3	-1.699924E-4
9.380000E-3	-2.810359E-4
9.385000E-3	-4.496574E-4
9.390000E-3	-7.197261E-4
9.395000E-3	-9.363294E-4
9.400000E-3	-1.102209E-3
9.405000E-3	-9.856820E-4
9.410000E-3	-5.798936E-4
9.415000E-3	-7.814169E-5
9.420000E-3	3.536940E-4
9.425000E-3	7.183552E-4
9.430000E-3	1.300991E-3
9.435000E-3	1.895964E-3
9.440000E-3	2.423763E-3
9.445000E-3	3.058493E-3
9.450000E-3	3.235340E-3
9.455000E-3	2.909064E-3
9.460000E-3	2.070069E-3
9.465000E-3	9.185076E-4
9.470000E-3	-6.580353E-4
9.475000E-3	-2.137244E-3
9.480000E-3	-3.329933E-3
9.485000E-3	-3.956437E-3
9.490000E-3	-4.259408E-3
9.495000E-3	-4.049659E-3
9.500000E-3	-3.155828E-3
9.505000E-3	-2.197564E-3
9.510000E-3	-1.220107E-3
9.515000E-3	-5.168319E-4
9.520000E-3	1.261234E-4
9.525000E-3	3.619194E-4
9.530000E-3	4.839301E-4
9.535000E-3	7.252097E-4
9.540000E-3	8.814931E-4
9.545000E-3	8.938313E-4
9.550000E-3	6.785989E-4
9.555000E-3	4.249811E-4
9.560000E-3	4.030466E-4
9.565000E-3	2.385378E-4
9.570000E-3	4.386902E-5
9.575000E-3	-2.124906E-4
9.580000E-3	-5.634427E-4
9.585000E-3	-5.332828E-4
9.590000E-3	-3.207922E-4
9.595000E-3	-2.618432E-4
9.600000E-3	-1.576543E-4
9.605000E-3	-1.672506E-4
9.610000E-3	-4.907846E-4
9.615000E-3	-7.402897E-4
9.620000E-3	-9.486675E-4
9.625000E-3	-7.389188E-4
9.630000E-3	-8.211732E-4
9.635000E-3	-9.034276E-4
9.640000E-3	-1.147449E-3
9.645000E-3	-1.325667E-3
9.650000E-3	-1.531303E-3
9.655000E-3	-1.786292E-3
9.660000E-3	-1.893222E-3
9.665000E-3	-1.620412E-3
9.670000E-3	-1.294136E-3
9.675000E-3	-9.733438E-4
9.680000E-3	-7.882714E-4
9.685000E-3	-6.402135E-4
9.690000E-3	-6.498098E-4
9.695000E-3	-8.444786E-4
9.700000E-3	-1.055598E-3
9.705000E-3	-8.143187E-4
9.710000E-3	-4.290938E-4
9.715000E-3	-7.128716E-5
9.720000E-3	5.757809E-4
9.725000E-3	1.207769E-3
9.730000E-3	1.830161E-3
9.735000E-3	2.020717E-3
9.740000E-3	1.856208E-3
9.745000E-3	1.442194E-3
9.750000E-3	1.083016E-3
9.755000E-3	5.223155E-4
9.760000E-3	-1.124144E-4
9.765000E-3	-8.732677E-4
9.770000E-3	-1.476467E-3
9.775000E-3	-1.791775E-3
9.780000E-3	-1.869917E-3
9.785000E-3	-1.835644E-3
9.790000E-3	-1.565576E-3
9.795000E-3	-1.246154E-3
9.800000E-3	-6.881952E-4
9.805000E-3	-2.563596E-4
9.810000E-3	4.523993E-4
9.815000E-3	1.210511E-3
9.820000E-3	1.872659E-3
9.825000E-3	2.118051E-3
9.830000E-3	2.352476E-3
9.835000E-3	2.060473E-3
9.840000E-3	1.407921E-3
9.845000E-3	5.936027E-4
9.850000E-3	-1.727343E-4
9.855000E-3	-9.856820E-4
9.860000E-3	-1.377761E-3
9.865000E-3	-1.712263E-3
9.870000E-3	-1.705408E-3
9.875000E-3	-1.292765E-3
9.880000E-3	-1.279056E-3
9.885000E-3	-1.424372E-3
9.890000E-3	-1.549125E-3
9.895000E-3	-1.473725E-3
9.900000E-3	-1.503885E-3
9.905000E-3	-1.446307E-3
9.910000E-3	-1.603961E-3
9.915000E-3	-1.399696E-3
9.920000E-3	-1.476467E-3
9.925000E-3	-1.069307E-3
9.930000E-3	-3.907084E-4
9.935000E-3	2.645850E-4
9.940000E-3	7.635951E-4
9.945000E-3	9.939075E-4
9.950000E-3	1.046002E-3
9.955000E-3	5.332828E-4
9.960000E-3	-1.233816E-4
9.965000E-3	-8.033514E-4
9.970000E-3	-1.575172E-3
9.975000E-3	-2.192080E-3
9.980000E-3	-2.292156E-3
9.985000E-3	-2.297640E-3
9.990000E-3	-2.087891E-3
9.995000E-3	-1.838386E-3
