0.000000E+0	1.314700E-3
5.000000E-6	1.207769E-3
1.000000E-5	1.307845E-3
1.500000E-5	1.381874E-3
2.000000E-5	1.392841E-3
2.500000E-5	1.247525E-3
3.000000E-5	1.292765E-3
3.500000E-5	1.423001E-3
4.000000E-5	1.403809E-3
4.500000E-5	1.381874E-3
5.000000E-5	1.213253E-3
5.500000E-5	1.416147E-3
6.000000E-5	1.296878E-3
6.500000E-5	1.317441E-3
7.000000E-5	1.387358E-3
7.500000E-5	1.364052E-3
8.000000E-5	1.294136E-3
8.500000E-5	1.300991E-3
9.000000E-5	1.398325E-3
9.500000E-5	1.390100E-3
1.000000E-4	1.399696E-3
1.050000E-4	1.413405E-3
1.100000E-4	1.268089E-3
1.150000E-4	1.161158E-3
1.200000E-4	1.361310E-3
1.250000E-4	1.490176E-3
1.300000E-4	1.440823E-3
1.350000E-4	1.372278E-3
1.400000E-4	1.265347E-3
1.450000E-4	1.316071E-3
1.500000E-4	1.207769E-3
1.550000E-4	1.322925E-3
1.600000E-4	1.424372E-3
1.650000E-4	1.379132E-3
1.700000E-4	1.506627E-3
1.750000E-4	1.517594E-3
1.800000E-4	1.425743E-3
1.850000E-4	1.277685E-3
1.900000E-4	1.213253E-3
1.950000E-4	1.284540E-3
2.000000E-4	1.327038E-3
2.050000E-4	1.342118E-3
2.100000E-4	1.291394E-3
2.150000E-4	1.178980E-3
2.200000E-4	1.292765E-3
2.250000E-4	1.379132E-3
2.300000E-4	1.335263E-3
2.350000E-4	1.173496E-3
2.400000E-4	1.268089E-3
2.450000E-4	1.233816E-3
2.500000E-4	1.287282E-3
2.550000E-4	1.262605E-3
2.600000E-4	1.405180E-3
2.650000E-4	1.211882E-3
2.700000E-4	1.154304E-3
2.750000E-4	1.222849E-3
2.800000E-4	1.240671E-3
2.850000E-4	1.383245E-3
2.900000E-4	1.486063E-3
2.950000E-4	1.505256E-3
3.000000E-4	1.343489E-3
3.050000E-4	1.551867E-3
3.100000E-4	1.287282E-3
3.150000E-4	1.268089E-3
3.200000E-4	1.333892E-3
3.250000E-4	1.469612E-3
3.300000E-4	1.407921E-3
3.350000E-4	1.420259E-3
3.400000E-4	1.442194E-3
3.450000E-4	1.545012E-3
3.500000E-4	1.555979E-3
3.550000E-4	1.510739E-3
3.600000E-4	1.348972E-3
3.650000E-4	1.269460E-3
3.700000E-4	1.396954E-3
3.750000E-4	1.196802E-3
3.800000E-4	1.126885E-3
3.850000E-4	1.257122E-3
3.900000E-4	1.399696E-3
3.950000E-4	1.300991E-3
4.000000E-4	1.288652E-3
4.050000E-4	1.155674E-3
4.100000E-4	1.139224E-3
4.150000E-4	1.159787E-3
4.200000E-4	1.220107E-3
4.250000E-4	1.412034E-3
4.300000E-4	1.560092E-3
4.350000E-4	1.409292E-3
4.400000E-4	1.273572E-3
4.450000E-4	1.487434E-3
4.500000E-4	1.354456E-3
4.550000E-4	1.292765E-3
4.600000E-4	1.191318E-3
4.650000E-4	1.366794E-3
4.700000E-4	1.443565E-3
4.750000E-4	1.233816E-3
4.800000E-4	1.144707E-3
4.850000E-4	1.159787E-3
4.900000E-4	1.174867E-3
4.950000E-4	1.303732E-3
5.000000E-4	1.416147E-3
5.050000E-4	1.268089E-3
5.100000E-4	1.499772E-3
5.150000E-4	1.527190E-3
5.200000E-4	1.469612E-3
5.250000E-4	1.465499E-3
5.300000E-4	1.362681E-3
5.350000E-4	1.321554E-3
5.400000E-4	1.401067E-3
5.450000E-4	1.384616E-3
5.500000E-4	1.228333E-3
5.550000E-4	1.166642E-3
5.600000E-4	1.279056E-3
5.650000E-4	1.346231E-3
5.700000E-4	1.447678E-3
5.750000E-4	1.502514E-3
5.800000E-4	1.269460E-3
5.850000E-4	1.214623E-3
5.900000E-4	1.199543E-3
5.950000E-4	1.117289E-3
6.000000E-4	1.218736E-3
6.050000E-4	1.362681E-3
6.100000E-4	1.457274E-3
6.150000E-4	1.439452E-3
6.200000E-4	1.381874E-3
6.250000E-4	1.359940E-3
6.300000E-4	1.173496E-3
6.350000E-4	1.410663E-3
6.400000E-4	1.292765E-3
6.450000E-4	1.298249E-3
6.500000E-4	1.357198E-3
6.550000E-4	1.368165E-3
6.600000E-4	1.462758E-3
6.650000E-4	1.454532E-3
6.700000E-4	1.455903E-3
6.750000E-4	1.381874E-3
6.800000E-4	1.307845E-3
6.850000E-4	1.421630E-3
6.900000E-4	1.218736E-3
6.950000E-4	1.157045E-3
7.000000E-4	1.192689E-3
7.050000E-4	1.154304E-3
7.100000E-4	1.265347E-3
7.150000E-4	1.517594E-3
7.200000E-4	1.624525E-3
7.250000E-4	1.435339E-3
7.300000E-4	1.402438E-3
7.350000E-4	1.272202E-3
7.400000E-4	1.322925E-3
7.450000E-4	1.243412E-3
7.500000E-4	1.405180E-3
7.550000E-4	1.342118E-3
7.600000E-4	1.295507E-3
7.650000E-4	1.244783E-3
7.700000E-4	1.307845E-3
7.750000E-4	1.184464E-3
7.800000E-4	1.270831E-3
7.850000E-4	1.251638E-3
7.900000E-4	1.339376E-3
7.950000E-4	1.320183E-3
8.000000E-4	1.298249E-3
8.050000E-4	1.391470E-3
8.100000E-4	1.458645E-3
8.150000E-4	1.409292E-3
8.200000E-4	1.355827E-3
8.250000E-4	1.239300E-3
8.300000E-4	1.196802E-3
8.350000E-4	1.266718E-3
8.400000E-4	1.235187E-3
8.450000E-4	1.424372E-3
8.500000E-4	1.365423E-3
8.550000E-4	1.431227E-3
8.600000E-4	1.488805E-3
8.650000E-4	1.497030E-3
8.700000E-4	1.435339E-3
8.750000E-4	1.579285E-3
8.800000E-4	1.573801E-3
8.850000E-4	1.428485E-3
8.900000E-4	1.440823E-3
8.950000E-4	1.490176E-3
9.000000E-4	1.403809E-3
9.050000E-4	1.269460E-3
9.100000E-4	1.294136E-3
9.150000E-4	1.423001E-3
9.200000E-4	1.418889E-3
9.250000E-4	1.364052E-3
9.300000E-4	1.339376E-3
9.350000E-4	1.280427E-3
9.400000E-4	1.259863E-3
9.450000E-4	1.248896E-3
9.500000E-4	1.141965E-3
9.550000E-4	1.300991E-3
9.600000E-4	1.321554E-3
9.650000E-4	1.290023E-3
9.700000E-4	1.291394E-3
9.750000E-4	1.362681E-3
9.800000E-4	1.340747E-3
9.850000E-4	1.425743E-3
9.900000E-4	1.409292E-3
9.950000E-4	1.620412E-3
1.000000E-3	1.439452E-3
1.005000E-3	1.224220E-3
1.010000E-3	1.450419E-3
1.015000E-3	1.398325E-3
1.020000E-3	1.332521E-3
1.025000E-3	1.303732E-3
1.030000E-3	1.429856E-3
1.035000E-3	1.501143E-3
1.040000E-3	1.449049E-3
1.045000E-3	1.350343E-3
1.050000E-3	1.454532E-3
1.055000E-3	1.564205E-3
1.060000E-3	1.571059E-3
1.065000E-3	1.355827E-3
1.070000E-3	1.209140E-3
1.075000E-3	1.195431E-3
1.080000E-3	1.357198E-3
1.085000E-3	1.321554E-3
1.090000E-3	1.327038E-3
1.095000E-3	1.366794E-3
1.100000E-3	1.265347E-3
1.105000E-3	1.327038E-3
1.110000E-3	1.475096E-3
1.115000E-3	1.435339E-3
1.120000E-3	1.440823E-3
1.125000E-3	1.229703E-3
1.130000E-3	1.239300E-3
1.135000E-3	1.423001E-3
1.140000E-3	1.340747E-3
1.145000E-3	1.420259E-3
1.150000E-3	1.413405E-3
1.155000E-3	1.350343E-3
1.160000E-3	1.343489E-3
1.165000E-3	1.531303E-3
1.170000E-3	1.380503E-3
1.175000E-3	1.405180E-3
1.180000E-3	1.362681E-3
1.185000E-3	1.412034E-3
1.190000E-3	1.314700E-3
1.195000E-3	1.358569E-3
1.200000E-3	1.521707E-3
1.205000E-3	1.255751E-3
1.210000E-3	1.254380E-3
1.215000E-3	1.484692E-3
1.220000E-3	1.294136E-3
1.225000E-3	1.125515E-3
1.230000E-3	1.303732E-3
1.235000E-3	1.403809E-3
1.240000E-3	1.405180E-3
1.245000E-3	1.480579E-3
1.250000E-3	1.427114E-3
1.255000E-3	1.243412E-3
1.260000E-3	1.532674E-3
1.265000E-3	1.231074E-3
1.270000E-3	1.151562E-3
1.275000E-3	1.211882E-3
1.280000E-3	1.438081E-3
1.285000E-3	1.265347E-3
1.290000E-3	1.291394E-3
1.295000E-3	1.296878E-3
1.300000E-3	1.331151E-3
1.305000E-3	1.324296E-3
1.310000E-3	1.468241E-3
1.315000E-3	1.469612E-3
1.320000E-3	1.373649E-3
1.325000E-3	1.200914E-3
1.330000E-3	1.309216E-3
1.335000E-3	1.399696E-3
1.340000E-3	1.598477E-3
1.345000E-3	1.440823E-3
1.350000E-3	1.406550E-3
1.355000E-3	1.380503E-3
1.360000E-3	1.376390E-3
1.365000E-3	1.401067E-3
1.370000E-3	1.364052E-3
1.375000E-3	1.406550E-3
1.380000E-3	1.344860E-3
1.385000E-3	1.377761E-3
1.390000E-3	1.377761E-3
1.395000E-3	1.348972E-3
1.400000E-3	1.481950E-3
1.405000E-3	1.572430E-3
1.410000E-3	1.398325E-3
1.415000E-3	1.392841E-3
1.420000E-3	1.431227E-3
1.425000E-3	1.325667E-3
1.430000E-3	1.205027E-3
1.435000E-3	1.279056E-3
1.440000E-3	1.285911E-3
1.445000E-3	1.137853E-3
1.450000E-3	1.233816E-3
1.455000E-3	1.243412E-3
1.460000E-3	1.361310E-3
1.465000E-3	1.468241E-3
1.470000E-3	1.228333E-3
1.475000E-3	1.258492E-3
1.480000E-3	1.318812E-3
1.485000E-3	1.368165E-3
1.490000E-3	1.209140E-3
1.495000E-3	1.362681E-3
1.500000E-3	1.394212E-3
1.505000E-3	1.166642E-3
1.510000E-3	1.151562E-3
1.515000E-3	1.276314E-3
1.520000E-3	1.454532E-3
1.525000E-3	1.281798E-3
1.530000E-3	1.401067E-3
1.535000E-3	1.601219E-3
1.540000E-3	1.490176E-3
1.545000E-3	1.394212E-3
1.550000E-3	1.265347E-3
1.555000E-3	1.303732E-3
1.560000E-3	1.303732E-3
1.565000E-3	1.384616E-3
1.570000E-3	1.388729E-3
1.575000E-3	1.506627E-3
1.580000E-3	1.492918E-3
1.585000E-3	1.458645E-3
1.590000E-3	1.450419E-3
1.595000E-3	1.505256E-3
1.600000E-3	1.466870E-3
1.605000E-3	1.184464E-3
1.610000E-3	1.172125E-3
1.615000E-3	1.407921E-3
1.620000E-3	1.285911E-3
1.625000E-3	1.414776E-3
1.630000E-3	1.364052E-3
1.635000E-3	1.287282E-3
1.640000E-3	1.285911E-3
1.645000E-3	1.272202E-3
1.650000E-3	1.398325E-3
1.655000E-3	1.325667E-3
1.660000E-3	1.505256E-3
1.665000E-3	1.529932E-3
1.670000E-3	1.287282E-3
1.675000E-3	1.327038E-3
1.680000E-3	1.491547E-3
1.685000E-3	1.466870E-3
1.690000E-3	1.277685E-3
1.695000E-3	1.350343E-3
1.700000E-3	1.221478E-3
1.705000E-3	1.442194E-3
1.710000E-3	1.476467E-3
1.715000E-3	1.431227E-3
1.720000E-3	1.460016E-3
1.725000E-3	1.344860E-3
1.730000E-3	1.339376E-3
1.735000E-3	1.413405E-3
1.740000E-3	1.517594E-3
1.745000E-3	1.320183E-3
1.750000E-3	1.222849E-3
1.755000E-3	1.224220E-3
1.760000E-3	1.338005E-3
1.765000E-3	1.317441E-3
1.770000E-3	1.466870E-3
1.775000E-3	1.327038E-3
1.780000E-3	1.291394E-3
1.785000E-3	1.233816E-3
1.790000E-3	1.436710E-3
1.795000E-3	1.310587E-3
1.800000E-3	1.158416E-3
1.805000E-3	1.170754E-3
1.810000E-3	1.224220E-3
1.815000E-3	1.339376E-3
1.820000E-3	1.470983E-3
1.825000E-3	1.406550E-3
1.830000E-3	1.255751E-3
1.835000E-3	1.335263E-3
1.840000E-3	1.358569E-3
1.845000E-3	1.213253E-3
1.850000E-3	1.385987E-3
1.855000E-3	1.244783E-3
1.860000E-3	1.146078E-3
1.865000E-3	1.274943E-3
1.870000E-3	1.403809E-3
1.875000E-3	1.418889E-3
1.880000E-3	1.285911E-3
1.885000E-3	1.339376E-3
1.890000E-3	1.307845E-3
1.895000E-3	1.310587E-3
1.900000E-3	1.398325E-3
1.905000E-3	1.461387E-3
1.910000E-3	1.306474E-3
1.915000E-3	1.350343E-3
1.920000E-3	1.226962E-3
1.925000E-3	1.198173E-3
1.930000E-3	1.265347E-3
1.935000E-3	1.340747E-3
1.940000E-3	1.217365E-3
1.945000E-3	1.235187E-3
1.950000E-3	1.299620E-3
1.955000E-3	1.503885E-3
1.960000E-3	1.433969E-3
1.965000E-3	1.457274E-3
1.970000E-3	1.390100E-3
1.975000E-3	1.339376E-3
1.980000E-3	1.202285E-3
1.985000E-3	1.172125E-3
1.990000E-3	1.348972E-3
1.995000E-3	1.476467E-3
2.000000E-3	1.553237E-3
2.005000E-3	1.258492E-3
2.010000E-3	1.277685E-3
2.015000E-3	1.181722E-3
2.020000E-3	1.309216E-3
2.025000E-3	1.199543E-3
2.030000E-3	1.225591E-3
2.035000E-3	1.336634E-3
2.040000E-3	1.368165E-3
2.045000E-3	1.424372E-3
2.050000E-3	1.250267E-3
2.055000E-3	1.516223E-3
2.060000E-3	1.503885E-3
2.065000E-3	1.492918E-3
2.070000E-3	1.405180E-3
2.075000E-3	1.306474E-3
2.080000E-3	1.405180E-3
2.085000E-3	1.343489E-3
2.090000E-3	1.270831E-3
2.095000E-3	1.294136E-3
2.100000E-3	1.269460E-3
2.105000E-3	1.080275E-3
2.110000E-3	1.316071E-3
2.115000E-3	1.327038E-3
2.120000E-3	1.332521E-3
2.125000E-3	1.379132E-3
2.130000E-3	1.242042E-3
2.135000E-3	1.199543E-3
2.140000E-3	1.402438E-3
2.145000E-3	1.429856E-3
2.150000E-3	1.350343E-3
2.155000E-3	1.435339E-3
2.160000E-3	1.224220E-3
2.165000E-3	1.288652E-3
2.170000E-3	1.255751E-3
2.175000E-3	1.318812E-3
2.180000E-3	1.546383E-3
2.185000E-3	1.343489E-3
2.190000E-3	1.324296E-3
2.195000E-3	1.331151E-3
2.200000E-3	1.384616E-3
2.205000E-3	1.412034E-3
2.210000E-3	1.366794E-3
2.215000E-3	1.510739E-3
2.220000E-3	1.409292E-3
2.225000E-3	1.375020E-3
2.230000E-3	1.307845E-3
2.235000E-3	1.405180E-3
2.240000E-3	1.336634E-3
2.245000E-3	1.272202E-3
2.250000E-3	1.181722E-3
2.255000E-3	1.191318E-3
2.260000E-3	1.322925E-3
2.265000E-3	1.480579E-3
2.270000E-3	1.421630E-3
2.275000E-3	1.405180E-3
2.280000E-3	1.438081E-3
2.285000E-3	1.431227E-3
2.290000E-3	1.538157E-3
2.295000E-3	1.523077E-3
2.300000E-3	1.407921E-3
2.305000E-3	1.250267E-3
2.310000E-3	1.465499E-3
2.315000E-3	1.416147E-3
2.320000E-3	1.527190E-3
2.325000E-3	1.385987E-3
2.330000E-3	1.461387E-3
2.335000E-3	1.174867E-3
2.340000E-3	1.636863E-3
2.345000E-3	1.225591E-3
2.350000E-3	1.741052E-3
2.355000E-3	1.168013E-3
2.360000E-3	1.762986E-3
2.365000E-3	1.033664E-3
2.370000E-3	1.850724E-3
2.375000E-3	6.909370E-4
2.380000E-3	2.263367E-3
2.385000E-3	5.044937E-4
2.390000E-3	2.527952E-3
2.395000E-3	1.357198E-4
2.400000E-3	3.065348E-3
2.405000E-3	-4.386902E-4
2.410000E-3	3.760397E-3
2.415000E-3	-1.155674E-3
2.420000E-3	4.713178E-3
2.425000E-3	-2.673268E-3
2.430000E-3	6.110132E-3
2.435000E-3	-4.451334E-3
2.440000E-3	9.424984E-3
2.445000E-3	-6.240368E-3
2.450000E-3	1.055598E-2
2.455000E-3	-1.283073E-1
2.460000E-3	-1.230375E-1
2.465000E-3	-4.428303E-2
2.470000E-3	-5.647862E-2
2.475000E-3	-7.113361E-2
2.480000E-3	-4.343307E-2
2.485000E-3	3.856498E-2
2.490000E-3	-2.786916E-2
2.495000E-3	2.294898E-3
2.500000E-3	1.575830E-1
2.505000E-3	1.501582E-1
2.510000E-3	3.994823E-2
2.515000E-3	4.553604E-2
2.520000E-3	1.306186E-1
2.525000E-3	-5.944252E-2
2.530000E-3	-4.409522E-2
2.535000E-3	8.503872E-2
2.540000E-3	-2.695203E-2
2.545000E-3	9.899318E-3
2.550000E-3	1.143898E-1
2.555000E-3	8.399820E-2
2.560000E-3	-1.431912E-2
2.565000E-3	8.323187E-2
2.570000E-3	6.049675E-2
2.575000E-3	-1.650709E-2
2.580000E-3	-1.361722E-2
2.585000E-3	-1.157182E-2
2.590000E-3	-4.461342E-2
2.595000E-3	-2.776909E-2
2.600000E-3	-1.658523E-2
2.605000E-3	-5.530101E-2
2.610000E-3	-4.884678E-2
2.615000E-3	2.626657E-3
2.620000E-3	-1.244235E-2
2.625000E-3	-2.161646E-2
2.630000E-3	2.838874E-2
2.635000E-3	-9.856820E-4
2.640000E-3	-3.622621E-2
2.645000E-3	-1.363915E-2
2.650000E-3	-4.920185E-2
2.655000E-3	-4.117244E-2
2.660000E-3	-4.179895E-3
2.665000E-3	-2.171516E-2
2.670000E-3	-4.653132E-2
2.675000E-3	1.642758E-2
2.680000E-3	2.795005E-2
2.685000E-3	-7.197261E-4
2.690000E-3	2.872050E-2
2.695000E-3	3.871715E-2
2.700000E-3	-5.993605E-3
2.705000E-3	1.943809E-2
2.710000E-3	2.920854E-2
2.715000E-3	-3.065348E-3
2.720000E-3	1.047373E-3
2.725000E-3	8.936942E-3
2.730000E-3	-2.548516E-2
2.735000E-3	-7.958114E-3
2.740000E-3	2.744967E-2
2.745000E-3	-5.162835E-3
2.750000E-3	1.129079E-2
2.755000E-3	4.153299E-2
2.760000E-3	1.035446E-2
2.765000E-3	1.878142E-4
2.770000E-3	2.653664E-2
2.775000E-3	4.610360E-3
2.780000E-3	-7.197261E-3
2.785000E-3	-1.051486E-3
2.790000E-3	-1.843321E-2
2.795000E-3	-3.698844E-2
2.800000E-3	-6.995738E-3
2.805000E-3	-8.820415E-3
2.810000E-3	-1.883078E-2
2.815000E-3	1.261646E-2
2.820000E-3	5.330086E-3
2.825000E-3	-1.809597E-2
2.830000E-3	1.099467E-3
2.835000E-3	7.110894E-3
2.840000E-3	-2.603489E-2
2.845000E-3	-9.926736E-3
2.850000E-3	1.007205E-2
2.855000E-3	-1.076984E-2
2.860000E-3	-2.102971E-3
2.865000E-3	8.967102E-3
2.870000E-3	-5.110741E-3
2.875000E-3	7.675707E-3
2.880000E-3	1.921052E-2
2.885000E-3	7.267177E-3
2.890000E-3	1.976299E-2
2.895000E-3	3.111136E-2
2.900000E-3	5.938768E-3
2.905000E-3	5.814016E-3
2.910000E-3	1.900762E-2
2.915000E-3	4.922926E-3
2.920000E-3	-6.075859E-3
2.925000E-3	2.282560E-3
2.930000E-3	-4.470527E-3
2.935000E-3	-1.175278E-2
2.940000E-3	-4.592538E-3
2.945000E-3	4.458189E-3
2.950000E-3	1.097274E-2
2.955000E-3	1.164311E-2
2.960000E-3	1.370084E-2
2.965000E-3	1.026672E-2
2.970000E-3	6.591320E-3
2.975000E-3	4.983246E-3
2.980000E-3	5.305409E-4
2.985000E-3	-3.347754E-3
2.990000E-3	-1.491547E-3
2.995000E-3	-3.120184E-3
3.000000E-3	-4.647374E-3
3.005000E-3	-4.392385E-3
3.010000E-3	-2.108455E-3
3.015000E-3	-7.694900E-3
3.020000E-3	4.688501E-4
3.025000E-3	2.445698E-3
3.030000E-3	-1.464128E-3
3.035000E-3	2.623916E-3
3.040000E-3	8.540750E-4
3.045000E-3	-6.259561E-3
3.050000E-3	-5.023003E-3
3.055000E-3	-7.509828E-3
3.060000E-3	-9.344101E-3
3.065000E-3	-1.699924E-3
3.070000E-3	-9.431839E-4
3.075000E-3	2.145469E-3
3.080000E-3	4.803658E-3
3.085000E-3	2.322316E-3
3.090000E-3	3.864586E-3
3.095000E-3	6.772280E-3
3.100000E-3	7.896423E-4
3.105000E-3	-3.669918E-3
3.110000E-3	2.429247E-3
3.115000E-3	-3.440976E-4
3.120000E-3	-2.275705E-4
3.125000E-3	1.924753E-3
3.130000E-3	8.458495E-3
3.135000E-3	7.988274E-3
3.140000E-3	1.203108E-2
3.145000E-3	1.619589E-2
3.150000E-3	1.535690E-2
3.155000E-3	1.196116E-2
3.160000E-3	1.197350E-2
3.165000E-3	-4.072964E-3
3.170000E-3	-1.405317E-2
3.175000E-3	-1.434928E-2
3.180000E-3	-1.465225E-2
3.185000E-3	-1.226002E-2
3.190000E-3	-3.014624E-3
3.195000E-3	-5.175173E-3
3.200000E-3	-2.348363E-3
3.205000E-3	2.112567E-3
3.210000E-3	2.980351E-3
3.215000E-3	3.535569E-3
3.220000E-3	8.181572E-3
3.225000E-3	1.876771E-3
3.230000E-3	-4.325211E-3
3.235000E-3	1.429856E-3
3.240000E-3	-4.175782E-3
3.245000E-3	-7.757962E-3
3.250000E-3	-6.744862E-4
3.255000E-3	2.811730E-3
3.260000E-3	6.358266E-3
3.265000E-3	1.610130E-2
3.270000E-3	1.925850E-2
3.275000E-3	1.671958E-2
3.280000E-3	1.769018E-2
3.285000E-3	2.361113E-2
3.290000E-3	1.582026E-2
3.295000E-3	1.032704E-2
3.300000E-3	6.923079E-3
3.305000E-3	-3.923535E-3
3.310000E-3	-9.880126E-3
3.315000E-3	-1.350206E-2
3.320000E-3	-1.130450E-2
3.325000E-3	-1.017076E-2
3.330000E-3	-5.770147E-3
3.335000E-3	-5.796194E-3
3.340000E-3	-1.158553E-2
3.345000E-3	-1.034486E-2
3.350000E-3	-1.933938E-2
3.355000E-3	-1.541036E-2
3.360000E-3	-5.132675E-3
3.365000E-3	-1.396406E-2
3.370000E-3	-1.090008E-2
3.375000E-3	-1.624525E-3
3.380000E-3	-2.363443E-3
3.385000E-3	1.007617E-3
3.390000E-3	1.156086E-2
3.395000E-3	1.622331E-2
3.400000E-3	1.535004E-2
3.405000E-3	2.225667E-2
3.410000E-3	2.214289E-2
3.415000E-3	1.496482E-2
3.420000E-3	1.396817E-2
3.425000E-3	1.528013E-2
3.430000E-3	1.328409E-2
3.435000E-3	5.766034E-3
3.440000E-3	5.277991E-3
3.445000E-3	7.542729E-3
3.450000E-3	8.034885E-3
3.455000E-3	1.715416E-2
3.460000E-3	1.939696E-2
3.465000E-3	1.495796E-2
3.470000E-3	1.252735E-2
3.475000E-3	7.201374E-3
3.480000E-3	7.951260E-5
3.485000E-3	-3.413558E-4
3.490000E-3	-5.564511E-3
3.495000E-3	-1.384068E-2
3.500000E-3	-1.282483E-2
3.505000E-3	-1.404083E-2
3.510000E-3	-2.205789E-2
3.515000E-3	-2.097487E-2
3.520000E-3	-1.721859E-2
3.525000E-3	-2.071714E-2
3.530000E-3	-1.935995E-2
3.535000E-3	-1.556939E-2
3.540000E-3	-1.413679E-2
3.545000E-3	-1.049840E-2
3.550000E-3	-7.097185E-3
3.555000E-3	-6.565273E-3
3.560000E-3	-7.131457E-3
3.565000E-3	-4.545927E-3
3.570000E-3	-2.558112E-3
3.575000E-3	2.026200E-3
3.580000E-3	9.433210E-3
3.585000E-3	1.152796E-2
3.590000E-3	1.780260E-2
3.595000E-3	1.889932E-2
3.600000E-3	1.824403E-2
3.605000E-3	1.961082E-2
3.610000E-3	1.969993E-2
3.615000E-3	1.656193E-2
3.620000E-3	1.605880E-2
3.625000E-3	1.443565E-2
3.630000E-3	1.052034E-2
3.635000E-3	8.769691E-3
3.640000E-3	6.491244E-3
3.645000E-3	1.880884E-3
3.650000E-3	1.583397E-3
3.655000E-3	2.638996E-3
3.660000E-3	1.067936E-3
3.665000E-3	1.302361E-3
3.670000E-3	1.398325E-4
3.675000E-3	-4.685760E-3
3.680000E-3	-6.748974E-3
3.685000E-3	-6.754458E-3
3.690000E-3	-1.013374E-2
3.695000E-3	-1.024890E-2
3.700000E-3	-8.110285E-3
3.705000E-3	-7.434428E-3
3.710000E-3	-5.678296E-3
3.715000E-3	-4.994214E-3
3.720000E-3	-7.667482E-3
3.725000E-3	-7.289112E-3
3.730000E-3	-3.630161E-3
3.735000E-3	-4.308760E-3
3.740000E-3	-4.584312E-3
3.745000E-3	2.166033E-4
3.750000E-3	1.661539E-3
3.755000E-3	-9.843111E-4
3.760000E-3	-1.107693E-3
3.765000E-3	1.384616E-4
3.770000E-3	-3.057122E-4
3.775000E-3	4.373193E-4
3.780000E-3	1.401067E-3
3.785000E-3	2.686977E-4
3.790000E-3	1.412034E-4
3.795000E-3	3.646612E-3
3.800000E-3	7.566035E-3
3.805000E-3	1.178980E-2
3.810000E-3	1.435202E-2
3.815000E-3	1.373374E-2
3.820000E-3	1.261097E-2
3.825000E-3	1.090968E-2
3.830000E-3	1.207495E-2
3.835000E-3	1.208180E-2
3.840000E-3	1.016527E-2
3.845000E-3	7.179439E-3
3.850000E-3	5.535722E-3
3.855000E-3	4.011273E-3
3.860000E-3	-1.100838E-3
3.865000E-3	-3.212035E-3
3.870000E-3	-4.554152E-3
3.875000E-3	-5.232751E-3
3.880000E-3	-6.064892E-3
3.885000E-3	-5.516529E-3
3.890000E-3	-5.798936E-3
3.895000E-3	-6.555676E-3
3.900000E-3	-6.491244E-3
3.905000E-3	-6.180048E-3
3.910000E-3	-4.762530E-3
3.915000E-3	-1.130998E-3
3.920000E-3	2.172887E-3
3.925000E-3	6.429553E-3
3.930000E-3	1.094669E-2
3.935000E-3	1.216543E-2
3.940000E-3	1.314563E-2
3.945000E-3	1.555431E-2
3.950000E-3	1.412582E-2
3.955000E-3	1.217502E-2
3.960000E-3	1.243138E-2
3.965000E-3	1.009399E-2
3.970000E-3	5.777001E-3
3.975000E-3	3.726125E-3
3.980000E-3	1.205027E-3
3.985000E-3	-2.296269E-3
3.990000E-3	-2.741814E-6
3.995000E-3	-4.318357E-4
4.000000E-3	-3.172278E-3
4.005000E-3	-4.905105E-3
4.010000E-3	-5.449355E-3
4.015000E-3	-8.028030E-3
4.020000E-3	-9.430468E-3
4.025000E-3	-7.317901E-3
4.030000E-3	-7.228792E-3
4.035000E-3	-6.776392E-3
4.040000E-3	-5.541205E-3
4.045000E-3	-4.230618E-3
4.050000E-3	-3.730237E-3
4.055000E-3	-3.102362E-3
4.060000E-3	-3.031075E-3
4.065000E-3	-1.479208E-3
4.070000E-3	-2.207160E-4
4.075000E-3	5.785227E-4
4.080000E-3	3.650725E-3
4.085000E-3	7.507086E-3
4.090000E-3	8.363903E-3
4.095000E-3	8.875251E-3
4.100000E-3	9.564817E-3
4.105000E-3	7.807314E-3
4.110000E-3	6.888807E-3
4.115000E-3	8.842349E-3
4.120000E-3	8.771062E-3
4.125000E-3	7.261693E-3
4.130000E-3	7.494748E-3
4.135000E-3	8.306324E-3
4.140000E-3	6.727040E-3
4.145000E-3	6.134808E-3
4.150000E-3	6.426811E-3
4.155000E-3	5.081952E-3
4.160000E-3	1.746535E-3
4.165000E-3	-9.952784E-4
4.170000E-3	-2.641737E-3
4.175000E-3	-4.415691E-3
4.180000E-3	-5.190253E-3
4.185000E-3	-5.890787E-3
4.190000E-3	-6.605029E-3
4.195000E-3	-6.245852E-3
4.200000E-3	-6.622851E-3
4.205000E-3	-7.210970E-3
4.210000E-3	-8.529782E-3
4.215000E-3	-9.392083E-3
4.220000E-3	-9.079516E-3
4.225000E-3	-8.377612E-3
4.230000E-3	-5.984008E-3
4.235000E-3	-3.371060E-3
4.240000E-3	-9.678602E-4
4.245000E-3	1.111805E-3
4.250000E-3	4.016757E-3
4.255000E-3	5.149126E-3
4.260000E-3	4.258037E-3
4.265000E-3	4.382789E-3
4.270000E-3	4.375935E-3
4.275000E-3	3.357351E-3
4.280000E-3	4.071593E-3
4.285000E-3	5.792081E-3
4.290000E-3	7.337093E-3
4.295000E-3	8.258343E-3
4.300000E-3	9.826660E-3
4.305000E-3	1.041752E-2
4.310000E-3	9.608686E-3
4.315000E-3	9.248137E-3
4.320000E-3	8.344710E-3
4.325000E-3	7.263064E-3
4.330000E-3	5.484998E-3
4.335000E-3	4.022241E-3
4.340000E-3	3.164053E-3
4.345000E-3	3.715158E-3
4.350000E-3	4.519880E-3
4.355000E-3	3.658950E-3
4.360000E-3	2.035797E-3
4.365000E-3	1.002133E-3
4.370000E-3	-4.866719E-4
4.375000E-3	-2.604723E-3
4.380000E-3	-4.314244E-3
4.385000E-3	-4.944861E-3
4.390000E-3	-5.427420E-3
4.395000E-3	-5.135417E-3
4.400000E-3	-4.848897E-3
4.405000E-3	-4.730999E-3
4.410000E-3	-4.061997E-3
4.415000E-3	-3.047526E-3
4.420000E-3	-2.144098E-3
4.425000E-3	-1.205027E-3
4.430000E-3	-2.020717E-3
4.435000E-3	-3.246307E-3
4.440000E-3	-2.828181E-3
4.445000E-3	-8.924603E-4
4.450000E-3	7.827878E-4
4.455000E-3	2.364814E-3
4.460000E-3	5.421937E-3
4.465000E-3	7.938921E-3
4.470000E-3	9.250879E-3
4.475000E-3	9.706020E-3
4.480000E-3	1.019406E-2
4.485000E-3	1.026535E-2
4.490000E-3	1.048058E-2
4.495000E-3	1.061767E-2
4.500000E-3	1.025438E-2
4.505000E-3	1.067936E-2
4.510000E-3	1.103169E-2
4.515000E-3	1.046139E-2
4.520000E-3	9.529173E-3
4.525000E-3	7.544100E-3
4.530000E-3	4.086673E-3
4.535000E-3	7.293224E-4
4.540000E-3	-2.414167E-3
4.545000E-3	-5.489111E-3
4.550000E-3	-7.223308E-3
4.555000E-3	-8.576393E-3
4.560000E-3	-9.460628E-3
4.565000E-3	-1.020229E-2
4.570000E-3	-1.029277E-2
4.575000E-3	-9.803355E-3
4.580000E-3	-9.318054E-3
4.585000E-3	-8.219957E-3
4.590000E-3	-6.732523E-3
4.595000E-3	-5.328715E-3
4.600000E-3	-4.585683E-3
4.605000E-3	-4.499316E-3
4.610000E-3	-4.813254E-3
4.615000E-3	-4.519880E-3
4.620000E-3	-3.114700E-3
4.625000E-3	-1.772583E-3
4.630000E-3	-6.594062E-4
4.635000E-3	1.680732E-3
4.640000E-3	4.012644E-3
4.645000E-3	4.975021E-3
4.650000E-3	6.030619E-3
4.655000E-3	9.673119E-3
4.660000E-3	1.098645E-2
4.665000E-3	7.284999E-3
4.670000E-3	8.890331E-3
4.675000E-3	7.682562E-3
4.680000E-3	4.258037E-3
4.685000E-3	7.700384E-3
4.690000E-3	1.015431E-2
4.695000E-3	6.801069E-3
4.700000E-3	7.778525E-3
4.705000E-3	1.182956E-2
4.710000E-3	6.982028E-3
4.715000E-3	6.648898E-3
4.720000E-3	8.908153E-3
4.725000E-3	3.590405E-3
4.730000E-3	1.943946E-3
4.735000E-3	2.248287E-3
4.740000E-3	3.427267E-4
4.745000E-3	-2.093375E-3
4.750000E-3	3.084540E-4
4.755000E-3	1.480579E-4
4.760000E-3	-4.014015E-3
4.765000E-3	-4.344404E-3
4.770000E-3	-5.143642E-3
4.775000E-3	-6.162226E-3
4.780000E-3	-5.029857E-3
4.785000E-3	-1.997411E-3
4.790000E-3	-9.692311E-4
4.795000E-3	5.209446E-4
4.800000E-3	3.898859E-3
4.805000E-3	2.052248E-3
4.810000E-3	1.391470E-3
4.815000E-3	3.007770E-3
4.820000E-3	1.827419E-3
4.825000E-3	1.236558E-3
4.830000E-3	3.767252E-3
4.835000E-3	4.667938E-3
4.840000E-3	5.364358E-3
4.845000E-3	7.171214E-3
4.850000E-3	6.088197E-3
4.855000E-3	4.848897E-3
4.860000E-3	5.387664E-3
4.865000E-3	4.218280E-3
4.870000E-3	2.064586E-3
4.875000E-3	2.763748E-3
4.880000E-3	1.620412E-3
4.885000E-3	-4.880428E-4
4.890000E-3	-1.133740E-3
4.895000E-3	-3.031075E-3
4.900000E-3	-5.990863E-3
4.905000E-3	-6.809294E-3
4.910000E-3	-7.863522E-3
4.915000E-3	-9.324908E-3
4.920000E-3	-9.208381E-3
4.925000E-3	-8.028030E-3
4.930000E-3	-8.550346E-3
4.935000E-3	-5.996346E-3
4.940000E-3	-3.349125E-3
4.945000E-3	-3.002286E-3
4.950000E-3	-1.972735E-3
4.955000E-3	-6.703734E-4
4.960000E-3	4.194975E-4
4.965000E-3	1.638234E-3
4.970000E-3	3.462911E-3
4.975000E-3	3.631532E-3
4.980000E-3	3.738463E-3
4.985000E-3	4.421175E-3
4.990000E-3	4.360855E-3
4.995000E-3	4.765272E-3
5.000000E-3	5.210817E-3
5.005000E-3	4.884541E-3
5.010000E-3	4.370451E-3
5.015000E-3	4.721403E-3
5.020000E-3	4.656971E-3
5.025000E-3	5.205333E-3
5.030000E-3	6.297946E-3
5.035000E-3	7.042348E-3
5.040000E-3	6.706476E-3
5.045000E-3	6.988883E-3
5.050000E-3	5.848289E-3
5.055000E-3	5.110741E-3
5.060000E-3	5.772889E-3
5.065000E-3	4.613101E-3
5.070000E-3	2.977610E-3
5.075000E-3	1.950800E-3
5.080000E-3	9.267330E-4
5.085000E-3	-1.850724E-4
5.090000E-3	1.645088E-5
5.095000E-3	-3.838539E-5
5.100000E-3	-8.952022E-4
5.105000E-3	-1.580656E-3
5.110000E-3	-2.325058E-3
5.115000E-3	-2.904952E-3
5.120000E-3	-3.187358E-3
5.125000E-3	-2.787054E-3
5.130000E-3	-1.743793E-3
5.135000E-3	1.096725E-5
5.140000E-3	9.651184E-4
5.145000E-3	2.175629E-3
5.150000E-3	3.512263E-3
5.155000E-3	4.562378E-3
5.160000E-3	4.637778E-3
5.165000E-3	5.121708E-3
5.170000E-3	5.102515E-3
5.175000E-3	4.481494E-3
5.180000E-3	4.607618E-3
5.185000E-3	4.548669E-3
5.190000E-3	3.759027E-3
5.195000E-3	2.444327E-3
5.200000E-3	7.992387E-4
5.205000E-3	-5.579591E-4
5.210000E-3	-1.546383E-3
5.215000E-3	-1.480579E-3
5.220000E-3	-6.031990E-5
5.225000E-3	1.261234E-3
5.230000E-3	3.047526E-3
5.235000E-3	4.534960E-3
5.240000E-3	5.663216E-3
5.245000E-3	5.901754E-3
5.250000E-3	5.511045E-3
5.255000E-3	3.701448E-3
5.260000E-3	8.280277E-4
5.265000E-3	-2.042651E-3
5.270000E-3	-3.630161E-3
5.275000E-3	-5.073726E-3
5.280000E-3	-5.356133E-3
5.285000E-3	-4.334807E-3
5.290000E-3	-3.128409E-3
5.295000E-3	-1.972735E-3
5.300000E-3	1.878142E-4
5.305000E-3	2.614319E-3
5.310000E-3	3.790557E-3
5.315000E-3	4.578829E-3
5.320000E-3	4.440367E-3
5.325000E-3	3.303885E-3
5.330000E-3	2.703428E-3
5.335000E-3	2.821326E-3
5.340000E-3	3.460169E-3
5.345000E-3	4.304647E-3
5.350000E-3	5.128562E-3
5.355000E-3	5.660474E-3
5.360000E-3	5.861998E-3
5.365000E-3	6.130695E-3
5.370000E-3	6.517291E-3
5.375000E-3	5.994976E-3
5.380000E-3	5.076468E-3
5.385000E-3	3.706932E-3
5.390000E-3	1.780808E-3
5.395000E-3	4.112720E-6
5.400000E-3	-1.040518E-3
5.405000E-3	-2.434731E-3
5.410000E-3	-3.291547E-3
5.415000E-3	-3.338158E-3
5.420000E-3	-2.952933E-3
5.425000E-3	-2.436101E-3
5.430000E-3	-1.909673E-3
5.435000E-3	-1.798630E-3
5.440000E-3	-2.648592E-3
5.445000E-3	-3.354609E-3
5.450000E-3	-4.281342E-3
5.455000E-3	-5.013406E-3
5.460000E-3	-4.948974E-3
5.465000E-3	-3.872812E-3
5.470000E-3	-2.101600E-3
5.475000E-3	2.412796E-4
5.480000E-3	2.885759E-3
5.485000E-3	4.155219E-3
5.490000E-3	4.340291E-3
5.495000E-3	4.761159E-3
5.500000E-3	3.960550E-3
5.505000E-3	2.929628E-3
5.510000E-3	3.210664E-3
5.515000E-3	3.702819E-3
5.520000E-3	3.594518E-3
5.525000E-3	4.471898E-3
5.530000E-3	5.195737E-3
5.535000E-3	4.933894E-3
5.540000E-3	5.319118E-3
5.545000E-3	5.844176E-3
5.550000E-3	5.561769E-3
5.555000E-3	5.232751E-3
5.560000E-3	3.948212E-3
5.565000E-3	2.460778E-3
5.570000E-3	7.087588E-4
5.575000E-3	-8.060932E-4
5.580000E-3	-2.163291E-3
5.585000E-3	-3.499925E-3
5.590000E-3	-4.360855E-3
5.595000E-3	-4.885912E-3
5.600000E-3	-4.833817E-3
5.605000E-3	-4.009902E-3
5.610000E-3	-2.578676E-3
5.615000E-3	-9.445548E-4
5.620000E-3	1.932979E-4
5.625000E-3	4.030466E-4
5.630000E-3	3.276467E-4
5.635000E-3	2.536178E-4
5.640000E-3	-1.220107E-4
5.645000E-3	-5.264282E-4
5.650000E-3	-2.700686E-4
5.655000E-3	5.757809E-4
5.660000E-3	2.366185E-3
5.665000E-3	4.713178E-3
5.670000E-3	7.172585E-3
5.675000E-3	9.265959E-3
5.680000E-3	1.040930E-2
5.685000E-3	1.099467E-2
5.690000E-3	1.064235E-2
5.695000E-3	9.564817E-3
5.700000E-3	8.274794E-3
5.705000E-3	6.961465E-3
5.710000E-3	5.834579E-3
5.715000E-3	5.032599E-3
5.720000E-3	4.171669E-3
5.725000E-3	3.626049E-3
5.730000E-3	3.442347E-3
5.735000E-3	3.268242E-3
5.740000E-3	2.774715E-3
5.745000E-3	2.068698E-3
5.750000E-3	1.073420E-3
5.755000E-3	-9.185076E-5
5.760000E-3	-8.650422E-4
5.765000E-3	-1.565576E-3
5.770000E-3	-3.150344E-3
5.775000E-3	-4.351258E-3
5.780000E-3	-5.683780E-3
5.785000E-3	-7.038236E-3
5.790000E-3	-7.685304E-3
5.795000E-3	-7.682562E-3
5.800000E-3	-7.423460E-3
5.805000E-3	-6.291091E-3
5.810000E-3	-4.251182E-3
5.815000E-3	-2.518356E-3
5.820000E-3	-1.115918E-3
5.825000E-3	3.235340E-4
5.830000E-3	1.046002E-3
5.835000E-3	1.333892E-3
5.840000E-3	1.390100E-3
5.845000E-3	1.531303E-3
5.850000E-3	1.560092E-3
5.855000E-3	1.550496E-3
5.860000E-3	1.801372E-3
5.865000E-3	2.322316E-3
5.870000E-3	3.583550E-3
5.875000E-3	4.920185E-3
5.880000E-3	5.863369E-3
5.885000E-3	6.413102E-3
5.890000E-3	6.014168E-3
5.895000E-3	5.342424E-3
5.900000E-3	4.610360E-3
5.905000E-3	3.742576E-3
5.910000E-3	3.351867E-3
5.915000E-3	3.116071E-3
5.920000E-3	2.526581E-3
5.925000E-3	1.916528E-3
5.930000E-3	1.557350E-3
5.935000E-3	8.143187E-4
5.940000E-3	-2.467632E-4
5.945000E-3	-8.376241E-4
5.950000E-3	-8.664131E-4
5.955000E-3	-1.195431E-3
5.960000E-3	-1.458645E-3
5.965000E-3	-1.661539E-3
5.970000E-3	-2.411425E-3
5.975000E-3	-3.360093E-3
5.980000E-3	-3.979743E-3
5.985000E-3	-4.167557E-3
5.990000E-3	-4.066110E-3
5.995000E-3	-3.627419E-3
6.000000E-3	-2.481341E-3
6.005000E-3	-8.513331E-4
6.010000E-3	1.099467E-3
6.015000E-3	3.250420E-3
6.020000E-3	5.143642E-3
6.025000E-3	6.492615E-3
6.030000E-3	6.986141E-3
6.035000E-3	7.178068E-3
6.040000E-3	6.901145E-3
6.045000E-3	6.624222E-3
6.050000E-3	6.280124E-3
6.055000E-3	5.893528E-3
6.060000E-3	5.494595E-3
6.065000E-3	5.027115E-3
6.070000E-3	4.846156E-3
6.075000E-3	4.876316E-3
6.080000E-3	4.965425E-3
6.085000E-3	5.317748E-3
6.090000E-3	5.733132E-3
6.095000E-3	5.565882E-3
6.100000E-3	5.023003E-3
6.105000E-3	4.281342E-3
6.110000E-3	3.516376E-3
6.115000E-3	2.824068E-3
6.120000E-3	2.071440E-3
6.125000E-3	1.649201E-3
6.130000E-3	1.295507E-3
6.135000E-3	6.936789E-4
6.140000E-3	-1.507998E-4
6.145000E-3	-1.030922E-3
6.150000E-3	-2.146840E-3
6.155000E-3	-3.065348E-3
6.160000E-3	-3.741205E-3
6.165000E-3	-4.518509E-3
6.170000E-3	-5.262911E-3
6.175000E-3	-5.956590E-3
6.180000E-3	-6.317139E-3
6.185000E-3	-6.271899E-3
6.190000E-3	-5.293071E-3
6.195000E-3	-3.724754E-3
6.200000E-3	-2.241433E-3
6.205000E-3	-7.773042E-4
6.210000E-3	6.964207E-4
6.215000E-3	1.370907E-3
6.220000E-3	1.735568E-3
6.225000E-3	1.776695E-3
6.230000E-3	1.682103E-3
6.235000E-3	1.168013E-3
6.240000E-3	7.526278E-4
6.245000E-3	6.635189E-4
6.250000E-3	9.267330E-4
6.255000E-3	1.761615E-3
6.260000E-3	2.829552E-3
6.265000E-3	4.189491E-3
6.270000E-3	5.449355E-3
6.275000E-3	6.374717E-3
6.280000E-3	6.303430E-3
6.285000E-3	5.386293E-3
6.290000E-3	3.771365E-3
6.295000E-3	2.231836E-3
6.300000E-3	6.731153E-4
6.305000E-3	-5.853772E-4
6.310000E-3	-1.804113E-3
6.315000E-3	-2.134502E-3
6.320000E-3	-1.682103E-3
6.325000E-3	-1.025438E-3
6.330000E-3	-9.322166E-5
6.335000E-3	1.290023E-3
6.340000E-3	2.133131E-3
6.345000E-3	2.744555E-3
6.350000E-3	3.312111E-3
6.355000E-3	3.912568E-3
6.360000E-3	3.610969E-3
6.365000E-3	3.715158E-3
6.370000E-3	4.184008E-3
6.375000E-3	4.848897E-3
6.380000E-3	6.155372E-3
6.385000E-3	7.396042E-3
6.390000E-3	8.237779E-3
6.395000E-3	8.616149E-3
6.400000E-3	8.510590E-3
6.405000E-3	7.407010E-3
6.410000E-3	5.553544E-3
6.415000E-3	3.449202E-3
6.420000E-3	1.255751E-3
6.425000E-3	-6.319880E-4
6.430000E-3	-1.963139E-3
6.435000E-3	-2.699316E-3
6.440000E-3	-2.788424E-3
6.445000E-3	-2.248287E-3
6.450000E-3	-1.523077E-3
6.455000E-3	-6.251335E-4
6.460000E-3	4.688501E-4
6.465000E-3	9.980202E-4
6.470000E-3	1.340747E-3
6.475000E-3	1.557350E-3
6.480000E-3	1.540899E-3
6.485000E-3	1.124144E-3
6.490000E-3	8.760095E-4
6.495000E-3	6.676316E-4
6.500000E-3	-8.636713E-5
6.505000E-3	-8.335114E-4
6.510000E-3	-1.114547E-3
6.515000E-3	-1.055598E-3
6.520000E-3	-9.185076E-4
6.525000E-3	-4.222393E-4
6.530000E-3	-3.139377E-4
6.535000E-3	-2.837777E-4
6.540000E-3	-3.372431E-4
6.545000E-3	1.507998E-5
6.550000E-3	1.168013E-3
6.555000E-3	2.079666E-3
6.560000E-3	2.771974E-3
6.565000E-3	3.191471E-3
6.570000E-3	3.549278E-3
6.575000E-3	3.731608E-3
6.580000E-3	3.859103E-3
6.585000E-3	4.122317E-3
6.590000E-3	4.222393E-3
6.595000E-3	4.185379E-3
6.600000E-3	3.908455E-3
6.605000E-3	3.146231E-3
6.610000E-3	2.259254E-3
6.615000E-3	1.658797E-3
6.620000E-3	1.427114E-3
6.625000E-3	1.680732E-3
6.630000E-3	2.005637E-3
6.635000E-3	2.115309E-3
6.640000E-3	1.742423E-3
6.645000E-3	9.747148E-4
6.650000E-3	1.412034E-4
6.655000E-3	-8.444786E-4
6.660000E-3	-1.824677E-3
6.665000E-3	-2.300382E-3
6.670000E-3	-2.678752E-3
6.675000E-3	-2.918661E-3
6.680000E-3	-2.744555E-3
6.685000E-3	-2.396345E-3
6.690000E-3	-1.453161E-3
6.695000E-3	-4.825592E-4
6.700000E-3	6.292462E-4
6.705000E-3	2.035797E-3
6.710000E-3	3.138006E-3
6.715000E-3	3.974259E-3
6.720000E-3	4.732370E-3
6.725000E-3	5.271137E-3
6.730000E-3	5.530238E-3
6.735000E-3	5.628943E-3
6.740000E-3	6.014168E-3
6.745000E-3	6.219804E-3
6.750000E-3	6.425440E-3
6.755000E-3	6.158113E-3
6.760000E-3	5.648136E-3
6.765000E-3	4.699469E-3
6.770000E-3	3.571212E-3
6.775000E-3	2.323687E-3
6.780000E-3	1.073420E-3
6.785000E-3	-6.717443E-5
6.790000E-3	-1.041889E-3
6.795000E-3	-1.506627E-3
6.800000E-3	-2.001524E-3
6.805000E-3	-2.222240E-3
6.810000E-3	-2.423763E-3
6.815000E-3	-2.453923E-3
6.820000E-3	-2.309978E-3
6.825000E-3	-2.256513E-3
6.830000E-3	-2.112567E-3
6.835000E-3	-1.894593E-3
6.840000E-3	-1.577914E-3
6.845000E-3	-1.040518E-3
6.850000E-3	-2.536178E-4
6.855000E-3	4.194975E-4
6.860000E-3	8.760095E-4
6.865000E-3	1.313329E-3
6.870000E-3	1.244783E-3
6.875000E-3	1.065195E-3
6.880000E-3	3.646612E-4
6.885000E-3	-1.741052E-4
6.890000E-3	-7.430315E-4
6.895000E-3	-6.799698E-4
6.900000E-3	-3.468394E-4
6.905000E-3	5.031228E-4
6.910000E-3	1.517594E-3
6.915000E-3	2.384007E-3
6.920000E-3	3.098249E-3
6.925000E-3	3.395736E-3
6.930000E-3	3.240824E-3
6.935000E-3	2.721250E-3
6.940000E-3	2.438843E-3
6.945000E-3	2.113938E-3
6.950000E-3	1.806855E-3
6.955000E-3	1.562834E-3
6.960000E-3	1.614928E-3
6.965000E-3	1.813710E-3
6.970000E-3	2.393603E-3
6.975000E-3	3.109217E-3
6.980000E-3	3.731608E-3
6.985000E-3	4.318357E-3
6.990000E-3	5.020261E-3
6.995000E-3	5.372584E-3
7.000000E-3	5.250573E-3
7.005000E-3	4.704952E-3
7.010000E-3	3.741205E-3
7.015000E-3	2.813101E-3
7.020000E-3	1.597106E-3
7.025000E-3	4.537702E-4
7.030000E-3	-5.154610E-4
7.035000E-3	-1.269460E-3
7.040000E-3	-1.466870E-3
7.045000E-3	-1.462758E-3
7.050000E-3	-1.098096E-3
7.055000E-3	-4.688501E-4
7.060000E-3	-2.467632E-5
7.065000E-3	6.333590E-4
7.070000E-3	1.087129E-3
7.075000E-3	1.335263E-3
7.080000E-3	1.458645E-3
7.085000E-3	1.229703E-3
7.090000E-3	8.883476E-4
7.095000E-3	5.346537E-4
7.100000E-3	1.795888E-4
7.105000E-3	1.466870E-4
7.110000E-3	5.401373E-4
7.115000E-3	1.152933E-3
7.120000E-3	1.727343E-3
7.125000E-3	2.052248E-3
7.130000E-3	2.016604E-3
7.135000E-3	2.019346E-3
7.140000E-3	1.772583E-3
7.145000E-3	1.492918E-3
7.150000E-3	1.490176E-3
7.155000E-3	1.366794E-3
7.160000E-3	1.505256E-3
7.165000E-3	1.369536E-3
7.170000E-3	1.024067E-3
7.175000E-3	7.718205E-4
7.180000E-3	4.948974E-4
7.185000E-3	2.070069E-4
7.190000E-3	-2.782941E-4
7.195000E-3	-9.911656E-4
7.200000E-3	-1.259863E-3
7.205000E-3	-1.350343E-3
7.210000E-3	-1.194060E-3
7.215000E-3	-7.677078E-4
7.220000E-3	-3.166795E-4
7.225000E-3	2.961159E-4
7.230000E-3	7.526278E-4
7.235000E-3	1.233816E-3
7.240000E-3	1.911044E-3
7.245000E-3	2.545774E-3
7.250000E-3	3.194213E-3
7.255000E-3	3.383398E-3
7.260000E-3	3.549278E-3
7.265000E-3	3.313482E-3
7.270000E-3	3.000915E-3
7.275000E-3	2.351105E-3
7.280000E-3	1.503885E-3
7.285000E-3	7.019043E-4
7.290000E-3	6.443262E-5
7.295000E-3	-3.399849E-4
7.300000E-3	-6.785989E-4
7.305000E-3	-5.003810E-4
7.310000E-3	-3.331304E-4
7.315000E-3	2.467632E-5
7.320000E-3	5.661845E-4
7.325000E-3	1.255751E-3
7.330000E-3	1.745164E-3
7.335000E-3	2.020717E-3
7.340000E-3	2.155066E-3
7.345000E-3	2.182484E-3
7.350000E-3	2.070069E-3
7.355000E-3	2.108455E-3
7.360000E-3	2.230465E-3
7.365000E-3	2.336025E-3
7.370000E-3	2.155066E-3
7.375000E-3	2.042651E-3
7.380000E-3	1.950800E-3
7.385000E-3	1.991928E-3
7.390000E-3	1.994669E-3
7.395000E-3	2.078295E-3
7.400000E-3	1.963139E-3
7.405000E-3	2.102971E-3
7.410000E-3	2.309978E-3
7.415000E-3	2.622545E-3
7.420000E-3	2.877533E-3
7.425000E-3	3.199697E-3
7.430000E-3	3.458798E-3
7.435000E-3	3.667176E-3
7.440000E-3	4.120946E-3
7.445000E-3	4.279971E-3
7.450000E-3	4.326582E-3
7.455000E-3	4.295051E-3
7.460000E-3	4.130542E-3
7.465000E-3	3.516376E-3
7.470000E-3	3.279209E-3
7.475000E-3	2.589643E-3
7.480000E-3	1.989186E-3
7.485000E-3	1.635492E-3
7.490000E-3	1.135111E-3
7.495000E-3	3.811121E-4
7.500000E-3	-3.948212E-4
7.505000E-3	-1.002133E-3
7.510000E-3	-1.333892E-3
7.515000E-3	-1.535416E-3
7.520000E-3	-1.440823E-3
7.525000E-3	-1.120031E-3
7.530000E-3	-6.895661E-4
7.535000E-3	-6.854534E-6
7.540000E-3	3.811121E-4
7.545000E-3	5.936027E-4
7.550000E-3	5.113482E-4
7.555000E-3	5.113482E-4
7.560000E-3	5.620718E-4
7.565000E-3	6.854534E-4
7.570000E-3	3.797412E-4
7.575000E-3	4.592538E-4
7.580000E-3	4.537702E-4
7.585000E-3	4.222393E-4
7.590000E-3	3.002286E-4
7.595000E-3	3.907084E-4
7.600000E-3	4.208684E-4
7.605000E-3	4.702210E-4
7.610000E-3	4.318357E-4
7.615000E-3	7.992387E-4
7.620000E-3	1.044631E-3
7.625000E-3	1.290023E-3
7.630000E-3	1.853466E-3
7.635000E-3	2.330542E-3
7.640000E-3	2.841890E-3
7.645000E-3	3.402591E-3
7.650000E-3	3.594518E-3
7.655000E-3	3.556132E-3
7.660000E-3	3.457427E-3
7.665000E-3	3.678143E-3
7.670000E-3	3.394365E-3
7.675000E-3	2.848744E-3
7.680000E-3	2.543032E-3
7.685000E-3	2.008379E-3
7.690000E-3	1.538157E-3
7.695000E-3	1.000762E-3
7.700000E-3	4.853010E-4
7.705000E-3	1.206398E-4
7.710000E-3	1.507998E-4
7.715000E-3	1.603961E-4
7.720000E-3	-1.507998E-4
7.725000E-3	-1.974106E-4
7.730000E-3	-1.096725E-5
7.735000E-3	-1.480579E-4
7.740000E-3	-3.687739E-4
7.745000E-3	-2.933741E-4
7.750000E-3	-1.028180E-4
7.755000E-3	1.247525E-4
7.760000E-3	6.456971E-4
7.765000E-3	1.402438E-3
7.770000E-3	1.878142E-3
7.775000E-3	2.637625E-3
7.780000E-3	3.201067E-3
7.785000E-3	3.646612E-3
7.790000E-3	4.068851E-3
7.795000E-3	4.470527E-3
7.800000E-3	4.391015E-3
7.805000E-3	4.123688E-3
7.810000E-3	4.152477E-3
7.815000E-3	3.874183E-3
7.820000E-3	3.569841E-3
7.825000E-3	3.162682E-3
7.830000E-3	2.562225E-3
7.835000E-3	1.911044E-3
7.840000E-3	9.596348E-4
7.845000E-3	2.083778E-4
7.850000E-3	-7.690787E-4
7.855000E-3	-1.209140E-3
7.860000E-3	-1.405180E-3
7.865000E-3	-1.417518E-3
7.870000E-3	-1.199543E-3
7.875000E-3	-7.635951E-4
7.880000E-3	-4.044175E-4
7.885000E-3	1.165271E-4
7.890000E-3	6.868243E-4
7.895000E-3	1.250267E-3
7.900000E-3	1.643717E-3
7.905000E-3	1.812339E-3
7.910000E-3	1.941204E-3
7.915000E-3	2.167404E-3
7.920000E-3	2.297640E-3
7.925000E-3	2.429247E-3
7.930000E-3	2.060473E-3
7.935000E-3	1.695812E-3
7.940000E-3	1.203656E-3
7.945000E-3	7.937551E-4
7.950000E-3	6.292462E-4
7.955000E-3	5.332828E-4
7.960000E-3	7.087588E-4
7.965000E-3	9.226203E-4
7.970000E-3	1.317441E-3
7.975000E-3	1.490176E-3
7.980000E-3	1.610816E-3
7.985000E-3	1.945317E-3
7.990000E-3	2.311349E-3
7.995000E-3	2.585530E-3
8.000000E-3	2.789795E-3
8.005000E-3	3.103733E-3
8.010000E-3	3.752172E-3
8.015000E-3	4.186749E-3
8.020000E-3	4.426658E-3
8.025000E-3	4.529476E-3
8.030000E-3	4.677534E-3
8.035000E-3	4.336178E-3
8.040000E-3	3.838539E-3
8.045000E-3	3.151715E-3
8.050000E-3	2.270222E-3
8.055000E-3	1.251638E-3
8.060000E-3	-2.193451E-5
8.065000E-3	-8.115768E-4
8.070000E-3	-1.381874E-3
8.075000E-3	-1.849353E-3
8.080000E-3	-2.081037E-3
8.085000E-3	-2.146840E-3
8.090000E-3	-2.367556E-3
8.095000E-3	-2.168775E-3
8.100000E-3	-1.782179E-3
8.105000E-3	-1.258492E-3
8.110000E-3	-6.758571E-4
8.115000E-3	2.741814E-5
8.120000E-3	7.773042E-4
8.125000E-3	1.447678E-3
8.130000E-3	1.827419E-3
8.135000E-3	2.209902E-3
8.140000E-3	2.430618E-3
8.145000E-3	2.688348E-3
8.150000E-3	2.674639E-3
8.155000E-3	2.612948E-3
8.160000E-3	2.349734E-3
8.165000E-3	1.967251E-3
8.170000E-3	1.938462E-3
8.175000E-3	1.780808E-3
8.180000E-3	1.602590E-3
8.185000E-3	1.771212E-3
8.190000E-3	1.815081E-3
8.195000E-3	1.942575E-3
8.200000E-3	1.980960E-3
8.205000E-3	2.037168E-3
8.210000E-3	2.105713E-3
8.215000E-3	2.240062E-3
8.220000E-3	2.323687E-3
8.225000E-3	2.274334E-3
8.230000E-3	2.082407E-3
8.235000E-3	1.938462E-3
8.240000E-3	1.812339E-3
8.245000E-3	1.313329E-3
8.250000E-3	1.317441E-3
8.255000E-3	1.203656E-3
8.260000E-3	1.210511E-3
8.265000E-3	1.406550E-3
8.270000E-3	1.494288E-3
8.275000E-3	1.583397E-3
8.280000E-3	1.802742E-3
8.285000E-3	1.739681E-3
8.290000E-3	1.960397E-3
8.295000E-3	1.983702E-3
8.300000E-3	2.196193E-3
8.305000E-3	2.207160E-3
8.310000E-3	1.828790E-3
8.315000E-3	1.427114E-3
8.320000E-3	1.141965E-3
8.325000E-3	5.524755E-4
8.330000E-3	-1.453161E-4
8.335000E-3	-6.086826E-4
8.340000E-3	-9.555221E-4
8.345000E-3	-1.122773E-3
8.350000E-3	-1.135111E-3
8.355000E-3	-1.058340E-3
8.360000E-3	-1.124144E-3
8.365000E-3	-1.058340E-3
8.370000E-3	-1.255751E-3
8.375000E-3	-1.070678E-3
8.380000E-3	-1.032293E-3
8.385000E-3	-1.000762E-3
8.390000E-3	-8.554459E-4
8.395000E-3	-6.443262E-4
8.400000E-3	-4.277229E-4
8.405000E-3	-1.891851E-4
8.410000E-3	8.499622E-5
8.415000E-3	4.140139E-4
8.420000E-3	6.511807E-4
8.425000E-3	1.044631E-3
8.430000E-3	1.521707E-3
8.435000E-3	1.867175E-3
8.440000E-3	2.193451E-3
8.445000E-3	2.577305E-3
8.450000E-3	2.876163E-3
8.455000E-3	3.417671E-3
8.460000E-3	3.972888E-3
8.465000E-3	4.629552E-3
8.470000E-3	4.924297E-3
8.475000E-3	4.839301E-3
8.480000E-3	4.241586E-3
8.485000E-3	3.827572E-3
8.490000E-3	2.915919E-3
8.495000E-3	2.241433E-3
8.500000E-3	1.721859E-3
8.505000E-3	1.396954E-3
8.510000E-3	1.535416E-3
8.515000E-3	1.587510E-3
8.520000E-3	2.105713E-3
8.525000E-3	2.640367E-3
8.530000E-3	3.142118E-3
8.535000E-3	3.377914E-3
8.540000E-3	3.231227E-3
8.545000E-3	2.780199E-3
8.550000E-3	2.266109E-3
8.555000E-3	1.549125E-3
8.560000E-3	9.294748E-4
8.565000E-3	2.947450E-4
8.570000E-3	-2.824068E-4
8.575000E-3	-6.388426E-4
8.580000E-3	-6.251335E-4
8.585000E-3	-5.099773E-4
8.590000E-3	-3.002286E-4
8.595000E-3	-2.892613E-4
8.600000E-3	-4.619956E-4
8.605000E-3	-4.661083E-4
8.610000E-3	-5.634427E-4
8.615000E-3	-6.127954E-4
8.620000E-3	-5.277991E-4
8.625000E-3	-3.317595E-4
8.630000E-3	-2.193451E-5
8.635000E-3	2.645850E-4
8.640000E-3	6.292462E-4
8.645000E-3	1.215994E-3
8.650000E-3	1.987815E-3
8.655000E-3	2.360702E-3
8.660000E-3	2.728105E-3
8.665000E-3	3.015995E-3
8.670000E-3	3.203809E-3
8.675000E-3	3.286064E-3
8.680000E-3	3.046155E-3
8.685000E-3	3.009140E-3
8.690000E-3	2.751410E-3
8.695000E-3	2.640367E-3
8.700000E-3	2.303123E-3
8.705000E-3	2.075553E-3
8.710000E-3	1.911044E-3
8.715000E-3	1.857579E-3
8.720000E-3	1.845241E-3
8.725000E-3	1.884997E-3
8.730000E-3	1.745164E-3
8.735000E-3	1.545012E-3
8.740000E-3	1.291394E-3
8.745000E-3	1.047373E-3
8.750000E-3	9.459257E-4
8.755000E-3	5.634427E-4
8.760000E-3	2.563596E-4
8.765000E-3	3.372431E-4
8.770000E-3	4.770756E-4
8.775000E-3	6.086826E-4
8.780000E-3	1.014471E-3
8.785000E-3	1.298249E-3
8.790000E-3	1.677990E-3
8.795000E-3	1.882255E-3
8.800000E-3	2.100229E-3
8.805000E-3	2.304494E-3
8.810000E-3	2.614319E-3
8.815000E-3	2.767861E-3
8.820000E-3	2.669156E-3
8.825000E-3	2.416909E-3
8.830000E-3	2.360702E-3
8.835000E-3	2.411425E-3
8.840000E-3	2.534807E-3
8.845000E-3	2.978981E-3
8.850000E-3	3.198326E-3
8.855000E-3	3.499925E-3
8.860000E-3	3.826201E-3
8.865000E-3	4.037321E-3
8.870000E-3	4.249811E-3
8.875000E-3	4.278600E-3
8.880000E-3	4.016757E-3
8.885000E-3	3.520489E-3
8.890000E-3	2.911806E-3
8.895000E-3	2.122164E-3
8.900000E-3	1.124144E-3
8.905000E-3	1.110435E-4
8.910000E-3	-7.115006E-4
8.915000E-3	-1.233816E-3
8.920000E-3	-1.660168E-3
8.925000E-3	-1.912415E-3
8.930000E-3	-1.897335E-3
8.935000E-3	-1.638234E-3
8.940000E-3	-1.686215E-3
8.945000E-3	-1.512110E-3
8.950000E-3	-1.346231E-3
8.955000E-3	-1.280427E-3
8.960000E-3	-1.141965E-3
8.965000E-3	-9.801984E-4
8.970000E-3	-5.332828E-4
8.975000E-3	8.225441E-6
8.980000E-3	3.399849E-4
8.985000E-3	7.073879E-4
8.990000E-3	1.043260E-3
8.995000E-3	1.239300E-3
9.000000E-3	1.272202E-3
9.005000E-3	1.255751E-3
9.010000E-3	1.161158E-3
9.015000E-3	1.096725E-3
9.020000E-3	1.029551E-3
9.025000E-3	1.177609E-3
9.030000E-3	1.229703E-3
9.035000E-3	1.553237E-3
9.040000E-3	1.819193E-3
9.045000E-3	2.412796E-3
9.050000E-3	3.092766E-3
9.055000E-3	3.255904E-3
9.060000E-3	3.561616E-3
9.065000E-3	3.628790E-3
9.070000E-3	3.320336E-3
9.075000E-3	2.858341E-3
9.080000E-3	2.558112E-3
9.085000E-3	2.251029E-3
9.090000E-3	1.823306E-3
9.095000E-3	1.473725E-3
9.100000E-3	1.210511E-3
9.105000E-3	9.294748E-4
9.110000E-3	5.826354E-4
9.115000E-3	4.894137E-4
9.120000E-3	4.249811E-4
9.125000E-3	4.318357E-4
9.130000E-3	5.072355E-4
9.135000E-3	3.728867E-4
9.140000E-3	4.537702E-4
9.145000E-3	7.046461E-4
9.150000E-3	9.472966E-4
9.155000E-3	1.187205E-3
9.160000E-3	1.391470E-3
9.165000E-3	1.628637E-3
9.170000E-3	1.998782E-3
9.175000E-3	2.244174E-3
9.180000E-3	2.582788E-3
9.185000E-3	2.848744E-3
9.190000E-3	2.954304E-3
9.195000E-3	3.250420E-3
9.200000E-3	3.332675E-3
9.205000E-3	3.410816E-3
9.210000E-3	3.276467E-3
9.215000E-3	3.228486E-3
9.220000E-3	2.924144E-3
9.225000E-3	2.640367E-3
9.230000E-3	2.397716E-3
9.235000E-3	2.330542E-3
9.240000E-3	2.039909E-3
9.245000E-3	1.869917E-3
9.250000E-3	1.620412E-3
9.255000E-3	1.580656E-3
9.260000E-3	1.403809E-3
9.265000E-3	1.376390E-3
9.270000E-3	1.468241E-3
9.275000E-3	1.712263E-3
9.280000E-3	1.701295E-3
9.285000E-3	1.838386E-3
9.290000E-3	1.922011E-3
9.295000E-3	2.064586E-3
9.300000E-3	2.445698E-3
9.305000E-3	2.571821E-3
9.310000E-3	3.076315E-3
9.315000E-3	3.277838E-3
9.320000E-3	3.302515E-3
9.325000E-3	2.870679E-3
9.330000E-3	2.669156E-3
9.335000E-3	2.130389E-3
9.340000E-3	1.620412E-3
9.345000E-3	1.092613E-3
9.350000E-3	6.690025E-4
9.355000E-3	2.097487E-4
9.360000E-3	9.185076E-5
9.365000E-3	2.604723E-5
9.370000E-3	3.701448E-5
9.375000E-3	2.920032E-4
9.380000E-3	5.456209E-4
9.385000E-3	7.073879E-4
9.390000E-3	8.431077E-4
9.395000E-3	8.965731E-4
9.400000E-3	8.143187E-4
9.405000E-3	6.306171E-4
9.410000E-3	3.345013E-4
9.415000E-3	8.362532E-5
9.420000E-3	-7.265806E-5
9.425000E-3	-2.618432E-4
9.430000E-3	-4.373193E-4
9.435000E-3	-4.811883E-4
9.440000E-3	-3.605485E-4
9.445000E-3	-3.386140E-4
9.450000E-3	-3.797412E-4
9.455000E-3	-2.124906E-4
9.460000E-3	-2.824068E-4
9.465000E-3	-3.413558E-4
9.470000E-3	-3.468394E-4
9.475000E-3	-4.798174E-5
9.480000E-3	3.221631E-4
9.485000E-3	6.676316E-4
9.490000E-3	1.180351E-3
9.495000E-3	1.690328E-3
9.500000E-3	2.153695E-3
9.505000E-3	2.558112E-3
9.510000E-3	2.847373E-3
9.515000E-3	3.449202E-3
9.520000E-3	3.658950E-3
9.525000E-3	3.975630E-3
9.530000E-3	4.194975E-3
9.535000E-3	4.157960E-3
9.540000E-3	4.140139E-3
9.545000E-3	4.033208E-3
9.550000E-3	3.861845E-3
9.555000E-3	3.698707E-3
9.560000E-3	3.443718E-3
9.565000E-3	3.057122E-3
9.570000E-3	2.490938E-3
9.575000E-3	1.671135E-3
9.580000E-3	1.257122E-3
9.585000E-3	9.212494E-4
9.590000E-3	3.139377E-4
9.595000E-3	-2.686977E-4
9.600000E-3	-4.976392E-4
9.605000E-3	-9.418130E-4
9.610000E-3	-1.073420E-3
9.615000E-3	-1.514852E-3
9.620000E-3	-1.535416E-3
9.625000E-3	-1.546383E-3
9.630000E-3	-1.582026E-3
9.635000E-3	-1.353085E-3
9.640000E-3	-1.335263E-3
9.645000E-3	-9.472966E-4
9.650000E-3	-6.196499E-4
9.655000E-3	-3.070831E-4
9.660000E-3	-1.521707E-4
9.665000E-3	3.495812E-4
9.670000E-3	7.690787E-4
9.675000E-3	1.192689E-3
9.680000E-3	1.579285E-3
9.685000E-3	2.177000E-3
9.690000E-3	2.615690E-3
9.695000E-3	2.867937E-3
9.700000E-3	3.255904E-3
9.705000E-3	3.601372E-3
9.710000E-3	3.609598E-3
9.715000E-3	3.604114E-3
9.720000E-3	3.475249E-3
9.725000E-3	3.545165E-3
9.730000E-3	3.512263E-3
9.735000E-3	3.302515E-3
9.740000E-3	3.081799E-3
9.745000E-3	3.020108E-3
9.750000E-3	2.991319E-3
9.755000E-3	2.921402E-3
9.760000E-3	2.763748E-3
9.765000E-3	2.782941E-3
9.770000E-3	2.666414E-3
9.775000E-3	2.467632E-3
9.780000E-3	2.290785E-3
9.785000E-3	2.178371E-3
9.790000E-3	2.135873E-3
9.795000E-3	2.023458E-3
9.800000E-3	1.963139E-3
9.805000E-3	1.798630E-3
9.810000E-3	1.475096E-3
9.815000E-3	1.036406E-3
9.820000E-3	8.129478E-4
9.825000E-3	3.715158E-4
9.830000E-3	2.796650E-4
9.835000E-3	-6.443262E-5
9.840000E-3	-4.661083E-4
9.845000E-3	-6.429553E-4
9.850000E-3	-7.183552E-4
9.855000E-3	-6.388426E-4
9.860000E-3	-2.920032E-4
9.865000E-3	6.443262E-5
9.870000E-3	4.290938E-4
9.875000E-3	8.787513E-4
9.880000E-3	1.328409E-3
9.885000E-3	1.553237E-3
9.890000E-3	1.704037E-3
9.895000E-3	1.946688E-3
9.900000E-3	1.939833E-3
9.905000E-3	1.858950E-3
9.910000E-3	1.835644E-3
9.915000E-3	1.698554E-3
9.920000E-3	1.494288E-3
9.925000E-3	1.469612E-3
9.930000E-3	1.338005E-3
9.935000E-3	1.418889E-3
9.940000E-3	1.440823E-3
9.945000E-3	1.317441E-3
9.950000E-3	1.022696E-3
9.955000E-3	6.237626E-4
9.960000E-3	2.289414E-4
9.965000E-3	-8.225441E-6
9.970000E-3	-2.412796E-4
9.975000E-3	-2.138615E-4
9.980000E-3	-2.618432E-4
9.985000E-3	-1.960397E-4
9.990000E-3	-1.370907E-6
9.995000E-3	1.096725E-4
