0.000000E+0	1.989049E-2
5.000000E-6	1.998782E-2
1.000000E-5	1.999193E-2
1.500000E-5	1.994944E-2
2.000000E-5	1.969445E-2
2.500000E-5	1.968622E-2
3.000000E-5	1.978081E-2
3.500000E-5	1.988089E-2
4.000000E-5	1.971227E-2
4.500000E-5	1.993024E-2
5.000000E-5	1.987678E-2
5.500000E-5	2.000701E-2
6.000000E-5	1.990283E-2
6.500000E-5	1.983291E-2
7.000000E-5	1.973420E-2
7.500000E-5	1.983428E-2
8.000000E-5	1.982880E-2
8.500000E-5	1.989734E-2
9.000000E-5	1.978081E-2
9.500000E-5	1.971501E-2
1.000000E-4	1.968896E-2
1.050000E-4	1.965195E-2
1.100000E-4	1.966840E-2
1.150000E-4	1.976162E-2
1.200000E-4	1.978767E-2
1.250000E-4	1.983839E-2
1.300000E-4	1.995629E-2
1.350000E-4	2.004814E-2
1.400000E-4	1.986581E-2
1.450000E-4	1.979452E-2
1.500000E-4	1.988912E-2
1.550000E-4	1.984113E-2
1.600000E-4	2.000839E-2
1.650000E-4	1.993847E-2
1.700000E-4	1.993299E-2
1.750000E-4	2.003443E-2
1.800000E-4	2.004266E-2
1.850000E-4	1.983702E-2
1.900000E-4	2.004540E-2
1.950000E-4	1.998234E-2
2.000000E-4	1.988089E-2
2.050000E-4	2.001661E-2
2.100000E-4	1.990557E-2
2.150000E-4	1.986033E-2
2.200000E-4	1.995355E-2
2.250000E-4	1.992887E-2
2.300000E-4	1.989049E-2
2.350000E-4	1.989323E-2
2.400000E-4	1.985210E-2
2.450000E-4	1.976985E-2
2.500000E-4	1.988637E-2
2.550000E-4	2.001250E-2
2.600000E-4	2.003032E-2
2.650000E-4	2.020031E-2
2.700000E-4	2.003580E-2
2.750000E-4	1.992476E-2
2.800000E-4	1.980001E-2
2.850000E-4	1.993573E-2
2.900000E-4	1.987952E-2
2.950000E-4	1.973832E-2
3.000000E-4	1.983017E-2
3.050000E-4	1.969033E-2
3.100000E-4	1.959437E-2
3.150000E-4	1.963550E-2
3.200000E-4	1.954913E-2
3.250000E-4	1.964509E-2
3.300000E-4	1.976162E-2
3.350000E-4	2.002072E-2
3.400000E-4	1.974928E-2
3.450000E-4	1.972461E-2
3.500000E-4	1.988089E-2
3.550000E-4	1.992476E-2
3.600000E-4	1.981097E-2
3.650000E-4	1.982605E-2
3.700000E-4	1.990694E-2
3.750000E-4	2.002895E-2
3.800000E-4	1.992887E-2
3.850000E-4	1.980960E-2
3.900000E-4	1.991791E-2
3.950000E-4	2.004403E-2
4.000000E-4	2.000427E-2
4.050000E-4	1.994395E-2
4.100000E-4	1.996863E-2
4.150000E-4	1.980275E-2
4.200000E-4	1.985210E-2
4.250000E-4	1.983017E-2
4.300000E-4	1.981783E-2
4.350000E-4	1.992613E-2
4.400000E-4	1.980275E-2
4.450000E-4	1.985759E-2
4.500000E-4	1.998371E-2
4.550000E-4	1.993161E-2
4.600000E-4	1.990694E-2
4.650000E-4	1.984799E-2
4.700000E-4	2.020854E-2
4.750000E-4	2.001524E-2
4.800000E-4	1.990968E-2
4.850000E-4	1.997960E-2
4.900000E-4	2.019209E-2
4.950000E-4	2.028531E-2
5.000000E-4	2.014959E-2
5.050000E-4	1.991242E-2
5.100000E-4	1.976025E-2
5.150000E-4	1.976162E-2
5.200000E-4	1.984251E-2
5.250000E-4	1.980823E-2
5.300000E-4	1.976436E-2
5.350000E-4	1.984662E-2
5.400000E-4	1.969582E-2
5.450000E-4	1.955050E-2
5.500000E-4	1.978767E-2
5.550000E-4	1.972187E-2
5.600000E-4	1.974654E-2
5.650000E-4	1.973969E-2
5.700000E-4	1.973146E-2
5.750000E-4	1.965332E-2
5.800000E-4	1.961631E-2
5.850000E-4	1.965058E-2
5.900000E-4	1.981097E-2
5.950000E-4	2.002347E-2
6.000000E-4	1.970404E-2
6.050000E-4	1.992613E-2
6.100000E-4	1.992887E-2
6.150000E-4	1.999331E-2
6.200000E-4	1.988363E-2
6.250000E-4	1.994807E-2
6.300000E-4	1.995766E-2
6.350000E-4	1.979452E-2
6.400000E-4	2.000290E-2
6.450000E-4	1.996177E-2
6.500000E-4	1.989597E-2
6.550000E-4	2.000290E-2
6.600000E-4	2.015507E-2
6.650000E-4	2.013314E-2
6.700000E-4	1.994532E-2
6.750000E-4	1.985621E-2
6.800000E-4	1.998919E-2
6.850000E-4	1.976025E-2
6.900000E-4	1.982194E-2
6.950000E-4	1.965058E-2
7.000000E-4	1.968759E-2
7.050000E-4	1.973146E-2
7.100000E-4	1.975065E-2
7.150000E-4	1.974928E-2
7.200000E-4	1.973146E-2
7.250000E-4	1.989871E-2
7.300000E-4	1.993573E-2
7.350000E-4	1.997960E-2
7.400000E-4	1.991791E-2
7.450000E-4	1.991105E-2
7.500000E-4	1.999742E-2
7.550000E-4	1.994944E-2
7.600000E-4	1.974380E-2
7.650000E-4	1.971501E-2
7.700000E-4	1.976025E-2
7.750000E-4	1.967800E-2
7.800000E-4	1.977122E-2
7.850000E-4	1.986033E-2
7.900000E-4	1.994395E-2
7.950000E-4	1.995629E-2
8.000000E-4	1.985347E-2
8.050000E-4	1.983839E-2
8.100000E-4	1.981646E-2
8.150000E-4	1.988637E-2
8.200000E-4	1.983017E-2
8.250000E-4	1.984799E-2
8.300000E-4	1.978219E-2
8.350000E-4	1.980549E-2
8.400000E-4	1.971090E-2
8.450000E-4	1.976848E-2
8.500000E-4	1.994121E-2
8.550000E-4	2.007556E-2
8.600000E-4	2.000564E-2
8.650000E-4	1.999605E-2
8.700000E-4	1.989186E-2
8.750000E-4	1.974654E-2
8.800000E-4	1.973832E-2
8.850000E-4	1.978219E-2
8.900000E-4	1.971501E-2
8.950000E-4	1.982194E-2
9.000000E-4	1.982880E-2
9.050000E-4	1.983291E-2
9.100000E-4	1.968485E-2
9.150000E-4	1.978356E-2
9.200000E-4	1.997000E-2
9.250000E-4	1.981646E-2
9.300000E-4	1.990831E-2
9.350000E-4	1.997823E-2
9.400000E-4	2.014410E-2
9.450000E-4	2.015918E-2
9.500000E-4	1.991242E-2
9.550000E-4	1.997960E-2
9.600000E-4	1.981646E-2
9.650000E-4	1.971364E-2
9.700000E-4	1.975203E-2
9.750000E-4	1.973695E-2
9.800000E-4	1.996177E-2
9.850000E-4	1.991791E-2
9.900000E-4	1.986307E-2
9.950000E-4	1.987952E-2
1.000000E-3	1.987815E-2
1.005000E-3	1.993573E-2
1.010000E-3	2.004951E-2
1.015000E-3	2.013588E-2
1.020000E-3	2.001935E-2
1.025000E-3	1.988775E-2
1.030000E-3	1.983017E-2
1.035000E-3	1.975065E-2
1.040000E-3	1.985210E-2
1.045000E-3	1.972872E-2
1.050000E-3	1.975340E-2
1.055000E-3	1.989460E-2
1.060000E-3	1.978630E-2
1.065000E-3	1.966840E-2
1.070000E-3	1.984388E-2
1.075000E-3	1.986992E-2
1.080000E-3	1.984525E-2
1.085000E-3	1.980686E-2
1.090000E-3	1.977944E-2
1.095000E-3	1.978493E-2
1.100000E-3	1.988775E-2
1.105000E-3	1.980549E-2
1.110000E-3	1.973283E-2
1.115000E-3	1.979315E-2
1.120000E-3	1.974517E-2
1.125000E-3	1.974380E-2
1.130000E-3	1.986581E-2
1.135000E-3	1.973832E-2
1.140000E-3	1.969033E-2
1.145000E-3	1.976985E-2
1.150000E-3	1.977670E-2
1.155000E-3	1.999605E-2
1.160000E-3	1.986170E-2
1.165000E-3	1.980549E-2
1.170000E-3	1.975477E-2
1.175000E-3	1.972049E-2
1.180000E-3	1.996040E-2
1.185000E-3	1.998919E-2
1.190000E-3	1.981097E-2
1.195000E-3	1.970404E-2
1.200000E-3	1.968485E-2
1.205000E-3	1.987952E-2
1.210000E-3	2.005088E-2
1.215000E-3	1.983565E-2
1.220000E-3	1.982194E-2
1.225000E-3	1.992202E-2
1.230000E-3	1.988775E-2
1.235000E-3	1.992476E-2
1.240000E-3	1.992202E-2
1.245000E-3	1.998508E-2
1.250000E-3	2.001113E-2
1.255000E-3	1.990694E-2
1.260000E-3	1.980686E-2
1.265000E-3	1.990420E-2
1.270000E-3	2.001250E-2
1.275000E-3	1.973832E-2
1.280000E-3	1.979452E-2
1.285000E-3	2.000290E-2
1.290000E-3	1.997685E-2
1.295000E-3	1.983428E-2
1.300000E-3	1.993161E-2
1.305000E-3	1.989186E-2
1.310000E-3	1.965743E-2
1.315000E-3	1.969033E-2
1.320000E-3	1.980549E-2
1.325000E-3	1.976985E-2
1.330000E-3	1.962727E-2
1.335000E-3	1.963413E-2
1.340000E-3	1.960945E-2
1.345000E-3	1.980549E-2
1.350000E-3	1.978219E-2
1.355000E-3	1.993299E-2
1.360000E-3	1.994121E-2
1.365000E-3	1.980823E-2
1.370000E-3	1.988500E-2
1.375000E-3	1.996040E-2
1.380000E-3	1.983154E-2
1.385000E-3	1.994532E-2
1.390000E-3	1.969993E-2
1.395000E-3	1.999468E-2
1.400000E-3	1.983976E-2
1.405000E-3	1.975888E-2
1.410000E-3	1.996589E-2
1.415000E-3	1.973009E-2
1.420000E-3	1.986307E-2
1.425000E-3	1.987815E-2
1.430000E-3	1.986855E-2
1.435000E-3	1.989460E-2
1.440000E-3	1.987267E-2
1.445000E-3	2.002484E-2
1.450000E-3	1.981372E-2
1.455000E-3	1.946139E-2
1.460000E-3	1.964647E-2
1.465000E-3	1.991928E-2
1.470000E-3	2.003992E-2
1.475000E-3	1.992339E-2
1.480000E-3	1.997274E-2
1.485000E-3	1.975614E-2
1.490000E-3	1.970267E-2
1.495000E-3	1.964921E-2
1.500000E-3	1.976848E-2
1.505000E-3	1.984251E-2
1.510000E-3	1.990145E-2
1.515000E-3	1.992202E-2
1.520000E-3	2.000839E-2
1.525000E-3	1.992887E-2
1.530000E-3	1.968485E-2
1.535000E-3	1.984936E-2
1.540000E-3	1.989049E-2
1.545000E-3	1.993573E-2
1.550000E-3	1.993847E-2
1.555000E-3	1.995766E-2
1.560000E-3	1.999193E-2
1.565000E-3	1.977533E-2
1.570000E-3	1.981372E-2
1.575000E-3	1.978219E-2
1.580000E-3	1.974654E-2
1.585000E-3	1.995218E-2
1.590000E-3	1.994258E-2
1.595000E-3	1.990968E-2
1.600000E-3	1.984525E-2
1.605000E-3	1.977259E-2
1.610000E-3	1.985759E-2
1.615000E-3	1.987541E-2
1.620000E-3	1.974517E-2
1.625000E-3	1.982331E-2
1.630000E-3	1.967251E-2
1.635000E-3	1.959300E-2
1.640000E-3	1.972187E-2
1.645000E-3	1.999193E-2
1.650000E-3	2.003992E-2
1.655000E-3	1.993847E-2
1.660000E-3	1.981783E-2
1.665000E-3	1.988363E-2
1.670000E-3	1.995218E-2
1.675000E-3	1.990694E-2
1.680000E-3	2.000290E-2
1.685000E-3	1.990283E-2
1.690000E-3	1.981920E-2
1.695000E-3	1.995629E-2
1.700000E-3	1.994669E-2
1.705000E-3	1.987267E-2
1.710000E-3	1.994669E-2
1.715000E-3	1.986307E-2
1.720000E-3	1.985210E-2
1.725000E-3	1.995081E-2
1.730000E-3	1.981372E-2
1.735000E-3	1.987541E-2
1.740000E-3	1.995903E-2
1.745000E-3	1.985210E-2
1.750000E-3	1.986444E-2
1.755000E-3	1.966292E-2
1.760000E-3	1.981509E-2
1.765000E-3	1.979315E-2
1.770000E-3	1.974654E-2
1.775000E-3	1.987952E-2
1.780000E-3	1.986444E-2
1.785000E-3	1.992065E-2
1.790000E-3	1.974243E-2
1.795000E-3	1.982605E-2
1.800000E-3	1.976573E-2
1.805000E-3	1.964647E-2
1.810000E-3	1.973420E-2
1.815000E-3	1.988912E-2
1.820000E-3	1.990145E-2
1.825000E-3	1.989871E-2
1.830000E-3	1.983428E-2
1.835000E-3	1.999056E-2
1.840000E-3	1.985896E-2
1.845000E-3	1.985484E-2
1.850000E-3	1.989871E-2
1.855000E-3	2.004677E-2
1.860000E-3	1.986033E-2
1.865000E-3	1.975203E-2
1.870000E-3	1.989186E-2
1.875000E-3	1.986718E-2
1.880000E-3	1.975340E-2
1.885000E-3	1.967663E-2
1.890000E-3	1.982468E-2
1.895000E-3	1.974106E-2
1.900000E-3	1.982057E-2
1.905000E-3	1.977670E-2
1.910000E-3	1.970953E-2
1.915000E-3	1.972598E-2
1.920000E-3	1.984662E-2
1.925000E-3	1.973283E-2
1.930000E-3	1.980686E-2
1.935000E-3	1.964509E-2
1.940000E-3	1.974928E-2
1.945000E-3	1.996315E-2
1.950000E-3	2.009749E-2
1.955000E-3	2.008241E-2
1.960000E-3	1.989871E-2
1.965000E-3	1.991105E-2
1.970000E-3	1.989323E-2
1.975000E-3	1.982331E-2
1.980000E-3	1.993710E-2
1.985000E-3	1.976025E-2
1.990000E-3	1.974106E-2
1.995000E-3	1.988500E-2
2.000000E-3	1.998371E-2
2.005000E-3	1.993710E-2
2.010000E-3	1.994395E-2
2.015000E-3	2.003306E-2
2.020000E-3	2.004403E-2
2.025000E-3	2.006185E-2
2.030000E-3	1.990283E-2
2.035000E-3	1.979727E-2
2.040000E-3	1.992887E-2
2.045000E-3	1.982880E-2
2.050000E-3	1.963276E-2
2.055000E-3	1.965606E-2
2.060000E-3	1.986170E-2
2.065000E-3	1.984525E-2
2.070000E-3	1.962727E-2
2.075000E-3	1.986855E-2
2.080000E-3	1.966017E-2
2.085000E-3	1.968896E-2
2.090000E-3	1.983976E-2
2.095000E-3	1.965332E-2
2.100000E-3	1.979315E-2
2.105000E-3	1.995492E-2
2.110000E-3	1.987404E-2
2.115000E-3	1.987678E-2
2.120000E-3	1.984936E-2
2.125000E-3	1.966977E-2
2.130000E-3	1.976985E-2
2.135000E-3	1.988226E-2
2.140000E-3	1.989186E-2
2.145000E-3	1.976985E-2
2.150000E-3	1.982331E-2
2.155000E-3	1.980275E-2
2.160000E-3	1.971638E-2
2.165000E-3	1.961082E-2
2.170000E-3	1.946825E-2
2.175000E-3	1.964372E-2
2.180000E-3	1.976299E-2
2.185000E-3	1.987541E-2
2.190000E-3	1.984936E-2
2.195000E-3	1.964921E-2
2.200000E-3	1.990145E-2
2.205000E-3	1.977122E-2
2.210000E-3	1.980138E-2
2.215000E-3	1.973009E-2
2.220000E-3	1.968211E-2
2.225000E-3	1.969171E-2
2.230000E-3	1.968211E-2
2.235000E-3	1.972049E-2
2.240000E-3	1.967525E-2
2.245000E-3	1.976299E-2
2.250000E-3	1.986581E-2
2.255000E-3	1.973832E-2
2.260000E-3	1.990694E-2
2.265000E-3	1.985073E-2
2.270000E-3	1.977396E-2
2.275000E-3	1.991105E-2
2.280000E-3	1.999193E-2
2.285000E-3	1.997548E-2
2.290000E-3	1.985484E-2
2.295000E-3	1.983017E-2
2.300000E-3	1.973832E-2
2.305000E-3	1.975477E-2
2.310000E-3	1.984388E-2
2.315000E-3	1.990831E-2
2.320000E-3	1.982331E-2
2.325000E-3	1.987129E-2
2.330000E-3	1.978904E-2
2.335000E-3	1.977396E-2
2.340000E-3	1.985759E-2
2.345000E-3	1.989049E-2
2.350000E-3	1.975751E-2
2.355000E-3	2.005363E-2
2.360000E-3	1.992202E-2
2.365000E-3	1.998371E-2
2.370000E-3	1.991928E-2
2.375000E-3	1.977944E-2
2.380000E-3	1.971638E-2
2.385000E-3	1.989734E-2
2.390000E-3	1.985896E-2
2.395000E-3	1.989871E-2
2.400000E-3	1.988363E-2
2.405000E-3	1.995218E-2
2.410000E-3	1.971227E-2
2.415000E-3	1.972049E-2
2.420000E-3	1.977259E-2
2.425000E-3	1.988089E-2
2.430000E-3	1.955462E-2
2.435000E-3	1.971638E-2
2.440000E-3	1.959848E-2
2.445000E-3	1.966155E-2
2.450000E-3	1.982880E-2
2.455000E-3	1.999056E-2
2.460000E-3	2.278036E-2
2.465000E-3	-4.303277E-3
2.470000E-3	-1.049662E-1
2.475000E-3	-1.551606E-1
2.480000E-3	-1.619740E-1
2.485000E-3	-1.478633E-1
2.490000E-3	-8.497977E-2
2.495000E-3	-9.609783E-2
2.500000E-3	1.131505E-1
2.505000E-3	4.344102E-1
2.510000E-3	3.127984E-1
2.515000E-3	9.227574E-2
2.520000E-3	1.223822E-1
2.525000E-3	9.877932E-2
2.530000E-3	9.623629E-2
2.535000E-3	1.872919E-1
2.540000E-3	9.336698E-2
2.545000E-3	-5.247009E-2
2.550000E-3	-1.979727E-2
2.555000E-3	1.938462E-2
2.560000E-3	-1.808500E-2
2.565000E-3	2.517396E-2
2.570000E-3	5.075097E-3
2.575000E-3	-6.450117E-2
2.580000E-3	-4.240215E-3
2.585000E-3	-2.797198E-2
2.590000E-3	-1.016788E-1
2.595000E-3	-3.653055E-2
2.600000E-3	-3.016680E-2
2.605000E-3	-3.517336E-2
2.610000E-3	8.038175E-2
2.615000E-3	5.179012E-2
2.620000E-3	-4.840672E-2
2.625000E-3	6.177306E-2
2.630000E-3	1.018570E-1
2.635000E-3	-2.281326E-2
2.640000E-3	5.146110E-2
2.645000E-3	1.045865E-1
2.650000E-3	-5.149949E-2
2.655000E-3	-3.479910E-2
2.660000E-3	3.012705E-2
2.665000E-3	-5.691183E-2
2.670000E-3	-3.063977E-3
2.675000E-3	5.163795E-2
2.680000E-3	-6.271899E-2
2.685000E-3	2.322316E-3
2.690000E-3	1.136866E-1
2.695000E-3	2.759635E-3
2.700000E-3	-4.528105E-3
2.705000E-3	8.224756E-2
2.710000E-3	1.197761E-2
2.715000E-3	1.146626E-2
2.720000E-3	5.853361E-2
2.725000E-3	-3.087008E-2
2.730000E-3	-1.070678E-2
2.735000E-3	1.185094E-1
2.740000E-3	5.473071E-2
2.745000E-3	-2.634883E-3
2.750000E-3	8.330041E-2
2.755000E-3	1.907754E-2
2.760000E-3	-5.277032E-2
2.765000E-3	4.413086E-2
2.770000E-3	2.458996E-2
2.775000E-3	-3.018463E-2
2.780000E-3	7.833225E-2
2.785000E-3	8.253819E-2
2.790000E-3	-7.187665E-3
2.795000E-3	2.815020E-2
2.800000E-3	2.091181E-2
2.805000E-3	-2.828318E-2
2.810000E-3	3.316772E-2
2.815000E-3	2.958143E-2
2.820000E-3	-8.424222E-3
2.825000E-3	7.481587E-2
2.830000E-3	4.023749E-2
2.835000E-3	-7.107466E-2
2.840000E-3	3.809750E-3
2.845000E-3	2.414304E-2
2.850000E-3	-7.432371E-2
2.855000E-3	-4.537702E-4
2.860000E-3	7.035220E-2
2.865000E-3	-9.485304E-3
2.870000E-3	4.026765E-2
2.875000E-3	1.223548E-1
2.880000E-3	3.514868E-2
2.885000E-3	1.599300E-2
2.890000E-3	7.103765E-2
2.895000E-3	2.071440E-3
2.900000E-3	-1.526505E-2
2.905000E-3	4.939377E-2
2.910000E-3	-1.005971E-2
2.915000E-3	-3.449339E-2
2.920000E-3	4.055554E-2
2.925000E-3	6.317139E-3
2.930000E-3	-1.987952E-2
2.935000E-3	5.028349E-2
2.940000E-3	2.536315E-2
2.945000E-3	-1.895279E-2
2.950000E-3	3.268379E-2
2.955000E-3	2.659971E-2
2.960000E-3	-1.390100E-3
2.965000E-3	5.795646E-2
2.970000E-3	4.417884E-2
2.975000E-3	-1.489216E-2
2.980000E-3	3.196543E-2
2.985000E-3	3.610146E-2
2.990000E-3	-1.277274E-2
2.995000E-3	3.218752E-2
3.000000E-3	4.155904E-2
3.005000E-3	-8.939683E-3
3.010000E-3	3.192431E-2
3.015000E-3	4.596102E-2
3.020000E-3	-2.006459E-2
3.025000E-3	1.024204E-2
3.030000E-3	5.096620E-2
3.035000E-3	-1.237929E-3
3.040000E-3	8.198023E-4
3.045000E-3	3.451258E-2
3.050000E-3	1.299620E-3
3.055000E-3	8.377612E-3
3.060000E-3	4.692066E-2
3.065000E-3	2.419239E-2
3.070000E-3	2.785271E-2
3.075000E-3	5.672812E-2
3.080000E-3	1.881158E-2
3.085000E-3	1.230252E-2
3.090000E-3	5.250984E-2
3.095000E-3	1.536101E-2
3.100000E-3	-1.520473E-2
3.105000E-3	2.469140E-2
3.110000E-3	8.677840E-3
3.115000E-3	-1.403260E-2
3.120000E-3	3.481418E-2
3.125000E-3	3.683352E-2
3.130000E-3	1.136070E-2
3.135000E-3	4.596102E-2
3.140000E-3	5.259347E-2
3.145000E-3	1.599985E-2
3.150000E-3	2.113938E-2
3.155000E-3	2.662987E-2
3.160000E-3	-3.087282E-3
3.165000E-3	5.501449E-3
3.170000E-3	2.577442E-2
3.175000E-3	4.085302E-3
3.180000E-3	9.589493E-3
3.185000E-3	3.067952E-2
3.190000E-3	6.846309E-3
3.195000E-3	3.716528E-3
3.200000E-3	2.527130E-2
3.205000E-3	1.067525E-2
3.210000E-3	1.434106E-2
3.215000E-3	4.347008E-2
3.220000E-3	2.948135E-2
3.225000E-3	2.047998E-2
3.230000E-3	4.485470E-2
3.235000E-3	3.099895E-2
3.240000E-3	7.031381E-3
3.245000E-3	2.617747E-2
3.250000E-3	2.610755E-2
3.255000E-3	1.787663E-3
3.260000E-3	9.546995E-3
3.265000E-3	1.621920E-2
3.270000E-3	-1.102209E-3
3.275000E-3	1.308805E-2
3.280000E-3	3.451121E-2
3.285000E-3	1.996452E-2
3.290000E-3	2.601844E-2
3.295000E-3	4.779392E-2
3.300000E-3	3.378189E-2
3.305000E-3	3.046292E-2
3.310000E-3	4.640657E-2
3.315000E-3	2.391410E-2
3.320000E-3	5.480886E-3
3.325000E-3	1.630008E-2
3.330000E-3	4.281342E-3
3.335000E-3	-8.952022E-4
3.340000E-3	2.015233E-2
3.345000E-3	8.373499E-3
3.350000E-3	-3.009140E-3
3.355000E-3	2.390587E-2
3.360000E-3	2.389902E-2
3.365000E-3	1.125377E-2
3.370000E-3	3.106475E-2
3.375000E-3	3.511167E-2
3.380000E-3	2.023870E-2
3.385000E-3	3.112918E-2
3.390000E-3	3.856087E-2
3.395000E-3	2.484769E-2
3.400000E-3	2.331227E-2
3.405000E-3	2.496284E-2
3.410000E-3	1.799452E-2
3.415000E-3	2.695340E-2
3.420000E-3	2.981997E-2
3.425000E-3	1.001036E-2
3.430000E-3	1.088363E-2
3.435000E-3	1.764494E-2
3.440000E-3	-4.495203E-3
3.445000E-3	-9.419501E-3
3.450000E-3	8.703887E-3
3.455000E-3	-1.724601E-3
3.460000E-3	-1.251364E-2
3.465000E-3	9.622395E-3
3.470000E-3	2.374959E-2
3.475000E-3	2.135324E-2
3.480000E-3	3.377366E-2
3.485000E-3	4.862744E-2
3.490000E-3	4.553878E-2
3.495000E-3	3.835112E-2
3.500000E-3	3.701174E-2
3.505000E-3	3.000915E-2
3.510000E-3	1.981783E-2
3.515000E-3	2.015918E-2
3.520000E-3	2.129430E-2
3.525000E-3	1.556665E-2
3.530000E-3	1.885819E-2
3.535000E-3	2.810633E-2
3.540000E-3	2.203596E-2
3.545000E-3	1.429856E-2
3.550000E-3	1.614106E-2
3.555000E-3	6.282866E-3
3.560000E-3	6.306171E-5
3.565000E-3	1.693070E-2
3.570000E-3	2.495462E-2
3.575000E-3	2.207983E-2
3.580000E-3	2.877259E-2
3.585000E-3	2.911395E-2
3.590000E-3	2.320534E-2
3.595000E-3	2.061296E-2
3.600000E-3	7.908762E-3
3.605000E-3	-3.029704E-3
3.610000E-3	3.737092E-3
3.615000E-3	2.473116E-3
3.620000E-3	-7.609904E-3
3.625000E-3	6.502211E-3
3.630000E-3	2.057320E-2
3.635000E-3	1.292217E-2
3.640000E-3	1.958615E-2
3.645000E-3	3.210801E-2
3.650000E-3	2.719057E-2
3.655000E-3	2.917016E-2
3.660000E-3	3.420275E-2
3.665000E-3	2.407312E-2
3.670000E-3	2.231425E-2
3.675000E-3	2.991319E-2
3.680000E-3	2.912629E-2
3.685000E-3	3.300184E-2
3.690000E-3	3.676909E-2
3.695000E-3	2.434731E-2
3.700000E-3	2.216893E-2
3.705000E-3	3.070420E-2
3.710000E-3	1.910633E-2
3.715000E-3	1.255614E-2
3.720000E-3	2.515751E-2
3.725000E-3	1.997685E-2
3.730000E-3	1.280838E-2
3.735000E-3	2.277899E-2
3.740000E-3	2.049917E-2
3.745000E-3	1.789033E-2
3.750000E-3	2.859575E-2
3.755000E-3	2.369201E-2
3.760000E-3	1.793009E-2
3.765000E-3	2.440763E-2
3.770000E-3	1.520473E-2
3.775000E-3	3.750801E-3
3.780000E-3	1.431775E-2
3.785000E-3	2.188104E-2
3.790000E-3	1.828653E-2
3.795000E-3	2.102011E-2
3.800000E-3	1.883215E-2
3.805000E-3	1.142514E-2
3.810000E-3	1.412719E-2
3.815000E-3	1.254106E-2
3.820000E-3	3.545165E-3
3.825000E-3	4.105866E-3
3.830000E-3	7.859409E-3
3.835000E-3	1.003504E-2
3.840000E-3	2.035797E-2
3.845000E-3	2.872461E-2
3.850000E-3	2.975827E-2
3.855000E-3	3.518432E-2
3.860000E-3	3.898585E-2
3.865000E-3	3.419179E-2
3.870000E-3	2.825165E-2
3.875000E-3	2.084875E-2
3.880000E-3	1.450968E-2
3.885000E-3	1.759422E-2
3.890000E-3	2.257198E-2
3.895000E-3	2.153146E-2
3.900000E-3	2.128607E-2
3.905000E-3	2.316558E-2
3.910000E-3	2.432263E-2
3.915000E-3	2.844495E-2
3.920000E-3	2.972811E-2
3.925000E-3	2.668470E-2
3.930000E-3	2.759087E-2
3.935000E-3	2.585942E-2
3.940000E-3	2.035111E-2
3.945000E-3	2.080077E-2
3.950000E-3	1.920778E-2
3.955000E-3	1.298386E-2
3.960000E-3	1.250678E-2
3.965000E-3	1.152658E-2
3.970000E-3	7.441282E-3
3.975000E-3	8.894444E-3
3.980000E-3	1.026672E-2
3.985000E-3	8.176088E-3
3.990000E-3	1.190770E-2
3.995000E-3	1.493055E-2
4.000000E-3	1.426977E-2
4.005000E-3	2.279955E-2
4.010000E-3	3.136361E-2
4.015000E-3	2.833939E-2
4.020000E-3	2.802271E-2
4.025000E-3	2.996665E-2
4.030000E-3	2.145880E-2
4.035000E-3	1.366794E-2
4.040000E-3	1.515400E-2
4.045000E-3	1.776147E-2
4.050000E-3	1.567906E-2
4.055000E-3	1.394624E-2
4.060000E-3	1.768881E-2
4.065000E-3	2.183032E-2
4.070000E-3	1.940930E-2
4.075000E-3	1.548713E-2
4.080000E-3	1.419163E-2
4.085000E-3	1.446581E-2
4.090000E-3	1.605880E-2
4.095000E-3	1.543915E-2
4.100000E-3	1.543093E-2
4.105000E-3	1.922971E-2
4.110000E-3	2.789521E-2
4.115000E-3	3.301418E-2
4.120000E-3	3.417808E-2
4.125000E-3	3.849643E-2
4.130000E-3	3.476757E-2
4.135000E-3	2.596498E-2
4.140000E-3	2.295309E-2
4.145000E-3	1.780123E-2
4.150000E-3	1.185286E-2
4.155000E-3	1.023245E-2
4.160000E-3	9.423614E-3
4.165000E-3	1.266992E-2
4.170000E-3	1.928729E-2
4.175000E-3	2.250618E-2
4.180000E-3	2.295035E-2
4.185000E-3	2.462971E-2
4.190000E-3	2.567434E-2
4.195000E-3	2.382088E-2
4.200000E-3	2.245408E-2
4.205000E-3	2.326292E-2
4.210000E-3	2.218676E-2
4.215000E-3	1.765043E-2
4.220000E-3	1.349932E-2
4.225000E-3	1.165134E-2
4.230000E-3	9.844482E-3
4.235000E-3	1.035172E-2
4.240000E-3	1.301539E-2
4.245000E-3	1.477426E-2
4.250000E-3	1.807266E-2
4.255000E-3	2.243900E-2
4.260000E-3	2.153146E-2
4.265000E-3	1.710069E-2
4.270000E-3	1.625896E-2
4.275000E-3	1.530892E-2
4.280000E-3	1.197487E-2
4.285000E-3	1.388454E-2
4.290000E-3	1.946414E-2
4.295000E-3	2.280229E-2
4.300000E-3	2.755111E-2
4.305000E-3	3.126216E-2
4.310000E-3	3.053695E-2
4.315000E-3	3.276056E-2
4.320000E-3	3.436178E-2
4.325000E-3	3.004068E-2
4.330000E-3	2.779102E-2
4.335000E-3	2.629125E-2
4.340000E-3	1.936269E-2
4.345000E-3	1.492506E-2
4.350000E-3	1.608896E-2
4.355000E-3	1.315933E-2
4.360000E-3	1.033801E-2
4.365000E-3	1.425606E-2
4.370000E-3	1.580244E-2
4.375000E-3	1.423001E-2
4.380000E-3	1.789033E-2
4.385000E-3	1.963961E-2
4.390000E-3	1.760930E-2
4.395000E-3	1.979589E-2
4.400000E-3	2.186322E-2
4.405000E-3	2.082956E-2
4.410000E-3	2.407587E-2
4.415000E-3	2.573603E-2
4.420000E-3	2.151364E-2
4.425000E-3	1.974106E-2
4.430000E-3	1.981783E-2
4.435000E-3	1.615065E-2
4.440000E-3	1.494563E-2
4.445000E-3	1.499635E-2
4.450000E-3	1.380777E-2
4.455000E-3	1.282895E-2
4.460000E-3	1.370084E-2
4.465000E-3	1.657426E-2
4.470000E-3	1.484829E-2
4.475000E-3	9.041131E-3
4.480000E-3	1.159650E-2
4.485000E-3	1.828378E-2
4.490000E-3	3.135812E-2
4.495000E-3	3.413284E-2
4.500000E-3	2.813649E-2
4.505000E-3	3.131974E-2
4.510000E-3	3.148288E-2
4.515000E-3	2.276391E-2
4.520000E-3	1.850998E-2
4.525000E-3	2.205926E-2
4.530000E-3	1.764905E-2
4.535000E-3	1.267540E-2
4.540000E-3	1.699924E-2
4.545000E-3	1.952857E-2
4.550000E-3	1.475370E-2
4.555000E-3	2.064997E-2
4.560000E-3	2.611852E-2
4.565000E-3	2.321219E-2
4.570000E-3	2.604038E-2
4.575000E-3	2.595264E-2
4.580000E-3	1.787525E-2
4.585000E-3	1.707876E-2
4.590000E-3	2.087754E-2
4.595000E-3	1.544601E-2
4.600000E-3	1.441920E-2
4.605000E-3	2.102834E-2
4.610000E-3	2.186871E-2
4.615000E-3	2.486414E-2
4.620000E-3	2.917564E-2
4.625000E-3	2.842438E-2
4.630000E-3	2.863687E-2
4.635000E-3	2.631181E-2
4.640000E-3	1.810968E-2
4.645000E-3	1.393390E-2
4.650000E-3	1.385438E-2
4.655000E-3	9.323537E-3
4.660000E-3	6.620109E-3
4.665000E-3	1.195294E-2
4.670000E-3	1.335263E-2
4.675000E-3	1.195019E-2
4.680000E-3	1.769978E-2
4.685000E-3	2.104753E-2
4.690000E-3	2.137244E-2
4.695000E-3	2.580184E-2
4.700000E-3	2.858204E-2
4.705000E-3	2.520412E-2
4.710000E-3	2.561265E-2
4.715000E-3	2.683002E-2
4.720000E-3	2.210039E-2
4.725000E-3	2.098995E-2
4.730000E-3	2.162057E-2
4.735000E-3	1.878005E-2
4.740000E-3	1.787114E-2
4.745000E-3	1.799452E-2
4.750000E-3	1.470160E-2
4.755000E-3	1.187342E-2
4.760000E-3	1.329094E-2
4.765000E-3	1.174730E-2
4.770000E-3	1.068759E-2
4.775000E-3	1.401615E-2
4.780000E-3	1.506764E-2
4.785000E-3	1.669490E-2
4.790000E-3	2.196467E-2
4.795000E-3	2.055401E-2
4.800000E-3	1.725698E-2
4.805000E-3	1.973832E-2
4.810000E-3	2.146429E-2
4.815000E-3	2.205241E-2
4.820000E-3	2.591288E-2
4.825000E-3	2.847511E-2
4.830000E-3	2.615416E-2
4.835000E-3	2.522880E-2
4.840000E-3	2.615142E-2
4.845000E-3	2.407587E-2
4.850000E-3	2.313268E-2
4.855000E-3	2.325606E-2
4.860000E-3	2.034152E-2
4.865000E-3	1.903093E-2
4.870000E-3	1.992065E-2
4.875000E-3	1.720899E-2
4.880000E-3	1.669627E-2
4.885000E-3	2.012217E-2
4.890000E-3	1.901037E-2
4.895000E-3	2.078706E-2
4.900000E-3	2.600610E-2
4.905000E-3	2.415675E-2
4.910000E-3	2.251440E-2
4.915000E-3	2.255690E-2
4.920000E-3	1.797807E-2
4.925000E-3	1.547480E-2
4.930000E-3	1.792461E-2
4.935000E-3	1.710480E-2
4.940000E-3	1.495796E-2
4.945000E-3	1.536375E-2
4.950000E-3	1.454943E-2
4.955000E-3	1.146352E-2
4.960000E-3	1.037091E-2
4.965000E-3	9.187818E-3
4.970000E-3	6.572127E-3
4.975000E-3	8.941054E-3
4.980000E-3	1.289886E-2
4.985000E-3	1.522118E-2
4.990000E-3	2.051288E-2
4.995000E-3	2.511775E-2
5.000000E-3	2.463657E-2
5.005000E-3	2.574289E-2
5.010000E-3	2.893984E-2
5.015000E-3	2.821052E-2
5.020000E-3	2.683687E-2
5.025000E-3	2.680397E-2
5.030000E-3	2.465302E-2
5.035000E-3	2.445835E-2
5.040000E-3	2.520549E-2
5.045000E-3	2.455568E-2
5.050000E-3	2.548242E-2
5.055000E-3	2.717686E-2
5.060000E-3	2.525073E-2
5.065000E-3	2.143550E-2
5.070000E-3	1.916116E-2
5.075000E-3	1.701158E-2
5.080000E-3	1.467967E-2
5.085000E-3	1.445210E-2
5.090000E-3	1.536238E-2
5.095000E-3	1.665103E-2
5.100000E-3	1.814532E-2
5.105000E-3	1.833588E-2
5.110000E-3	1.985073E-2
5.115000E-3	2.165347E-2
5.120000E-3	2.197015E-2
5.125000E-3	2.221966E-2
5.130000E-3	2.264738E-2
5.135000E-3	2.158904E-2
5.140000E-3	2.064586E-2
5.145000E-3	2.092004E-2
5.150000E-3	2.021128E-2
5.155000E-3	1.979452E-2
5.160000E-3	1.990831E-2
5.165000E-3	1.853877E-2
5.170000E-3	1.814532E-2
5.175000E-3	1.872796E-2
5.180000E-3	1.832902E-2
5.185000E-3	1.802194E-2
5.190000E-3	1.881981E-2
5.195000E-3	1.998645E-2
5.200000E-3	2.054030E-2
5.205000E-3	2.036893E-2
5.210000E-3	1.996589E-2
5.215000E-3	1.879925E-2
5.220000E-3	1.743656E-2
5.225000E-3	1.673466E-2
5.230000E-3	1.656193E-2
5.235000E-3	1.628637E-2
5.240000E-3	1.670176E-2
5.245000E-3	1.768059E-2
5.250000E-3	2.031273E-2
5.255000E-3	2.359742E-2
5.260000E-3	2.494365E-2
5.265000E-3	2.338356E-2
5.270000E-3	2.146018E-2
5.275000E-3	1.873893E-2
5.280000E-3	1.586688E-2
5.285000E-3	1.653314E-2
5.290000E-3	1.833177E-2
5.295000E-3	2.009475E-2
5.300000E-3	2.328211E-2
5.305000E-3	2.407587E-2
5.310000E-3	2.346992E-2
5.315000E-3	2.334517E-2
5.320000E-3	2.070755E-2
5.325000E-3	1.952308E-2
5.330000E-3	2.130800E-2
5.335000E-3	2.210313E-2
5.340000E-3	2.285850E-2
5.345000E-3	2.372217E-2
5.350000E-3	2.212095E-2
5.355000E-3	2.053344E-2
5.360000E-3	2.071029E-2
5.365000E-3	1.920366E-2
5.370000E-3	1.759011E-2
5.375000E-3	1.940519E-2
5.380000E-3	1.982743E-2
5.385000E-3	1.716787E-2
5.390000E-3	1.794517E-2
5.395000E-3	1.840580E-2
5.400000E-3	1.682925E-2
5.405000E-3	1.666063E-2
5.410000E-3	1.640975E-2
5.415000E-3	1.461524E-2
5.420000E-3	1.333481E-2
5.425000E-3	1.278782E-2
5.430000E-3	1.356649E-2
5.435000E-3	1.691699E-2
5.440000E-3	2.003580E-2
5.445000E-3	2.132446E-2
5.450000E-3	2.406901E-2
5.455000E-3	2.559620E-2
5.460000E-3	2.302575E-2
5.465000E-3	2.095568E-2
5.470000E-3	1.985073E-2
5.475000E-3	1.726931E-2
5.480000E-3	1.535827E-2
5.485000E-3	1.672643E-2
5.490000E-3	1.820701E-2
5.495000E-3	1.883078E-2
5.500000E-3	2.106261E-2
5.505000E-3	2.144510E-2
5.510000E-3	2.026886E-2
5.515000E-3	2.131212E-2
5.520000E-3	2.276528E-2
5.525000E-3	2.255142E-2
5.530000E-3	2.452415E-2
5.535000E-3	2.709734E-2
5.540000E-3	2.686703E-2
5.545000E-3	2.692872E-2
5.550000E-3	2.604723E-2
5.555000E-3	2.122575E-2
5.560000E-3	1.707327E-2
5.565000E-3	1.464814E-2
5.570000E-3	1.176649E-2
5.575000E-3	1.147175E-2
5.580000E-3	1.302499E-2
5.585000E-3	1.364738E-2
5.590000E-3	1.597244E-2
5.595000E-3	1.891851E-2
5.600000E-3	1.967525E-2
5.605000E-3	1.973695E-2
5.610000E-3	2.032918E-2
5.615000E-3	1.924342E-2
5.620000E-3	1.807952E-2
5.625000E-3	1.883489E-2
5.630000E-3	1.952446E-2
5.635000E-3	2.018797E-2
5.640000E-3	2.194273E-2
5.645000E-3	2.293801E-2
5.650000E-3	2.280092E-2
5.655000E-3	2.285576E-2
5.660000E-3	2.213466E-2
5.665000E-3	2.170831E-2
5.670000E-3	2.237320E-2
5.675000E-3	2.270359E-2
5.680000E-3	2.247739E-2
5.685000E-3	2.327526E-2
5.690000E-3	2.309293E-2
5.695000E-3	2.144921E-2
5.700000E-3	2.072126E-2
5.705000E-3	2.011257E-2
5.710000E-3	1.846749E-2
5.715000E-3	1.747221E-2
5.720000E-3	1.822209E-2
5.725000E-3	1.913375E-2
5.730000E-3	2.041966E-2
5.735000E-3	2.219772E-2
5.740000E-3	2.298874E-2
5.745000E-3	2.301753E-2
5.750000E-3	2.209216E-2
5.755000E-3	1.973832E-2
5.760000E-3	1.795614E-2
5.765000E-3	1.764220E-2
5.770000E-3	1.747358E-2
5.775000E-3	1.748043E-2
5.780000E-3	1.799726E-2
5.785000E-3	1.879925E-2
5.790000E-3	1.896787E-2
5.795000E-3	1.955599E-2
5.800000E-3	1.946276E-2
5.805000E-3	1.899803E-2
5.810000E-3	1.914883E-2
5.815000E-3	1.947099E-2
5.820000E-3	1.921326E-2
5.825000E-3	1.931745E-2
5.830000E-3	1.980001E-2
5.835000E-3	1.976299E-2
5.840000E-3	2.036893E-2
5.845000E-3	2.135462E-2
5.850000E-3	2.151912E-2
5.855000E-3	2.095157E-2
5.860000E-3	2.030313E-2
5.865000E-3	1.991653E-2
5.870000E-3	2.012491E-2
5.875000E-3	2.017426E-2
5.880000E-3	1.955324E-2
5.885000E-3	1.924342E-2
5.890000E-3	1.979452E-2
5.895000E-3	1.988226E-2
5.900000E-3	1.974654E-2
5.905000E-3	2.018523E-2
5.910000E-3	2.009749E-2
5.915000E-3	1.939833E-2
5.920000E-3	1.810008E-2
5.925000E-3	1.621509E-2
5.930000E-3	1.505256E-2
5.935000E-3	1.548439E-2
5.940000E-3	1.615477E-2
5.945000E-3	1.782727E-2
5.950000E-3	2.070755E-2
5.955000E-3	2.309293E-2
5.960000E-3	2.400595E-2
5.965000E-3	2.469414E-2
5.970000E-3	2.453101E-2
5.975000E-3	2.297777E-2
5.980000E-3	2.187282E-2
5.985000E-3	2.144784E-2
5.990000E-3	2.042240E-2
5.995000E-3	1.961493E-2
6.000000E-3	1.903504E-2
6.005000E-3	1.854563E-2
6.010000E-3	1.824951E-2
6.015000E-3	1.818508E-2
6.020000E-3	1.757365E-2
6.025000E-3	1.698965E-2
6.030000E-3	1.670039E-2
6.035000E-3	1.637548E-2
6.040000E-3	1.699650E-2
6.045000E-3	1.878554E-2
6.050000E-3	2.023184E-2
6.055000E-3	2.142590E-2
6.060000E-3	2.227312E-2
6.065000E-3	2.212644E-2
6.070000E-3	2.132720E-2
6.075000E-3	2.036756E-2
6.080000E-3	1.893359E-2
6.085000E-3	1.763260E-2
6.090000E-3	1.714867E-2
6.095000E-3	1.685393E-2
6.100000E-3	1.723641E-2
6.105000E-3	1.775599E-2
6.110000E-3	1.776969E-2
6.115000E-3	1.738447E-2
6.120000E-3	1.745301E-2
6.125000E-3	1.859498E-2
6.130000E-3	2.013451E-2
6.135000E-3	2.127647E-2
6.140000E-3	2.219224E-2
6.145000E-3	2.199620E-2
6.150000E-3	2.192903E-2
6.155000E-3	2.163565E-2
6.160000E-3	2.099818E-2
6.165000E-3	2.033055E-2
6.170000E-3	1.963001E-2
6.175000E-3	1.956010E-2
6.180000E-3	1.991928E-2
6.185000E-3	2.053344E-2
6.190000E-3	2.087069E-2
6.195000E-3	2.100778E-2
6.200000E-3	2.089673E-2
6.205000E-3	2.053344E-2
6.210000E-3	2.002072E-2
6.215000E-3	1.972735E-2
6.220000E-3	1.936132E-2
6.225000E-3	1.923245E-2
6.230000E-3	1.977259E-2
6.235000E-3	2.027571E-2
6.240000E-3	2.038538E-2
6.245000E-3	2.082682E-2
6.250000E-3	2.097487E-2
6.255000E-3	2.078432E-2
6.260000E-3	2.061296E-2
6.265000E-3	2.030998E-2
6.270000E-3	1.947922E-2
6.275000E-3	1.913923E-2
6.280000E-3	1.970130E-2
6.285000E-3	2.079803E-2
6.290000E-3	2.208942E-2
6.295000E-3	2.346307E-2
6.300000E-3	2.422529E-2
6.305000E-3	2.446657E-2
6.310000E-3	2.443367E-2
6.315000E-3	2.402240E-2
6.320000E-3	2.329856E-2
6.325000E-3	2.220869E-2
6.330000E-3	2.066642E-2
6.335000E-3	1.908988E-2
6.340000E-3	1.785469E-2
6.345000E-3	1.634258E-2
6.350000E-3	1.559544E-2
6.355000E-3	1.562560E-2
6.360000E-3	1.607114E-2
6.365000E-3	1.670176E-2
6.370000E-3	1.792461E-2
6.375000E-3	1.938325E-2
6.380000E-3	1.997274E-2
6.385000E-3	2.006733E-2
6.390000E-3	2.017289E-2
6.395000E-3	1.962316E-2
6.400000E-3	1.929826E-2
6.405000E-3	1.930785E-2
6.410000E-3	1.923108E-2
6.415000E-3	1.911867E-2
6.420000E-3	1.927769E-2
6.425000E-3	1.921189E-2
6.430000E-3	1.922011E-2
6.435000E-3	1.979864E-2
6.440000E-3	2.003306E-2
6.445000E-3	2.033603E-2
6.450000E-3	2.076650E-2
6.455000E-3	2.078843E-2
6.460000E-3	2.070343E-2
6.465000E-3	2.093923E-2
6.470000E-3	2.108181E-2
6.475000E-3	2.054304E-2
6.480000E-3	1.990831E-2
6.485000E-3	1.929414E-2
6.490000E-3	1.868272E-2
6.495000E-3	1.931882E-2
6.500000E-3	2.069521E-2
6.505000E-3	2.229369E-2
6.510000E-3	2.353710E-2
6.515000E-3	2.404708E-2
6.520000E-3	2.352613E-2
6.525000E-3	2.174395E-2
6.530000E-3	1.937914E-2
6.535000E-3	1.673466E-2
6.540000E-3	1.410526E-2
6.545000E-3	1.264387E-2
6.550000E-3	1.190084E-2
6.555000E-3	1.223123E-2
6.560000E-3	1.355141E-2
6.565000E-3	1.476055E-2
6.570000E-3	1.646322E-2
6.575000E-3	1.785469E-2
6.580000E-3	1.895279E-2
6.585000E-3	2.021676E-2
6.590000E-3	2.159452E-2
6.595000E-3	2.237594E-2
6.600000E-3	2.235812E-2
6.605000E-3	2.224022E-2
6.610000E-3	2.167130E-2
6.615000E-3	2.092415E-2
6.620000E-3	2.047998E-2
6.625000E-3	2.012080E-2
6.630000E-3	1.997411E-2
6.635000E-3	2.007693E-2
6.640000E-3	2.064586E-2
6.645000E-3	2.119011E-2
6.650000E-3	2.144510E-2
6.655000E-3	2.139437E-2
6.660000E-3	2.120930E-2
6.665000E-3	2.096939E-2
6.670000E-3	2.089125E-2
6.675000E-3	2.080762E-2
6.680000E-3	2.069110E-2
6.685000E-3	2.016467E-2
6.690000E-3	1.962316E-2
6.695000E-3	1.930100E-2
6.700000E-3	1.901585E-2
6.705000E-3	1.895279E-2
6.710000E-3	1.893359E-2
6.715000E-3	1.879650E-2
6.720000E-3	1.812750E-2
6.725000E-3	1.742148E-2
6.730000E-3	1.718158E-2
6.735000E-3	1.821661E-2
6.740000E-3	1.980001E-2
6.745000E-3	2.126276E-2
6.750000E-3	2.243900E-2
6.755000E-3	2.362347E-2
6.760000E-3	2.386200E-2
6.765000E-3	2.329719E-2
6.770000E-3	2.235538E-2
6.775000E-3	2.104753E-2
6.780000E-3	1.942575E-2
6.785000E-3	1.840031E-2
6.790000E-3	1.836467E-2
6.795000E-3	1.890206E-2
6.800000E-3	2.026749E-2
6.805000E-3	2.184814E-2
6.810000E-3	2.291197E-2
6.815000E-3	2.330953E-2
6.820000E-3	2.301204E-2
6.825000E-3	2.194548E-2
6.830000E-3	2.054304E-2
6.835000E-3	1.902956E-2
6.840000E-3	1.769155E-2
6.845000E-3	1.676619E-2
6.850000E-3	1.646870E-2
6.855000E-3	1.659071E-2
6.860000E-3	1.730633E-2
6.865000E-3	1.826870E-2
6.870000E-3	1.953954E-2
6.875000E-3	2.006596E-2
6.880000E-3	2.034289E-2
6.885000E-3	2.011257E-2
6.890000E-3	1.972324E-2
6.895000E-3	1.925027E-2
6.900000E-3	1.891851E-2
6.905000E-3	1.850450E-2
6.910000E-3	1.788485E-2
6.915000E-3	1.741189E-2
6.920000E-3	1.718295E-2
6.925000E-3	1.701981E-2
6.930000E-3	1.725286E-2
6.935000E-3	1.816589E-2
6.940000E-3	1.899391E-2
6.945000E-3	1.985621E-2
6.950000E-3	2.008104E-2
6.955000E-3	2.034837E-2
6.960000E-3	2.084190E-2
6.965000E-3	2.130938E-2
6.970000E-3	2.157122E-2
6.975000E-3	2.198112E-2
6.980000E-3	2.229643E-2
6.985000E-3	2.202362E-2
6.990000E-3	2.165484E-2
6.995000E-3	2.103382E-2
7.000000E-3	1.999331E-2
7.005000E-3	1.908165E-2
7.010000E-3	1.883352E-2
7.015000E-3	1.845241E-2
7.020000E-3	1.832491E-2
7.025000E-3	1.837152E-2
7.030000E-3	1.847571E-2
7.035000E-3	1.865667E-2
7.040000E-3	1.919955E-2
7.045000E-3	1.982468E-2
7.050000E-3	2.030998E-2
7.055000E-3	2.077472E-2
7.060000E-3	2.126825E-2
7.065000E-3	2.139163E-2
7.070000E-3	2.140945E-2
7.075000E-3	2.118599E-2
7.080000E-3	2.069521E-2
7.085000E-3	2.050328E-2
7.090000E-3	2.033329E-2
7.095000E-3	2.015233E-2
7.100000E-3	2.019894E-2
7.105000E-3	2.013177E-2
7.110000E-3	1.972735E-2
7.115000E-3	1.907754E-2
7.120000E-3	1.858950E-2
7.125000E-3	1.821387E-2
7.130000E-3	1.774502E-2
7.135000E-3	1.818508E-2
7.140000E-3	1.908988E-2
7.145000E-3	1.986581E-2
7.150000E-3	2.093923E-2
7.155000E-3	2.171654E-2
7.160000E-3	2.193588E-2
7.165000E-3	2.108592E-2
7.170000E-3	1.950663E-2
7.175000E-3	1.804662E-2
7.180000E-3	1.668394E-2
7.185000E-3	1.564068E-2
7.190000E-3	1.523215E-2
7.195000E-3	1.533359E-2
7.200000E-3	1.619864E-2
7.205000E-3	1.741600E-2
7.210000E-3	1.928592E-2
7.215000E-3	2.105576E-2
7.220000E-3	2.198935E-2
7.225000E-3	2.262682E-2
7.230000E-3	2.260900E-2
7.235000E-3	2.224433E-2
7.240000E-3	2.133816E-2
7.245000E-3	2.037579E-2
7.250000E-3	1.965469E-2
7.255000E-3	1.900488E-2
7.260000E-3	1.873344E-2
7.265000E-3	1.878005E-2
7.270000E-3	1.911592E-2
7.275000E-3	1.953268E-2
7.280000E-3	2.017975E-2
7.285000E-3	2.068698E-2
7.290000E-3	2.107769E-2
7.295000E-3	2.150267E-2
7.300000E-3	2.160960E-2
7.305000E-3	2.152598E-2
7.310000E-3	2.133816E-2
7.315000E-3	2.103245E-2
7.320000E-3	2.069932E-2
7.325000E-3	2.037716E-2
7.330000E-3	2.010572E-2
7.335000E-3	1.948607E-2
7.340000E-3	1.864707E-2
7.345000E-3	1.770526E-2
7.350000E-3	1.695263E-2
7.355000E-3	1.635218E-2
7.360000E-3	1.622331E-2
7.365000E-3	1.631653E-2
7.370000E-3	1.677305E-2
7.375000E-3	1.753801E-2
7.380000E-3	1.881021E-2
7.385000E-3	1.960671E-2
7.390000E-3	2.030587E-2
7.395000E-3	2.109414E-2
7.400000E-3	2.144235E-2
7.405000E-3	2.173162E-2
7.410000E-3	2.200991E-2
7.415000E-3	2.219909E-2
7.420000E-3	2.237320E-2
7.425000E-3	2.266657E-2
7.430000E-3	2.294487E-2
7.435000E-3	2.307099E-2
7.440000E-3	2.304083E-2
7.445000E-3	2.289003E-2
7.450000E-3	2.205241E-2
7.455000E-3	2.136421E-2
7.460000E-3	2.037030E-2
7.465000E-3	1.943809E-2
7.470000E-3	1.886779E-2
7.475000E-3	1.831394E-2
7.480000E-3	1.806718E-2
7.485000E-3	1.856756E-2
7.490000E-3	1.934761E-2
7.495000E-3	1.994258E-2
7.500000E-3	2.068973E-2
7.505000E-3	2.132994E-2
7.510000E-3	2.127647E-2
7.515000E-3	2.108455E-2
7.520000E-3	2.048409E-2
7.525000E-3	1.972598E-2
7.530000E-3	1.892400E-2
7.535000E-3	1.825362E-2
7.540000E-3	1.764083E-2
7.545000E-3	1.727343E-2
7.550000E-3	1.718020E-2
7.555000E-3	1.732826E-2
7.560000E-3	1.732415E-2
7.565000E-3	1.786840E-2
7.570000E-3	1.865530E-2
7.575000E-3	1.939559E-2
7.580000E-3	2.025652E-2
7.585000E-3	2.060473E-2
7.590000E-3	2.069795E-2
7.595000E-3	2.044570E-2
7.600000E-3	2.003169E-2
7.605000E-3	1.983017E-2
7.610000E-3	1.976436E-2
7.615000E-3	1.994944E-2
7.620000E-3	2.007830E-2
7.625000E-3	2.013588E-2
7.630000E-3	2.033740E-2
7.635000E-3	2.034426E-2
7.640000E-3	2.028120E-2
7.645000E-3	2.011669E-2
7.650000E-3	1.962042E-2
7.655000E-3	1.898843E-2
7.660000E-3	1.823443E-2
7.665000E-3	1.761478E-2
7.670000E-3	1.768059E-2
7.675000E-3	1.779300E-2
7.680000E-3	1.859087E-2
7.685000E-3	1.955599E-2
7.690000E-3	2.060747E-2
7.695000E-3	2.122849E-2
7.700000E-3	2.153558E-2
7.705000E-3	2.137929E-2
7.710000E-3	2.108592E-2
7.715000E-3	2.041006E-2
7.720000E-3	1.997548E-2
7.725000E-3	1.989871E-2
7.730000E-3	1.973146E-2
7.735000E-3	1.968485E-2
7.740000E-3	1.955462E-2
7.745000E-3	1.935995E-2
7.750000E-3	1.869369E-2
7.755000E-3	1.782453E-2
7.760000E-3	1.686490E-2
7.765000E-3	1.610267E-2
7.770000E-3	1.603824E-2
7.775000E-3	1.665789E-2
7.780000E-3	1.773268E-2
7.785000E-3	1.908576E-2
7.790000E-3	2.049094E-2
7.795000E-3	2.181661E-2
7.800000E-3	2.278173E-2
7.805000E-3	2.376604E-2
7.810000E-3	2.428561E-2
7.815000E-3	2.453512E-2
7.820000E-3	2.428287E-2
7.825000E-3	2.370161E-2
7.830000E-3	2.256101E-2
7.835000E-3	2.099544E-2
7.840000E-3	1.950389E-2
7.845000E-3	1.855111E-2
7.850000E-3	1.810831E-2
7.855000E-3	1.807541E-2
7.860000E-3	1.795065E-2
7.865000E-3	1.741737E-2
7.870000E-3	1.682377E-2
7.875000E-3	1.611775E-2
7.880000E-3	1.558310E-2
7.885000E-3	1.524997E-2
7.890000E-3	1.509917E-2
7.895000E-3	1.550084E-2
7.900000E-3	1.647967E-2
7.905000E-3	1.823169E-2
7.910000E-3	2.030450E-2
7.915000E-3	2.264464E-2
7.920000E-3	2.469963E-2
7.925000E-3	2.607739E-2
7.930000E-3	2.675325E-2
7.935000E-3	2.611989E-2
7.940000E-3	2.486277E-2
7.945000E-3	2.328211E-2
7.950000E-3	2.131349E-2
7.955000E-3	1.953268E-2
7.960000E-3	1.846200E-2
7.965000E-3	1.752841E-2
7.970000E-3	1.701570E-2
7.975000E-3	1.681828E-2
7.980000E-3	1.707739E-2
7.985000E-3	1.717609E-2
7.990000E-3	1.759833E-2
7.995000E-3	1.837838E-2
8.000000E-3	1.927632E-2
8.005000E-3	2.021265E-2
8.010000E-3	2.136147E-2
8.015000E-3	2.236909E-2
8.020000E-3	2.312857E-2
8.025000E-3	2.377975E-2
8.030000E-3	2.376467E-2
8.035000E-3	2.353984E-2
8.040000E-3	2.248698E-2
8.045000E-3	2.149308E-2
8.050000E-3	2.068698E-2
8.055000E-3	1.991516E-2
8.060000E-3	1.909947E-2
8.065000E-3	1.837289E-2
8.070000E-3	1.772445E-2
8.075000E-3	1.718432E-2
8.080000E-3	1.670724E-2
8.085000E-3	1.643169E-2
8.090000E-3	1.621509E-2
8.095000E-3	1.649612E-2
8.100000E-3	1.710755E-2
8.105000E-3	1.790130E-2
8.110000E-3	1.894593E-2
8.115000E-3	1.971364E-2
8.120000E-3	2.040046E-2
8.125000E-3	2.098858E-2
8.130000E-3	2.121890E-2
8.135000E-3	2.118599E-2
8.140000E-3	2.103382E-2
8.145000E-3	2.072263E-2
8.150000E-3	2.012491E-2
8.155000E-3	1.935035E-2
8.160000E-3	1.901448E-2
8.165000E-3	1.872247E-2
8.170000E-3	1.881570E-2
8.175000E-3	1.903641E-2
8.180000E-3	1.922423E-2
8.185000E-3	1.927221E-2
8.190000E-3	1.957244E-2
8.195000E-3	2.011120E-2
8.200000E-3	2.062255E-2
8.205000E-3	2.102423E-2
8.210000E-3	2.119559E-2
8.215000E-3	2.120107E-2
8.220000E-3	2.122301E-2
8.225000E-3	2.129155E-2
8.230000E-3	2.139986E-2
8.235000E-3	2.110785E-2
8.240000E-3	2.094883E-2
8.245000E-3	2.100778E-2
8.250000E-3	2.136010E-2
8.255000E-3	2.163839E-2
8.260000E-3	2.186185E-2
8.265000E-3	2.174395E-2
8.270000E-3	2.177685E-2
8.275000E-3	2.166444E-2
8.280000E-3	2.129018E-2
8.285000E-3	2.057868E-2
8.290000E-3	1.990968E-2
8.295000E-3	1.935309E-2
8.300000E-3	1.910359E-2
8.305000E-3	1.860183E-2
8.310000E-3	1.810968E-2
8.315000E-3	1.805758E-2
8.320000E-3	1.781356E-2
8.325000E-3	1.782453E-2
8.330000E-3	1.788348E-2
8.335000E-3	1.763535E-2
8.340000E-3	1.750648E-2
8.345000E-3	1.748729E-2
8.350000E-3	1.743656E-2
8.355000E-3	1.744068E-2
8.360000E-3	1.736939E-2
8.365000E-3	1.781905E-2
8.370000E-3	1.830709E-2
8.375000E-3	1.865667E-2
8.380000E-3	1.915157E-2
8.385000E-3	1.955324E-2
8.390000E-3	1.984251E-2
8.395000E-3	1.990145E-2
8.400000E-3	1.965743E-2
8.405000E-3	1.916391E-2
8.410000E-3	1.908165E-2
8.415000E-3	1.864159E-2
8.420000E-3	1.812613E-2
8.425000E-3	1.796436E-2
8.430000E-3	1.803839E-2
8.435000E-3	1.805347E-2
8.440000E-3	1.833314E-2
8.445000E-3	1.873755E-2
8.450000E-3	1.887602E-2
8.455000E-3	1.913512E-2
8.460000E-3	1.930922E-2
8.465000E-3	1.913100E-2
8.470000E-3	1.914060E-2
8.475000E-3	1.931196E-2
8.480000E-3	1.952857E-2
8.485000E-3	1.984388E-2
8.490000E-3	2.024555E-2
8.495000E-3	2.051014E-2
8.500000E-3	2.089810E-2
8.505000E-3	2.116132E-2
8.510000E-3	2.144647E-2
8.515000E-3	2.182347E-2
8.520000E-3	2.210039E-2
8.525000E-3	2.218539E-2
8.530000E-3	2.235401E-2
8.535000E-3	2.230603E-2
8.540000E-3	2.197152E-2
8.545000E-3	2.136421E-2
8.550000E-3	2.084875E-2
8.555000E-3	2.067739E-2
8.560000E-3	2.034837E-2
8.565000E-3	2.024555E-2
8.570000E-3	2.018523E-2
8.575000E-3	1.999056E-2
8.580000E-3	1.978630E-2
8.585000E-3	1.947373E-2
8.590000E-3	1.912552E-2
8.595000E-3	1.888150E-2
8.600000E-3	1.847023E-2
8.605000E-3	1.846200E-2
8.610000E-3	1.875538E-2
8.615000E-3	1.943672E-2
8.620000E-3	2.021402E-2
8.625000E-3	2.088165E-2
8.630000E-3	2.126139E-2
8.635000E-3	2.096802E-2
8.640000E-3	2.048272E-2
8.645000E-3	1.981783E-2
8.650000E-3	1.892263E-2
8.655000E-3	1.808500E-2
8.660000E-3	1.771075E-2
8.665000E-3	1.724601E-2
8.670000E-3	1.699924E-2
8.675000E-3	1.732004E-2
8.680000E-3	1.769292E-2
8.685000E-3	1.829886E-2
8.690000E-3	1.921600E-2
8.695000E-3	2.016878E-2
8.700000E-3	2.122849E-2
8.705000E-3	2.199346E-2
8.710000E-3	2.239788E-2
8.715000E-3	2.241021E-2
8.720000E-3	2.253908E-2
8.725000E-3	2.239788E-2
8.730000E-3	2.180701E-2
8.735000E-3	2.139300E-2
8.740000E-3	2.093375E-2
8.745000E-3	2.073908E-2
8.750000E-3	2.083778E-2
8.755000E-3	2.067465E-2
8.760000E-3	2.076238E-2
8.765000E-3	2.101463E-2
8.770000E-3	2.115309E-2
8.775000E-3	2.151090E-2
8.780000E-3	2.151090E-2
8.785000E-3	2.163565E-2
8.790000E-3	2.141219E-2
8.795000E-3	2.117366E-2
8.800000E-3	2.056360E-2
8.805000E-3	1.958066E-2
8.810000E-3	1.858675E-2
8.815000E-3	1.773542E-2
8.820000E-3	1.674289E-2
8.825000E-3	1.600671E-2
8.830000E-3	1.538020E-2
8.835000E-3	1.510602E-2
8.840000E-3	1.519924E-2
8.845000E-3	1.551181E-2
8.850000E-3	1.615340E-2
8.855000E-3	1.698691E-2
8.860000E-3	1.804388E-2
8.865000E-3	1.895690E-2
8.870000E-3	1.966017E-2
8.875000E-3	2.024144E-2
8.880000E-3	2.057868E-2
8.885000E-3	2.114075E-2
8.890000E-3	2.158082E-2
8.895000E-3	2.190435E-2
8.900000E-3	2.225530E-2
8.905000E-3	2.262956E-2
8.910000E-3	2.277488E-2
8.915000E-3	2.257472E-2
8.920000E-3	2.216208E-2
8.925000E-3	2.146018E-2
8.930000E-3	2.045119E-2
8.935000E-3	1.959848E-2
8.940000E-3	1.898706E-2
8.945000E-3	1.833177E-2
8.950000E-3	1.793694E-2
8.955000E-3	1.781219E-2
8.960000E-3	1.761478E-2
8.965000E-3	1.768196E-2
8.970000E-3	1.800960E-2
8.975000E-3	1.817137E-2
8.980000E-3	1.808226E-2
8.985000E-3	1.844555E-2
8.990000E-3	1.886368E-2
8.995000E-3	1.898021E-2
9.000000E-3	1.927769E-2
9.005000E-3	1.937914E-2
9.010000E-3	1.958203E-2
9.015000E-3	1.954228E-2
9.020000E-3	1.951486E-2
9.025000E-3	1.934487E-2
9.030000E-3	1.875949E-2
9.035000E-3	1.849627E-2
9.040000E-3	1.819193E-2
9.045000E-3	1.826322E-2
9.050000E-3	1.859361E-2
9.055000E-3	1.899254E-2
9.060000E-3	1.975065E-2
9.065000E-3	2.057046E-2
9.070000E-3	2.131760E-2
9.075000E-3	2.216208E-2
9.080000E-3	2.243078E-2
9.085000E-3	2.267069E-2
9.090000E-3	2.255279E-2
9.095000E-3	2.225256E-2
9.100000E-3	2.185225E-2
9.105000E-3	2.113527E-2
9.110000E-3	2.057731E-2
9.115000E-3	1.980412E-2
9.120000E-3	1.926398E-2
9.125000E-3	1.872247E-2
9.130000E-3	1.834273E-2
9.135000E-3	1.794928E-2
9.140000E-3	1.806718E-2
9.145000E-3	1.809186E-2
9.150000E-3	1.818371E-2
9.155000E-3	1.817274E-2
9.160000E-3	1.811928E-2
9.165000E-3	1.817960E-2
9.170000E-3	1.833314E-2
9.175000E-3	1.871836E-2
9.180000E-3	1.911455E-2
9.185000E-3	1.962590E-2
9.190000E-3	2.019620E-2
9.195000E-3	2.075279E-2
9.200000E-3	2.111882E-2
9.205000E-3	2.138066E-2
9.210000E-3	2.152324E-2
9.215000E-3	2.122164E-2
9.220000E-3	2.090633E-2
9.225000E-3	2.037305E-2
9.230000E-3	1.989460E-2
9.235000E-3	1.947784E-2
9.240000E-3	1.927084E-2
9.245000E-3	1.922148E-2
9.250000E-3	1.958066E-2
9.255000E-3	2.007693E-2
9.260000E-3	2.090907E-2
9.265000E-3	2.145195E-2
9.270000E-3	2.176178E-2
9.275000E-3	2.223885E-2
9.280000E-3	2.228546E-2
9.285000E-3	2.196056E-2
9.290000E-3	2.164388E-2
9.295000E-3	2.120793E-2
9.300000E-3	2.060747E-2
9.305000E-3	1.998645E-2
9.310000E-3	1.952720E-2
9.315000E-3	1.906931E-2
9.320000E-3	1.885545E-2
9.325000E-3	1.887053E-2
9.330000E-3	1.880884E-2
9.335000E-3	1.902819E-2
9.340000E-3	1.909125E-2
9.345000E-3	1.940793E-2
9.350000E-3	1.958066E-2
9.355000E-3	1.986992E-2
9.360000E-3	2.037305E-2
9.365000E-3	2.085698E-2
9.370000E-3	2.115721E-2
9.375000E-3	2.181935E-2
9.380000E-3	2.206200E-2
9.385000E-3	2.206337E-2
9.390000E-3	2.163702E-2
9.395000E-3	2.090085E-2
9.400000E-3	2.038538E-2
9.405000E-3	2.000427E-2
9.410000E-3	1.951486E-2
9.415000E-3	1.909947E-2
9.420000E-3	1.883763E-2
9.425000E-3	1.918447E-2
9.430000E-3	1.918036E-2
9.435000E-3	1.968211E-2
9.440000E-3	1.993847E-2
9.445000E-3	2.002621E-2
9.450000E-3	2.031684E-2
9.455000E-3	1.992202E-2
9.460000E-3	1.965058E-2
9.465000E-3	1.899254E-2
9.470000E-3	1.849079E-2
9.475000E-3	1.819605E-2
9.480000E-3	1.792324E-2
9.485000E-3	1.793557E-2
9.490000E-3	1.796436E-2
9.495000E-3	1.793969E-2
9.500000E-3	1.828653E-2
9.505000E-3	1.858264E-2
9.510000E-3	1.901174E-2
9.515000E-3	1.937914E-2
9.520000E-3	1.952034E-2
9.525000E-3	1.966155E-2
9.530000E-3	1.960123E-2
9.535000E-3	1.979452E-2
9.540000E-3	1.974928E-2
9.545000E-3	1.956832E-2
9.550000E-3	1.939422E-2
9.555000E-3	1.956147E-2
9.560000E-3	1.963413E-2
9.565000E-3	1.962727E-2
9.570000E-3	1.975614E-2
9.575000E-3	1.975614E-2
9.580000E-3	1.960808E-2
9.585000E-3	1.944631E-2
9.590000E-3	1.954228E-2
9.595000E-3	1.956010E-2
9.600000E-3	1.961219E-2
9.605000E-3	1.953542E-2
9.610000E-3	1.949155E-2
9.615000E-3	1.953542E-2
9.620000E-3	1.944768E-2
9.625000E-3	1.941341E-2
9.630000E-3	1.927769E-2
9.635000E-3	1.908302E-2
9.640000E-3	1.879513E-2
9.645000E-3	1.855934E-2
9.650000E-3	1.854700E-2
9.655000E-3	1.884037E-2
9.660000E-3	1.932704E-2
9.665000E-3	1.959711E-2
9.670000E-3	1.973695E-2
9.675000E-3	1.968622E-2
9.680000E-3	1.939696E-2
9.685000E-3	1.928318E-2
9.690000E-3	1.905972E-2
9.695000E-3	1.889247E-2
9.700000E-3	1.893359E-2
9.705000E-3	1.901859E-2
9.710000E-3	1.921463E-2
9.715000E-3	1.934212E-2
9.720000E-3	1.962590E-2
9.725000E-3	2.010161E-2
9.730000E-3	2.085835E-2
9.735000E-3	2.154654E-2
9.740000E-3	2.214015E-2
9.745000E-3	2.263367E-2
9.750000E-3	2.279133E-2
9.755000E-3	2.276254E-2
9.760000E-3	2.225667E-2
9.765000E-3	2.156299E-2
9.770000E-3	2.078021E-2
9.775000E-3	1.997960E-2
9.780000E-3	1.908302E-2
9.785000E-3	1.864022E-2
9.790000E-3	1.826870E-2
9.795000E-3	1.800549E-2
9.800000E-3	1.770937E-2
9.805000E-3	1.767647E-2
9.810000E-3	1.798081E-2
9.815000E-3	1.807952E-2
9.820000E-3	1.843733E-2
9.825000E-3	1.886231E-2
9.830000E-3	1.924890E-2
9.835000E-3	1.990968E-2
9.840000E-3	2.079940E-2
9.845000E-3	2.117091E-2
9.850000E-3	2.164799E-2
9.855000E-3	2.217031E-2
9.860000E-3	2.243763E-2
9.865000E-3	2.221280E-2
9.870000E-3	2.226901E-2
9.875000E-3	2.237868E-2
9.880000E-3	2.206612E-2
9.885000E-3	2.211410E-2
9.890000E-3	2.191257E-2
9.895000E-3	2.156299E-2
9.900000E-3	2.128196E-2
9.905000E-3	2.119422E-2
9.910000E-3	2.103519E-2
9.915000E-3	2.030176E-2
9.920000E-3	1.995218E-2
9.925000E-3	1.963824E-2
9.930000E-3	1.931745E-2
9.935000E-3	1.943809E-2
9.940000E-3	1.932430E-2
9.945000E-3	1.937366E-2
9.950000E-3	1.912552E-2
9.955000E-3	1.881158E-2
9.960000E-3	1.867038E-2
9.965000E-3	1.847434E-2
9.970000E-3	1.844007E-2
9.975000E-3	1.851135E-2
9.980000E-3	1.849079E-2
9.985000E-3	1.858127E-2
9.990000E-3	1.866490E-2
9.995000E-3	1.875126E-2
