0.000000E+0	-4.380596E-2
5.000000E-6	-4.394031E-2
1.000000E-5	-4.391700E-2
1.500000E-5	-4.380870E-2
2.000000E-5	-4.376620E-2
2.500000E-5	-4.362637E-2
3.000000E-5	-4.370588E-2
3.500000E-5	-4.380047E-2
4.000000E-5	-4.387861E-2
4.500000E-5	-4.372233E-2
5.000000E-5	-4.375249E-2
5.500000E-5	-4.390603E-2
6.000000E-5	-4.373193E-2
6.500000E-5	-4.376894E-2
7.000000E-5	-4.383475E-2
7.500000E-5	-4.385257E-2
8.000000E-5	-4.363596E-2
8.500000E-5	-4.373056E-2
9.000000E-5	-4.402119E-2
9.500000E-5	-4.385394E-2
1.000000E-4	-4.380047E-2
1.050000E-4	-4.384297E-2
1.100000E-4	-4.387450E-2
1.150000E-4	-4.390740E-2
1.200000E-4	-4.383475E-2
1.250000E-4	-4.364556E-2
1.300000E-4	-4.362363E-2
1.350000E-4	-4.388136E-2
1.400000E-4	-4.381281E-2
1.450000E-4	-4.386353E-2
1.500000E-4	-4.397595E-2
1.550000E-4	-4.384434E-2
1.600000E-4	-4.369766E-2
1.650000E-4	-4.365927E-2
1.700000E-4	-4.387313E-2
1.750000E-4	-4.402256E-2
1.800000E-4	-4.377580E-2
1.850000E-4	-4.377991E-2
1.900000E-4	-4.378951E-2
1.950000E-4	-4.373878E-2
2.000000E-4	-4.393619E-2
2.050000E-4	-4.407054E-2
2.100000E-4	-4.409796E-2
2.150000E-4	-4.381555E-2
2.200000E-4	-4.385394E-2
2.250000E-4	-4.386491E-2
2.300000E-4	-4.373056E-2
2.350000E-4	-4.367709E-2
2.400000E-4	-4.385805E-2
2.450000E-4	-4.382104E-2
2.500000E-4	-4.361403E-2
2.550000E-4	-4.365104E-2
2.600000E-4	-4.363734E-2
2.650000E-4	-4.361540E-2
2.700000E-4	-4.379362E-2
2.750000E-4	-4.378951E-2
2.800000E-4	-4.374427E-2
2.850000E-4	-4.372233E-2
2.900000E-4	-4.381555E-2
2.950000E-4	-4.384297E-2
3.000000E-4	-4.366612E-2
3.050000E-4	-4.361266E-2
3.100000E-4	-4.366612E-2
3.150000E-4	-4.367435E-2
3.200000E-4	-4.376483E-2
3.250000E-4	-4.378676E-2
3.300000E-4	-4.390055E-2
3.350000E-4	-4.364419E-2
3.400000E-4	-4.366750E-2
3.450000E-4	-4.369354E-2
3.500000E-4	-4.381007E-2
3.550000E-4	-4.373330E-2
3.600000E-4	-4.367572E-2
3.650000E-4	-4.365927E-2
3.700000E-4	-4.371685E-2
3.750000E-4	-4.373330E-2
3.800000E-4	-4.384434E-2
3.850000E-4	-4.391426E-2
3.900000E-4	-4.377443E-2
3.950000E-4	-4.379910E-2
4.000000E-4	-4.381007E-2
4.050000E-4	-4.381555E-2
4.100000E-4	-4.382104E-2
4.150000E-4	-4.374838E-2
4.200000E-4	-4.355508E-2
4.250000E-4	-4.379088E-2
4.300000E-4	-4.380870E-2
4.350000E-4	-4.383612E-2
4.400000E-4	-4.367983E-2
4.450000E-4	-4.370177E-2
4.500000E-4	-4.367572E-2
4.550000E-4	-4.362911E-2
4.600000E-4	-4.380459E-2
4.650000E-4	-4.386216E-2
4.700000E-4	-4.389781E-2
4.750000E-4	-4.402256E-2
4.800000E-4	-4.377717E-2
4.850000E-4	-4.381007E-2
4.900000E-4	-4.382378E-2
4.950000E-4	-4.383886E-2
5.000000E-4	-4.369080E-2
5.050000E-4	-4.351258E-2
5.100000E-4	-4.365516E-2
5.150000E-4	-4.386491E-2
5.200000E-4	-4.383886E-2
5.250000E-4	-4.380870E-2
5.300000E-4	-4.384983E-2
5.350000E-4	-4.386628E-2
5.400000E-4	-4.372370E-2
5.450000E-4	-4.365379E-2
5.500000E-4	-4.395813E-2
5.550000E-4	-4.384023E-2
5.600000E-4	-4.356742E-2
5.650000E-4	-4.369354E-2
5.700000E-4	-4.386628E-2
5.750000E-4	-4.386628E-2
5.800000E-4	-4.381007E-2
5.850000E-4	-4.378951E-2
5.900000E-4	-4.376757E-2
5.950000E-4	-4.383475E-2
6.000000E-4	-4.400885E-2
6.050000E-4	-4.380870E-2
6.100000E-4	-4.370314E-2
6.150000E-4	-4.383886E-2
6.200000E-4	-4.366201E-2
6.250000E-4	-4.370725E-2
6.300000E-4	-4.363185E-2
6.350000E-4	-4.361403E-2
6.400000E-4	-4.358250E-2
6.450000E-4	-4.361540E-2
6.500000E-4	-4.358661E-2
6.550000E-4	-4.366201E-2
6.600000E-4	-4.368120E-2
6.650000E-4	-4.366887E-2
6.700000E-4	-4.369766E-2
6.750000E-4	-4.356056E-2
6.800000E-4	-4.354274E-2
6.850000E-4	-4.362226E-2
6.900000E-4	-4.364419E-2
6.950000E-4	-4.380184E-2
7.000000E-4	-4.391974E-2
7.050000E-4	-4.368532E-2
7.100000E-4	-4.366887E-2
7.150000E-4	-4.392111E-2
7.200000E-4	-4.390466E-2
7.250000E-4	-4.389918E-2
7.300000E-4	-4.366750E-2
7.350000E-4	-4.371548E-2
7.400000E-4	-4.386216E-2
7.450000E-4	-4.361266E-2
7.500000E-4	-4.366887E-2
7.550000E-4	-4.366750E-2
7.600000E-4	-4.377854E-2
7.650000E-4	-4.377031E-2
7.700000E-4	-4.394579E-2
7.750000E-4	-4.400748E-2
7.800000E-4	-4.396909E-2
7.850000E-4	-4.391974E-2
7.900000E-4	-4.384160E-2
7.950000E-4	-4.375523E-2
8.000000E-4	-4.380047E-2
8.050000E-4	-4.393756E-2
8.100000E-4	-4.390466E-2
8.150000E-4	-4.358250E-2
8.200000E-4	-4.375798E-2
8.250000E-4	-4.371548E-2
8.300000E-4	-4.377168E-2
8.350000E-4	-4.366475E-2
8.400000E-4	-4.375249E-2
8.450000E-4	-4.376209E-2
8.500000E-4	-4.369217E-2
8.550000E-4	-4.380459E-2
8.600000E-4	-4.372507E-2
8.650000E-4	-4.374975E-2
8.700000E-4	-4.371274E-2
8.750000E-4	-4.379636E-2
8.800000E-4	-4.367846E-2
8.850000E-4	-4.369903E-2
8.900000E-4	-4.377031E-2
8.950000E-4	-4.384571E-2
9.000000E-4	-4.377031E-2
9.050000E-4	-4.376072E-2
9.100000E-4	-4.377031E-2
9.150000E-4	-4.379088E-2
9.200000E-4	-4.371822E-2
9.250000E-4	-4.358524E-2
9.300000E-4	-4.361129E-2
9.350000E-4	-4.367983E-2
9.400000E-4	-4.379225E-2
9.450000E-4	-4.389644E-2
9.500000E-4	-4.392934E-2
9.550000E-4	-4.384434E-2
9.600000E-4	-4.355919E-2
9.650000E-4	-4.382926E-2
9.700000E-4	-4.390603E-2
9.750000E-4	-4.387039E-2
9.800000E-4	-4.383337E-2
9.850000E-4	-4.371274E-2
9.900000E-4	-4.350162E-2
9.950000E-4	-4.367709E-2
1.000000E-3	-4.373193E-2
1.005000E-3	-4.357153E-2
1.010000E-3	-4.380870E-2
1.015000E-3	-4.371274E-2
1.020000E-3	-4.371822E-2
1.025000E-3	-4.384571E-2
1.030000E-3	-4.401845E-2
1.035000E-3	-4.395813E-2
1.040000E-3	-4.390055E-2
1.045000E-3	-4.395127E-2
1.050000E-3	-4.399377E-2
1.055000E-3	-4.381967E-2
1.060000E-3	-4.379773E-2
1.065000E-3	-4.377991E-2
1.070000E-3	-4.369766E-2
1.075000E-3	-4.377168E-2
1.080000E-3	-4.375523E-2
1.085000E-3	-4.381555E-2
1.090000E-3	-4.374564E-2
1.095000E-3	-4.377854E-2
1.100000E-3	-4.377168E-2
1.105000E-3	-4.374564E-2
1.110000E-3	-4.387176E-2
1.115000E-3	-4.415965E-2
1.120000E-3	-4.396772E-2
1.125000E-3	-4.380870E-2
1.130000E-3	-4.372782E-2
1.135000E-3	-4.362774E-2
1.140000E-3	-4.372507E-2
1.145000E-3	-4.374701E-2
1.150000E-3	-4.390877E-2
1.155000E-3	-4.394031E-2
1.160000E-3	-4.394168E-2
1.165000E-3	-4.376209E-2
1.170000E-3	-4.381830E-2
1.175000E-3	-4.389507E-2
1.180000E-3	-4.391563E-2
1.185000E-3	-4.378128E-2
1.190000E-3	-4.370725E-2
1.195000E-3	-4.378402E-2
1.200000E-3	-4.377717E-2
1.205000E-3	-4.394579E-2
1.210000E-3	-4.392660E-2
1.215000E-3	-4.398692E-2
1.220000E-3	-4.405546E-2
1.225000E-3	-4.371548E-2
1.230000E-3	-4.380870E-2
1.235000E-3	-4.372370E-2
1.240000E-3	-4.362226E-2
1.245000E-3	-4.365790E-2
1.250000E-3	-4.371959E-2
1.255000E-3	-4.361129E-2
1.260000E-3	-4.352903E-2
1.265000E-3	-4.376894E-2
1.270000E-3	-4.369766E-2
1.275000E-3	-4.357564E-2
1.280000E-3	-4.372644E-2
1.285000E-3	-4.381007E-2
1.290000E-3	-4.388821E-2
1.295000E-3	-4.381007E-2
1.300000E-3	-4.387176E-2
1.305000E-3	-4.383749E-2
1.310000E-3	-4.381555E-2
1.315000E-3	-4.381967E-2
1.320000E-3	-4.390603E-2
1.325000E-3	-4.374838E-2
1.330000E-3	-4.363459E-2
1.335000E-3	-4.371959E-2
1.340000E-3	-4.366201E-2
1.345000E-3	-4.370725E-2
1.350000E-3	-4.361677E-2
1.355000E-3	-4.371822E-2
1.360000E-3	-4.380184E-2
1.365000E-3	-4.367161E-2
1.370000E-3	-4.339606E-2
1.375000E-3	-4.374015E-2
1.380000E-3	-4.372644E-2
1.385000E-3	-4.377991E-2
1.390000E-3	-4.369217E-2
1.395000E-3	-4.374975E-2
1.400000E-3	-4.374152E-2
1.405000E-3	-4.372919E-2
1.410000E-3	-4.358387E-2
1.415000E-3	-4.362226E-2
1.420000E-3	-4.381555E-2
1.425000E-3	-4.386079E-2
1.430000E-3	-4.372233E-2
1.435000E-3	-4.369903E-2
1.440000E-3	-4.380184E-2
1.445000E-3	-4.386216E-2
1.450000E-3	-4.388410E-2
1.455000E-3	-4.384983E-2
1.460000E-3	-4.370451E-2
1.465000E-3	-4.364556E-2
1.470000E-3	-4.372096E-2
1.475000E-3	-4.381830E-2
1.480000E-3	-4.379088E-2
1.485000E-3	-4.387313E-2
1.490000E-3	-4.385805E-2
1.495000E-3	-4.382652E-2
1.500000E-3	-4.387861E-2
1.505000E-3	-4.370451E-2
1.510000E-3	-4.350710E-2
1.515000E-3	-4.364556E-2
1.520000E-3	-4.378539E-2
1.525000E-3	-4.376209E-2
1.530000E-3	-4.356468E-2
1.535000E-3	-4.356468E-2
1.540000E-3	-4.371959E-2
1.545000E-3	-4.355371E-2
1.550000E-3	-4.366201E-2
1.555000E-3	-4.375935E-2
1.560000E-3	-4.374427E-2
1.565000E-3	-4.372507E-2
1.570000E-3	-4.372507E-2
1.575000E-3	-4.378676E-2
1.580000E-3	-4.391974E-2
1.585000E-3	-4.387724E-2
1.590000E-3	-4.379499E-2
1.595000E-3	-4.373741E-2
1.600000E-3	-4.369628E-2
1.605000E-3	-4.377854E-2
1.610000E-3	-4.375660E-2
1.615000E-3	-4.388547E-2
1.620000E-3	-4.369903E-2
1.625000E-3	-4.383612E-2
1.630000E-3	-4.384297E-2
1.635000E-3	-4.359895E-2
1.640000E-3	-4.364282E-2
1.645000E-3	-4.376894E-2
1.650000E-3	-4.375523E-2
1.655000E-3	-4.367024E-2
1.660000E-3	-4.361814E-2
1.665000E-3	-4.373193E-2
1.670000E-3	-4.370314E-2
1.675000E-3	-4.370177E-2
1.680000E-3	-4.378128E-2
1.685000E-3	-4.365379E-2
1.690000E-3	-4.379773E-2
1.695000E-3	-4.377306E-2
1.700000E-3	-4.383337E-2
1.705000E-3	-4.377443E-2
1.710000E-3	-4.378265E-2
1.715000E-3	-4.382515E-2
1.720000E-3	-4.386491E-2
1.725000E-3	-4.377443E-2
1.730000E-3	-4.374152E-2
1.735000E-3	-4.367435E-2
1.740000E-3	-4.382789E-2
1.745000E-3	-4.395401E-2
1.750000E-3	-4.388547E-2
1.755000E-3	-4.385668E-2
1.760000E-3	-4.385942E-2
1.765000E-3	-4.387039E-2
1.770000E-3	-4.386216E-2
1.775000E-3	-4.365927E-2
1.780000E-3	-4.380596E-2
1.785000E-3	-4.385394E-2
1.790000E-3	-4.391837E-2
1.795000E-3	-4.383475E-2
1.800000E-3	-4.378676E-2
1.805000E-3	-4.389232E-2
1.810000E-3	-4.370451E-2
1.815000E-3	-4.377580E-2
1.820000E-3	-4.373193E-2
1.825000E-3	-4.369628E-2
1.830000E-3	-4.377854E-2
1.835000E-3	-4.374701E-2
1.840000E-3	-4.360580E-2
1.845000E-3	-4.360718E-2
1.850000E-3	-4.349750E-2
1.855000E-3	-4.371136E-2
1.860000E-3	-4.358250E-2
1.865000E-3	-4.383337E-2
1.870000E-3	-4.395401E-2
1.875000E-3	-4.403353E-2
1.880000E-3	-4.377717E-2
1.885000E-3	-4.380870E-2
1.890000E-3	-4.381555E-2
1.895000E-3	-4.380870E-2
1.900000E-3	-4.382652E-2
1.905000E-3	-4.383063E-2
1.910000E-3	-4.377717E-2
1.915000E-3	-4.382104E-2
1.920000E-3	-4.390466E-2
1.925000E-3	-4.379773E-2
1.930000E-3	-4.396498E-2
1.935000E-3	-4.380459E-2
1.940000E-3	-4.382789E-2
1.945000E-3	-4.368669E-2
1.950000E-3	-4.376072E-2
1.955000E-3	-4.383337E-2
1.960000E-3	-4.381144E-2
1.965000E-3	-4.363734E-2
1.970000E-3	-4.358113E-2
1.975000E-3	-4.383749E-2
1.980000E-3	-4.370588E-2
1.985000E-3	-4.364008E-2
1.990000E-3	-4.372507E-2
1.995000E-3	-4.368532E-2
2.000000E-3	-4.373330E-2
2.005000E-3	-4.368532E-2
2.010000E-3	-4.377580E-2
2.015000E-3	-4.365653E-2
2.020000E-3	-4.360992E-2
2.025000E-3	-4.362637E-2
2.030000E-3	-4.372644E-2
2.035000E-3	-4.366887E-2
2.040000E-3	-4.372919E-2
2.045000E-3	-4.345363E-2
2.050000E-3	-4.370040E-2
2.055000E-3	-4.389918E-2
2.060000E-3	-4.399514E-2
2.065000E-3	-4.403627E-2
2.070000E-3	-4.386765E-2
2.075000E-3	-4.381281E-2
2.080000E-3	-4.387450E-2
2.085000E-3	-4.380459E-2
2.090000E-3	-4.368532E-2
2.095000E-3	-4.364967E-2
2.100000E-3	-4.370588E-2
2.105000E-3	-4.388547E-2
2.110000E-3	-4.382104E-2
2.115000E-3	-4.381830E-2
2.120000E-3	-4.359758E-2
2.125000E-3	-4.347557E-2
2.130000E-3	-4.377306E-2
2.135000E-3	-4.397458E-2
2.140000E-3	-4.385531E-2
2.145000E-3	-4.373878E-2
2.150000E-3	-4.359895E-2
2.155000E-3	-4.372919E-2
2.160000E-3	-4.380184E-2
2.165000E-3	-4.383612E-2
2.170000E-3	-4.377443E-2
2.175000E-3	-4.363734E-2
2.180000E-3	-4.366475E-2
2.185000E-3	-4.388136E-2
2.190000E-3	-4.394853E-2
2.195000E-3	-4.381144E-2
2.200000E-3	-4.382104E-2
2.205000E-3	-4.387313E-2
2.210000E-3	-4.368395E-2
2.215000E-3	-4.366064E-2
2.220000E-3	-4.370177E-2
2.225000E-3	-4.366201E-2
2.230000E-3	-4.360443E-2
2.235000E-3	-4.362911E-2
2.240000E-3	-4.374015E-2
2.245000E-3	-4.359758E-2
2.250000E-3	-4.365516E-2
2.255000E-3	-4.367709E-2
2.260000E-3	-4.394579E-2
2.265000E-3	-4.378128E-2
2.270000E-3	-4.370588E-2
2.275000E-3	-4.377306E-2
2.280000E-3	-4.375386E-2
2.285000E-3	-4.391289E-2
2.290000E-3	-4.375660E-2
2.295000E-3	-4.385668E-2
2.300000E-3	-4.371959E-2
2.305000E-3	-4.392523E-2
2.310000E-3	-4.379910E-2
2.315000E-3	-4.390740E-2
2.320000E-3	-4.382926E-2
2.325000E-3	-4.370862E-2
2.330000E-3	-4.379088E-2
2.335000E-3	-4.366750E-2
2.340000E-3	-4.383200E-2
2.345000E-3	-4.364145E-2
2.350000E-3	-4.377443E-2
2.355000E-3	-4.374290E-2
2.360000E-3	-4.390329E-2
2.365000E-3	-4.374152E-2
2.370000E-3	-4.395539E-2
2.375000E-3	-4.352903E-2
2.380000E-3	-4.405135E-2
2.385000E-3	-4.316026E-2
2.390000E-3	-4.417610E-2
2.395000E-3	-4.319316E-2
2.400000E-3	-4.479438E-2
2.405000E-3	-4.245973E-2
2.410000E-3	-4.523307E-2
2.415000E-3	-4.199636E-2
2.420000E-3	-4.601449E-2
2.425000E-3	-4.099834E-2
2.430000E-3	-4.710025E-2
2.435000E-3	-3.960001E-2
2.440000E-3	-4.852188E-2
2.445000E-3	-3.783292E-2
2.450000E-3	-5.078661E-2
2.455000E-3	-3.549004E-2
2.460000E-3	-5.417824E-2
2.465000E-3	-3.096467E-2
2.470000E-3	-5.128562E-2
2.475000E-3	-6.776118E-2
2.480000E-3	-3.758437E-1
2.485000E-3	-6.739309E-1
2.490000E-3	-1.068814E+0
2.495000E-3	-2.332447E-1
2.500000E-3	1.018969E+0
2.505000E-3	8.963688E-1
2.510000E-3	-1.016882E+0
2.515000E-3	1.140152E+0
2.520000E-3	1.403880E+0
2.525000E-3	-2.078703E+0
2.530000E-3	5.952135E-1
2.535000E-3	1.345323E+0
2.540000E-3	-1.989997E+0
2.545000E-3	5.177682E-1
2.550000E-3	1.287859E+0
2.555000E-3	-1.944996E+0
2.560000E-3	1.632051E-1
2.565000E-3	1.102101E+0
2.570000E-3	-1.934203E+0
2.575000E-3	2.901785E-1
2.580000E-3	1.277310E+0
2.585000E-3	-1.460398E+0
2.590000E-3	-3.161530E-1
2.595000E-3	1.521860E+0
2.600000E-3	-1.293985E+0
2.605000E-3	-1.081596E+0
2.610000E-3	1.729510E+0
2.615000E-3	-8.175883E-1
2.620000E-3	-8.592213E-1
2.625000E-3	1.262549E+0
2.630000E-3	-4.876439E-1
2.635000E-3	-7.258198E-1
2.640000E-3	8.828571E-1
2.645000E-3	-2.851061E-1
2.650000E-3	-5.541041E-1
2.655000E-3	8.469531E-1
2.660000E-3	-2.970851E-1
2.665000E-3	-1.141996E+0
2.670000E-3	8.078960E-1
2.675000E-3	1.343873E-1
2.680000E-3	-1.279927E+0
2.685000E-3	8.101251E-1
2.690000E-3	7.220676E-1
2.695000E-3	-1.258148E+0
2.700000E-3	2.503386E-1
2.705000E-3	5.366278E-1
2.710000E-3	-9.537961E-1
2.715000E-3	1.825568E-1
2.720000E-3	8.906960E-1
2.725000E-3	-7.947846E-1
2.730000E-3	-2.765942E-1
2.735000E-3	9.527981E-1
2.740000E-3	-4.159564E-1
2.745000E-3	-5.265927E-1
2.750000E-3	7.877409E-1
2.755000E-3	-3.110985E-1
2.760000E-3	-4.267263E-1
2.765000E-3	6.850161E-1
2.770000E-3	-4.639889E-1
2.775000E-3	-7.310457E-1
2.780000E-3	5.163397E-1
2.785000E-3	-3.405333E-2
2.790000E-3	-5.800979E-1
2.795000E-3	3.579150E-1
2.800000E-3	1.403973E-1
2.805000E-3	-5.081047E-1
2.810000E-3	3.079811E-1
2.815000E-3	8.642197E-3
2.820000E-3	-6.726491E-1
2.825000E-3	2.888418E-1
2.830000E-3	2.723773E-1
2.835000E-3	-4.478931E-1
2.840000E-3	1.167944E-1
2.845000E-3	1.498566E-1
2.850000E-3	-4.599886E-1
2.855000E-3	1.139388E-1
2.860000E-3	2.908722E-1
2.865000E-3	-4.332902E-1
2.870000E-3	3.316224E-3
2.875000E-3	2.778993E-1
2.880000E-3	-4.759240E-1
2.885000E-3	-5.540657E-2
2.890000E-3	2.964586E-1
2.895000E-3	-4.635694E-1
2.900000E-3	-7.094306E-2
2.905000E-3	4.959338E-1
2.910000E-3	-3.343340E-1
2.915000E-3	-3.220479E-1
2.920000E-3	4.214963E-1
2.925000E-3	-2.182086E-1
2.930000E-3	-3.589157E-1
2.935000E-3	4.349558E-1
2.940000E-3	1.215994E-3
2.945000E-3	-4.259709E-1
2.950000E-3	3.155923E-1
2.955000E-3	6.310833E-2
2.960000E-3	-4.735414E-1
2.965000E-3	1.567426E-1
2.970000E-3	1.755419E-1
2.975000E-3	-3.437302E-1
2.980000E-3	6.266141E-2
2.985000E-3	9.350270E-2
2.990000E-3	-4.704939E-1
2.995000E-3	5.686522E-2
3.000000E-3	3.009332E-1
3.005000E-3	-4.093706E-1
3.010000E-3	-6.470680E-2
3.015000E-3	3.687150E-1
3.020000E-3	-2.940362E-1
3.025000E-3	-1.620905E-1
3.030000E-3	2.234797E-1
3.035000E-3	-2.763638E-1
3.040000E-3	-6.043917E-2
3.045000E-3	2.461285E-1
3.050000E-3	-2.729887E-1
3.055000E-3	-1.515620E-1
3.060000E-3	2.298654E-1
3.065000E-3	-2.292992E-1
3.070000E-3	-2.188680E-1
3.075000E-3	1.727343E-1
3.080000E-3	-1.610007E-1
3.085000E-3	-1.758490E-1
3.090000E-3	1.868902E-1
3.095000E-3	-1.037996E-1
3.100000E-3	-2.033000E-1
3.105000E-3	1.033266E-1
3.110000E-3	4.386902E-4
3.115000E-3	-1.527094E-1
3.120000E-3	6.731838E-2
3.125000E-3	-4.506171E-3
3.130000E-3	-1.539172E-1
3.135000E-3	5.303353E-2
3.140000E-3	3.749430E-3
3.145000E-3	-1.643237E-1
3.150000E-3	3.604800E-2
3.155000E-3	1.716512E-2
3.160000E-3	-1.685516E-1
3.165000E-3	1.877046E-2
3.170000E-3	1.337457E-2
3.175000E-3	-1.465595E-1
3.180000E-3	2.826399E-2
3.185000E-3	2.745789E-2
3.190000E-3	-1.188179E-1
3.195000E-3	-7.125974E-3
3.200000E-3	3.171456E-2
3.205000E-3	-9.845442E-2
3.210000E-3	-5.974275E-2
3.215000E-3	2.975690E-2
3.220000E-3	-1.074599E-1
3.225000E-3	-4.891670E-2
3.230000E-3	4.508913E-2
3.235000E-3	-1.179446E-1
3.240000E-3	-8.074230E-2
3.245000E-3	1.228470E-2
3.250000E-3	-5.191213E-2
3.255000E-3	-1.282168E-1
3.260000E-3	-1.266416E-1
3.265000E-3	-8.252037E-2
3.270000E-3	-7.391107E-2
3.275000E-3	-6.079835E-2
3.280000E-3	-1.126474E-2
3.285000E-3	-6.042135E-2
3.290000E-3	-3.835660E-2
3.295000E-3	-2.126688E-2
3.300000E-3	-5.394381E-2
3.305000E-3	3.934640E-2
3.310000E-3	1.586002E-2
3.315000E-3	-3.590816E-2
3.320000E-3	1.757640E-2
3.325000E-3	-5.779743E-3
3.330000E-3	-2.409369E-2
3.335000E-3	-4.007572E-2
3.340000E-3	-8.240795E-2
3.345000E-3	-3.530908E-2
3.350000E-3	-3.126627E-2
3.355000E-3	-4.727298E-2
3.360000E-3	-7.265121E-2
3.365000E-3	-7.502699E-2
3.370000E-3	-6.938434E-2
3.375000E-3	-7.756180E-2
3.380000E-3	-6.290543E-2
3.385000E-3	-7.487071E-2
3.390000E-3	-1.039147E-2
3.395000E-3	4.608577E-2
3.400000E-3	-3.533238E-2
3.405000E-3	-3.526521E-2
3.410000E-3	-8.060932E-3
3.415000E-3	-8.677977E-2
3.420000E-3	-4.851913E-2
3.425000E-3	3.751898E-2
3.430000E-3	-6.469858E-2
3.435000E-3	-1.078931E-1
3.440000E-3	-5.142957E-2
3.445000E-3	-1.226838E-1
3.450000E-3	-9.310651E-2
3.455000E-3	-2.259803E-2
3.460000E-3	-8.716226E-2
3.465000E-3	-1.063179E-1
3.470000E-3	-8.236408E-2
3.475000E-3	-7.285273E-2
3.480000E-3	-8.043110E-3
3.485000E-3	-5.002439E-3
3.490000E-3	-4.181540E-2
3.495000E-3	-3.965348E-2
3.500000E-3	6.005943E-3
3.505000E-3	-3.121555E-3
3.510000E-3	-6.288350E-2
3.515000E-3	-4.052126E-2
3.520000E-3	-2.847373E-2
3.525000E-3	-3.388333E-2
3.530000E-3	-2.118462E-2
3.535000E-3	-2.210176E-2
3.540000E-3	-7.578373E-3
3.545000E-3	-1.765591E-2
3.550000E-3	-3.156513E-2
3.555000E-3	-3.883642E-2
3.560000E-3	-5.101830E-2
3.565000E-3	-6.433803E-2
3.570000E-3	-2.749902E-2
3.575000E-3	1.257259E-2
3.580000E-3	-4.827237E-2
3.585000E-3	-8.398312E-2
3.590000E-3	-2.846277E-2
3.595000E-3	-4.092431E-2
3.600000E-3	-8.913225E-2
3.605000E-3	-6.472737E-2
3.610000E-3	-3.908044E-2
3.615000E-3	-5.308563E-2
3.620000E-3	-7.065654E-2
3.625000E-3	-5.857611E-2
3.630000E-3	-6.152356E-2
3.635000E-3	-4.793787E-2
3.640000E-3	-4.173315E-2
3.645000E-3	-8.126599E-2
3.650000E-3	-7.034671E-2
3.655000E-3	-3.693908E-2
3.660000E-3	-6.600505E-2
3.665000E-3	-4.697138E-2
3.670000E-3	-2.185637E-2
3.675000E-3	-7.661861E-2
3.680000E-3	-5.919576E-2
3.685000E-3	1.275080E-2
3.690000E-3	-3.881449E-2
3.695000E-3	-8.267802E-2
3.700000E-3	-3.760809E-2
3.705000E-3	-3.250146E-2
3.710000E-3	-2.096528E-2
3.715000E-3	-5.084693E-3
3.720000E-3	-4.968578E-2
3.725000E-3	-4.194152E-2
3.730000E-3	1.715004E-3
3.735000E-3	-7.230163E-3
3.740000E-3	3.456056E-3
3.745000E-3	-2.740443E-2
3.750000E-3	-8.139622E-2
3.755000E-3	-5.512828E-2
3.760000E-3	-3.330344E-2
3.765000E-3	-6.655753E-2
3.770000E-3	-5.222195E-2
3.775000E-3	-3.696787E-2
3.780000E-3	-8.718830E-2
3.785000E-3	-8.377749E-2
3.790000E-3	-4.059118E-2
3.795000E-3	-5.475128E-2
3.800000E-3	-2.388257E-2
3.805000E-3	-5.772889E-3
3.810000E-3	-5.791533E-2
3.815000E-3	-5.785501E-2
3.820000E-3	-3.605211E-2
3.825000E-3	-5.203277E-2
3.830000E-3	-4.335767E-2
3.835000E-3	-3.922164E-2
3.840000E-3	-4.301631E-2
3.845000E-3	-3.270435E-2
3.850000E-3	-6.034732E-2
3.855000E-3	-3.848273E-2
3.860000E-3	-2.343428E-2
3.865000E-3	-7.352036E-2
3.870000E-3	-5.218220E-2
3.875000E-3	-1.836193E-2
3.880000E-3	-3.177077E-2
3.885000E-3	-1.939970E-2
3.890000E-3	-2.473390E-2
3.895000E-3	-6.357718E-2
3.900000E-3	-6.925684E-2
3.905000E-3	-2.959651E-2
3.910000E-3	-5.134594E-2
3.915000E-3	-7.860094E-2
3.920000E-3	-2.392918E-2
3.925000E-3	-4.911548E-2
3.930000E-3	-9.585792E-2
3.935000E-3	-4.379362E-2
3.940000E-3	-2.234578E-2
3.945000E-3	-3.855675E-2
3.950000E-3	1.668394E-3
3.955000E-3	8.536637E-3
3.960000E-3	-4.501784E-2
3.965000E-3	-5.050421E-2
3.970000E-3	-3.081661E-2
3.975000E-3	-3.905439E-2
3.980000E-3	-4.637229E-2
3.985000E-3	-6.381983E-2
3.990000E-3	-7.786614E-2
3.995000E-3	-5.689812E-2
4.000000E-3	-5.209857E-2
4.005000E-3	-6.229264E-2
4.010000E-3	-3.573817E-2
4.015000E-3	-1.494426E-2
4.020000E-3	-4.255021E-2
4.025000E-3	-5.980992E-2
4.030000E-3	-5.320764E-2
4.035000E-3	-5.239058E-2
4.040000E-3	-5.019438E-2
4.045000E-3	-4.550999E-2
4.050000E-3	-4.275447E-2
4.055000E-3	-1.885957E-2
4.060000E-3	-1.514989E-2
4.065000E-3	-2.400732E-2
4.070000E-3	-2.256238E-2
4.075000E-3	-5.810040E-2
4.080000E-3	-8.675098E-2
4.085000E-3	-4.527968E-2
4.090000E-3	-3.371197E-2
4.095000E-3	-5.683368E-2
4.100000E-3	-4.544967E-2
4.105000E-3	-4.021144E-2
4.110000E-3	-6.517565E-2
4.115000E-3	-6.073391E-2
4.120000E-3	-4.359210E-2
4.125000E-3	-5.587953E-2
4.130000E-3	-4.700154E-2
4.135000E-3	-4.098463E-2
4.140000E-3	-5.530375E-2
4.145000E-3	-3.000367E-2
4.150000E-3	-1.009125E-2
4.155000E-3	-2.557564E-2
4.160000E-3	-1.777381E-2
4.165000E-3	-6.609142E-3
4.170000E-3	-4.146445E-2
4.175000E-3	-5.326247E-2
4.180000E-3	-2.810770E-2
4.185000E-3	-4.078037E-2
4.190000E-3	-4.716331E-2
4.195000E-3	-2.621585E-2
4.200000E-3	-4.675889E-2
4.205000E-3	-6.685638E-2
4.210000E-3	-5.910528E-2
4.215000E-3	-7.545882E-2
4.220000E-3	-8.459729E-2
4.225000E-3	-4.937047E-2
4.230000E-3	-4.843825E-2
4.235000E-3	-6.381845E-2
4.240000E-3	-2.464890E-2
4.245000E-3	-2.380991E-2
4.250000E-3	-6.254351E-2
4.255000E-3	-4.370451E-2
4.260000E-3	-2.858067E-2
4.265000E-3	-5.231518E-2
4.270000E-3	-2.516299E-2
4.275000E-3	-9.035647E-3
4.280000E-3	-6.821907E-2
4.285000E-3	-6.615037E-2
4.290000E-3	-3.596437E-2
4.295000E-3	-8.040643E-2
4.300000E-3	-7.424283E-2
4.305000E-3	-2.435279E-2
4.310000E-3	-4.975295E-2
4.315000E-3	-4.626262E-2
4.320000E-3	-4.423916E-3
4.325000E-3	-3.439468E-2
4.330000E-3	-4.705775E-2
4.335000E-3	-1.855934E-2
4.340000E-3	-5.185729E-2
4.345000E-3	-5.446750E-2
4.350000E-3	-2.525210E-3
4.355000E-3	-5.121297E-2
4.360000E-3	-8.542395E-2
4.365000E-3	-2.674228E-2
4.370000E-3	-4.089826E-2
4.375000E-3	-6.690711E-2
4.380000E-3	-1.845652E-2
4.385000E-3	-2.067602E-2
4.390000E-3	-4.881525E-2
4.395000E-3	-2.262133E-2
4.400000E-3	-3.756011E-2
4.405000E-3	-7.710391E-2
4.410000E-3	-4.008394E-2
4.415000E-3	-2.627206E-2
4.420000E-3	-7.219607E-2
4.425000E-3	-6.313711E-2
4.430000E-3	-4.662180E-2
4.435000E-3	-7.155037E-2
4.440000E-3	-4.960763E-2
4.445000E-3	-2.521783E-2
4.450000E-3	-4.648060E-2
4.455000E-3	-3.312111E-2
4.460000E-3	-1.765865E-2
4.465000E-3	-4.245561E-2
4.470000E-3	-3.369963E-2
4.475000E-3	-3.187907E-2
4.480000E-3	-6.973392E-2
4.485000E-3	-6.460261E-2
4.490000E-3	-4.198128E-2
4.495000E-3	-5.346948E-2
4.500000E-3	-4.714411E-2
4.505000E-3	-3.250283E-2
4.510000E-3	-4.223764E-2
4.515000E-3	-4.223490E-2
4.520000E-3	-3.343230E-2
4.525000E-3	-3.551471E-2
4.530000E-3	-3.391349E-2
4.535000E-3	-3.945333E-2
4.540000E-3	-5.673498E-2
4.545000E-3	-5.931365E-2
4.550000E-3	-3.234380E-2
4.555000E-3	-1.213253E-2
4.560000E-3	-1.817137E-2
4.565000E-3	-1.324707E-2
4.570000E-3	-1.318127E-2
4.575000E-3	-3.770405E-2
4.580000E-3	-4.534274E-2
4.585000E-3	-4.565805E-2
4.590000E-3	-6.551838E-2
4.595000E-3	-5.462515E-2
4.600000E-3	-3.586978E-2
4.605000E-3	-6.214321E-2
4.610000E-3	-7.194930E-2
4.615000E-3	-4.656971E-2
4.620000E-3	-4.906201E-2
4.625000E-3	-5.709827E-2
4.630000E-3	-4.553741E-2
4.635000E-3	-5.668837E-2
4.640000E-3	-6.307817E-2
4.645000E-3	-4.173177E-2
4.650000E-3	-4.158783E-2
4.655000E-3	-6.167573E-2
4.660000E-3	-6.091624E-2
4.665000E-3	-5.014777E-2
4.670000E-3	-4.469979E-2
4.675000E-3	-3.210527E-2
4.680000E-3	-3.173375E-2
4.685000E-3	-4.184967E-2
4.690000E-3	-3.448790E-2
4.695000E-3	-3.941220E-2
4.700000E-3	-5.628258E-2
4.705000E-3	-4.229385E-2
4.710000E-3	-2.581555E-2
4.715000E-3	-3.463870E-2
4.720000E-3	-3.793985E-2
4.725000E-3	-3.109902E-2
4.730000E-3	-3.923810E-2
4.735000E-3	-4.024023E-2
4.740000E-3	-2.411425E-2
4.745000E-3	-2.464753E-2
4.750000E-3	-2.926475E-2
4.755000E-3	-2.575660E-2
4.760000E-3	-3.757519E-2
4.765000E-3	-5.580962E-2
4.770000E-3	-6.638205E-2
4.775000E-3	-7.052219E-2
4.780000E-3	-6.148243E-2
4.785000E-3	-4.541266E-2
4.790000E-3	-4.717290E-2
4.795000E-3	-8.700460E-2
4.800000E-3	-9.070057E-2
4.805000E-3	-6.301099E-2
4.810000E-3	-6.726080E-2
4.815000E-3	-9.146005E-2
4.820000E-3	-3.899544E-2
4.825000E-3	-2.700961E-2
4.830000E-3	-7.746857E-2
4.835000E-3	-1.764494E-2
4.840000E-3	1.800823E-2
4.845000E-3	-4.155630E-2
4.850000E-3	3.543794E-3
4.855000E-3	2.864784E-2
4.860000E-3	-2.510679E-2
4.865000E-3	-2.259392E-2
4.870000E-3	-1.944494E-2
4.875000E-3	-7.385898E-2
4.880000E-3	-5.568349E-2
4.885000E-3	-3.470176E-2
4.890000E-3	-7.242090E-2
4.895000E-3	-7.111853E-2
4.900000E-3	-2.660519E-2
4.905000E-3	-6.356072E-2
4.910000E-3	-7.379180E-2
4.915000E-3	-2.245957E-2
4.920000E-3	-5.456620E-2
4.925000E-3	-7.128167E-2
4.930000E-3	-2.573329E-2
4.935000E-3	-3.878158E-2
4.940000E-3	-6.572539E-2
4.945000E-3	-3.919697E-2
4.950000E-3	-3.800017E-2
4.955000E-3	-4.836971E-2
4.960000E-3	-2.493954E-2
4.965000E-3	-3.535843E-2
4.970000E-3	-6.410497E-2
4.975000E-3	-4.517823E-2
4.980000E-3	-4.734975E-2
4.985000E-3	-7.177794E-2
4.990000E-3	-4.248440E-2
4.995000E-3	-3.206825E-2
5.000000E-3	-6.106567E-2
5.005000E-3	-5.094701E-2
5.010000E-3	-3.686506E-2
5.015000E-3	-4.884404E-2
5.020000E-3	-3.692812E-2
5.025000E-3	-2.067876E-2
5.030000E-3	-4.108608E-2
5.035000E-3	-4.344541E-2
5.040000E-3	-2.718371E-2
5.045000E-3	-3.148562E-2
5.050000E-3	-3.683215E-2
5.055000E-3	-3.103322E-2
5.060000E-3	-4.018539E-2
5.065000E-3	-4.537839E-2
5.070000E-3	-3.916955E-2
5.075000E-3	-4.504251E-2
5.080000E-3	-5.313224E-2
5.085000E-3	-5.064541E-2
5.090000E-3	-5.382591E-2
5.095000E-3	-5.765897E-2
5.100000E-3	-5.182576E-2
5.105000E-3	-4.638052E-2
5.110000E-3	-4.009628E-2
5.115000E-3	-3.133070E-2
5.120000E-3	-2.822971E-2
5.125000E-3	-2.485317E-2
5.130000E-3	-2.316010E-2
5.135000E-3	-3.205043E-2
5.140000E-3	-3.529125E-2
5.145000E-3	-3.486079E-2
5.150000E-3	-4.481220E-2
5.155000E-3	-5.669934E-2
5.160000E-3	-5.913407E-2
5.165000E-3	-5.733407E-2
5.170000E-3	-5.260855E-2
5.175000E-3	-4.755813E-2
5.180000E-3	-4.735112E-2
5.185000E-3	-5.248243E-2
5.190000E-3	-5.155843E-2
5.195000E-3	-5.343109E-2
5.200000E-3	-5.853909E-2
5.205000E-3	-5.028212E-2
5.210000E-3	-4.464906E-2
5.215000E-3	-4.898113E-2
5.220000E-3	-4.176742E-2
5.225000E-3	-3.236574E-2
5.230000E-3	-3.136772E-2
5.235000E-3	-2.412659E-2
5.240000E-3	-2.371943E-2
5.245000E-3	-3.537625E-2
5.250000E-3	-4.312736E-2
5.255000E-3	-4.690284E-2
5.260000E-3	-5.425227E-2
5.265000E-3	-5.374503E-2
5.270000E-3	-5.117047E-2
5.275000E-3	-5.602074E-2
5.280000E-3	-4.903460E-2
5.285000E-3	-3.701448E-2
5.290000E-3	-3.850466E-2
5.295000E-3	-3.489643E-2
5.300000E-3	-2.521235E-2
5.305000E-3	-3.246307E-2
5.310000E-3	-3.876925E-2
5.315000E-3	-3.724480E-2
5.320000E-3	-4.504114E-2
5.325000E-3	-5.120611E-2
5.330000E-3	-4.625303E-2
5.335000E-3	-4.728669E-2
5.340000E-3	-5.184633E-2
5.345000E-3	-4.618174E-2
5.350000E-3	-3.810573E-2
5.355000E-3	-3.391212E-2
5.360000E-3	-3.125393E-2
5.365000E-3	-3.866917E-2
5.370000E-3	-5.490756E-2
5.375000E-3	-5.578905E-2
5.380000E-3	-5.542850E-2
5.385000E-3	-6.486446E-2
5.390000E-3	-6.304252E-2
5.395000E-3	-6.160855E-2
5.400000E-3	-6.656301E-2
5.405000E-3	-5.630040E-2
5.410000E-3	-4.211837E-2
5.415000E-3	-3.625637E-2
5.420000E-3	-3.286338E-2
5.425000E-3	-3.021753E-2
5.430000E-3	-3.407663E-2
5.435000E-3	-4.185241E-2
5.440000E-3	-4.416102E-2
5.445000E-3	-4.613924E-2
5.450000E-3	-4.489034E-2
5.455000E-3	-3.680336E-2
5.460000E-3	-4.017854E-2
5.465000E-3	-4.251456E-2
5.470000E-3	-3.945744E-2
5.475000E-3	-4.815310E-2
5.480000E-3	-5.555189E-2
5.485000E-3	-5.319118E-2
5.490000E-3	-5.468273E-2
5.495000E-3	-5.484861E-2
5.500000E-3	-4.835600E-2
5.505000E-3	-4.151380E-2
5.510000E-3	-3.688562E-2
5.515000E-3	-3.397107E-2
5.520000E-3	-3.510481E-2
5.525000E-3	-3.290862E-2
5.530000E-3	-2.650648E-2
5.535000E-3	-2.711654E-2
5.540000E-3	-3.285378E-2
5.545000E-3	-3.795904E-2
5.550000E-3	-4.259956E-2
5.555000E-3	-4.320002E-2
5.560000E-3	-4.303414E-2
5.565000E-3	-4.778707E-2
5.570000E-3	-5.037397E-2
5.575000E-3	-5.093467E-2
5.580000E-3	-5.626613E-2
5.585000E-3	-5.946720E-2
5.590000E-3	-5.756164E-2
5.595000E-3	-5.555326E-2
5.600000E-3	-5.421799E-2
5.605000E-3	-4.781312E-2
5.610000E-3	-4.107648E-2
5.615000E-3	-3.983581E-2
5.620000E-3	-3.725165E-2
5.625000E-3	-3.497869E-2
5.630000E-3	-3.895432E-2
5.635000E-3	-3.924769E-2
5.640000E-3	-3.339940E-2
5.645000E-3	-3.471684E-2
5.650000E-3	-4.119849E-2
5.655000E-3	-4.597199E-2
5.660000E-3	-5.037946E-2
5.665000E-3	-5.068654E-2
5.670000E-3	-4.672462E-2
5.675000E-3	-4.282987E-2
5.680000E-3	-3.725028E-2
5.685000E-3	-3.207648E-2
5.690000E-3	-2.996391E-2
5.695000E-3	-2.814609E-2
5.700000E-3	-2.763748E-2
5.705000E-3	-3.004891E-2
5.710000E-3	-3.304023E-2
5.715000E-3	-3.509384E-2
5.720000E-3	-3.820580E-2
5.725000E-3	-3.893512E-2
5.730000E-3	-3.731471E-2
5.735000E-3	-4.172903E-2
5.740000E-3	-4.822576E-2
5.745000E-3	-5.216300E-2
5.750000E-3	-5.893940E-2
5.755000E-3	-6.304938E-2
5.760000E-3	-5.761099E-2
5.765000E-3	-5.287313E-2
5.770000E-3	-5.103201E-2
5.775000E-3	-4.764313E-2
5.780000E-3	-4.706186E-2
5.785000E-3	-4.927588E-2
5.790000E-3	-4.901952E-2
5.795000E-3	-4.581982E-2
5.800000E-3	-4.397184E-2
5.805000E-3	-4.376620E-2
5.810000E-3	-4.171669E-2
5.815000E-3	-4.122317E-2
5.820000E-3	-4.458189E-2
5.825000E-3	-4.840809E-2
5.830000E-3	-5.224526E-2
5.835000E-3	-5.535722E-2
5.840000E-3	-5.458540E-2
5.845000E-3	-5.150086E-2
5.850000E-3	-4.838341E-2
5.855000E-3	-4.051578E-2
5.860000E-3	-3.144038E-2
5.865000E-3	-2.750725E-2
5.870000E-3	-2.655309E-2
5.875000E-3	-2.788699E-2
5.880000E-3	-3.150618E-2
5.885000E-3	-3.436041E-2
5.890000E-3	-3.854716E-2
5.895000E-3	-4.236102E-2
5.900000E-3	-4.277915E-2
5.905000E-3	-4.212111E-2
5.910000E-3	-4.298067E-2
5.915000E-3	-4.414046E-2
5.920000E-3	-4.627633E-2
5.925000E-3	-4.968989E-2
5.930000E-3	-4.858905E-2
5.935000E-3	-4.697412E-2
5.940000E-3	-5.192584E-2
5.945000E-3	-5.631274E-2
5.950000E-3	-5.620170E-2
5.955000E-3	-5.409735E-2
5.960000E-3	-5.077428E-2
5.965000E-3	-4.774320E-2
5.970000E-3	-4.665607E-2
5.975000E-3	-4.768014E-2
5.980000E-3	-4.874533E-2
5.985000E-3	-4.906338E-2
5.990000E-3	-4.676574E-2
5.995000E-3	-4.424465E-2
6.000000E-3	-4.500276E-2
6.005000E-3	-4.655188E-2
6.010000E-3	-4.595691E-2
6.015000E-3	-4.587603E-2
6.020000E-3	-4.821205E-2
6.025000E-3	-5.128151E-2
6.030000E-3	-5.104023E-2
6.035000E-3	-4.651487E-2
6.040000E-3	-3.793985E-2
6.045000E-3	-2.946216E-2
6.050000E-3	-2.782667E-2
6.055000E-3	-3.101540E-2
6.060000E-3	-3.660184E-2
6.065000E-3	-4.222804E-2
6.070000E-3	-4.455173E-2
6.075000E-3	-4.395264E-2
6.080000E-3	-4.079545E-2
6.085000E-3	-3.748882E-2
6.090000E-3	-3.693086E-2
6.095000E-3	-3.752995E-2
6.100000E-3	-3.890908E-2
6.105000E-3	-4.062819E-2
6.110000E-3	-4.227054E-2
6.115000E-3	-4.178113E-2
6.120000E-3	-3.968501E-2
6.125000E-3	-3.763688E-2
6.130000E-3	-3.739560E-2
6.135000E-3	-4.071182E-2
6.140000E-3	-4.639697E-2
6.145000E-3	-5.085105E-2
6.150000E-3	-5.201083E-2
6.155000E-3	-5.160093E-2
6.160000E-3	-5.175036E-2
6.165000E-3	-5.162835E-2
6.170000E-3	-5.227268E-2
6.175000E-3	-5.207253E-2
6.180000E-3	-4.898250E-2
6.185000E-3	-4.437214E-2
6.190000E-3	-4.027861E-2
6.195000E-3	-3.767252E-2
6.200000E-3	-3.554076E-2
6.205000E-3	-3.554487E-2
6.210000E-3	-3.841555E-2
6.215000E-3	-4.208136E-2
6.220000E-3	-4.721129E-2
6.225000E-3	-5.313498E-2
6.230000E-3	-5.658007E-2
6.235000E-3	-5.646354E-2
6.240000E-3	-5.417001E-2
6.245000E-3	-5.147618E-2
6.250000E-3	-4.708654E-2
6.255000E-3	-4.062819E-2
6.260000E-3	-3.407663E-2
6.265000E-3	-2.980077E-2
6.270000E-3	-3.007770E-2
6.275000E-3	-3.403550E-2
6.280000E-3	-3.769857E-2
6.285000E-3	-3.927922E-2
6.290000E-3	-3.917640E-2
6.295000E-3	-3.660458E-2
6.300000E-3	-3.379834E-2
6.305000E-3	-3.541875E-2
6.310000E-3	-3.859377E-2
6.315000E-3	-3.939438E-2
6.320000E-3	-4.021418E-2
6.325000E-3	-4.151517E-2
6.330000E-3	-4.222530E-2
6.335000E-3	-4.357427E-2
6.340000E-3	-4.615980E-2
6.345000E-3	-4.854518E-2
6.350000E-3	-5.015463E-2
6.355000E-3	-5.234808E-2
6.360000E-3	-5.494595E-2
6.365000E-3	-5.795646E-2
6.370000E-3	-6.047207E-2
6.375000E-3	-5.951929E-2
6.380000E-3	-5.505151E-2
6.385000E-3	-4.870695E-2
6.390000E-3	-4.195935E-2
6.395000E-3	-3.725988E-2
6.400000E-3	-3.335965E-2
6.405000E-3	-3.162408E-2
6.410000E-3	-3.379422E-2
6.415000E-3	-3.722012E-2
6.420000E-3	-4.212248E-2
6.425000E-3	-4.769522E-2
6.430000E-3	-5.034244E-2
6.435000E-3	-5.080444E-2
6.440000E-3	-5.087984E-2
6.445000E-3	-4.746491E-2
6.450000E-3	-4.097641E-2
6.455000E-3	-3.599727E-2
6.460000E-3	-3.354609E-2
6.465000E-3	-3.146094E-2
6.470000E-3	-3.090984E-2
6.475000E-3	-3.204221E-2
6.480000E-3	-3.302652E-2
6.485000E-3	-3.439879E-2
6.490000E-3	-3.676087E-2
6.495000E-3	-3.804815E-2
6.500000E-3	-3.895843E-2
6.505000E-3	-4.098052E-2
6.510000E-3	-4.212385E-2
6.515000E-3	-4.351944E-2
6.520000E-3	-4.650801E-2
6.525000E-3	-5.021358E-2
6.530000E-3	-5.431670E-2
6.535000E-3	-5.833894E-2
6.540000E-3	-5.874747E-2
6.545000E-3	-5.661571E-2
6.550000E-3	-5.562866E-2
6.555000E-3	-5.422485E-2
6.560000E-3	-5.074549E-2
6.565000E-3	-4.774594E-2
6.570000E-3	-4.664373E-2
6.575000E-3	-4.679590E-2
6.580000E-3	-4.683155E-2
6.585000E-3	-4.634488E-2
6.590000E-3	-4.420489E-2
6.595000E-3	-4.183459E-2
6.600000E-3	-4.075569E-2
6.605000E-3	-4.046369E-2
6.610000E-3	-4.110390E-2
6.615000E-3	-4.287374E-2
6.620000E-3	-4.422545E-2
6.625000E-3	-4.447496E-2
6.630000E-3	-4.483825E-2
6.635000E-3	-4.490405E-2
6.640000E-3	-4.446948E-2
6.645000E-3	-4.446399E-2
6.650000E-3	-4.295325E-2
6.655000E-3	-3.916681E-2
6.660000E-3	-3.611106E-2
6.665000E-3	-3.504586E-2
6.670000E-3	-3.509384E-2
6.675000E-3	-3.677595E-2
6.680000E-3	-3.970420E-2
6.685000E-3	-4.198813E-2
6.690000E-3	-4.337549E-2
6.695000E-3	-4.333299E-2
6.700000E-3	-4.194564E-2
6.705000E-3	-4.081875E-2
6.710000E-3	-4.034030E-2
6.715000E-3	-3.939575E-2
6.720000E-3	-3.910923E-2
6.725000E-3	-4.177701E-2
6.730000E-3	-4.580748E-2
6.735000E-3	-4.837382E-2
6.740000E-3	-5.006552E-2
6.745000E-3	-5.081129E-2
6.750000E-3	-4.935676E-2
6.755000E-3	-4.808730E-2
6.760000E-3	-4.744571E-2
6.765000E-3	-4.623109E-2
6.770000E-3	-4.427618E-2
6.775000E-3	-4.245836E-2
6.780000E-3	-4.073238E-2
6.785000E-3	-4.052263E-2
6.790000E-3	-4.147130E-2
6.795000E-3	-4.332066E-2
6.800000E-3	-4.525775E-2
6.805000E-3	-4.639834E-2
6.810000E-3	-4.594731E-2
6.815000E-3	-4.486567E-2
6.820000E-3	-4.486841E-2
6.825000E-3	-4.554290E-2
6.830000E-3	-4.594183E-2
6.835000E-3	-4.548120E-2
6.840000E-3	-4.393893E-2
6.845000E-3	-4.185516E-2
6.850000E-3	-3.933680E-2
6.855000E-3	-3.631121E-2
6.860000E-3	-3.441799E-2
6.865000E-3	-3.515691E-2
6.870000E-3	-3.709263E-2
6.875000E-3	-3.973025E-2
6.880000E-3	-4.267633E-2
6.885000E-3	-4.373193E-2
6.890000E-3	-4.324114E-2
6.895000E-3	-4.243094E-2
6.900000E-3	-4.126567E-2
6.905000E-3	-4.066932E-2
6.910000E-3	-4.289430E-2
6.915000E-3	-4.602545E-2
6.920000E-3	-4.855615E-2
6.925000E-3	-4.973924E-2
6.930000E-3	-4.905242E-2
6.935000E-3	-4.804617E-2
6.940000E-3	-4.850268E-2
6.945000E-3	-4.929644E-2
6.950000E-3	-4.913467E-2
6.955000E-3	-4.752797E-2
6.960000E-3	-4.492736E-2
6.965000E-3	-4.219925E-2
6.970000E-3	-4.084891E-2
6.975000E-3	-4.108196E-2
6.980000E-3	-4.249126E-2
6.985000E-3	-4.504389E-2
6.990000E-3	-4.761982E-2
6.995000E-3	-4.925942E-2
7.000000E-3	-5.116224E-2
7.005000E-3	-5.272371E-2
7.010000E-3	-5.165440E-2
7.015000E-3	-4.951715E-2
7.020000E-3	-4.743338E-2
7.025000E-3	-4.420215E-2
7.030000E-3	-4.055554E-2
7.035000E-3	-3.805226E-2
7.040000E-3	-3.561342E-2
7.045000E-3	-3.372568E-2
7.050000E-3	-3.297442E-2
7.055000E-3	-3.325683E-2
7.060000E-3	-3.414106E-2
7.065000E-3	-3.592187E-2
7.070000E-3	-3.752446E-2
7.075000E-3	-3.827024E-2
7.080000E-3	-4.019773E-2
7.085000E-3	-4.279011E-2
7.090000E-3	-4.436117E-2
7.095000E-3	-4.519057E-2
7.100000E-3	-4.597062E-2
7.105000E-3	-4.610085E-2
7.110000E-3	-4.619133E-2
7.115000E-3	-4.712492E-2
7.120000E-3	-4.827511E-2
7.125000E-3	-5.010116E-2
7.130000E-3	-5.204237E-2
7.135000E-3	-5.188608E-2
7.140000E-3	-5.011213E-2
7.145000E-3	-4.825592E-2
7.150000E-3	-4.640794E-2
7.155000E-3	-4.482865E-2
7.160000E-3	-4.464495E-2
7.165000E-3	-4.558539E-2
7.170000E-3	-4.699057E-2
7.175000E-3	-4.809690E-2
7.180000E-3	-4.811472E-2
7.185000E-3	-4.719621E-2
7.190000E-3	-4.649842E-2
7.195000E-3	-4.583901E-2
7.200000E-3	-4.560459E-2
7.205000E-3	-4.598570E-2
7.210000E-3	-4.608577E-2
7.215000E-3	-4.651350E-2
7.220000E-3	-4.684937E-2
7.225000E-3	-4.637915E-2
7.230000E-3	-4.454076E-2
7.235000E-3	-4.229796E-2
7.240000E-3	-4.016346E-2
7.245000E-3	-3.794259E-2
7.250000E-3	-3.676361E-2
7.255000E-3	-3.637975E-2
7.260000E-3	-3.666902E-2
7.265000E-3	-3.659910E-2
7.270000E-3	-3.599042E-2
7.275000E-3	-3.586841E-2
7.280000E-3	-3.726536E-2
7.285000E-3	-3.982759E-2
7.290000E-3	-4.249811E-2
7.295000E-3	-4.548669E-2
7.300000E-3	-4.802835E-2
7.305000E-3	-4.978722E-2
7.310000E-3	-5.082637E-2
7.315000E-3	-5.190390E-2
7.320000E-3	-5.162287E-2
7.325000E-3	-4.954594E-2
7.330000E-3	-4.611593E-2
7.335000E-3	-4.228425E-2
7.340000E-3	-3.993040E-2
7.345000E-3	-3.921616E-2
7.350000E-3	-3.989065E-2
7.355000E-3	-4.212248E-2
7.360000E-3	-4.597062E-2
7.365000E-3	-4.969674E-2
7.370000E-3	-5.169827E-2
7.375000E-3	-5.166537E-2
7.380000E-3	-4.960763E-2
7.385000E-3	-4.621464E-2
7.390000E-3	-4.358524E-2
7.395000E-3	-4.172903E-2
7.400000E-3	-4.045546E-2
7.405000E-3	-3.934914E-2
7.410000E-3	-3.883779E-2
7.415000E-3	-3.862119E-2
7.420000E-3	-3.937793E-2
7.425000E-3	-4.088455E-2
7.430000E-3	-4.243642E-2
7.435000E-3	-4.371959E-2
7.440000E-3	-4.427755E-2
7.445000E-3	-4.279423E-2
7.450000E-3	-4.014152E-2
7.455000E-3	-3.805912E-2
7.460000E-3	-3.622347E-2
7.465000E-3	-3.508836E-2
7.470000E-3	-3.414106E-2
7.475000E-3	-3.374076E-2
7.480000E-3	-3.465241E-2
7.485000E-3	-3.660184E-2
7.490000E-3	-3.912705E-2
7.495000E-3	-4.244739E-2
7.500000E-3	-4.566354E-2
7.505000E-3	-4.845333E-2
7.510000E-3	-5.036026E-2
7.515000E-3	-5.149537E-2
7.520000E-3	-5.091959E-2
7.525000E-3	-5.003124E-2
7.530000E-3	-5.000931E-2
7.535000E-3	-5.099499E-2
7.540000E-3	-5.237550E-2
7.545000E-3	-5.363947E-2
7.550000E-3	-5.393559E-2
7.555000E-3	-5.238098E-2
7.560000E-3	-4.898661E-2
7.565000E-3	-4.494518E-2
7.570000E-3	-4.165089E-2
7.575000E-3	-3.987283E-2
7.580000E-3	-3.960961E-2
7.585000E-3	-3.995782E-2
7.590000E-3	-4.044998E-2
7.595000E-3	-4.066932E-2
7.600000E-3	-4.075158E-2
7.605000E-3	-4.088867E-2
7.610000E-3	-4.112858E-2
7.615000E-3	-4.092842E-2
7.620000E-3	-4.051167E-2
7.625000E-3	-4.042667E-2
7.630000E-3	-4.142195E-2
7.635000E-3	-4.212248E-2
7.640000E-3	-4.221296E-2
7.645000E-3	-4.195523E-2
7.650000E-3	-4.152340E-2
7.655000E-3	-4.072827E-2
7.660000E-3	-3.987283E-2
7.665000E-3	-3.915721E-2
7.670000E-3	-3.879941E-2
7.675000E-3	-3.920931E-2
7.680000E-3	-4.061860E-2
7.685000E-3	-4.323292E-2
7.690000E-3	-4.620916E-2
7.695000E-3	-4.900444E-2
7.700000E-3	-5.103886E-2
7.705000E-3	-5.210131E-2
7.710000E-3	-5.254412E-2
7.715000E-3	-5.155569E-2
7.720000E-3	-4.957747E-2
7.725000E-3	-4.721540E-2
7.730000E-3	-4.508775E-2
7.735000E-3	-4.348379E-2
7.740000E-3	-4.199088E-2
7.745000E-3	-4.094899E-2
7.750000E-3	-4.049248E-2
7.755000E-3	-4.071456E-2
7.760000E-3	-4.181129E-2
7.765000E-3	-4.357702E-2
7.770000E-3	-4.550862E-2
7.775000E-3	-4.728532E-2
7.780000E-3	-4.828471E-2
7.785000E-3	-4.850680E-2
7.790000E-3	-4.783368E-2
7.795000E-3	-4.716742E-2
7.800000E-3	-4.609400E-2
7.805000E-3	-4.479027E-2
7.810000E-3	-4.326856E-2
7.815000E-3	-4.100519E-2
7.820000E-3	-3.897899E-2
7.825000E-3	-3.706932E-2
7.830000E-3	-3.548455E-2
7.835000E-3	-3.532553E-2
7.840000E-3	-3.648943E-2
7.845000E-3	-3.859925E-2
7.850000E-3	-4.102713E-2
7.855000E-3	-4.355234E-2
7.860000E-3	-4.612827E-2
7.865000E-3	-4.847801E-2
7.870000E-3	-5.066323E-2
7.875000E-3	-5.167633E-2
7.880000E-3	-5.190665E-2
7.885000E-3	-5.107450E-2
7.890000E-3	-4.902226E-2
7.895000E-3	-4.558951E-2
7.900000E-3	-4.221159E-2
7.905000E-3	-3.956437E-2
7.910000E-3	-3.821129E-2
7.915000E-3	-3.812492E-2
7.920000E-3	-3.979331E-2
7.925000E-3	-4.241723E-2
7.930000E-3	-4.523444E-2
7.935000E-3	-4.763627E-2
7.940000E-3	-4.819286E-2
7.945000E-3	-4.703307E-2
7.950000E-3	-4.507542E-2
7.955000E-3	-4.283673E-2
7.960000E-3	-4.076529E-2
7.965000E-3	-4.002500E-2
7.970000E-3	-4.053360E-2
7.975000E-3	-4.173040E-2
7.980000E-3	-4.358798E-2
7.985000E-3	-4.583901E-2
7.990000E-3	-4.692477E-2
7.995000E-3	-4.701799E-2
8.000000E-3	-4.604602E-2
8.005000E-3	-4.451334E-2
8.010000E-3	-4.224449E-2
8.015000E-3	-3.996468E-2
8.020000E-3	-3.839362E-2
8.025000E-3	-3.789186E-2
8.030000E-3	-3.829765E-2
8.035000E-3	-3.905851E-2
8.040000E-3	-3.917503E-2
8.045000E-3	-3.953010E-2
8.050000E-3	-3.993040E-2
8.055000E-3	-3.988379E-2
8.060000E-3	-3.985500E-2
8.065000E-3	-3.962469E-2
8.070000E-3	-3.944099E-2
8.075000E-3	-3.942317E-2
8.080000E-3	-3.977412E-2
8.085000E-3	-4.105729E-2
8.090000E-3	-4.337001E-2
8.095000E-3	-4.592949E-2
8.100000E-3	-4.774457E-2
8.105000E-3	-4.828197E-2
8.110000E-3	-4.769933E-2
8.115000E-3	-4.602545E-2
8.120000E-3	-4.401022E-2
8.125000E-3	-4.210055E-2
8.130000E-3	-4.098189E-2
8.135000E-3	-4.060352E-2
8.140000E-3	-4.058021E-2
8.145000E-3	-4.103947E-2
8.150000E-3	-4.215813E-2
8.155000E-3	-4.430085E-2
8.160000E-3	-4.686993E-2
8.165000E-3	-4.903734E-2
8.170000E-3	-5.080032E-2
8.175000E-3	-5.119103E-2
8.180000E-3	-5.064267E-2
8.185000E-3	-4.983795E-2
8.190000E-3	-4.849172E-2
8.195000E-3	-4.703033E-2
8.200000E-3	-4.502332E-2
8.205000E-3	-4.250908E-2
8.210000E-3	-3.974944E-2
8.215000E-3	-3.726947E-2
8.220000E-3	-3.597808E-2
8.225000E-3	-3.612477E-2
8.230000E-3	-3.760123E-2
8.235000E-3	-4.023337E-2
8.240000E-3	-4.278600E-2
8.245000E-3	-4.470253E-2
8.250000E-3	-4.567862E-2
8.255000E-3	-4.539073E-2
8.260000E-3	-4.406232E-2
8.265000E-3	-4.252690E-2
8.270000E-3	-4.121494E-2
8.275000E-3	-4.034030E-2
8.280000E-3	-3.998935E-2
8.285000E-3	-4.081601E-2
8.290000E-3	-4.270649E-2
8.295000E-3	-4.470938E-2
8.300000E-3	-4.665881E-2
8.305000E-3	-4.840261E-2
8.310000E-3	-4.976803E-2
8.315000E-3	-5.075097E-2
8.320000E-3	-5.082226E-2
8.325000E-3	-5.004358E-2
8.330000E-3	-4.880840E-2
8.335000E-3	-4.732096E-2
8.340000E-3	-4.596102E-2
8.345000E-3	-4.510695E-2
8.350000E-3	-4.485470E-2
8.355000E-3	-4.474777E-2
8.360000E-3	-4.443657E-2
8.365000E-3	-4.341799E-2
8.370000E-3	-4.233497E-2
8.375000E-3	-4.170436E-2
8.380000E-3	-4.183871E-2
8.385000E-3	-4.234457E-2
8.390000E-3	-4.284906E-2
8.395000E-3	-4.339194E-2
8.400000E-3	-4.357016E-2
8.405000E-3	-4.339606E-2
8.410000E-3	-4.337275E-2
8.415000E-3	-4.352903E-2
8.420000E-3	-4.372096E-2
8.425000E-3	-4.375523E-2
8.430000E-3	-4.318905E-2
8.435000E-3	-4.199088E-2
8.440000E-3	-4.081190E-2
8.445000E-3	-4.007298E-2
8.450000E-3	-3.989202E-2
8.455000E-3	-4.027998E-2
8.460000E-3	-4.089552E-2
8.465000E-3	-4.196483E-2
8.470000E-3	-4.313695E-2
8.475000E-3	-4.435706E-2
8.480000E-3	-4.593498E-2
8.485000E-3	-4.726338E-2
8.490000E-3	-4.858220E-2
8.495000E-3	-4.965699E-2
8.500000E-3	-4.985577E-2
8.505000E-3	-4.977214E-2
8.510000E-3	-4.919773E-2
8.515000E-3	-4.822439E-2
8.520000E-3	-4.714000E-2
8.525000E-3	-4.597199E-2
8.530000E-3	-4.484785E-2
8.535000E-3	-4.407328E-2
8.540000E-3	-4.389095E-2
8.545000E-3	-4.405820E-2
8.550000E-3	-4.452980E-2
8.555000E-3	-4.513162E-2
8.560000E-3	-4.577047E-2
8.565000E-3	-4.586369E-2
8.570000E-3	-4.567862E-2
8.575000E-3	-4.504800E-2
8.580000E-3	-4.381144E-2
8.585000E-3	-4.217458E-2
8.590000E-3	-4.061723E-2
8.595000E-3	-3.899682E-2
8.600000E-3	-3.753680E-2
8.605000E-3	-3.624541E-2
8.610000E-3	-3.538311E-2
8.615000E-3	-3.500885E-2
8.620000E-3	-3.553665E-2
8.625000E-3	-3.668547E-2
8.630000E-3	-3.818250E-2
8.635000E-3	-3.985912E-2
8.640000E-3	-4.164404E-2
8.645000E-3	-4.342073E-2
8.650000E-3	-4.541540E-2
8.655000E-3	-4.666430E-2
8.660000E-3	-4.751015E-2
8.665000E-3	-4.826415E-2
8.670000E-3	-4.876727E-2
8.675000E-3	-4.894549E-2
8.680000E-3	-4.888791E-2
8.685000E-3	-4.823947E-2
8.690000E-3	-4.646140E-2
8.695000E-3	-4.423505E-2
8.700000E-3	-4.154670E-2
8.705000E-3	-3.944099E-2
8.710000E-3	-3.819621E-2
8.715000E-3	-3.770679E-2
8.720000E-3	-3.781921E-2
8.725000E-3	-3.835112E-2
8.730000E-3	-3.935188E-2
8.735000E-3	-4.076529E-2
8.740000E-3	-4.211152E-2
8.745000E-3	-4.385394E-2
8.750000E-3	-4.528654E-2
8.755000E-3	-4.595828E-2
8.760000E-3	-4.611319E-2
8.765000E-3	-4.567450E-2
8.770000E-3	-4.489994E-2
8.775000E-3	-4.413497E-2
8.780000E-3	-4.347146E-2
8.785000E-3	-4.313970E-2
8.790000E-3	-4.346871E-2
8.795000E-3	-4.397321E-2
8.800000E-3	-4.428852E-2
8.805000E-3	-4.438037E-2
8.810000E-3	-4.440367E-2
8.815000E-3	-4.439270E-2
8.820000E-3	-4.410893E-2
8.825000E-3	-4.381418E-2
8.830000E-3	-4.370451E-2
8.835000E-3	-4.344815E-2
8.840000E-3	-4.343992E-2
8.845000E-3	-4.388273E-2
8.850000E-3	-4.441190E-2
8.855000E-3	-4.478616E-2
8.860000E-3	-4.501647E-2
8.865000E-3	-4.521114E-2
8.870000E-3	-4.510558E-2
8.875000E-3	-4.488075E-2
8.880000E-3	-4.493147E-2
8.885000E-3	-4.515082E-2
8.890000E-3	-4.510969E-2
8.895000E-3	-4.486018E-2
8.900000E-3	-4.394853E-2
8.905000E-3	-4.288059E-2
8.910000E-3	-4.190451E-2
8.915000E-3	-4.102987E-2
8.920000E-3	-4.045272E-2
8.925000E-3	-4.041845E-2
8.930000E-3	-4.122591E-2
8.935000E-3	-4.280931E-2
8.940000E-3	-4.483962E-2
8.945000E-3	-4.687542E-2
8.950000E-3	-4.844785E-2
8.955000E-3	-4.940337E-2
8.960000E-3	-4.978174E-2
8.965000E-3	-4.973239E-2
8.970000E-3	-4.911274E-2
8.975000E-3	-4.816407E-2
8.980000E-3	-4.700840E-2
8.985000E-3	-4.558128E-2
8.990000E-3	-4.393071E-2
8.995000E-3	-4.246247E-2
9.000000E-3	-4.078448E-2
9.005000E-3	-3.942728E-2
9.010000E-3	-3.875554E-2
9.015000E-3	-3.943413E-2
9.020000E-3	-4.081875E-2
9.025000E-3	-4.237062E-2
9.030000E-3	-4.405135E-2
9.035000E-3	-4.531395E-2
9.040000E-3	-4.592127E-2
9.045000E-3	-4.602545E-2
9.050000E-3	-4.588836E-2
9.055000E-3	-4.544556E-2
9.060000E-3	-4.482454E-2
9.065000E-3	-4.430497E-2
9.070000E-3	-4.398143E-2
9.075000E-3	-4.361951E-2
9.080000E-3	-4.366612E-2
9.085000E-3	-4.327679E-2
9.090000E-3	-4.255569E-2
9.095000E-3	-4.165637E-2
9.100000E-3	-4.067206E-2
9.105000E-3	-4.023612E-2
9.110000E-3	-4.067481E-2
9.115000E-3	-4.183048E-2
9.120000E-3	-4.360855E-2
9.125000E-3	-4.558128E-2
9.130000E-3	-4.707146E-2
9.135000E-3	-4.800230E-2
9.140000E-3	-4.841220E-2
9.145000E-3	-4.805714E-2
9.150000E-3	-4.749507E-2
9.155000E-3	-4.673010E-2
9.160000E-3	-4.587328E-2
9.165000E-3	-4.428852E-2
9.170000E-3	-4.265851E-2
9.175000E-3	-4.140550E-2
9.180000E-3	-4.025668E-2
9.185000E-3	-3.990573E-2
9.190000E-3	-4.014564E-2
9.195000E-3	-4.075432E-2
9.200000E-3	-4.146445E-2
9.205000E-3	-4.193467E-2
9.210000E-3	-4.205668E-2
9.215000E-3	-4.212248E-2
9.220000E-3	-4.170299E-2
9.225000E-3	-4.149187E-2
9.230000E-3	-4.122454E-2
9.235000E-3	-4.096544E-2
9.240000E-3	-4.060352E-2
9.245000E-3	-4.060489E-2
9.250000E-3	-4.109019E-2
9.255000E-3	-4.172766E-2
9.260000E-3	-4.277503E-2
9.265000E-3	-4.358798E-2
9.270000E-3	-4.346871E-2
9.275000E-3	-4.301906E-2
9.280000E-3	-4.204297E-2
9.285000E-3	-4.099011E-2
9.290000E-3	-3.998661E-2
9.295000E-3	-3.903520E-2
9.300000E-3	-3.869659E-2
9.305000E-3	-3.891319E-2
9.310000E-3	-4.024160E-2
9.315000E-3	-4.197717E-2
9.320000E-3	-4.412949E-2
9.325000E-3	-4.610223E-2
9.330000E-3	-4.774320E-2
9.335000E-3	-4.880977E-2
9.340000E-3	-4.930329E-2
9.345000E-3	-4.914701E-2
9.350000E-3	-4.827374E-2
9.355000E-3	-4.665470E-2
9.360000E-3	-4.478890E-2
9.365000E-3	-4.267085E-2
9.370000E-3	-4.089552E-2
9.375000E-3	-3.929430E-2
9.380000E-3	-3.823322E-2
9.385000E-3	-3.789049E-2
9.390000E-3	-3.789186E-2
9.395000E-3	-3.861570E-2
9.400000E-3	-3.950816E-2
9.405000E-3	-4.038829E-2
9.410000E-3	-4.126430E-2
9.415000E-3	-4.210466E-2
9.420000E-3	-4.290527E-2
9.425000E-3	-4.400337E-2
9.430000E-3	-4.527283E-2
9.435000E-3	-4.659438E-2
9.440000E-3	-4.731822E-2
9.445000E-3	-4.771715E-2
9.450000E-3	-4.767877E-2
9.455000E-3	-4.756224E-2
9.460000E-3	-4.700977E-2
9.465000E-3	-4.675066E-2
9.470000E-3	-4.616529E-2
9.475000E-3	-4.543459E-2
9.480000E-3	-4.466963E-2
9.485000E-3	-4.388547E-2
9.490000E-3	-4.339194E-2
9.495000E-3	-4.340154E-2
9.500000E-3	-4.398143E-2
9.505000E-3	-4.490131E-2
9.510000E-3	-4.608715E-2
9.515000E-3	-4.666293E-2
9.520000E-3	-4.667938E-2
9.525000E-3	-4.628456E-2
9.530000E-3	-4.556620E-2
9.535000E-3	-4.465729E-2
9.540000E-3	-4.406369E-2
9.545000E-3	-4.376209E-2
9.550000E-3	-4.397184E-2
9.555000E-3	-4.421997E-2
9.560000E-3	-4.500961E-2
9.565000E-3	-4.545790E-2
9.570000E-3	-4.528379E-2
9.575000E-3	-4.434198E-2
9.580000E-3	-4.302180E-2
9.585000E-3	-4.162896E-2
9.590000E-3	-4.044998E-2
9.595000E-3	-4.020733E-2
9.600000E-3	-4.071867E-2
9.605000E-3	-4.163444E-2
9.610000E-3	-4.235691E-2
9.615000E-3	-4.265028E-2
9.620000E-3	-4.230481E-2
9.625000E-3	-4.171669E-2
9.630000E-3	-4.112446E-2
9.635000E-3	-4.077899E-2
9.640000E-3	-4.066521E-2
9.645000E-3	-4.087770E-2
9.650000E-3	-4.113817E-2
9.655000E-3	-4.126841E-2
9.660000E-3	-4.115051E-2
9.665000E-3	-4.118067E-2
9.670000E-3	-4.138219E-2
9.675000E-3	-4.187161E-2
9.680000E-3	-4.257900E-2
9.685000E-3	-4.321373E-2
9.690000E-3	-4.384708E-2
9.695000E-3	-4.428303E-2
9.700000E-3	-4.477519E-2
9.705000E-3	-4.553330E-2
9.710000E-3	-4.616392E-2
9.715000E-3	-4.699332E-2
9.720000E-3	-4.784191E-2
9.725000E-3	-4.847389E-2
9.730000E-3	-4.868913E-2
9.735000E-3	-4.853421E-2
9.740000E-3	-4.792416E-2
9.745000E-3	-4.723871E-2
9.750000E-3	-4.610908E-2
9.755000E-3	-4.493970E-2
9.760000E-3	-4.338783E-2
9.765000E-3	-4.169750E-2
9.770000E-3	-4.007024E-2
9.775000E-3	-3.864723E-2
9.780000E-3	-3.768349E-2
9.785000E-3	-3.713512E-2
9.790000E-3	-3.718174E-2
9.795000E-3	-3.776437E-2
9.800000E-3	-3.887618E-2
9.805000E-3	-4.027450E-2
9.810000E-3	-4.129308E-2
9.815000E-3	-4.252005E-2
9.820000E-3	-4.353178E-2
9.825000E-3	-4.436940E-2
9.830000E-3	-4.481906E-2
9.835000E-3	-4.475600E-2
9.840000E-3	-4.467374E-2
9.845000E-3	-4.448593E-2
9.850000E-3	-4.403901E-2
9.855000E-3	-4.381555E-2
9.860000E-3	-4.361129E-2
9.865000E-3	-4.366612E-2
9.870000E-3	-4.338235E-2
9.875000E-3	-4.325485E-2
9.880000E-3	-4.312873E-2
9.885000E-3	-4.294366E-2
9.890000E-3	-4.285592E-2
9.895000E-3	-4.310817E-2
9.900000E-3	-4.374290E-2
9.905000E-3	-4.460520E-2
9.910000E-3	-4.580337E-2
9.915000E-3	-4.680413E-2
9.920000E-3	-4.748958E-2
9.925000E-3	-4.776788E-2
9.930000E-3	-4.741418E-2
9.935000E-3	-4.669720E-2
9.940000E-3	-4.579240E-2
9.945000E-3	-4.474640E-2
9.950000E-3	-4.345912E-2
9.955000E-3	-4.224175E-2
9.960000E-3	-4.125059E-2
9.965000E-3	-4.015112E-2
9.970000E-3	-3.966171E-2
9.975000E-3	-3.947800E-2
9.980000E-3	-3.974807E-2
9.985000E-3	-4.023612E-2
9.990000E-3	-4.075021E-2
9.995000E-3	-4.105729E-2
