0.000000E+0	-8.665502E-3
5.000000E-6	-8.638084E-3
1.000000E-5	-8.581877E-3
1.500000E-5	-8.664131E-3
2.000000E-5	-8.575022E-3
2.500000E-5	-8.799851E-3
3.000000E-5	-8.853316E-3
3.500000E-5	-8.790255E-3
4.000000E-5	-8.647680E-3
4.500000E-5	-8.646309E-3
5.000000E-5	-8.708000E-3
5.500000E-5	-8.761466E-3
6.000000E-5	-8.747756E-3
6.500000E-5	-8.724451E-3
7.000000E-5	-8.677840E-3
7.500000E-5	-8.583248E-3
8.000000E-5	-8.677840E-3
8.500000E-5	-8.694291E-3
9.000000E-5	-8.585989E-3
9.500000E-5	-8.657277E-3
1.000000E-4	-8.655906E-3
1.050000E-4	-8.799851E-3
1.100000E-4	-8.830011E-3
1.150000E-4	-8.643568E-3
1.200000E-4	-8.509219E-3
1.250000E-4	-8.638084E-3
1.300000E-4	-8.740902E-3
1.350000E-4	-8.509219E-3
1.400000E-4	-8.581877E-3
1.450000E-4	-8.553088E-3
1.500000E-4	-8.565426E-3
1.550000E-4	-8.605182E-3
1.600000E-4	-8.636713E-3
1.650000E-4	-8.640826E-3
1.700000E-4	-8.957505E-3
1.750000E-4	-8.686066E-3
1.800000E-4	-8.446157E-3
1.850000E-4	-8.373499E-3
1.900000E-4	-8.555830E-3
1.950000E-4	-8.735418E-3
2.000000E-4	-8.669615E-3
2.050000E-4	-8.819044E-3
2.100000E-4	-8.812189E-3
2.150000E-4	-8.594215E-3
2.200000E-4	-8.612037E-3
2.250000E-4	-8.784771E-3
2.300000E-4	-8.727193E-3
2.350000E-4	-8.625746E-3
2.400000E-4	-8.596957E-3
2.450000E-4	-8.720338E-3
2.500000E-4	-8.791625E-3
2.550000E-4	-8.784771E-3
2.600000E-4	-8.736789E-3
2.650000E-4	-8.705258E-3
2.700000E-4	-8.468091E-3
2.750000E-4	-8.695662E-3
2.800000E-4	-8.680582E-3
2.850000E-4	-8.820415E-3
2.900000E-4	-8.754611E-3
2.950000E-4	-8.681953E-3
3.000000E-4	-8.520186E-3
3.050000E-4	-8.661389E-3
3.100000E-4	-8.592844E-3
3.150000E-4	-8.721709E-3
3.200000E-4	-8.849204E-3
3.250000E-4	-8.877993E-3
3.300000E-4	-8.772433E-3
3.350000E-4	-8.705258E-3
3.400000E-4	-8.688807E-3
3.450000E-4	-8.579135E-3
3.500000E-4	-8.472204E-3
3.550000E-4	-8.500993E-3
3.600000E-4	-8.775175E-3
3.650000E-4	-8.917749E-3
3.700000E-4	-8.910894E-3
3.750000E-4	-8.708000E-3
3.800000E-4	-8.760095E-3
3.850000E-4	-8.658648E-3
3.900000E-4	-8.688807E-3
3.950000E-4	-8.714855E-3
4.000000E-4	-8.544862E-3
4.050000E-4	-8.481801E-3
4.100000E-4	-8.705258E-3
4.150000E-4	-8.871138E-3
4.200000E-4	-8.875251E-3
4.250000E-4	-8.683324E-3
4.300000E-4	-8.640826E-3
4.350000E-4	-8.553088E-3
4.400000E-4	-8.620262E-3
4.450000E-4	-8.680582E-3
4.500000E-4	-8.817673E-3
4.550000E-4	-8.776546E-3
4.600000E-4	-8.775175E-3
4.650000E-4	-8.921862E-3
4.700000E-4	-8.971214E-3
4.750000E-4	-8.806705E-3
4.800000E-4	-8.787513E-3
4.850000E-4	-8.727193E-3
4.900000E-4	-8.805335E-3
4.950000E-4	-8.683324E-3
5.000000E-4	-8.424222E-3
5.050000E-4	-8.561313E-3
5.100000E-4	-8.680582E-3
5.150000E-4	-8.843720E-3
5.200000E-4	-8.643568E-3
5.250000E-4	-8.605182E-3
5.300000E-4	-8.553088E-3
5.350000E-4	-8.577764E-3
5.400000E-4	-8.595586E-3
5.450000E-4	-8.605182E-3
5.500000E-4	-8.477688E-3
5.550000E-4	-8.606553E-3
5.600000E-4	-8.544862E-3
5.650000E-4	-8.745015E-3
5.700000E-4	-8.692920E-3
5.750000E-4	-8.779287E-3
5.800000E-4	-8.740902E-3
5.850000E-4	-8.746386E-3
5.900000E-4	-8.749127E-3
5.950000E-4	-8.669615E-3
6.000000E-4	-8.632600E-3
6.050000E-4	-8.668244E-3
6.100000E-4	-8.687437E-3
6.150000E-4	-8.646309E-3
6.200000E-4	-8.887589E-3
6.250000E-4	-8.802593E-3
6.300000E-4	-8.701146E-3
6.350000E-4	-8.936942E-3
6.400000E-4	-8.865654E-3
6.450000E-4	-8.628488E-3
6.500000E-4	-8.753240E-3
6.550000E-4	-8.613408E-3
6.600000E-4	-8.618891E-3
6.650000E-4	-8.746386E-3
6.700000E-4	-8.724451E-3
6.750000E-4	-8.871138E-3
6.800000E-4	-8.731306E-3
6.850000E-4	-8.592844E-3
6.900000E-4	-8.668244E-3
6.950000E-4	-8.510590E-3
7.000000E-4	-8.651793E-3
7.050000E-4	-8.769691E-3
7.100000E-4	-8.954763E-3
7.150000E-4	-8.838236E-3
7.200000E-4	-8.640826E-3
7.250000E-4	-8.594215E-3
7.300000E-4	-8.675098E-3
7.350000E-4	-8.697033E-3
7.400000E-4	-8.633971E-3
7.450000E-4	-8.660018E-3
7.500000E-4	-8.819044E-3
7.550000E-4	-8.812189E-3
7.600000E-4	-8.814931E-3
7.650000E-4	-8.861542E-3
7.700000E-4	-8.613408E-3
7.750000E-4	-8.520186E-3
7.800000E-4	-8.518815E-3
7.850000E-4	-8.769691E-3
7.900000E-4	-8.879364E-3
7.950000E-4	-9.064436E-3
8.000000E-4	-8.887589E-3
8.050000E-4	-8.742273E-3
8.100000E-4	-8.698404E-3
8.150000E-4	-8.830011E-3
8.200000E-4	-8.631229E-3
8.250000E-4	-8.538008E-3
8.300000E-4	-8.660018E-3
8.350000E-4	-8.765578E-3
8.400000E-4	-8.692920E-3
8.450000E-4	-8.708000E-3
8.500000E-4	-8.644938E-3
8.550000E-4	-8.513331E-3
8.600000E-4	-8.631229E-3
8.650000E-4	-8.403659E-3
8.700000E-4	-8.463979E-3
8.750000E-4	-8.540750E-3
8.800000E-4	-8.745015E-3
8.850000E-4	-8.817673E-3
8.900000E-4	-8.760095E-3
8.950000E-4	-8.705258E-3
9.000000E-4	-8.750498E-3
9.050000E-4	-8.879364E-3
9.100000E-4	-8.927345E-3
9.150000E-4	-8.658648E-3
9.200000E-4	-8.605182E-3
9.250000E-4	-8.660018E-3
9.300000E-4	-8.527040E-3
9.350000E-4	-8.632600E-3
9.400000E-4	-8.599699E-3
9.450000E-4	-8.580506E-3
9.500000E-4	-8.651793E-3
9.550000E-4	-8.698404E-3
9.600000E-4	-8.635342E-3
9.650000E-4	-8.568168E-3
9.700000E-4	-8.599699E-3
9.750000E-4	-8.727193E-3
9.800000E-4	-8.695662E-3
9.850000E-4	-8.590102E-3
9.900000E-4	-8.690178E-3
9.950000E-4	-8.677840E-3
1.000000E-3	-8.636713E-3
1.005000E-3	-8.691549E-3
1.010000E-3	-8.725822E-3
1.015000E-3	-8.727193E-3
1.020000E-3	-8.738160E-3
1.025000E-3	-8.701146E-3
1.030000E-3	-8.750498E-3
1.035000E-3	-8.661389E-3
1.040000E-3	-8.745015E-3
1.045000E-3	-8.718967E-3
1.050000E-3	-8.703887E-3
1.055000E-3	-8.710742E-3
1.060000E-3	-8.745015E-3
1.065000E-3	-8.784771E-3
1.070000E-3	-8.697033E-3
1.075000E-3	-8.481801E-3
1.080000E-3	-8.476317E-3
1.085000E-3	-8.669615E-3
1.090000E-3	-8.867025E-3
1.095000E-3	-8.843720E-3
1.100000E-3	-8.540750E-3
1.105000E-3	-8.658648E-3
1.110000E-3	-8.650422E-3
1.115000E-3	-8.740902E-3
1.120000E-3	-8.757353E-3
1.125000E-3	-8.867025E-3
1.130000E-3	-8.672357E-3
1.135000E-3	-8.417368E-3
1.140000E-3	-8.569539E-3
1.145000E-3	-8.683324E-3
1.150000E-3	-8.588731E-3
1.155000E-3	-8.679211E-3
1.160000E-3	-8.670986E-3
1.165000E-3	-8.816302E-3
1.170000E-3	-8.886218E-3
1.175000E-3	-8.867025E-3
1.180000E-3	-8.703887E-3
1.185000E-3	-8.750498E-3
1.190000E-3	-8.913636E-3
1.195000E-3	-8.721709E-3
1.200000E-3	-8.635342E-3
1.205000E-3	-8.623004E-3
1.210000E-3	-8.772433E-3
1.215000E-3	-8.771062E-3
1.220000E-3	-8.973956E-3
1.225000E-3	-8.857429E-3
1.230000E-3	-8.773804E-3
1.235000E-3	-8.686066E-3
1.240000E-3	-8.527040E-3
1.245000E-3	-8.518815E-3
1.250000E-3	-8.716226E-3
1.255000E-3	-8.784771E-3
1.260000E-3	-8.727193E-3
1.265000E-3	-8.553088E-3
1.270000E-3	-8.559942E-3
1.275000E-3	-8.607924E-3
1.280000E-3	-8.701146E-3
1.285000E-3	-8.825898E-3
1.290000E-3	-8.864284E-3
1.295000E-3	-8.779287E-3
1.300000E-3	-8.602440E-3
1.305000E-3	-8.702517E-3
1.310000E-3	-8.694291E-3
1.315000E-3	-8.606553E-3
1.320000E-3	-8.649051E-3
1.325000E-3	-8.690178E-3
1.330000E-3	-8.533895E-3
1.335000E-3	-8.865654E-3
1.340000E-3	-8.790255E-3
1.345000E-3	-8.843720E-3
1.350000E-3	-8.960247E-3
1.355000E-3	-9.009600E-3
1.360000E-3	-8.742273E-3
1.365000E-3	-8.514702E-3
1.370000E-3	-8.683324E-3
1.375000E-3	-8.610666E-3
1.380000E-3	-8.658648E-3
1.385000E-3	-8.624375E-3
1.390000E-3	-8.635342E-3
1.395000E-3	-8.810818E-3
1.400000E-3	-8.701146E-3
1.405000E-3	-8.632600E-3
1.410000E-3	-8.735418E-3
1.415000E-3	-8.899927E-3
1.420000E-3	-8.932829E-3
1.425000E-3	-8.932829E-3
1.430000E-3	-8.808076E-3
1.435000E-3	-8.720338E-3
1.440000E-3	-8.703887E-3
1.445000E-3	-8.639455E-3
1.450000E-3	-8.760095E-3
1.455000E-3	-8.706629E-3
1.460000E-3	-8.614779E-3
1.465000E-3	-8.681953E-3
1.470000E-3	-8.769691E-3
1.475000E-3	-8.502364E-3
1.480000E-3	-8.540750E-3
1.485000E-3	-8.718967E-3
1.490000E-3	-8.772433E-3
1.495000E-3	-8.806705E-3
1.500000E-3	-8.612037E-3
1.505000E-3	-8.633971E-3
1.510000E-3	-8.827269E-3
1.515000E-3	-8.884847E-3
1.520000E-3	-8.788884E-3
1.525000E-3	-8.761466E-3
1.530000E-3	-8.845091E-3
1.535000E-3	-8.595586E-3
1.540000E-3	-8.528411E-3
1.545000E-3	-8.612037E-3
1.550000E-3	-8.458495E-3
1.555000E-3	-8.513331E-3
1.560000E-3	-8.591473E-3
1.565000E-3	-8.780658E-3
1.570000E-3	-8.655906E-3
1.575000E-3	-8.708000E-3
1.580000E-3	-8.617520E-3
1.585000E-3	-8.566797E-3
1.590000E-3	-8.669615E-3
1.595000E-3	-8.670986E-3
1.600000E-3	-8.683324E-3
1.605000E-3	-8.450270E-3
1.610000E-3	-8.595586E-3
1.615000E-3	-8.771062E-3
1.620000E-3	-8.882105E-3
1.625000E-3	-8.731306E-3
1.630000E-3	-8.728564E-3
1.635000E-3	-8.729935E-3
1.640000E-3	-8.779287E-3
1.645000E-3	-8.871138E-3
1.650000E-3	-8.754611E-3
1.655000E-3	-8.731306E-3
1.660000E-3	-8.895814E-3
1.665000E-3	-8.809447E-3
1.670000E-3	-8.842349E-3
1.675000E-3	-8.743644E-3
1.680000E-3	-8.524299E-3
1.685000E-3	-8.547604E-3
1.690000E-3	-8.480430E-3
1.695000E-3	-8.666873E-3
1.700000E-3	-8.850574E-3
1.705000E-3	-8.858800E-3
1.710000E-3	-8.702517E-3
1.715000E-3	-8.832753E-3
1.720000E-3	-8.712113E-3
1.725000E-3	-8.506477E-3
1.730000E-3	-8.705258E-3
1.735000E-3	-8.742273E-3
1.740000E-3	-8.613408E-3
1.745000E-3	-8.751869E-3
1.750000E-3	-8.935571E-3
1.755000E-3	-8.802593E-3
1.760000E-3	-8.871138E-3
1.765000E-3	-8.854687E-3
1.770000E-3	-8.806705E-3
1.775000E-3	-8.701146E-3
1.780000E-3	-8.649051E-3
1.785000E-3	-8.660018E-3
1.790000E-3	-8.546233E-3
1.795000E-3	-8.736789E-3
1.800000E-3	-8.717597E-3
1.805000E-3	-8.602440E-3
1.810000E-3	-8.729935E-3
1.815000E-3	-8.632600E-3
1.820000E-3	-8.642197E-3
1.825000E-3	-8.718967E-3
1.830000E-3	-8.714855E-3
1.835000E-3	-8.661389E-3
1.840000E-3	-8.724451E-3
1.845000E-3	-8.814931E-3
1.850000E-3	-8.653164E-3
1.855000E-3	-8.472204E-3
1.860000E-3	-8.440673E-3
1.865000E-3	-8.647680E-3
1.870000E-3	-8.654535E-3
1.875000E-3	-8.644938E-3
1.880000E-3	-8.660018E-3
1.885000E-3	-8.566797E-3
1.890000E-3	-8.629858E-3
1.895000E-3	-8.547604E-3
1.900000E-3	-8.577764E-3
1.905000E-3	-8.780658E-3
1.910000E-3	-8.751869E-3
1.915000E-3	-8.816302E-3
1.920000E-3	-8.664131E-3
1.925000E-3	-8.553088E-3
1.930000E-3	-8.623004E-3
1.935000E-3	-8.783400E-3
1.940000E-3	-8.699775E-3
1.945000E-3	-8.831382E-3
1.950000E-3	-8.547604E-3
1.955000E-3	-8.440673E-3
1.960000E-3	-8.481801E-3
1.965000E-3	-8.469462E-3
1.970000E-3	-8.557200E-3
1.975000E-3	-8.502364E-3
1.980000E-3	-8.463979E-3
1.985000E-3	-8.521557E-3
1.990000E-3	-8.547604E-3
1.995000E-3	-8.687437E-3
2.000000E-3	-8.773804E-3
2.005000E-3	-8.840978E-3
2.010000E-3	-8.723080E-3
2.015000E-3	-8.888960E-3
2.020000E-3	-8.816302E-3
2.025000E-3	-8.513331E-3
2.030000E-3	-8.494139E-3
2.035000E-3	-8.632600E-3
2.040000E-3	-8.628488E-3
2.045000E-3	-8.498251E-3
2.050000E-3	-8.661389E-3
2.055000E-3	-8.548975E-3
2.060000E-3	-8.620262E-3
2.065000E-3	-8.623004E-3
2.070000E-3	-8.654535E-3
2.075000E-3	-8.498251E-3
2.080000E-3	-8.581877E-3
2.085000E-3	-8.636713E-3
2.090000E-3	-8.650422E-3
2.095000E-3	-8.565426E-3
2.100000E-3	-8.702517E-3
2.105000E-3	-8.758724E-3
2.110000E-3	-8.653164E-3
2.115000E-3	-8.601069E-3
2.120000E-3	-8.721709E-3
2.125000E-3	-8.686066E-3
2.130000E-3	-8.603811E-3
2.135000E-3	-8.755982E-3
2.140000E-3	-8.632600E-3
2.145000E-3	-8.557200E-3
2.150000E-3	-8.488655E-3
2.155000E-3	-8.492768E-3
2.160000E-3	-8.585989E-3
2.165000E-3	-8.709371E-3
2.170000E-3	-8.802593E-3
2.175000E-3	-8.686066E-3
2.180000E-3	-8.769691E-3
2.185000E-3	-8.729935E-3
2.190000E-3	-8.620262E-3
2.195000E-3	-8.649051E-3
2.200000E-3	-8.594215E-3
2.205000E-3	-8.568168E-3
2.210000E-3	-8.576393E-3
2.215000E-3	-8.548975E-3
2.220000E-3	-8.616149E-3
2.225000E-3	-8.650422E-3
2.230000E-3	-8.708000E-3
2.235000E-3	-8.773804E-3
2.240000E-3	-8.776546E-3
2.245000E-3	-8.812189E-3
2.250000E-3	-8.636713E-3
2.255000E-3	-8.808076E-3
2.260000E-3	-8.832753E-3
2.265000E-3	-8.725822E-3
2.270000E-3	-8.683324E-3
2.275000E-3	-8.609295E-3
2.280000E-3	-8.576393E-3
2.285000E-3	-8.613408E-3
2.290000E-3	-8.838236E-3
2.295000E-3	-8.710742E-3
2.300000E-3	-8.698404E-3
2.305000E-3	-8.672357E-3
2.310000E-3	-8.755982E-3
2.315000E-3	-8.813560E-3
2.320000E-3	-8.869767E-3
2.325000E-3	-8.680582E-3
2.330000E-3	-8.672357E-3
2.335000E-3	-8.669615E-3
2.340000E-3	-8.780658E-3
2.345000E-3	-8.507848E-3
2.350000E-3	-8.488655E-3
2.355000E-3	-8.453012E-3
2.360000E-3	-8.957505E-3
2.365000E-3	-8.474946E-3
2.370000E-3	-9.148061E-3
2.375000E-3	-8.273423E-3
2.380000E-3	-9.281039E-3
2.385000E-3	-7.952631E-3
2.390000E-3	-9.345472E-3
2.395000E-3	-7.508457E-3
2.400000E-3	-9.921253E-3
2.405000E-3	-7.156134E-3
2.410000E-3	-1.048332E-2
2.415000E-3	-6.325364E-3
2.420000E-3	-1.116055E-2
2.425000E-3	-5.586445E-3
2.430000E-3	-1.236147E-2
2.435000E-3	-4.380047E-3
2.440000E-3	-1.402575E-2
2.445000E-3	-2.238691E-3
2.450000E-3	-1.653314E-2
2.455000E-3	1.253009E-3
2.460000E-3	-1.981509E-2
2.465000E-3	1.069307E-2
2.470000E-3	-3.292767E-1
2.475000E-3	-3.848917E-1
2.480000E-3	-1.801372E-2
2.485000E-3	-3.181957E-1
2.490000E-3	-7.722592E-1
2.495000E-3	-3.604937E-1
2.500000E-3	4.455639E-1
2.505000E-3	1.144168E+0
2.510000E-3	4.042187E-1
2.515000E-3	4.522347E-2
2.520000E-3	9.166404E-1
2.525000E-3	2.098790E-1
2.530000E-3	-6.074776E-1
2.535000E-3	7.959211E-2
2.540000E-3	5.823873E-1
2.545000E-3	-1.716745E-1
2.550000E-3	-2.673885E-1
2.555000E-3	1.071062E-1
2.560000E-3	-1.909330E-1
2.565000E-3	-3.907797E-1
2.570000E-3	2.799172E-1
2.575000E-3	3.058493E-3
2.580000E-3	-4.545557E-1
2.585000E-3	-8.705807E-2
2.590000E-3	-1.223425E-1
2.595000E-3	-4.191205E-1
2.600000E-3	-4.036909E-2
2.605000E-3	2.240021E-1
2.610000E-3	-2.018208E-1
2.615000E-3	-1.866654E-1
2.620000E-3	2.099667E-1
2.625000E-3	-1.052281E-1
2.630000E-3	-1.516634E-1
2.635000E-3	3.408924E-1
2.640000E-3	7.445806E-2
2.645000E-3	-1.291764E-1
2.650000E-3	1.749387E-1
2.655000E-3	8.882654E-2
2.660000E-3	-1.010290E-1
2.665000E-3	2.047271E-1
2.670000E-3	5.938357E-2
2.675000E-3	-3.303995E-1
2.680000E-3	1.340294E-1
2.685000E-3	1.472258E-1
2.690000E-3	-2.591000E-1
2.695000E-3	-1.069307E-3
2.700000E-3	1.206672E-1
2.705000E-3	-1.873577E-1
2.710000E-3	8.511961E-3
2.715000E-3	1.723367E-1
2.720000E-3	-8.113164E-2
2.725000E-3	7.093483E-2
2.730000E-3	9.986645E-2
2.735000E-3	-2.163442E-1
2.740000E-3	-2.978706E-2
2.745000E-3	1.912456E-1
2.750000E-3	-1.209099E-1
2.755000E-3	-1.078890E-1
2.760000E-3	2.304494E-3
2.765000E-3	-1.785058E-1
2.770000E-3	-2.258569E-2
2.775000E-3	9.160674E-2
2.780000E-3	-1.317908E-1
2.785000E-3	-6.272584E-2
2.790000E-3	1.642346E-1
2.795000E-3	-5.972493E-2
2.800000E-3	-1.202217E-1
2.805000E-3	1.520103E-1
2.810000E-3	2.397305E-2
2.815000E-3	-8.554459E-2
2.820000E-3	1.119222E-1
2.825000E-3	6.166887E-2
2.830000E-3	-5.577946E-2
2.835000E-3	5.083734E-2
2.840000E-3	1.643580E-2
2.845000E-3	-8.503187E-2
2.850000E-3	1.861006E-2
2.855000E-3	2.081996E-2
2.860000E-3	-4.250085E-2
2.865000E-3	3.390664E-2
2.870000E-3	-1.456314E-2
2.875000E-3	-9.323812E-2
2.880000E-3	2.976924E-2
2.885000E-3	6.337017E-2
2.890000E-3	-6.679744E-2
2.895000E-3	-1.723778E-2
2.900000E-3	-1.152247E-2
2.905000E-3	-8.018571E-2
2.910000E-3	1.580244E-2
2.915000E-3	3.052461E-2
2.920000E-3	-4.683018E-2
2.925000E-3	-2.183855E-3
2.930000E-3	3.632766E-2
2.935000E-3	-4.275447E-2
2.940000E-3	-9.052098E-3
2.945000E-3	2.899331E-2
2.950000E-3	-2.351242E-2
2.955000E-3	-1.059848E-2
2.960000E-3	-1.749277E-3
2.965000E-3	-4.930741E-2
2.970000E-3	1.591486E-2
2.975000E-3	2.951837E-2
2.980000E-3	-9.908503E-2
2.985000E-3	-9.348899E-2
2.990000E-3	-8.897185E-4
2.995000E-3	2.141494E-2
3.000000E-3	1.485789E-2
3.005000E-3	1.153755E-2
3.010000E-3	-5.837321E-3
3.015000E-3	-5.690634E-3
3.020000E-3	-1.289886E-2
3.025000E-3	-1.650023E-2
3.030000E-3	6.220078E-2
3.035000E-3	6.212127E-2
3.040000E-3	-3.264678E-2
3.045000E-3	-3.850055E-2
3.050000E-3	-4.247069E-3
3.055000E-3	-2.707952E-2
3.060000E-3	4.211426E-3
3.065000E-3	1.543367E-2
3.070000E-3	-3.036559E-3
3.075000E-3	-9.182334E-3
3.080000E-3	-3.765470E-2
3.085000E-3	-3.512263E-2
3.090000E-3	-1.836878E-2
3.095000E-3	-1.081508E-2
3.100000E-3	-3.793436E-2
3.105000E-3	-3.017229E-2
3.110000E-3	-2.134502E-3
3.115000E-3	1.605743E-2
3.120000E-3	6.415844E-4
3.125000E-3	1.117289E-2
3.130000E-3	3.405607E-2
3.135000E-3	-1.274669E-2
3.140000E-3	-1.942712E-2
3.145000E-3	1.343626E-2
3.150000E-3	1.742560E-2
3.155000E-3	-9.967864E-3
3.160000E-3	-2.061158E-2
3.165000E-3	-3.935325E-2
3.170000E-3	-6.550741E-2
3.175000E-3	-5.265379E-2
3.180000E-3	-1.511288E-2
3.185000E-3	-3.119636E-2
3.190000E-3	-2.145058E-2
3.195000E-3	3.373939E-2
3.200000E-3	2.155888E-2
3.205000E-3	5.875707E-3
3.210000E-3	3.100580E-2
3.215000E-3	5.951107E-3
3.220000E-3	-4.650116E-2
3.225000E-3	-1.929003E-2
3.230000E-3	-2.096117E-3
3.235000E-3	-6.748563E-2
3.240000E-3	-5.069065E-2
3.245000E-3	-4.127800E-3
3.250000E-3	-1.724601E-2
3.255000E-3	3.324449E-3
3.260000E-3	2.305865E-3
3.265000E-3	-1.711166E-2
3.270000E-3	1.085484E-2
3.275000E-3	3.243566E-2
3.280000E-3	1.186520E-2
3.285000E-3	8.720338E-3
3.290000E-3	3.219575E-2
3.295000E-3	1.426703E-2
3.300000E-3	6.141663E-4
3.305000E-3	3.335416E-2
3.310000E-3	2.204555E-2
3.315000E-3	-2.068698E-2
3.320000E-3	-1.739544E-2
3.325000E-3	-2.336848E-2
3.330000E-3	-3.966993E-2
3.335000E-3	-1.146215E-2
3.340000E-3	1.011592E-2
3.345000E-3	-2.820367E-2
3.350000E-3	-3.992492E-2
3.355000E-3	-2.009749E-2
3.360000E-3	-3.437686E-2
3.365000E-3	-3.576833E-2
3.370000E-3	-1.131821E-2
3.375000E-3	-1.024342E-2
3.380000E-3	-9.954154E-3
3.385000E-3	3.314853E-3
3.390000E-3	2.469003E-3
3.395000E-3	8.879364E-3
3.400000E-3	8.802593E-3
3.405000E-3	-1.059163E-2
3.410000E-3	8.287132E-3
3.415000E-3	2.127373E-2
3.420000E-3	-1.596695E-2
3.425000E-3	-2.329445E-2
3.430000E-3	-5.511045E-4
3.435000E-3	-1.243687E-2
3.440000E-3	-4.035127E-2
3.445000E-3	-3.412598E-2
3.450000E-3	-3.571075E-2
3.455000E-3	-4.024023E-2
3.460000E-3	-2.606642E-2
3.465000E-3	-2.672446E-2
3.470000E-3	-1.978081E-2
3.475000E-3	2.655447E-3
3.480000E-3	-4.044175E-3
3.485000E-3	-8.746386E-3
3.490000E-3	7.042348E-3
3.495000E-3	-2.174258E-3
3.500000E-3	-1.242316E-2
3.505000E-3	1.068622E-2
3.510000E-3	1.059437E-2
3.515000E-3	-1.325393E-2
3.520000E-3	1.036406E-2
3.525000E-3	2.373040E-2
3.530000E-3	-9.866416E-3
3.535000E-3	-1.032019E-2
3.540000E-3	8.070529E-3
3.545000E-3	-1.048332E-2
3.550000E-3	-3.654838E-3
3.555000E-3	2.146840E-2
3.560000E-3	-9.322166E-5
3.565000E-3	-1.771760E-2
3.570000E-3	-6.378829E-3
3.575000E-3	-2.206612E-2
3.580000E-3	-4.097229E-2
3.585000E-3	-3.323764E-2
3.590000E-3	-3.976452E-2
3.595000E-3	-3.908044E-2
3.600000E-3	-7.213712E-3
3.605000E-3	8.117139E-3
3.610000E-3	8.842349E-4
3.615000E-3	4.436255E-3
3.620000E-3	1.496756E-2
3.625000E-3	1.591897E-2
3.630000E-3	1.485240E-2
3.635000E-3	1.537472E-2
3.640000E-3	8.213103E-3
3.645000E-3	-8.152783E-3
3.650000E-3	-2.968287E-2
3.655000E-3	-4.595280E-2
3.660000E-3	-4.894823E-2
3.665000E-3	-4.812980E-2
3.670000E-3	-3.056711E-2
3.675000E-3	-5.522013E-3
3.680000E-3	-1.027769E-2
3.685000E-3	-1.761889E-2
3.690000E-3	5.334198E-3
3.695000E-3	2.475858E-2
3.700000E-3	2.254456E-2
3.705000E-3	1.354456E-2
3.710000E-3	-3.061235E-3
3.715000E-3	-2.186596E-3
3.720000E-3	1.242179E-2
3.725000E-3	-1.102072E-2
3.730000E-3	-3.160626E-2
3.735000E-3	-6.122470E-3
3.740000E-3	-1.677990E-3
3.745000E-3	-3.104556E-2
3.750000E-3	-2.357411E-2
3.755000E-3	-4.044175E-3
3.760000E-3	-2.704799E-3
3.765000E-3	1.224768E-2
3.770000E-3	1.166505E-2
3.775000E-3	-1.502377E-2
3.780000E-3	-1.921326E-2
3.785000E-3	-1.389414E-2
3.790000E-3	-1.682788E-2
3.795000E-3	-5.678296E-3
3.800000E-3	-1.587236E-2
3.805000E-3	-4.784465E-2
3.810000E-3	-3.902560E-2
3.815000E-3	-1.039010E-2
3.820000E-3	-7.073879E-3
3.825000E-3	-4.899621E-3
3.830000E-3	1.377761E-3
3.835000E-3	-7.461846E-3
3.840000E-3	-5.520642E-3
3.845000E-3	7.731915E-4
3.850000E-3	-3.290176E-3
3.855000E-3	1.213253E-3
3.860000E-3	1.571059E-3
3.865000E-3	-3.669918E-3
3.870000E-3	7.773042E-4
3.875000E-3	-9.527802E-4
3.880000E-3	-1.439589E-2
3.885000E-3	-1.074380E-2
3.890000E-3	-2.288043E-3
3.895000E-3	-8.780658E-3
3.900000E-3	1.347601E-3
3.905000E-3	7.172585E-3
3.910000E-3	-1.462620E-2
3.915000E-3	-2.735919E-2
3.920000E-3	-2.712613E-2
3.925000E-3	-3.052324E-2
3.930000E-3	-1.904464E-2
3.935000E-3	6.432295E-3
3.940000E-3	5.886674E-3
3.945000E-3	-7.704496E-4
3.950000E-3	-4.414320E-4
3.955000E-3	-1.881158E-2
3.960000E-3	-2.781707E-2
3.965000E-3	-2.146566E-2
3.970000E-3	-2.503002E-2
3.975000E-3	-1.341981E-2
3.980000E-3	6.106019E-3
3.985000E-3	5.236864E-4
3.990000E-3	-1.041615E-2
3.995000E-3	-9.747148E-4
4.000000E-3	3.933132E-3
4.005000E-3	-7.380962E-3
4.010000E-3	-5.007923E-3
4.015000E-3	3.057122E-4
4.020000E-3	-1.882255E-3
4.025000E-3	1.647830E-3
4.030000E-3	-1.078904E-3
4.035000E-3	-1.513070E-2
4.040000E-3	-1.788485E-2
4.045000E-3	-6.160855E-3
4.050000E-3	-1.027220E-2
4.055000E-3	-2.230054E-2
4.060000E-3	-1.382148E-2
4.065000E-3	-5.565882E-3
4.070000E-3	-1.071912E-2
4.075000E-3	-2.271593E-3
4.080000E-3	6.118357E-3
4.085000E-3	-6.221175E-3
4.090000E-3	-1.743382E-2
4.095000E-3	-1.311135E-2
4.100000E-3	-3.409445E-3
4.105000E-3	6.964207E-4
4.110000E-3	4.249811E-5
4.115000E-3	-1.195431E-3
4.120000E-3	3.243566E-3
4.125000E-3	-1.507998E-5
4.130000E-3	-1.478249E-2
4.135000E-3	-2.240062E-2
4.140000E-3	-2.302575E-2
4.145000E-3	-2.304220E-2
4.150000E-3	-2.145606E-2
4.155000E-3	-1.722682E-2
4.160000E-3	-1.405317E-2
4.165000E-3	-1.780123E-2
4.170000E-3	-2.005088E-2
4.175000E-3	-2.277899E-2
4.180000E-3	-2.135324E-2
4.185000E-3	-1.097411E-2
4.190000E-3	-2.299011E-3
4.195000E-3	-1.329780E-4
4.200000E-3	-5.445242E-3
4.205000E-3	-3.870070E-3
4.210000E-3	1.801372E-3
4.215000E-3	-1.466870E-3
4.220000E-3	2.166033E-3
4.225000E-3	7.382333E-3
4.230000E-3	-4.101753E-3
4.235000E-3	-7.058799E-3
4.240000E-3	2.618432E-4
4.245000E-3	-1.012826E-2
4.250000E-3	-1.904875E-2
4.255000E-3	-1.001996E-2
4.260000E-3	-1.330054E-2
4.265000E-3	-2.362210E-2
4.270000E-3	-1.410389E-2
4.275000E-3	-8.388579E-3
4.280000E-3	-8.838236E-3
4.285000E-3	6.589949E-3
4.290000E-3	1.107967E-2
4.295000E-3	-8.485913E-4
4.300000E-3	2.371669E-3
4.305000E-3	8.232296E-3
4.310000E-3	-5.339682E-3
4.315000E-3	-1.101524E-2
4.320000E-3	-2.467632E-4
4.325000E-3	-4.548669E-3
4.330000E-3	-1.697731E-2
4.335000E-3	-2.066642E-2
4.340000E-3	-3.074396E-2
4.345000E-3	-3.684998E-2
4.350000E-3	-2.931273E-2
4.355000E-3	-2.783489E-2
4.360000E-3	-2.265149E-2
4.365000E-3	-9.205639E-3
4.370000E-3	-4.237473E-3
4.375000E-3	-5.874336E-3
4.380000E-3	1.332521E-3
4.385000E-3	4.122317E-3
4.390000E-3	-5.557656E-3
4.395000E-3	-6.141663E-3
4.400000E-3	3.057122E-4
4.405000E-3	9.116530E-4
4.410000E-3	3.217518E-3
4.415000E-3	6.977916E-4
4.420000E-3	-7.914245E-3
4.425000E-3	-8.533895E-3
4.430000E-3	-8.017063E-3
4.435000E-3	-1.487982E-2
4.440000E-3	-1.802057E-2
4.445000E-3	-1.059848E-2
4.450000E-3	-1.077533E-2
4.455000E-3	-1.332659E-2
4.460000E-3	-9.812951E-3
4.465000E-3	-1.202971E-2
4.470000E-3	-1.135933E-2
4.475000E-3	-4.522622E-3
4.480000E-3	-4.226506E-3
4.485000E-3	-1.460016E-3
4.490000E-3	3.983855E-3
4.495000E-3	-1.439452E-3
4.500000E-3	-1.519650E-2
4.505000E-3	-1.287830E-2
4.510000E-3	-9.377003E-3
4.515000E-3	-2.119011E-2
4.520000E-3	-2.053070E-2
4.525000E-3	-8.749127E-3
4.530000E-3	-5.600154E-3
4.535000E-3	-6.998479E-3
4.540000E-3	-4.607618E-3
4.545000E-3	-6.045699E-3
4.550000E-3	-6.703734E-3
4.555000E-3	-5.068243E-3
4.560000E-3	-5.607009E-3
4.565000E-3	-4.190862E-3
4.570000E-3	-1.549125E-4
4.575000E-3	-1.072049E-3
4.580000E-3	-5.888045E-3
4.585000E-3	-8.669615E-3
4.590000E-3	-1.495934E-2
4.595000E-3	-1.730496E-2
4.600000E-3	-1.378447E-2
4.605000E-3	-1.316345E-2
4.610000E-3	-1.302361E-2
4.615000E-3	-4.500687E-3
4.620000E-3	5.675554E-4
4.625000E-3	-1.336634E-3
4.630000E-3	2.865195E-4
4.635000E-3	-8.033514E-3
4.640000E-3	-1.841813E-2
4.645000E-3	-1.575583E-2
4.650000E-3	-1.625210E-2
4.655000E-3	-2.472019E-2
4.660000E-3	-2.484632E-2
4.665000E-3	-2.143961E-2
4.670000E-3	-1.920092E-2
4.675000E-3	-8.901298E-3
4.680000E-3	-3.017366E-3
4.685000E-3	-6.177306E-3
4.690000E-3	-5.757809E-5
4.695000E-3	3.558874E-3
4.700000E-3	-1.494288E-3
4.705000E-3	3.945470E-3
4.710000E-3	5.410969E-3
4.715000E-3	-4.647374E-3
4.720000E-3	-5.633056E-3
4.725000E-3	-2.257884E-3
4.730000E-3	-5.124450E-3
4.735000E-3	-6.901145E-3
4.740000E-3	-9.448290E-3
4.745000E-3	-1.785880E-2
4.750000E-3	-1.919955E-2
4.755000E-3	-1.670587E-2
4.760000E-3	-2.493405E-2
4.765000E-3	-3.122377E-2
4.770000E-3	-2.876711E-2
4.775000E-3	-2.598280E-2
4.780000E-3	-1.547617E-2
4.785000E-3	3.509521E-3
4.790000E-3	1.140594E-2
4.795000E-3	1.082605E-2
4.800000E-3	1.422727E-2
4.805000E-3	1.242042E-2
4.810000E-3	3.822088E-3
4.815000E-3	-2.626657E-3
4.820000E-3	-5.896270E-3
4.825000E-3	-5.679667E-3
4.830000E-3	-1.850724E-3
4.835000E-3	-5.682409E-3
4.840000E-3	-1.444799E-2
4.845000E-3	-1.811105E-2
4.850000E-3	-2.023047E-2
4.855000E-3	-2.330816E-2
4.860000E-3	-2.628028E-2
4.865000E-3	-2.664083E-2
4.870000E-3	-2.214700E-2
4.875000E-3	-1.665789E-2
4.880000E-3	-1.631927E-2
4.885000E-3	-1.712948E-2
4.890000E-3	-1.337868E-2
4.895000E-3	-5.771518E-3
4.900000E-3	3.007770E-3
4.905000E-3	9.678602E-3
4.910000E-3	1.161844E-2
4.915000E-3	9.267330E-3
4.920000E-3	4.582942E-3
4.925000E-3	-1.113176E-3
4.930000E-3	-6.566644E-3
4.935000E-3	-1.045454E-2
4.940000E-3	-1.254380E-2
4.945000E-3	-1.586002E-2
4.950000E-3	-1.923382E-2
4.955000E-3	-1.467556E-2
4.960000E-3	-7.448137E-3
4.965000E-3	-5.572736E-3
4.970000E-3	-4.741967E-3
4.975000E-3	-3.816605E-3
4.980000E-3	-1.084250E-2
4.985000E-3	-2.020442E-2
4.990000E-3	-1.969171E-2
4.995000E-3	-1.503885E-2
5.000000E-3	-8.713484E-3
5.005000E-3	3.033817E-3
5.010000E-3	1.150054E-2
5.015000E-3	1.025164E-2
5.020000E-3	4.125059E-3
5.025000E-3	-5.908608E-3
5.030000E-3	-1.705819E-2
5.035000E-3	-2.069658E-2
5.040000E-3	-2.082819E-2
5.045000E-3	-2.315187E-2
5.050000E-3	-2.339590E-2
5.055000E-3	-2.120245E-2
5.060000E-3	-1.764220E-2
5.065000E-3	-8.858800E-3
5.070000E-3	-4.619956E-4
5.075000E-3	-1.861691E-3
5.080000E-3	-5.853772E-3
5.085000E-3	-5.221784E-3
5.090000E-3	-7.286370E-3
5.095000E-3	-9.897947E-3
5.100000E-3	-3.527343E-3
5.105000E-3	2.711654E-3
5.110000E-3	2.751410E-3
5.115000E-3	2.008379E-3
5.120000E-3	-5.069613E-3
5.125000E-3	-1.581341E-2
5.130000E-3	-1.754761E-2
5.135000E-3	-1.570648E-2
5.140000E-3	-1.674426E-2
5.145000E-3	-1.446444E-2
5.150000E-3	-9.039760E-3
5.155000E-3	-1.159239E-2
5.160000E-3	-1.178843E-2
5.165000E-3	-5.158722E-3
5.170000E-3	-6.665349E-3
5.175000E-3	-6.557047E-3
5.180000E-3	-7.389188E-4
5.185000E-3	-3.986597E-3
5.190000E-3	-1.017487E-2
5.195000E-3	-8.047223E-3
5.200000E-3	-4.846156E-3
5.205000E-3	-6.147146E-3
5.210000E-3	-6.244481E-3
5.215000E-3	-6.466568E-3
5.220000E-3	-8.125365E-3
5.225000E-3	-6.149888E-3
5.230000E-3	-7.280886E-3
5.235000E-3	-1.526916E-2
5.240000E-3	-1.846611E-2
5.245000E-3	-1.598889E-2
5.250000E-3	-1.285362E-2
5.255000E-3	-8.096576E-3
5.260000E-3	-6.921709E-3
5.265000E-3	-1.061219E-2
5.270000E-3	-1.125377E-2
5.275000E-3	-7.356286E-3
5.280000E-3	-7.171214E-3
5.285000E-3	-5.963445E-3
5.290000E-3	2.741814E-4
5.295000E-3	-1.104951E-3
5.300000E-3	-3.739834E-3
5.305000E-3	-3.447831E-3
5.310000E-3	-8.701146E-3
5.315000E-3	-1.222163E-2
5.320000E-3	-9.656668E-3
5.325000E-3	-9.823918E-3
5.330000E-3	-1.225042E-2
5.335000E-3	-7.197261E-3
5.340000E-3	-1.705408E-3
5.345000E-3	-4.315615E-3
5.350000E-3	-5.944252E-3
5.355000E-3	-7.652402E-3
5.360000E-3	-1.689368E-2
5.365000E-3	-2.313679E-2
5.370000E-3	-1.895416E-2
5.375000E-3	-1.565850E-2
5.380000E-3	-1.407099E-2
5.385000E-3	-8.041739E-3
5.390000E-3	-4.746079E-3
5.395000E-3	-6.178677E-3
5.400000E-3	-8.576393E-3
5.405000E-3	-1.121813E-2
5.410000E-3	-1.101387E-2
5.415000E-3	-8.698404E-3
5.420000E-3	-6.265044E-3
5.425000E-3	-8.687437E-3
5.430000E-3	-1.420122E-2
5.435000E-3	-1.461661E-2
5.440000E-3	-1.211333E-2
5.445000E-3	-9.733438E-3
5.450000E-3	-4.884541E-3
5.455000E-3	-1.780808E-3
5.460000E-3	-5.453467E-3
5.465000E-3	-7.760704E-3
5.470000E-3	-5.988121E-3
5.475000E-3	-6.766796E-3
5.480000E-3	-6.637931E-3
5.485000E-3	-3.671288E-3
5.490000E-3	-5.345166E-3
5.495000E-3	-7.361770E-3
5.500000E-3	-5.427420E-3
5.505000E-3	-5.896270E-3
5.510000E-3	-1.038873E-2
5.515000E-3	-1.309764E-2
5.520000E-3	-1.476055E-2
5.525000E-3	-1.698965E-2
5.530000E-3	-1.365286E-2
5.535000E-3	-1.080549E-2
5.540000E-3	-9.782791E-3
5.545000E-3	-4.375935E-3
5.550000E-3	4.907846E-4
5.555000E-3	-7.773042E-4
5.560000E-3	-2.756894E-3
5.565000E-3	-1.667023E-3
5.570000E-3	-5.796194E-3
5.575000E-3	-1.037502E-2
5.580000E-3	-7.524908E-3
5.585000E-3	-7.452250E-3
5.590000E-3	-9.873271E-3
5.595000E-3	-7.021785E-3
5.600000E-3	-4.591167E-3
5.605000E-3	-5.692005E-3
5.610000E-3	-4.480124E-3
5.615000E-3	-4.452705E-3
5.620000E-3	-8.660018E-3
5.625000E-3	-1.183504E-2
5.630000E-3	-1.539254E-2
5.635000E-3	-2.148622E-2
5.640000E-3	-2.204007E-2
5.645000E-3	-1.770663E-2
5.650000E-3	-1.490313E-2
5.655000E-3	-9.840369E-3
5.660000E-3	-3.776848E-3
5.665000E-3	-2.570450E-3
5.670000E-3	-4.034579E-3
5.675000E-3	-3.757656E-3
5.680000E-3	-5.047679E-3
5.685000E-3	-7.583857E-3
5.690000E-3	-8.580506E-3
5.695000E-3	-9.723842E-3
5.700000E-3	-1.027906E-2
5.705000E-3	-1.095492E-2
5.710000E-3	-1.336634E-2
5.715000E-3	-1.438630E-2
5.720000E-3	-1.366246E-2
5.725000E-3	-1.318812E-2
5.730000E-3	-1.199818E-2
5.735000E-3	-8.165121E-3
5.740000E-3	-4.419804E-3
5.745000E-3	-3.382027E-3
5.750000E-3	-2.412796E-3
5.755000E-3	-4.359484E-4
5.760000E-3	-7.786751E-4
5.765000E-3	-3.543794E-3
5.770000E-3	-5.707085E-3
5.775000E-3	-7.139683E-3
5.780000E-3	-7.864892E-3
5.785000E-3	-7.135570E-3
5.790000E-3	-6.577611E-3
5.795000E-3	-7.492006E-3
5.800000E-3	-7.958114E-3
5.805000E-3	-8.662760E-3
5.810000E-3	-9.187818E-3
5.815000E-3	-9.360552E-3
5.820000E-3	-1.025027E-2
5.825000E-3	-1.249033E-2
5.830000E-3	-1.576132E-2
5.835000E-3	-1.942301E-2
5.840000E-3	-2.153969E-2
5.845000E-3	-2.005637E-2
5.850000E-3	-1.543778E-2
5.855000E-3	-9.645700E-3
5.860000E-3	-5.365729E-3
5.865000E-3	-3.600001E-3
5.870000E-3	-3.176391E-3
5.875000E-3	-2.544403E-3
5.880000E-3	-2.096117E-3
5.885000E-3	-1.602590E-3
5.890000E-3	-2.756894E-3
5.895000E-3	-6.293833E-3
5.900000E-3	-9.042501E-3
5.905000E-3	-9.679973E-3
5.910000E-3	-1.042300E-2
5.915000E-3	-1.104677E-2
5.920000E-3	-1.143473E-2
5.925000E-3	-1.212978E-2
5.930000E-3	-1.282209E-2
5.935000E-3	-1.194197E-2
5.940000E-3	-1.066977E-2
5.945000E-3	-9.115160E-3
5.950000E-3	-6.672204E-3
5.955000E-3	-4.012644E-3
5.960000E-3	-2.900839E-3
5.965000E-3	-3.046155E-3
5.970000E-3	-4.188120E-3
5.975000E-3	-7.057428E-3
5.980000E-3	-9.481192E-3
5.985000E-3	-1.002544E-2
5.990000E-3	-9.633362E-3
5.995000E-3	-8.511961E-3
6.000000E-3	-8.126736E-3
6.005000E-3	-9.823918E-3
6.010000E-3	-1.182544E-2
6.015000E-3	-1.260960E-2
6.020000E-3	-1.395720E-2
6.025000E-3	-1.596969E-2
6.030000E-3	-1.479483E-2
6.035000E-3	-1.161569E-2
6.040000E-3	-9.925365E-3
6.045000E-3	-8.167863E-3
6.050000E-3	-4.444480E-3
6.055000E-3	-7.019043E-4
6.060000E-3	2.131760E-3
6.065000E-3	3.460169E-3
6.070000E-3	2.433360E-3
6.075000E-3	4.866719E-4
6.080000E-3	-8.979440E-4
6.085000E-3	-3.909826E-3
6.090000E-3	-7.919729E-3
6.095000E-3	-1.037639E-2
6.100000E-3	-1.198584E-2
6.105000E-3	-1.324570E-2
6.110000E-3	-1.382148E-2
6.115000E-3	-1.515949E-2
6.120000E-3	-1.678950E-2
6.125000E-3	-1.608759E-2
6.130000E-3	-1.492095E-2
6.135000E-3	-1.506352E-2
6.140000E-3	-1.407647E-2
6.145000E-3	-1.258081E-2
6.150000E-3	-1.186246E-2
6.155000E-3	-9.253621E-3
6.160000E-3	-5.827725E-3
6.165000E-3	-3.408074E-3
6.170000E-3	-1.658797E-3
6.175000E-3	-9.788275E-4
6.180000E-3	-1.979589E-3
6.185000E-3	-3.009140E-3
6.190000E-3	-4.537702E-3
6.195000E-3	-7.838845E-3
6.200000E-3	-1.045042E-2
6.205000E-3	-1.131821E-2
6.210000E-3	-1.321828E-2
6.215000E-3	-1.509368E-2
6.220000E-3	-1.505941E-2
6.225000E-3	-1.413679E-2
6.230000E-3	-1.226139E-2
6.235000E-3	-9.311199E-3
6.240000E-3	-7.090330E-3
6.245000E-3	-6.069005E-3
6.250000E-3	-5.450726E-3
6.255000E-3	-6.869614E-3
6.260000E-3	-8.747756E-3
6.265000E-3	-8.335114E-3
6.270000E-3	-7.013559E-3
6.275000E-3	-5.590558E-3
6.280000E-3	-3.630161E-3
6.285000E-3	-1.989186E-3
6.290000E-3	-1.912415E-3
6.295000E-3	-2.815843E-3
6.300000E-3	-6.037474E-3
6.305000E-3	-1.033527E-2
6.310000E-3	-1.256025E-2
6.315000E-3	-1.358294E-2
6.320000E-3	-1.363778E-2
6.325000E-3	-1.155537E-2
6.330000E-3	-8.827269E-3
6.335000E-3	-7.275403E-3
6.340000E-3	-5.962074E-3
6.345000E-3	-5.065501E-3
6.350000E-3	-5.491853E-3
6.355000E-3	-5.737245E-3
6.360000E-3	-6.206095E-3
6.365000E-3	-8.461237E-3
6.370000E-3	-1.004189E-2
6.375000E-3	-9.936333E-3
6.380000E-3	-9.845853E-3
6.385000E-3	-1.013511E-2
6.390000E-3	-1.107144E-2
6.395000E-3	-1.293588E-2
6.400000E-3	-1.437533E-2
6.405000E-3	-1.450694E-2
6.410000E-3	-1.357335E-2
6.415000E-3	-1.176924E-2
6.420000E-3	-9.821177E-3
6.425000E-3	-7.864892E-3
6.430000E-3	-6.281495E-3
6.435000E-3	-5.135417E-3
6.440000E-3	-5.504191E-3
6.445000E-3	-6.550193E-3
6.450000E-3	-7.091701E-3
6.455000E-3	-7.012188E-3
6.460000E-3	-6.370604E-3
6.465000E-3	-4.794061E-3
6.470000E-3	-3.185987E-3
6.475000E-3	-2.430618E-3
6.480000E-3	-2.761006E-3
6.485000E-3	-4.083931E-3
6.490000E-3	-5.568624E-3
6.495000E-3	-6.122470E-3
6.500000E-3	-5.960703E-3
6.505000E-3	-6.470680E-3
6.510000E-3	-7.593453E-3
6.515000E-3	-8.802593E-3
6.520000E-3	-1.034898E-2
6.525000E-3	-1.219010E-2
6.530000E-3	-1.284403E-2
6.535000E-3	-1.242042E-2
6.540000E-3	-1.163489E-2
6.545000E-3	-1.057929E-2
6.550000E-3	-8.867025E-3
6.555000E-3	-6.976545E-3
6.560000E-3	-5.708456E-3
6.565000E-3	-5.249202E-3
6.570000E-3	-5.838692E-3
6.575000E-3	-7.294595E-3
6.580000E-3	-8.865654E-3
6.585000E-3	-1.081920E-2
6.590000E-3	-1.344311E-2
6.595000E-3	-1.596969E-2
6.600000E-3	-1.714045E-2
6.605000E-3	-1.621234E-2
6.610000E-3	-1.436573E-2
6.615000E-3	-1.187479E-2
6.620000E-3	-9.663522E-3
6.625000E-3	-8.942425E-3
6.630000E-3	-9.438694E-3
6.635000E-3	-9.563446E-3
6.640000E-3	-8.332372E-3
6.645000E-3	-6.732523E-3
6.650000E-3	-5.160093E-3
6.655000E-3	-3.443718E-3
6.660000E-3	-2.344251E-3
6.665000E-3	-2.109826E-3
6.670000E-3	-2.200305E-3
6.675000E-3	-3.233969E-3
6.680000E-3	-4.965425E-3
6.685000E-3	-6.945014E-3
6.690000E-3	-9.111047E-3
6.695000E-3	-1.147038E-2
6.700000E-3	-1.322514E-2
6.705000E-3	-1.414090E-2
6.710000E-3	-1.402986E-2
6.715000E-3	-1.275492E-2
6.720000E-3	-1.174045E-2
6.725000E-3	-1.141554E-2
6.730000E-3	-1.085758E-2
6.735000E-3	-9.501755E-3
6.740000E-3	-8.384466E-3
6.745000E-3	-7.187665E-3
6.750000E-3	-5.158722E-3
6.755000E-3	-3.191471E-3
6.760000E-3	-2.002895E-3
6.765000E-3	-1.586139E-3
6.770000E-3	-2.130389E-3
6.775000E-3	-3.346384E-3
6.780000E-3	-4.981875E-3
6.785000E-3	-6.657124E-3
6.790000E-3	-8.239150E-3
6.795000E-3	-9.616911E-3
6.800000E-3	-1.082879E-2
6.805000E-3	-1.222575E-2
6.810000E-3	-1.332796E-2
6.815000E-3	-1.336497E-2
6.820000E-3	-1.210374E-2
6.825000E-3	-1.064783E-2
6.830000E-3	-9.138465E-3
6.835000E-3	-7.890940E-3
6.840000E-3	-6.221175E-3
6.845000E-3	-4.245698E-3
6.850000E-3	-2.721250E-3
6.855000E-3	-1.739681E-3
6.860000E-3	-1.768470E-3
6.865000E-3	-3.277838E-3
6.870000E-3	-5.801678E-3
6.875000E-3	-9.200156E-3
6.880000E-3	-1.302636E-2
6.885000E-3	-1.690328E-2
6.890000E-3	-1.950938E-2
6.895000E-3	-2.019072E-2
6.900000E-3	-2.028120E-2
6.905000E-3	-2.002209E-2
6.910000E-3	-1.936680E-2
6.915000E-3	-1.818508E-2
6.920000E-3	-1.602864E-2
6.925000E-3	-1.227647E-2
6.930000E-3	-8.436561E-3
6.935000E-3	-5.410969E-3
6.940000E-3	-2.781570E-3
6.945000E-3	-1.379132E-3
6.950000E-3	-1.069307E-3
6.955000E-3	-9.226203E-4
6.960000E-3	-7.498860E-4
6.965000E-3	-1.688957E-3
6.970000E-3	-3.504038E-3
6.975000E-3	-6.101906E-3
6.980000E-3	-9.135723E-3
6.985000E-3	-1.159239E-2
6.990000E-3	-1.300991E-2
6.995000E-3	-1.352537E-2
7.000000E-3	-1.350206E-2
7.005000E-3	-1.332384E-2
7.010000E-3	-1.371592E-2
7.015000E-3	-1.411074E-2
7.020000E-3	-1.322788E-2
7.025000E-3	-1.126748E-2
7.030000E-3	-8.166492E-3
7.035000E-3	-4.242957E-3
7.040000E-3	-1.022696E-3
7.045000E-3	1.285911E-3
7.050000E-3	1.747906E-3
7.055000E-3	3.029704E-4
7.060000E-3	-1.905560E-3
7.065000E-3	-3.842652E-3
7.070000E-3	-5.315006E-3
7.075000E-3	-6.755829E-3
7.080000E-3	-8.139074E-3
7.085000E-3	-1.028728E-2
7.090000E-3	-1.319772E-2
7.095000E-3	-1.563793E-2
7.100000E-3	-1.657426E-2
7.105000E-3	-1.629871E-2
7.110000E-3	-1.475096E-2
7.115000E-3	-1.226962E-2
7.120000E-3	-1.005149E-2
7.125000E-3	-8.247375E-3
7.130000E-3	-7.252097E-3
7.135000E-3	-7.345319E-3
7.140000E-3	-8.436561E-3
7.145000E-3	-9.482563E-3
7.150000E-3	-9.869158E-3
7.155000E-3	-9.514093E-3
7.160000E-3	-8.309066E-3
7.165000E-3	-6.539226E-3
7.170000E-3	-5.537093E-3
7.175000E-3	-5.368471E-3
7.180000E-3	-6.073117E-3
7.185000E-3	-6.728411E-3
7.190000E-3	-6.507695E-3
7.195000E-3	-6.093681E-3
7.200000E-3	-5.745471E-3
7.205000E-3	-5.733132E-3
7.210000E-3	-5.203962E-3
7.215000E-3	-4.810512E-3
7.220000E-3	-4.698098E-3
7.225000E-3	-5.405486E-3
7.230000E-3	-6.769538E-3
7.235000E-3	-8.820415E-3
7.240000E-3	-1.086307E-2
7.245000E-3	-1.234639E-2
7.250000E-3	-1.339239E-2
7.255000E-3	-1.404631E-2
7.260000E-3	-1.474822E-2
7.265000E-3	-1.524585E-2
7.270000E-3	-1.543093E-2
7.275000E-3	-1.495248E-2
7.280000E-3	-1.342255E-2
7.285000E-3	-1.110023E-2
7.290000E-3	-8.410513E-3
7.295000E-3	-6.636560E-3
7.300000E-3	-5.682409E-3
7.305000E-3	-6.169081E-3
7.310000E-3	-7.302821E-3
7.315000E-3	-8.281648E-3
7.320000E-3	-8.980811E-3
7.325000E-3	-9.074032E-3
7.330000E-3	-8.162379E-3
7.335000E-3	-6.935418E-3
7.340000E-3	-5.641282E-3
7.345000E-3	-5.264282E-3
7.350000E-3	-6.025136E-3
7.355000E-3	-7.594824E-3
7.360000E-3	-9.298861E-3
7.365000E-3	-1.056969E-2
7.370000E-3	-1.116878E-2
7.375000E-3	-1.098508E-2
7.380000E-3	-1.044220E-2
7.385000E-3	-9.834886E-3
7.390000E-3	-9.082258E-3
7.395000E-3	-8.436561E-3
7.400000E-3	-7.941663E-3
7.405000E-3	-7.756591E-3
7.410000E-3	-7.545471E-3
7.415000E-3	-7.069767E-3
7.420000E-3	-6.541967E-3
7.425000E-3	-6.126583E-3
7.430000E-3	-6.389797E-3
7.435000E-3	-7.232904E-3
7.440000E-3	-8.069158E-3
7.445000E-3	-8.701146E-3
7.450000E-3	-8.846462E-3
7.455000E-3	-8.302212E-3
7.460000E-3	-7.435799E-3
7.465000E-3	-6.578982E-3
7.470000E-3	-5.513787E-3
7.475000E-3	-4.358113E-3
7.480000E-3	-3.264129E-3
7.485000E-3	-2.082407E-3
7.490000E-3	-1.276314E-3
7.495000E-3	-1.990557E-3
7.500000E-3	-4.029095E-3
7.505000E-3	-6.659865E-3
7.510000E-3	-9.246767E-3
7.515000E-3	-1.096451E-2
7.520000E-3	-1.158965E-2
7.525000E-3	-1.126748E-2
7.530000E-3	-1.006657E-2
7.535000E-3	-9.404421E-3
7.540000E-3	-9.131610E-3
7.545000E-3	-9.575784E-3
7.550000E-3	-1.017487E-2
7.555000E-3	-1.063550E-2
7.560000E-3	-1.066977E-2
7.565000E-3	-1.033938E-2
7.570000E-3	-9.784162E-3
7.575000E-3	-9.534657E-3
7.580000E-3	-9.740293E-3
7.585000E-3	-1.015568E-2
7.590000E-3	-1.073283E-2
7.595000E-3	-1.133466E-2
7.600000E-3	-1.199406E-2
7.605000E-3	-1.255751E-2
7.610000E-3	-1.315796E-2
7.615000E-3	-1.355690E-2
7.620000E-3	-1.364738E-2
7.625000E-3	-1.300442E-2
7.630000E-3	-1.215857E-2
7.635000E-3	-1.123458E-2
7.640000E-3	-1.024067E-2
7.645000E-3	-9.189188E-3
7.650000E-3	-8.118510E-3
7.655000E-3	-6.969690E-3
7.660000E-3	-5.393147E-3
7.665000E-3	-3.915310E-3
7.670000E-3	-2.903581E-3
7.675000E-3	-2.249658E-3
7.680000E-3	-2.189338E-3
7.685000E-3	-2.736330E-3
7.690000E-3	-3.584921E-3
7.695000E-3	-4.931152E-3
7.700000E-3	-6.281495E-3
7.705000E-3	-7.649660E-3
7.710000E-3	-9.223461E-3
7.715000E-3	-1.122773E-2
7.720000E-3	-1.277000E-2
7.725000E-3	-1.352262E-2
7.730000E-3	-1.366657E-2
7.735000E-3	-1.308531E-2
7.740000E-3	-1.168424E-2
7.745000E-3	-1.002544E-2
7.750000E-3	-8.178830E-3
7.755000E-3	-6.476164E-3
7.760000E-3	-5.106628E-3
7.765000E-3	-3.922164E-3
7.770000E-3	-3.105104E-3
7.775000E-3	-3.128409E-3
7.780000E-3	-3.738463E-3
7.785000E-3	-4.614472E-3
7.790000E-3	-5.483627E-3
7.795000E-3	-6.166339E-3
7.800000E-3	-6.637931E-3
7.805000E-3	-6.731153E-3
7.810000E-3	-6.281495E-3
7.815000E-3	-5.764663E-3
7.820000E-3	-5.701602E-3
7.825000E-3	-5.855143E-3
7.830000E-3	-6.535113E-3
7.835000E-3	-7.878602E-3
7.840000E-3	-9.622395E-3
7.845000E-3	-1.085347E-2
7.850000E-3	-1.153207E-2
7.855000E-3	-1.176786E-2
7.860000E-3	-1.182681E-2
7.865000E-3	-1.174730E-2
7.870000E-3	-1.199543E-2
7.875000E-3	-1.253420E-2
7.880000E-3	-1.294822E-2
7.885000E-3	-1.272887E-2
7.890000E-3	-1.171851E-2
7.895000E-3	-1.039696E-2
7.900000E-3	-8.877993E-3
7.905000E-3	-7.206857E-3
7.910000E-3	-5.905867E-3
7.915000E-3	-5.376697E-3
7.920000E-3	-5.596042E-3
7.925000E-3	-6.569386E-3
7.930000E-3	-7.675707E-3
7.935000E-3	-8.651793E-3
7.940000E-3	-9.105563E-3
7.945000E-3	-9.027421E-3
7.950000E-3	-8.886218E-3
7.955000E-3	-8.888960E-3
7.960000E-3	-9.453773E-3
7.965000E-3	-9.936333E-3
7.970000E-3	-1.025301E-2
7.975000E-3	-1.010495E-2
7.980000E-3	-9.714246E-3
7.985000E-3	-9.071290E-3
7.990000E-3	-8.189797E-3
7.995000E-3	-7.793605E-3
8.000000E-3	-7.589340E-3
8.005000E-3	-7.629097E-3
8.010000E-3	-8.085608E-3
8.015000E-3	-8.570910E-3
8.020000E-3	-8.311808E-3
8.025000E-3	-7.250726E-3
8.030000E-3	-6.053925E-3
8.035000E-3	-5.670071E-3
8.040000E-3	-5.539834E-3
8.045000E-3	-6.022394E-3
8.050000E-3	-6.628335E-3
8.055000E-3	-7.338464E-3
8.060000E-3	-8.045852E-3
8.065000E-3	-9.559333E-3
8.070000E-3	-1.076162E-2
8.075000E-3	-1.122773E-2
8.080000E-3	-1.111257E-2
8.085000E-3	-1.057106E-2
8.090000E-3	-1.001310E-2
8.095000E-3	-9.419501E-3
8.100000E-3	-9.194672E-3
8.105000E-3	-9.196043E-3
8.110000E-3	-8.901298E-3
8.115000E-3	-8.801222E-3
8.120000E-3	-9.156287E-3
8.125000E-3	-9.637475E-3
8.130000E-3	-9.737551E-3
8.135000E-3	-9.387970E-3
8.140000E-3	-8.769691E-3
8.145000E-3	-7.496119E-3
8.150000E-3	-6.151259E-3
8.155000E-3	-5.571365E-3
8.160000E-3	-5.583704E-3
8.165000E-3	-5.875707E-3
8.170000E-3	-6.116986E-3
8.175000E-3	-6.746233E-3
8.180000E-3	-7.160246E-3
8.185000E-3	-7.534504E-3
8.190000E-3	-8.122623E-3
8.195000E-3	-8.891702E-3
8.200000E-3	-9.503126E-3
8.205000E-3	-9.607315E-3
8.210000E-3	-9.464741E-3
8.215000E-3	-9.180963E-3
8.220000E-3	-8.805335E-3
8.225000E-3	-8.587360E-3
8.230000E-3	-8.548975E-3
8.235000E-3	-8.830011E-3
8.240000E-3	-9.064436E-3
8.245000E-3	-9.353697E-3
8.250000E-3	-9.599090E-3
8.255000E-3	-9.751260E-3
8.260000E-3	-9.164512E-3
8.265000E-3	-8.322775E-3
8.270000E-3	-7.527649E-3
8.275000E-3	-7.215083E-3
8.280000E-3	-7.295966E-3
8.285000E-3	-8.021176E-3
8.290000E-3	-9.071290E-3
8.295000E-3	-1.034212E-2
8.300000E-3	-1.140732E-2
8.305000E-3	-1.188987E-2
8.310000E-3	-1.202422E-2
8.315000E-3	-1.193374E-2
8.320000E-3	-1.177198E-2
8.325000E-3	-1.155674E-2
8.330000E-3	-1.169521E-2
8.335000E-3	-1.220107E-2
8.340000E-3	-1.211196E-2
8.345000E-3	-1.146352E-2
8.350000E-3	-1.088774E-2
8.355000E-3	-9.335876E-3
8.360000E-3	-7.520795E-3
8.365000E-3	-5.875707E-3
8.370000E-3	-4.972279E-3
8.375000E-3	-4.772127E-3
8.380000E-3	-5.112112E-3
8.385000E-3	-5.989492E-3
8.390000E-3	-7.057428E-3
8.395000E-3	-8.099318E-3
8.400000E-3	-9.079516E-3
8.405000E-3	-9.736180E-3
8.410000E-3	-9.792387E-3
8.415000E-3	-9.381115E-3
8.420000E-3	-8.562684E-3
8.425000E-3	-7.745624E-3
8.430000E-3	-7.097185E-3
8.435000E-3	-6.448746E-3
8.440000E-3	-6.270528E-3
8.445000E-3	-6.188273E-3
8.450000E-3	-6.269157E-3
8.455000E-3	-6.662607E-3
8.460000E-3	-7.649660E-3
8.465000E-3	-8.724451E-3
8.470000E-3	-9.622395E-3
8.475000E-3	-1.058203E-2
8.480000E-3	-1.092613E-2
8.485000E-3	-1.076573E-2
8.490000E-3	-1.051211E-2
8.495000E-3	-9.696424E-3
8.500000E-3	-8.472204E-3
8.505000E-3	-7.511199E-3
8.510000E-3	-6.677687E-3
8.515000E-3	-6.130695E-3
8.520000E-3	-5.670071E-3
8.525000E-3	-5.117595E-3
8.530000E-3	-4.780352E-3
8.535000E-3	-4.596651E-3
8.540000E-3	-4.777610E-3
8.545000E-3	-5.354762E-3
8.550000E-3	-6.097794E-3
8.555000E-3	-7.349432E-3
8.560000E-3	-8.683324E-3
8.565000E-3	-1.026535E-2
8.570000E-3	-1.197487E-2
8.575000E-3	-1.334989E-2
8.580000E-3	-1.449049E-2
8.585000E-3	-1.535004E-2
8.590000E-3	-1.544875E-2
8.595000E-3	-1.476467E-2
8.600000E-3	-1.361448E-2
8.605000E-3	-1.227784E-2
8.610000E-3	-1.067525E-2
8.615000E-3	-9.585381E-3
8.620000E-3	-8.912265E-3
8.625000E-3	-8.517444E-3
8.630000E-3	-8.409142E-3
8.635000E-3	-7.847071E-3
8.640000E-3	-7.154763E-3
8.645000E-3	-6.318510E-3
8.650000E-3	-6.119728E-3
8.655000E-3	-6.395280E-3
8.660000E-3	-6.962836E-3
8.665000E-3	-7.980049E-3
8.670000E-3	-8.681953E-3
8.675000E-3	-8.858800E-3
8.680000E-3	-8.964360E-3
8.685000E-3	-8.975327E-3
8.690000E-3	-9.001374E-3
8.695000E-3	-9.244025E-3
8.700000E-3	-9.575784E-3
8.705000E-3	-9.530544E-3
8.710000E-3	-9.205639E-3
8.715000E-3	-9.216607E-3
8.720000E-3	-8.758724E-3
8.725000E-3	-8.326888E-3
8.730000E-3	-7.964969E-3
8.735000E-3	-7.705867E-3
8.740000E-3	-7.733285E-3
8.745000E-3	-7.768929E-3
8.750000E-3	-8.018434E-3
8.755000E-3	-8.187056E-3
8.760000E-3	-8.103430E-3
8.765000E-3	-8.019805E-3
8.770000E-3	-8.059561E-3
8.775000E-3	-8.548975E-3
8.780000E-3	-8.679211E-3
8.785000E-3	-8.745015E-3
8.790000E-3	-8.846462E-3
8.795000E-3	-8.528411E-3
8.800000E-3	-7.784009E-3
8.805000E-3	-7.293224E-3
8.810000E-3	-7.093072E-3
8.815000E-3	-6.957352E-3
8.820000E-3	-7.095814E-3
8.825000E-3	-7.818282E-3
8.830000E-3	-8.193910E-3
8.835000E-3	-8.857429E-3
8.840000E-3	-9.525061E-3
8.845000E-3	-1.032841E-2
8.850000E-3	-1.109886E-2
8.855000E-3	-1.157594E-2
8.860000E-3	-1.183641E-2
8.865000E-3	-1.167464E-2
8.870000E-3	-1.108104E-2
8.875000E-3	-1.027495E-2
8.880000E-3	-9.630620E-3
8.885000E-3	-8.819044E-3
8.890000E-3	-8.429706E-3
8.895000E-3	-7.881343E-3
8.900000E-3	-7.522166E-3
8.905000E-3	-7.194519E-3
8.910000E-3	-6.966949E-3
8.915000E-3	-6.602287E-3
8.920000E-3	-6.499469E-3
8.925000E-3	-6.382942E-3
8.930000E-3	-6.898403E-3
8.935000E-3	-7.459104E-3
8.940000E-3	-8.466721E-3
8.945000E-3	-9.367406E-3
8.950000E-3	-1.015157E-2
8.955000E-3	-1.021463E-2
8.960000E-3	-1.034898E-2
8.965000E-3	-1.007342E-2
8.970000E-3	-9.527802E-3
8.975000E-3	-9.097338E-3
8.980000E-3	-8.272052E-3
8.985000E-3	-7.751107E-3
8.990000E-3	-7.619500E-3
8.995000E-3	-7.631838E-3
9.000000E-3	-7.782638E-3
9.005000E-3	-7.840216E-3
9.010000E-3	-8.206248E-3
9.015000E-3	-8.389950E-3
9.020000E-3	-8.849204E-3
9.025000E-3	-9.418130E-3
9.030000E-3	-1.014882E-2
9.035000E-3	-1.083291E-2
9.040000E-3	-1.116329E-2
9.045000E-3	-1.120031E-2
9.050000E-3	-1.076984E-2
9.055000E-3	-1.006246E-2
9.060000E-3	-9.185076E-3
9.065000E-3	-8.147299E-3
9.070000E-3	-7.322013E-3
9.075000E-3	-6.744862E-3
9.080000E-3	-6.127954E-3
9.085000E-3	-5.771518E-3
9.090000E-3	-5.302668E-3
9.095000E-3	-5.319118E-3
9.100000E-3	-5.490482E-3
9.105000E-3	-5.849659E-3
9.110000E-3	-6.167710E-3
9.115000E-3	-6.846309E-3
9.120000E-3	-7.742882E-3
9.125000E-3	-8.601069E-3
9.130000E-3	-9.584010E-3
9.135000E-3	-1.039284E-2
9.140000E-3	-1.077807E-2
9.145000E-3	-1.098233E-2
9.150000E-3	-1.087952E-2
9.155000E-3	-1.042438E-2
9.160000E-3	-1.000077E-2
9.165000E-3	-9.782791E-3
9.170000E-3	-9.830773E-3
9.175000E-3	-9.810209E-3
9.180000E-3	-9.734809E-3
9.185000E-3	-1.001996E-2
9.190000E-3	-1.008576E-2
9.195000E-3	-1.001173E-2
9.200000E-3	-9.774566E-3
9.205000E-3	-9.200156E-3
9.210000E-3	-8.688807E-3
9.215000E-3	-7.785380E-3
9.220000E-3	-7.131457E-3
9.225000E-3	-6.670833E-3
9.230000E-3	-6.722927E-3
9.235000E-3	-6.722927E-3
9.240000E-3	-6.755829E-3
9.245000E-3	-7.209599E-3
9.250000E-3	-7.550955E-3
9.255000E-3	-7.762074E-3
9.260000E-3	-7.725060E-3
9.265000E-3	-7.705867E-3
9.270000E-3	-7.556438E-3
9.275000E-3	-7.700384E-3
9.280000E-3	-8.293986E-3
9.285000E-3	-8.839607E-3
9.290000E-3	-9.104192E-3
9.295000E-3	-9.194672E-3
9.300000E-3	-9.393454E-3
9.305000E-3	-9.488046E-3
9.310000E-3	-9.383857E-3
9.315000E-3	-9.767711E-3
9.320000E-3	-1.028180E-2
9.325000E-3	-1.069993E-2
9.330000E-3	-1.111668E-2
9.335000E-3	-1.151150E-2
9.340000E-3	-1.176101E-2
9.345000E-3	-1.167053E-2
9.350000E-3	-1.128393E-2
9.355000E-3	-1.022834E-2
9.360000E-3	-9.220719E-3
9.365000E-3	-8.156896E-3
9.370000E-3	-7.408381E-3
9.375000E-3	-7.019043E-3
9.380000E-3	-6.934047E-3
9.385000E-3	-7.010818E-3
9.390000E-3	-6.961465E-3
9.395000E-3	-7.097185E-3
9.400000E-3	-7.171214E-3
9.405000E-3	-7.172585E-3
9.410000E-3	-7.075250E-3
9.415000E-3	-6.899774E-3
9.420000E-3	-6.692767E-3
9.425000E-3	-6.417215E-3
9.430000E-3	-6.212950E-3
9.435000E-3	-6.115615E-3
9.440000E-3	-5.916834E-3
9.445000E-3	-5.878448E-3
9.450000E-3	-6.073117E-3
9.455000E-3	-6.206095E-3
9.460000E-3	-6.400764E-3
9.465000E-3	-6.840825E-3
9.470000E-3	-7.067025E-3
9.475000E-3	-7.453620E-3
9.480000E-3	-7.943034E-3
9.485000E-3	-8.148670E-3
9.490000E-3	-8.538008E-3
9.495000E-3	-8.777916E-3
9.500000E-3	-9.159029E-3
9.505000E-3	-9.710133E-3
9.510000E-3	-1.031744E-2
9.515000E-3	-1.074654E-2
9.520000E-3	-1.113999E-2
9.525000E-3	-1.160884E-2
9.530000E-3	-1.171851E-2
9.535000E-3	-1.159102E-2
9.540000E-3	-1.103032E-2
9.545000E-3	-1.048058E-2
9.550000E-3	-9.623766E-3
9.555000E-3	-8.775175E-3
9.560000E-3	-8.058190E-3
9.565000E-3	-7.504344E-3
9.570000E-3	-7.431686E-3
9.575000E-3	-7.342577E-3
9.580000E-3	-7.278144E-3
9.585000E-3	-7.664740E-3
9.590000E-3	-8.015692E-3
9.595000E-3	-8.496881E-3
9.600000E-3	-8.998632E-3
9.605000E-3	-9.364665E-3
9.610000E-3	-9.422243E-3
9.615000E-3	-9.409904E-3
9.620000E-3	-8.898556E-3
9.625000E-3	-8.399546E-3
9.630000E-3	-7.726431E-3
9.635000E-3	-7.238388E-3
9.640000E-3	-7.146537E-3
9.645000E-3	-7.274032E-3
9.650000E-3	-7.341206E-3
9.655000E-3	-7.481039E-3
9.660000E-3	-7.546842E-3
9.665000E-3	-7.468700E-3
9.670000E-3	-7.146537E-3
9.675000E-3	-6.943643E-3
9.680000E-3	-6.794214E-3
9.685000E-3	-6.777763E-3
9.690000E-3	-7.150650E-3
9.695000E-3	-7.733285E-3
9.700000E-3	-8.492768E-3
9.705000E-3	-9.219348E-3
9.710000E-3	-9.777308E-3
9.715000E-3	-9.939075E-3
9.720000E-3	-9.730697E-3
9.725000E-3	-9.360552E-3
9.730000E-3	-9.085000E-3
9.735000E-3	-8.688807E-3
9.740000E-3	-8.439302E-3
9.745000E-3	-8.085608E-3
9.750000E-3	-7.746994E-3
9.755000E-3	-7.227421E-3
9.760000E-3	-6.884694E-3
9.765000E-3	-6.577611E-3
9.770000E-3	-6.474793E-3
9.775000E-3	-6.444633E-3
9.780000E-3	-6.625593E-3
9.785000E-3	-6.966949E-3
9.790000E-3	-7.453620E-3
9.795000E-3	-7.906020E-3
9.800000E-3	-8.406401E-3
9.805000E-3	-8.890331E-3
9.810000E-3	-9.330392E-3
9.815000E-3	-9.751260E-3
9.820000E-3	-9.786904E-3
9.825000E-3	-9.481192E-3
9.830000E-3	-9.172738E-3
9.835000E-3	-8.502364E-3
9.840000E-3	-7.952631E-3
9.845000E-3	-7.470071E-3
9.850000E-3	-7.173955E-3
9.855000E-3	-7.168472E-3
9.860000E-3	-7.667482E-3
9.865000E-3	-8.322775E-3
9.870000E-3	-9.385228E-3
9.875000E-3	-1.035309E-2
9.880000E-3	-1.140869E-2
9.885000E-3	-1.213390E-2
9.890000E-3	-1.254243E-2
9.895000E-3	-1.241082E-2
9.900000E-3	-1.186109E-2
9.905000E-3	-1.111943E-2
9.910000E-3	-1.014882E-2
9.915000E-3	-9.387970E-3
9.920000E-3	-8.647680E-3
9.925000E-3	-8.162379E-3
9.930000E-3	-7.640064E-3
9.935000E-3	-7.161617E-3
9.940000E-3	-6.718814E-3
9.945000E-3	-6.318510E-3
9.950000E-3	-6.192386E-3
9.955000E-3	-6.067634E-3
9.960000E-3	-6.252706E-3
9.965000E-3	-6.740749E-3
9.970000E-3	-7.328868E-3
9.975000E-3	-8.178830E-3
9.980000E-3	-8.856058E-3
9.985000E-3	-9.381115E-3
9.990000E-3	-9.420872E-3
9.995000E-3	-9.189188E-3
