0.000000E+0	-5.098540E-2
5.000000E-6	-5.114716E-2
1.000000E-5	-5.098403E-2
1.500000E-5	-5.096620E-2
2.000000E-5	-5.105120E-2
2.500000E-5	-5.114716E-2
3.000000E-5	-5.125546E-2
3.500000E-5	-5.124450E-2
4.000000E-5	-5.143780E-2
4.500000E-5	-5.131853E-2
5.000000E-5	-5.122942E-2
5.500000E-5	-5.126643E-2
6.000000E-5	-5.126232E-2
6.500000E-5	-5.117732E-2
7.000000E-5	-5.128425E-2
7.500000E-5	-5.117184E-2
8.000000E-5	-5.116224E-2
8.500000E-5	-5.103612E-2
9.000000E-5	-5.097169E-2
9.500000E-5	-5.087572E-2
1.000000E-4	-5.108958E-2
1.050000E-4	-5.095112E-2
1.100000E-4	-5.112386E-2
1.150000E-4	-5.122393E-2
1.200000E-4	-5.128425E-2
1.250000E-4	-5.128974E-2
1.300000E-4	-5.117458E-2
1.350000E-4	-5.122942E-2
1.400000E-4	-5.102789E-2
1.450000E-4	-5.111152E-2
1.500000E-4	-5.114990E-2
1.550000E-4	-5.122942E-2
1.600000E-4	-5.145150E-2
1.650000E-4	-5.144876E-2
1.700000E-4	-5.117732E-2
1.750000E-4	-5.120611E-2
1.800000E-4	-5.119103E-2
1.850000E-4	-5.116498E-2
1.900000E-4	-5.130482E-2
1.950000E-4	-5.127740E-2
2.000000E-4	-5.122668E-2
2.050000E-4	-5.111974E-2
2.100000E-4	-5.127329E-2
2.150000E-4	-5.122393E-2
2.200000E-4	-5.098128E-2
2.250000E-4	-5.089903E-2
2.300000E-4	-5.099910E-2
2.350000E-4	-5.098128E-2
2.400000E-4	-5.099225E-2
2.450000E-4	-5.090451E-2
2.500000E-4	-5.087572E-2
2.550000E-4	-5.094975E-2
2.600000E-4	-5.098540E-2
2.650000E-4	-5.087709E-2
2.700000E-4	-5.086339E-2
2.750000E-4	-5.100870E-2
2.800000E-4	-5.106902E-2
2.850000E-4	-5.125409E-2
2.900000E-4	-5.119514E-2
2.950000E-4	-5.120474E-2
3.000000E-4	-5.112249E-2
3.050000E-4	-5.123901E-2
3.100000E-4	-5.135006E-2
3.150000E-4	-5.139118E-2
3.200000E-4	-5.146247E-2
3.250000E-4	-5.144328E-2
3.300000E-4	-5.168593E-2
3.350000E-4	-5.159271E-2
3.400000E-4	-5.165714E-2
3.450000E-4	-5.174899E-2
3.500000E-4	-5.163383E-2
3.550000E-4	-5.143505E-2
3.600000E-4	-5.116910E-2
3.650000E-4	-5.112934E-2
3.700000E-4	-5.122119E-2
3.750000E-4	-5.100185E-2
3.800000E-4	-5.126095E-2
3.850000E-4	-5.132401E-2
3.900000E-4	-5.118555E-2
3.950000E-4	-5.124861E-2
4.000000E-4	-5.137748E-2
4.050000E-4	-5.128837E-2
4.100000E-4	-5.116910E-2
4.150000E-4	-5.105257E-2
4.200000E-4	-5.079895E-2
4.250000E-4	-5.084008E-2
4.300000E-4	-5.095249E-2
4.350000E-4	-5.108821E-2
4.400000E-4	-5.115539E-2
4.450000E-4	-5.121571E-2
4.500000E-4	-5.111426E-2
4.550000E-4	-5.100870E-2
4.600000E-4	-5.114990E-2
4.650000E-4	-5.123353E-2
4.700000E-4	-5.134594E-2
4.750000E-4	-5.142957E-2
4.800000E-4	-5.126369E-2
4.850000E-4	-5.123627E-2
4.900000E-4	-5.128974E-2
4.950000E-4	-5.139118E-2
5.000000E-4	-5.136102E-2
5.050000E-4	-5.126643E-2
5.100000E-4	-5.124450E-2
5.150000E-4	-5.138433E-2
5.200000E-4	-5.125684E-2
5.250000E-4	-5.126917E-2
5.300000E-4	-5.106491E-2
5.350000E-4	-5.082774E-2
5.400000E-4	-5.092508E-2
5.450000E-4	-5.095524E-2
5.500000E-4	-5.097580E-2
5.550000E-4	-5.109096E-2
5.600000E-4	-5.117732E-2
5.650000E-4	-5.131441E-2
5.700000E-4	-5.120611E-2
5.750000E-4	-5.105120E-2
5.800000E-4	-5.111426E-2
5.850000E-4	-5.111563E-2
5.900000E-4	-5.128151E-2
5.950000E-4	-5.123353E-2
6.000000E-4	-5.118144E-2
6.050000E-4	-5.121022E-2
6.100000E-4	-5.127466E-2
6.150000E-4	-5.135554E-2
6.200000E-4	-5.136377E-2
6.250000E-4	-5.152005E-2
6.300000E-4	-5.152142E-2
6.350000E-4	-5.135006E-2
6.400000E-4	-5.129659E-2
6.450000E-4	-5.136102E-2
6.500000E-4	-5.118692E-2
6.550000E-4	-5.114990E-2
6.600000E-4	-5.116498E-2
6.650000E-4	-5.120748E-2
6.700000E-4	-5.104572E-2
6.750000E-4	-5.095112E-2
6.800000E-4	-5.106217E-2
6.850000E-4	-5.082637E-2
6.900000E-4	-5.065775E-2
6.950000E-4	-5.071259E-2
7.000000E-4	-5.065638E-2
7.050000E-4	-5.060291E-2
7.100000E-4	-5.059743E-2
7.150000E-4	-5.082774E-2
7.200000E-4	-5.077702E-2
7.250000E-4	-5.072904E-2
7.300000E-4	-5.076742E-2
7.350000E-4	-5.080855E-2
7.400000E-4	-5.092371E-2
7.450000E-4	-5.085379E-2
7.500000E-4	-5.086064E-2
7.550000E-4	-5.100596E-2
7.600000E-4	-5.109233E-2
7.650000E-4	-5.115265E-2
7.700000E-4	-5.129111E-2
7.750000E-4	-5.140078E-2
7.800000E-4	-5.146796E-2
7.850000E-4	-5.145013E-2
7.900000E-4	-5.139393E-2
7.950000E-4	-5.151457E-2
8.000000E-4	-5.153239E-2
8.050000E-4	-5.137199E-2
8.100000E-4	-5.143505E-2
8.150000E-4	-5.148166E-2
8.200000E-4	-5.141723E-2
8.250000E-4	-5.143917E-2
8.300000E-4	-5.153787E-2
8.350000E-4	-5.123353E-2
8.400000E-4	-5.124587E-2
8.450000E-4	-5.107725E-2
8.500000E-4	-5.095387E-2
8.550000E-4	-5.113757E-2
8.600000E-4	-5.111289E-2
8.650000E-4	-5.081129E-2
8.700000E-4	-5.079347E-2
8.750000E-4	-5.072904E-2
8.800000E-4	-5.087572E-2
8.850000E-4	-5.082911E-2
8.900000E-4	-5.080169E-2
8.950000E-4	-5.099088E-2
9.000000E-4	-5.078113E-2
9.050000E-4	-5.081266E-2
9.100000E-4	-5.079210E-2
9.150000E-4	-5.074823E-2
9.200000E-4	-5.081129E-2
9.250000E-4	-5.083871E-2
9.300000E-4	-5.099362E-2
9.350000E-4	-5.087984E-2
9.400000E-4	-5.090040E-2
9.450000E-4	-5.106765E-2
9.500000E-4	-5.102926E-2
9.550000E-4	-5.087435E-2
9.600000E-4	-5.116773E-2
9.650000E-4	-5.123079E-2
9.700000E-4	-5.118281E-2
9.750000E-4	-5.131304E-2
9.800000E-4	-5.120611E-2
9.850000E-4	-5.108273E-2
9.900000E-4	-5.092645E-2
9.950000E-4	-5.092919E-2
1.000000E-3	-5.093056E-2
1.005000E-3	-5.094564E-2
1.010000E-3	-5.111563E-2
1.015000E-3	-5.121297E-2
1.020000E-3	-5.122393E-2
1.025000E-3	-5.129522E-2
1.030000E-3	-5.109507E-2
1.035000E-3	-5.103475E-2
1.040000E-3	-5.106354E-2
1.045000E-3	-5.123353E-2
1.050000E-3	-5.121845E-2
1.055000E-3	-5.111015E-2
1.060000E-3	-5.110329E-2
1.065000E-3	-5.131304E-2
1.070000E-3	-5.135828E-2
1.075000E-3	-5.137885E-2
1.080000E-3	-5.141449E-2
1.085000E-3	-5.125684E-2
1.090000E-3	-5.127466E-2
1.095000E-3	-5.120474E-2
1.100000E-3	-5.116773E-2
1.105000E-3	-5.099225E-2
1.110000E-3	-5.119514E-2
1.115000E-3	-5.103338E-2
1.120000E-3	-5.111426E-2
1.125000E-3	-5.118555E-2
1.130000E-3	-5.106080E-2
1.135000E-3	-5.084556E-2
1.140000E-3	-5.098814E-2
1.145000E-3	-5.082226E-2
1.150000E-3	-5.078387E-2
1.155000E-3	-5.071533E-2
1.160000E-3	-5.063170E-2
1.165000E-3	-5.072904E-2
1.170000E-3	-5.081129E-2
1.175000E-3	-5.078387E-2
1.180000E-3	-5.062759E-2
1.185000E-3	-5.093056E-2
1.190000E-3	-5.106491E-2
1.195000E-3	-5.107176E-2
1.200000E-3	-5.104023E-2
1.205000E-3	-5.116498E-2
1.210000E-3	-5.120337E-2
1.215000E-3	-5.128562E-2
1.220000E-3	-5.106217E-2
1.225000E-3	-5.107725E-2
1.230000E-3	-5.114305E-2
1.235000E-3	-5.127603E-2
1.240000E-3	-5.131716E-2
1.245000E-3	-5.131853E-2
1.250000E-3	-5.113071E-2
1.255000E-3	-5.111974E-2
1.260000E-3	-5.109233E-2
1.265000E-3	-5.115813E-2
1.270000E-3	-5.119240E-2
1.275000E-3	-5.114853E-2
1.280000E-3	-5.121434E-2
1.285000E-3	-5.128562E-2
1.290000E-3	-5.119789E-2
1.295000E-3	-5.120063E-2
1.300000E-3	-5.118692E-2
1.305000E-3	-5.118281E-2
1.310000E-3	-5.109644E-2
1.315000E-3	-5.094975E-2
1.320000E-3	-5.098540E-2
1.325000E-3	-5.085105E-2
1.330000E-3	-5.081815E-2
1.335000E-3	-5.070573E-2
1.340000E-3	-5.066460E-2
1.345000E-3	-5.063444E-2
1.350000E-3	-5.075508E-2
1.355000E-3	-5.093330E-2
1.360000E-3	-5.088532E-2
1.365000E-3	-5.095798E-2
1.370000E-3	-5.123490E-2
1.375000E-3	-5.134183E-2
1.380000E-3	-5.114853E-2
1.385000E-3	-5.088943E-2
1.390000E-3	-5.097854E-2
1.395000E-3	-5.123627E-2
1.400000E-3	-5.109781E-2
1.405000E-3	-5.103612E-2
1.410000E-3	-5.103338E-2
1.415000E-3	-5.103064E-2
1.420000E-3	-5.110329E-2
1.425000E-3	-5.102926E-2
1.430000E-3	-5.094975E-2
1.435000E-3	-5.099910E-2
1.440000E-3	-5.105531E-2
1.445000E-3	-5.103612E-2
1.450000E-3	-5.106628E-2
1.455000E-3	-5.105668E-2
1.460000E-3	-5.094153E-2
1.465000E-3	-5.109781E-2
1.470000E-3	-5.111152E-2
1.475000E-3	-5.125684E-2
1.480000E-3	-5.110604E-2
1.485000E-3	-5.095249E-2
1.490000E-3	-5.086750E-2
1.495000E-3	-5.109644E-2
1.500000E-3	-5.116636E-2
1.505000E-3	-5.102515E-2
1.510000E-3	-5.066597E-2
1.515000E-3	-5.090040E-2
1.520000E-3	-5.105668E-2
1.525000E-3	-5.117184E-2
1.530000E-3	-5.103064E-2
1.535000E-3	-5.133635E-2
1.540000E-3	-5.114168E-2
1.545000E-3	-5.106491E-2
1.550000E-3	-5.131578E-2
1.555000E-3	-5.137885E-2
1.560000E-3	-5.128974E-2
1.565000E-3	-5.101144E-2
1.570000E-3	-5.103201E-2
1.575000E-3	-5.110604E-2
1.580000E-3	-5.118144E-2
1.585000E-3	-5.088258E-2
1.590000E-3	-5.099773E-2
1.595000E-3	-5.107725E-2
1.600000E-3	-5.129796E-2
1.605000E-3	-5.127603E-2
1.610000E-3	-5.104983E-2
1.615000E-3	-5.112386E-2
1.620000E-3	-5.104434E-2
1.625000E-3	-5.085516E-2
1.630000E-3	-5.095249E-2
1.635000E-3	-5.113208E-2
1.640000E-3	-5.111426E-2
1.645000E-3	-5.109233E-2
1.650000E-3	-5.107176E-2
1.655000E-3	-5.102789E-2
1.660000E-3	-5.108410E-2
1.665000E-3	-5.109233E-2
1.670000E-3	-5.096209E-2
1.675000E-3	-5.107862E-2
1.680000E-3	-5.110192E-2
1.685000E-3	-5.128151E-2
1.690000E-3	-5.130208E-2
1.695000E-3	-5.125684E-2
1.700000E-3	-5.137748E-2
1.705000E-3	-5.122805E-2
1.710000E-3	-5.120748E-2
1.715000E-3	-5.124724E-2
1.720000E-3	-5.119514E-2
1.725000E-3	-5.125272E-2
1.730000E-3	-5.122119E-2
1.735000E-3	-5.139530E-2
1.740000E-3	-5.120611E-2
1.745000E-3	-5.112249E-2
1.750000E-3	-5.108136E-2
1.755000E-3	-5.111837E-2
1.760000E-3	-5.116361E-2
1.765000E-3	-5.103064E-2
1.770000E-3	-5.103612E-2
1.775000E-3	-5.099088E-2
1.780000E-3	-5.101281E-2
1.785000E-3	-5.123764E-2
1.790000E-3	-5.148166E-2
1.795000E-3	-5.118829E-2
1.800000E-3	-5.112112E-2
1.805000E-3	-5.119103E-2
1.810000E-3	-5.132675E-2
1.815000E-3	-5.118966E-2
1.820000E-3	-5.118418E-2
1.825000E-3	-5.098128E-2
1.830000E-3	-5.087161E-2
1.835000E-3	-5.089492E-2
1.840000E-3	-5.098540E-2
1.845000E-3	-5.120200E-2
1.850000E-3	-5.123353E-2
1.855000E-3	-5.106354E-2
1.860000E-3	-5.090588E-2
1.865000E-3	-5.112249E-2
1.870000E-3	-5.113620E-2
1.875000E-3	-5.117321E-2
1.880000E-3	-5.117869E-2
1.885000E-3	-5.109233E-2
1.890000E-3	-5.115402E-2
1.895000E-3	-5.110329E-2
1.900000E-3	-5.114442E-2
1.905000E-3	-5.119652E-2
1.910000E-3	-5.131030E-2
1.915000E-3	-5.140352E-2
1.920000E-3	-5.152965E-2
1.925000E-3	-5.148715E-2
1.930000E-3	-5.128837E-2
1.935000E-3	-5.121434E-2
1.940000E-3	-5.137336E-2
1.945000E-3	-5.119514E-2
1.950000E-3	-5.104709E-2
1.955000E-3	-5.104709E-2
1.960000E-3	-5.109370E-2
1.965000E-3	-5.129111E-2
1.970000E-3	-5.133086E-2
1.975000E-3	-5.122393E-2
1.980000E-3	-5.103201E-2
1.985000E-3	-5.107313E-2
1.990000E-3	-5.107039E-2
1.995000E-3	-5.093330E-2
2.000000E-3	-5.097580E-2
2.005000E-3	-5.102104E-2
2.010000E-3	-5.103886E-2
2.015000E-3	-5.108410E-2
2.020000E-3	-5.118006E-2
2.025000E-3	-5.125272E-2
2.030000E-3	-5.114031E-2
2.035000E-3	-5.113620E-2
2.040000E-3	-5.104023E-2
2.045000E-3	-5.103612E-2
2.050000E-3	-5.104297E-2
2.055000E-3	-5.109507E-2
2.060000E-3	-5.116910E-2
2.065000E-3	-5.117321E-2
2.070000E-3	-5.112660E-2
2.075000E-3	-5.124038E-2
2.080000E-3	-5.130482E-2
2.085000E-3	-5.126095E-2
2.090000E-3	-5.109096E-2
2.095000E-3	-5.107862E-2
2.100000E-3	-5.117321E-2
2.105000E-3	-5.116773E-2
2.110000E-3	-5.101418E-2
2.115000E-3	-5.096895E-2
2.120000E-3	-5.121571E-2
2.125000E-3	-5.125684E-2
2.130000E-3	-5.110466E-2
2.135000E-3	-5.109918E-2
2.140000E-3	-5.115539E-2
2.145000E-3	-5.110055E-2
2.150000E-3	-5.121160E-2
2.155000E-3	-5.119514E-2
2.160000E-3	-5.123353E-2
2.165000E-3	-5.122256E-2
2.170000E-3	-5.123079E-2
2.175000E-3	-5.111974E-2
2.180000E-3	-5.124587E-2
2.185000E-3	-5.121982E-2
2.190000E-3	-5.121022E-2
2.195000E-3	-5.137748E-2
2.200000E-3	-5.128974E-2
2.205000E-3	-5.124313E-2
2.210000E-3	-5.118418E-2
2.215000E-3	-5.114716E-2
2.220000E-3	-5.109233E-2
2.225000E-3	-5.103064E-2
2.230000E-3	-5.114716E-2
2.235000E-3	-5.112112E-2
2.240000E-3	-5.111289E-2
2.245000E-3	-5.107999E-2
2.250000E-3	-5.095387E-2
2.255000E-3	-5.103612E-2
2.260000E-3	-5.086476E-2
2.265000E-3	-5.096483E-2
2.270000E-3	-5.097991E-2
2.275000E-3	-5.089766E-2
2.280000E-3	-5.103475E-2
2.285000E-3	-5.114853E-2
2.290000E-3	-5.136102E-2
2.295000E-3	-5.142546E-2
2.300000E-3	-5.125546E-2
2.305000E-3	-5.114853E-2
2.310000E-3	-5.128151E-2
2.315000E-3	-5.124587E-2
2.320000E-3	-5.131167E-2
2.325000E-3	-5.129385E-2
2.330000E-3	-5.137473E-2
2.335000E-3	-5.133635E-2
2.340000E-3	-5.126506E-2
2.345000E-3	-5.129248E-2
2.350000E-3	-5.132401E-2
2.355000E-3	-5.110192E-2
2.360000E-3	-5.125546E-2
2.365000E-3	-5.090863E-2
2.370000E-3	-5.117458E-2
2.375000E-3	-5.063307E-2
2.380000E-3	-5.105257E-2
2.385000E-3	-5.063719E-2
2.390000E-3	-5.120748E-2
2.395000E-3	-5.050284E-2
2.400000E-3	-5.138022E-2
2.405000E-3	-5.040962E-2
2.410000E-3	-5.173665E-2
2.415000E-3	-5.036849E-2
2.420000E-3	-5.185455E-2
2.425000E-3	-4.984754E-2
2.430000E-3	-5.202591E-2
2.435000E-3	-4.971182E-2
2.440000E-3	-5.251396E-2
2.445000E-3	-4.955280E-2
2.450000E-3	-4.973924E-2
2.455000E-3	-1.028756E-1
2.460000E-3	-2.056538E-1
2.465000E-3	-2.375425E-1
2.470000E-3	-2.434635E-1
2.475000E-3	-5.292084E-1
2.480000E-3	-9.798968E-1
2.485000E-3	-3.999744E-1
2.490000E-3	-4.114091E-3
2.495000E-3	8.440673E-3
2.500000E-3	1.517092E+0
2.505000E-3	7.978431E-1
2.510000E-3	-7.101969E-1
2.515000E-3	8.258315E-1
2.520000E-3	3.610420E-1
2.525000E-3	-8.788349E-1
2.530000E-3	7.522975E-1
2.535000E-3	4.641260E-1
2.540000E-3	-6.310791E-1
2.545000E-3	3.954559E-1
2.550000E-3	2.776648E-1
2.555000E-3	-5.047693E-1
2.560000E-3	1.080124E-1
2.565000E-3	8.726096E-2
2.570000E-3	-7.277761E-1
2.575000E-3	-7.648700E-2
2.580000E-3	2.080612E-1
2.585000E-3	-8.331535E-1
2.590000E-3	-6.971884E-2
2.595000E-3	4.978572E-1
2.600000E-3	-7.761896E-1
2.605000E-3	-3.086076E-1
2.610000E-3	3.644638E-1
2.615000E-3	-7.191626E-1
2.620000E-3	-3.800099E-1
2.625000E-3	4.121343E-1
2.630000E-3	-3.531566E-1
2.635000E-3	-2.952536E-1
2.640000E-3	4.379184E-1
2.645000E-3	-1.165422E-1
2.650000E-3	-3.888906E-1
2.655000E-3	4.092212E-1
2.660000E-3	1.015170E-1
2.665000E-3	-4.293488E-1
2.670000E-3	2.266493E-1
2.675000E-3	2.090112E-1
2.680000E-3	-3.142927E-1
2.685000E-3	1.776202E-1
2.690000E-3	2.500095E-1
2.695000E-3	-3.463020E-1
2.700000E-3	8.012950E-3
2.705000E-3	2.756400E-1
2.710000E-3	-2.677737E-1
2.715000E-3	-1.039833E-2
2.720000E-3	2.293500E-1
2.725000E-3	-3.685546E-1
2.730000E-3	-1.542915E-1
2.735000E-3	2.393836E-1
2.740000E-3	-2.667456E-1
2.745000E-3	-2.254909E-1
2.750000E-3	1.892962E-1
2.755000E-3	-1.989830E-1
2.760000E-3	-2.849704E-1
2.765000E-3	2.094293E-1
2.770000E-3	-6.701130E-2
2.775000E-3	-3.426006E-1
2.780000E-3	1.349041E-1
2.785000E-3	-4.491776E-2
2.790000E-3	-3.256480E-1
2.795000E-3	1.768456E-1
2.800000E-3	5.164754E-2
2.805000E-3	-2.731710E-1
2.810000E-3	7.049477E-2
2.815000E-3	-8.255601E-3
2.820000E-3	-2.598979E-1
2.825000E-3	4.657382E-2
2.830000E-3	9.427178E-2
2.835000E-3	-1.804566E-1
2.840000E-3	-1.901859E-2
2.845000E-3	9.358907E-2
2.850000E-3	-1.700322E-1
2.855000E-3	-5.375326E-2
2.860000E-3	1.047400E-1
2.865000E-3	-1.993929E-1
2.870000E-3	-1.417764E-1
2.875000E-3	1.154454E-1
2.880000E-3	-9.138739E-2
2.885000E-3	-1.108433E-1
2.890000E-3	1.276602E-1
2.895000E-3	-5.308974E-2
2.900000E-3	-1.473094E-1
2.905000E-3	1.060259E-1
2.910000E-3	-7.310361E-2
2.915000E-3	-2.487469E-1
2.920000E-3	3.658813E-2
2.925000E-3	-2.903992E-2
2.930000E-3	-1.774310E-1
2.935000E-3	7.599211E-2
2.940000E-3	4.391015E-3
2.945000E-3	-1.951733E-1
2.950000E-3	2.142864E-2
2.955000E-3	-1.102072E-2
2.960000E-3	-2.201663E-1
2.965000E-3	1.310998E-2
2.970000E-3	5.460733E-2
2.975000E-3	-1.947305E-1
2.980000E-3	-4.844511E-2
2.985000E-3	2.114898E-2
2.990000E-3	-1.767510E-1
2.995000E-3	-4.840261E-2
3.000000E-3	4.851502E-2
3.005000E-3	-1.430418E-1
3.010000E-3	-9.011930E-2
3.015000E-3	5.792767E-2
3.020000E-3	-8.793271E-2
3.025000E-3	-1.034678E-1
3.030000E-3	5.339134E-2
3.035000E-3	-7.031929E-2
3.040000E-3	-1.264428E-1
3.045000E-3	3.974122E-2
3.050000E-3	-3.120321E-2
3.055000E-3	-1.073365E-1
3.060000E-3	4.410481E-2
3.065000E-3	3.616452E-3
3.070000E-3	-1.212499E-1
3.075000E-3	1.340336E-2
3.080000E-3	1.334715E-2
3.085000E-3	-1.435243E-1
3.090000E-3	-7.741511E-3
3.095000E-3	2.514929E-2
3.100000E-3	-1.689122E-1
3.105000E-3	-5.121708E-2
3.110000E-3	1.272339E-2
3.115000E-3	-1.650462E-1
3.120000E-3	-5.669248E-2
3.125000E-3	3.559422E-2
3.130000E-3	-1.421507E-1
3.135000E-3	-9.141344E-2
3.140000E-3	2.241570E-2
3.145000E-3	-1.118591E-1
3.150000E-3	-1.043329E-1
3.155000E-3	-4.173040E-3
3.160000E-3	-1.135166E-1
3.165000E-3	-1.105677E-1
3.170000E-3	1.746124E-2
3.175000E-3	-8.050650E-2
3.180000E-3	-1.088144E-1
3.185000E-3	4.001951E-2
3.190000E-3	-5.555600E-2
3.195000E-3	-1.220847E-1
3.200000E-3	4.299164E-2
3.205000E-3	-1.600534E-2
3.210000E-3	-9.894520E-2
3.215000E-3	3.335416E-2
3.220000E-3	-8.557200E-3
3.225000E-3	-1.012922E-1
3.230000E-3	-8.961618E-3
3.235000E-3	-3.162408E-2
3.240000E-3	-1.089610E-1
3.245000E-3	-9.108305E-3
3.250000E-3	4.567862E-3
3.255000E-3	-9.586066E-2
3.260000E-3	-2.441174E-2
3.265000E-3	-1.137853E-3
3.270000E-3	-1.252049E-1
3.275000E-3	-7.459790E-2
3.280000E-3	-5.989492E-3
3.285000E-3	-1.116288E-1
3.290000E-3	-9.595525E-2
3.295000E-3	-7.763445E-3
3.300000E-3	-8.426690E-2
3.305000E-3	-9.074855E-2
3.310000E-3	-8.990407E-3
3.315000E-3	-7.245243E-2
3.320000E-3	-9.213728E-2
3.325000E-3	-1.305515E-2
3.330000E-3	-5.838555E-2
3.335000E-3	-8.796698E-2
3.340000E-3	-1.579559E-2
3.345000E-3	-3.968775E-2
3.350000E-3	-8.060521E-2
3.355000E-3	-1.156771E-2
3.360000E-3	-2.109414E-2
3.365000E-3	-8.646721E-2
3.370000E-3	-3.865546E-2
3.375000E-3	-4.232264E-2
3.380000E-3	-8.228868E-2
3.385000E-3	-1.352537E-2
3.390000E-3	-2.787465E-2
3.395000E-3	-8.464938E-2
3.400000E-3	-3.105515E-2
3.405000E-3	-4.021418E-2
3.410000E-3	-9.687102E-2
3.415000E-3	-5.617428E-2
3.420000E-3	-3.050542E-2
3.425000E-3	-7.026035E-2
3.430000E-3	-5.195874E-2
3.435000E-3	-2.353299E-2
3.440000E-3	-7.262516E-2
3.445000E-3	-6.971884E-2
3.450000E-3	-3.649765E-2
3.455000E-3	-6.928563E-2
3.460000E-3	-4.628044E-2
3.465000E-3	-1.389277E-2
3.470000E-3	-5.435508E-2
3.475000E-3	-4.572660E-2
3.480000E-3	-2.406901E-2
3.485000E-3	-4.636270E-2
3.490000E-3	-5.210543E-2
3.495000E-3	-5.574930E-2
3.500000E-3	-5.650604E-2
3.505000E-3	-3.870755E-2
3.510000E-3	-3.406703E-2
3.515000E-3	-4.407191E-2
3.520000E-3	-4.023886E-2
3.525000E-3	-4.026765E-2
3.530000E-3	-5.701876E-2
3.535000E-3	-4.309720E-2
3.540000E-3	-3.486490E-2
3.545000E-3	-6.758022E-2
3.550000E-3	-6.223780E-2
3.555000E-3	-5.435920E-2
3.560000E-3	-8.767635E-2
3.565000E-3	-7.276911E-2
3.570000E-3	-3.376406E-2
3.575000E-3	-5.947679E-2
3.580000E-3	-6.994230E-2
3.585000E-3	-3.604800E-2
3.590000E-3	-6.198555E-2
3.595000E-3	-7.463217E-2
3.600000E-3	-3.558600E-2
3.605000E-3	-6.242698E-2
3.610000E-3	-8.795190E-2
3.615000E-3	-5.065638E-2
3.620000E-3	-5.859804E-2
3.625000E-3	-6.828624E-2
3.630000E-3	-2.692187E-2
3.635000E-3	-3.379971E-2
3.640000E-3	-5.758220E-2
3.645000E-3	-3.833055E-2
3.650000E-3	-5.052614E-2
3.655000E-3	-6.344968E-2
3.660000E-3	-3.054929E-2
3.665000E-3	-3.583002E-2
3.670000E-3	-5.627847E-2
3.675000E-3	-3.405333E-2
3.680000E-3	-4.041708E-2
3.685000E-3	-6.005120E-2
3.690000E-3	-4.467922E-2
3.695000E-3	-5.999500E-2
3.700000E-3	-9.594291E-2
3.705000E-3	-6.185943E-2
3.710000E-3	-6.933910E-2
3.715000E-3	-9.955251E-2
3.720000E-3	-7.620049E-2
3.725000E-3	-7.701617E-2
3.730000E-3	-9.628701E-2
3.735000E-3	-6.762272E-2
3.740000E-3	-5.096620E-2
3.745000E-3	-4.464221E-2
3.750000E-3	5.848289E-3
3.755000E-3	6.906492E-2
3.760000E-3	4.377168E-2
3.765000E-3	-9.490788E-3
3.770000E-3	8.938313E-4
3.775000E-3	-1.427525E-2
3.780000E-3	-5.036163E-2
3.785000E-3	-2.415812E-2
3.790000E-3	-1.653177E-2
3.795000E-3	-4.623383E-2
3.800000E-3	-4.669446E-2
3.805000E-3	-4.871106E-2
3.810000E-3	-7.273209E-2
3.815000E-3	-7.550406E-2
3.820000E-3	-8.144420E-2
3.825000E-3	-9.964573E-2
3.830000E-3	-8.297688E-2
3.835000E-3	-6.768578E-2
3.840000E-3	-9.553438E-2
3.845000E-3	-9.165472E-2
3.850000E-3	-6.739104E-2
3.855000E-3	-8.975601E-2
3.860000E-3	-8.952433E-2
3.865000E-3	-5.939728E-2
3.870000E-3	-7.343674E-2
3.875000E-3	-8.151823E-2
3.880000E-3	-4.825181E-2
3.885000E-3	-4.710299E-2
3.890000E-3	-5.757946E-2
3.895000E-3	-2.696985E-2
3.900000E-3	-2.072811E-2
3.905000E-3	-4.408151E-2
3.910000E-3	-2.405941E-2
3.915000E-3	-1.764768E-2
3.920000E-3	-5.026978E-2
3.925000E-3	-4.117107E-2
3.930000E-3	-1.917762E-2
3.935000E-3	-2.887952E-2
3.940000E-3	-2.766490E-2
3.945000E-3	-2.400047E-2
3.950000E-3	-4.855478E-2
3.955000E-3	-5.571365E-2
3.960000E-3	-3.843611E-2
3.965000E-3	-5.019850E-2
3.970000E-3	-6.264222E-2
3.975000E-3	-5.303353E-2
3.980000E-3	-6.446964E-2
3.985000E-3	-7.209051E-2
3.990000E-3	-5.900109E-2
3.995000E-3	-6.340444E-2
4.000000E-3	-6.709081E-2
4.005000E-3	-5.563962E-2
4.010000E-3	-5.229598E-2
4.015000E-3	-5.249888E-2
4.020000E-3	-4.851091E-2
4.025000E-3	-5.372447E-2
4.030000E-3	-6.139743E-2
4.035000E-3	-5.897367E-2
4.040000E-3	-5.770284E-2
4.045000E-3	-5.343384E-2
4.050000E-3	-3.896528E-2
4.055000E-3	-3.900504E-2
4.060000E-3	-5.202180E-2
4.065000E-3	-5.644161E-2
4.070000E-3	-5.674595E-2
4.075000E-3	-5.666232E-2
4.080000E-3	-5.346400E-2
4.085000E-3	-5.142683E-2
4.090000E-3	-5.191624E-2
4.095000E-3	-5.124038E-2
4.100000E-3	-4.556757E-2
4.105000E-3	-4.334259E-2
4.110000E-3	-4.932386E-2
4.115000E-3	-5.469644E-2
4.120000E-3	-6.004298E-2
4.125000E-3	-5.783582E-2
4.130000E-3	-4.296011E-2
4.135000E-3	-3.406429E-2
4.140000E-3	-3.465378E-2
4.145000E-3	-3.248090E-2
4.150000E-3	-3.443444E-2
4.155000E-3	-4.565120E-2
4.160000E-3	-5.252904E-2
4.165000E-3	-5.603856E-2
4.170000E-3	-6.331122E-2
4.175000E-3	-6.066537E-2
4.180000E-3	-5.014366E-2
4.185000E-3	-4.676849E-2
4.190000E-3	-4.719073E-2
4.195000E-3	-4.675341E-2
4.200000E-3	-5.104434E-2
4.205000E-3	-6.148791E-2
4.210000E-3	-6.935418E-2
4.215000E-3	-6.898129E-2
4.220000E-3	-6.537718E-2
4.225000E-3	-5.445516E-2
4.230000E-3	-3.960824E-2
4.235000E-3	-4.046094E-2
4.240000E-3	-5.004084E-2
4.245000E-3	-5.598921E-2
4.250000E-3	-6.381160E-2
4.255000E-3	-6.247360E-2
4.260000E-3	-5.310071E-2
4.265000E-3	-5.566019E-2
4.270000E-3	-5.546826E-2
4.275000E-3	-4.439545E-2
4.280000E-3	-4.294777E-2
4.285000E-3	-4.027450E-2
4.290000E-3	-3.489232E-2
4.295000E-3	-4.848212E-2
4.300000E-3	-5.356270E-2
4.305000E-3	-4.158235E-2
4.310000E-3	-4.784191E-2
4.315000E-3	-5.112249E-2
4.320000E-3	-3.738600E-2
4.325000E-3	-4.362774E-2
4.330000E-3	-5.178738E-2
4.335000E-3	-4.049522E-2
4.340000E-3	-4.726887E-2
4.345000E-3	-5.859119E-2
4.350000E-3	-4.803383E-2
4.355000E-3	-5.138022E-2
4.360000E-3	-6.025684E-2
4.365000E-3	-4.527968E-2
4.370000E-3	-4.195386E-2
4.375000E-3	-5.534077E-2
4.380000E-3	-4.968166E-2
4.385000E-3	-5.089629E-2
4.390000E-3	-6.897444E-2
4.395000E-3	-6.145227E-2
4.400000E-3	-4.758829E-2
4.405000E-3	-5.497611E-2
4.410000E-3	-5.336529E-2
4.415000E-3	-4.864526E-2
4.420000E-3	-5.902439E-2
4.425000E-3	-5.653346E-2
4.430000E-3	-4.676712E-2
4.435000E-3	-5.187649E-2
4.440000E-3	-5.091822E-2
4.445000E-3	-4.357564E-2
4.450000E-3	-5.081952E-2
4.455000E-3	-5.580413E-2
4.460000E-3	-5.107039E-2
4.465000E-3	-5.552173E-2
4.470000E-3	-5.909842E-2
4.475000E-3	-4.918814E-2
4.480000E-3	-4.866993E-2
4.485000E-3	-5.726004E-2
4.490000E-3	-5.364496E-2
4.495000E-3	-5.423582E-2
4.500000E-3	-6.330162E-2
4.505000E-3	-5.772203E-2
4.510000E-3	-5.225348E-2
4.515000E-3	-5.888182E-2
4.520000E-3	-5.458403E-2
4.525000E-3	-4.544967E-2
4.530000E-3	-4.650527E-2
4.535000E-3	-4.301083E-2
4.540000E-3	-4.080093E-2
4.545000E-3	-5.068105E-2
4.550000E-3	-5.183262E-2
4.555000E-3	-4.569095E-2
4.560000E-3	-4.870558E-2
4.565000E-3	-4.717290E-2
4.570000E-3	-3.962058E-2
4.575000E-3	-4.465044E-2
4.580000E-3	-5.226994E-2
4.585000E-3	-4.855341E-2
4.590000E-3	-4.822439E-2
4.595000E-3	-5.394244E-2
4.600000E-3	-5.137336E-2
4.605000E-3	-4.962546E-2
4.610000E-3	-5.535311E-2
4.615000E-3	-5.413026E-2
4.620000E-3	-5.034381E-2
4.625000E-3	-5.427146E-2
4.630000E-3	-5.568075E-2
4.635000E-3	-5.181891E-2
4.640000E-3	-5.279773E-2
4.645000E-3	-5.308288E-2
4.650000E-3	-4.684800E-2
4.655000E-3	-4.963642E-2
4.660000E-3	-5.711746E-2
4.665000E-3	-5.311441E-2
4.670000E-3	-5.012995E-2
4.675000E-3	-5.242211E-2
4.680000E-3	-4.948425E-2
4.685000E-3	-4.911822E-2
4.690000E-3	-5.268532E-2
4.695000E-3	-4.906887E-2
4.700000E-3	-4.584724E-2
4.705000E-3	-4.826277E-2
4.710000E-3	-4.233360E-2
4.715000E-3	-3.422195E-2
4.720000E-3	-3.796178E-2
4.725000E-3	-4.193193E-2
4.730000E-3	-4.361403E-2
4.735000E-3	-5.047816E-2
4.740000E-3	-5.375326E-2
4.745000E-3	-5.104572E-2
4.750000E-3	-5.296499E-2
4.755000E-3	-5.450451E-2
4.760000E-3	-4.829431E-2
4.765000E-3	-4.614335E-2
4.770000E-3	-4.886323E-2
4.775000E-3	-4.819560E-2
4.780000E-3	-5.617154E-2
4.785000E-3	-6.610650E-2
4.790000E-3	-6.008136E-2
4.795000E-3	-5.715173E-2
4.800000E-3	-5.953300E-2
4.805000E-3	-5.063307E-2
4.810000E-3	-4.793102E-2
4.815000E-3	-5.614275E-2
4.820000E-3	-5.521876E-2
4.825000E-3	-5.480886E-2
4.830000E-3	-5.999911E-2
4.835000E-3	-5.575067E-2
4.840000E-3	-4.989964E-2
4.845000E-3	-5.473208E-2
4.850000E-3	-5.440032E-2
4.855000E-3	-5.472660E-2
4.860000E-3	-6.079149E-2
4.865000E-3	-6.078601E-2
4.870000E-3	-5.659103E-2
4.875000E-3	-5.730802E-2
4.880000E-3	-5.868441E-2
4.885000E-3	-5.226308E-2
4.890000E-3	-5.437154E-2
4.895000E-3	-5.767953E-2
4.900000E-3	-4.936224E-2
4.905000E-3	-5.198342E-2
4.910000E-3	-5.965227E-2
4.915000E-3	-4.990238E-2
4.920000E-3	-5.249888E-2
4.925000E-3	-5.979759E-2
4.930000E-3	-4.585546E-2
4.935000E-3	-4.486156E-2
4.940000E-3	-5.342287E-2
4.945000E-3	-3.565592E-2
4.950000E-3	-2.666003E-2
4.955000E-3	-3.568470E-2
4.960000E-3	-2.426505E-2
4.965000E-3	-2.558386E-2
4.970000E-3	-4.609811E-2
4.975000E-3	-3.796452E-2
4.980000E-3	-3.679103E-2
4.985000E-3	-5.748212E-2
4.990000E-3	-4.650390E-2
4.995000E-3	-4.350024E-2
5.000000E-3	-6.708121E-2
5.005000E-3	-5.989081E-2
5.010000E-3	-5.051655E-2
5.015000E-3	-6.592554E-2
5.020000E-3	-6.347847E-2
5.025000E-3	-5.382591E-2
5.030000E-3	-6.699485E-2
5.035000E-3	-7.092249E-2
5.040000E-3	-5.787009E-2
5.045000E-3	-6.427085E-2
5.050000E-3	-6.508517E-2
5.055000E-3	-4.691792E-2
5.060000E-3	-5.392599E-2
5.065000E-3	-5.957001E-2
5.070000E-3	-4.300261E-2
5.075000E-3	-4.437351E-2
5.080000E-3	-4.690695E-2
5.085000E-3	-3.206962E-2
5.090000E-3	-3.199422E-2
5.095000E-3	-4.120946E-2
5.100000E-3	-3.640580E-2
5.105000E-3	-3.815919E-2
5.110000E-3	-4.915386E-2
5.115000E-3	-4.285729E-2
5.120000E-3	-3.950131E-2
5.125000E-3	-4.928821E-2
5.130000E-3	-4.619545E-2
5.135000E-3	-4.205531E-2
5.140000E-3	-4.910725E-2
5.145000E-3	-4.858083E-2
5.150000E-3	-4.703993E-2
5.155000E-3	-5.546963E-2
5.160000E-3	-6.206918E-2
5.165000E-3	-5.964541E-2
5.170000E-3	-6.406522E-2
5.175000E-3	-6.686735E-2
5.180000E-3	-5.799484E-2
5.185000E-3	-6.021160E-2
5.190000E-3	-6.195265E-2
5.195000E-3	-5.392873E-2
5.200000E-3	-5.643201E-2
5.205000E-3	-5.964267E-2
5.210000E-3	-5.515158E-2
5.215000E-3	-5.289781E-2
5.220000E-3	-5.483627E-2
5.225000E-3	-5.405211E-2
5.230000E-3	-5.035341E-2
5.235000E-3	-5.263048E-2
5.240000E-3	-5.038768E-2
5.245000E-3	-4.707968E-2
5.250000E-3	-4.567176E-2
5.255000E-3	-4.494107E-2
5.260000E-3	-4.676574E-2
5.265000E-3	-4.673833E-2
5.270000E-3	-4.622012E-2
5.275000E-3	-4.823536E-2
5.280000E-3	-4.394031E-2
5.285000E-3	-4.631883E-2
5.290000E-3	-4.947877E-2
5.295000E-3	-4.844922E-2
5.300000E-3	-5.057412E-2
5.305000E-3	-4.897839E-2
5.310000E-3	-4.813802E-2
5.315000E-3	-5.115950E-2
5.320000E-3	-5.172157E-2
5.325000E-3	-5.258524E-2
5.330000E-3	-5.410284E-2
5.335000E-3	-5.104709E-2
5.340000E-3	-4.894412E-2
5.345000E-3	-5.034518E-2
5.350000E-3	-5.242622E-2
5.355000E-3	-5.463886E-2
5.360000E-3	-5.541068E-2
5.365000E-3	-5.594397E-2
5.370000E-3	-5.738068E-2
5.375000E-3	-5.798388E-2
5.380000E-3	-5.891472E-2
5.385000E-3	-5.855417E-2
5.390000E-3	-5.449080E-2
5.395000E-3	-5.142272E-2
5.400000E-3	-4.878783E-2
5.405000E-3	-4.826415E-2
5.410000E-3	-4.816955E-2
5.415000E-3	-4.720169E-2
5.420000E-3	-4.732507E-2
5.425000E-3	-4.740047E-2
5.430000E-3	-4.969674E-2
5.435000E-3	-5.045211E-2
5.440000E-3	-4.869598E-2
5.445000E-3	-4.824632E-2
5.450000E-3	-4.652447E-2
5.455000E-3	-4.846567E-2
5.460000E-3	-5.105805E-2
5.465000E-3	-5.160367E-2
5.470000E-3	-5.407679E-2
5.475000E-3	-5.321860E-2
5.480000E-3	-5.112660E-2
5.485000E-3	-4.798448E-2
5.490000E-3	-4.727983E-2
5.495000E-3	-4.732233E-2
5.500000E-3	-4.461205E-2
5.505000E-3	-4.654092E-2
5.510000E-3	-4.999286E-2
5.515000E-3	-4.767740E-2
5.520000E-3	-4.805028E-2
5.525000E-3	-4.839575E-2
5.530000E-3	-4.820246E-2
5.535000E-3	-4.883993E-2
5.540000E-3	-4.976940E-2
5.545000E-3	-5.165851E-2
5.550000E-3	-5.179560E-2
5.555000E-3	-5.179423E-2
5.560000E-3	-5.140626E-2
5.565000E-3	-5.125135E-2
5.570000E-3	-5.371761E-2
5.575000E-3	-5.379164E-2
5.580000E-3	-5.356544E-2
5.585000E-3	-5.544358E-2
5.590000E-3	-5.600154E-2
5.595000E-3	-5.547649E-2
5.600000E-3	-5.386841E-2
5.605000E-3	-5.150908E-2
5.610000E-3	-5.051380E-2
5.615000E-3	-4.955417E-2
5.620000E-3	-5.092371E-2
5.625000E-3	-5.159545E-2
5.630000E-3	-4.965013E-2
5.635000E-3	-4.827648E-2
5.640000E-3	-4.533863E-2
5.645000E-3	-4.605287E-2
5.650000E-3	-4.959804E-2
5.655000E-3	-5.116636E-2
5.660000E-3	-5.266613E-2
5.665000E-3	-5.324602E-2
5.670000E-3	-5.273193E-2
5.675000E-3	-5.357504E-2
5.680000E-3	-5.538464E-2
5.685000E-3	-5.654442E-2
5.690000E-3	-5.670208E-2
5.695000E-3	-5.844039E-2
5.700000E-3	-5.884480E-2
5.705000E-3	-5.661160E-2
5.710000E-3	-5.581647E-2
5.715000E-3	-5.446064E-2
5.720000E-3	-5.147481E-2
5.725000E-3	-5.096620E-2
5.730000E-3	-5.030268E-2
5.735000E-3	-4.689050E-2
5.740000E-3	-4.389781E-2
5.745000E-3	-4.129583E-2
5.750000E-3	-3.795493E-2
5.755000E-3	-3.805226E-2
5.760000E-3	-4.015523E-2
5.765000E-3	-3.993589E-2
5.770000E-3	-4.145074E-2
5.775000E-3	-4.476970E-2
5.780000E-3	-4.581434E-2
5.785000E-3	-4.763079E-2
5.790000E-3	-4.968989E-2
5.795000E-3	-5.003947E-2
5.800000E-3	-5.131030E-2
5.805000E-3	-5.436879E-2
5.810000E-3	-5.736148E-2
5.815000E-3	-6.009096E-2
5.820000E-3	-6.332493E-2
5.825000E-3	-6.450117E-2
5.830000E-3	-6.462318E-2
5.835000E-3	-6.517702E-2
5.840000E-3	-6.382394E-2
5.845000E-3	-6.133711E-2
5.850000E-3	-5.903810E-2
5.855000E-3	-5.637991E-2
5.860000E-3	-5.382729E-2
5.865000E-3	-5.220276E-2
5.870000E-3	-5.090451E-2
5.875000E-3	-4.908258E-2
5.880000E-3	-4.812843E-2
5.885000E-3	-4.742789E-2
5.890000E-3	-4.645592E-2
5.895000E-3	-4.636133E-2
5.900000E-3	-4.709339E-2
5.905000E-3	-4.700840E-2
5.910000E-3	-4.574031E-2
5.915000E-3	-4.372370E-2
5.920000E-3	-4.147542E-2
5.925000E-3	-4.006338E-2
5.930000E-3	-4.024297E-2
5.935000E-3	-4.154944E-2
5.940000E-3	-4.416925E-2
5.945000E-3	-4.764175E-2
5.950000E-3	-5.033833E-2
5.955000E-3	-5.170512E-2
5.960000E-3	-5.118829E-2
5.965000E-3	-4.988319E-2
5.970000E-3	-4.992157E-2
5.975000E-3	-5.055904E-2
5.980000E-3	-5.146658E-2
5.985000E-3	-5.280870E-2
5.990000E-3	-5.349004E-2
5.995000E-3	-5.352843E-2
6.000000E-3	-5.329263E-2
6.005000E-3	-5.259621E-2
6.010000E-3	-5.122668E-2
6.015000E-3	-4.972553E-2
6.020000E-3	-4.855615E-2
6.025000E-3	-4.825044E-2
6.030000E-3	-4.895097E-2
6.035000E-3	-5.050695E-2
6.040000E-3	-5.151182E-2
6.045000E-3	-5.260032E-2
6.050000E-3	-5.359149E-2
6.055000E-3	-5.386978E-2
6.060000E-3	-5.330908E-2
6.065000E-3	-5.276757E-2
6.070000E-3	-5.223566E-2
6.075000E-3	-5.163658E-2
6.080000E-3	-5.215752E-2
6.085000E-3	-5.316240E-2
6.090000E-3	-5.442226E-2
6.095000E-3	-5.556834E-2
6.100000E-3	-5.649370E-2
6.105000E-3	-5.626065E-2
6.110000E-3	-5.534077E-2
6.115000E-3	-5.375600E-2
6.120000E-3	-5.156803E-2
6.125000E-3	-4.884404E-2
6.130000E-3	-4.786932E-2
6.135000E-3	-4.828060E-2
6.140000E-3	-4.902774E-2
6.145000E-3	-5.002850E-2
6.150000E-3	-5.023414E-2
6.155000E-3	-4.995036E-2
6.160000E-3	-4.980916E-2
6.165000E-3	-5.024648E-2
6.170000E-3	-5.047542E-2
6.175000E-3	-5.112249E-2
6.180000E-3	-5.207253E-2
6.185000E-3	-5.253315E-2
6.190000E-3	-5.304450E-2
6.195000E-3	-5.395067E-2
6.200000E-3	-5.427009E-2
6.205000E-3	-5.435371E-2
6.210000E-3	-5.452508E-2
6.215000E-3	-5.420291E-2
6.220000E-3	-5.311167E-2
6.225000E-3	-5.241251E-2
6.230000E-3	-5.217260E-2
6.235000E-3	-5.250573E-2
6.240000E-3	-5.281144E-2
6.245000E-3	-5.257428E-2
6.250000E-3	-5.140901E-2
6.255000E-3	-4.993528E-2
6.260000E-3	-4.846019E-2
6.265000E-3	-4.761434E-2
6.270000E-3	-4.777199E-2
6.275000E-3	-4.809278E-2
6.280000E-3	-4.921693E-2
6.285000E-3	-5.138844E-2
6.290000E-3	-5.332553E-2
6.295000E-3	-5.416316E-2
6.300000E-3	-5.405486E-2
6.305000E-3	-5.262363E-2
6.310000E-3	-5.036300E-2
6.315000E-3	-4.912508E-2
6.320000E-3	-4.907846E-2
6.325000E-3	-4.974610E-2
6.330000E-3	-5.052614E-2
6.335000E-3	-5.155706E-2
6.340000E-3	-5.133224E-2
6.345000E-3	-5.024648E-2
6.350000E-3	-4.980779E-2
6.355000E-3	-4.903048E-2
6.360000E-3	-4.735523E-2
6.365000E-3	-4.625714E-2
6.370000E-3	-4.584038E-2
6.375000E-3	-4.547435E-2
6.380000E-3	-4.567039E-2
6.385000E-3	-4.636818E-2
6.390000E-3	-4.644221E-2
6.395000E-3	-4.591715E-2
6.400000E-3	-4.533178E-2
6.405000E-3	-4.475325E-2
6.410000E-3	-4.462165E-2
6.415000E-3	-4.591852E-2
6.420000E-3	-4.835600E-2
6.425000E-3	-5.068791E-2
6.430000E-3	-5.195463E-2
6.435000E-3	-5.184221E-2
6.440000E-3	-5.121708E-2
6.445000E-3	-5.064267E-2
6.450000E-3	-5.045211E-2
6.455000E-3	-5.102515E-2
6.460000E-3	-5.145973E-2
6.465000E-3	-5.244267E-2
6.470000E-3	-5.347770E-2
6.475000E-3	-5.384922E-2
6.480000E-3	-5.407816E-2
6.485000E-3	-5.370802E-2
6.490000E-3	-5.306232E-2
6.495000E-3	-5.252904E-2
6.500000E-3	-5.167085E-2
6.505000E-3	-5.100185E-2
6.510000E-3	-5.101007E-2
6.515000E-3	-5.203825E-2
6.520000E-3	-5.320626E-2
6.525000E-3	-5.400687E-2
6.530000E-3	-5.469233E-2
6.535000E-3	-5.505013E-2
6.540000E-3	-5.550665E-2
6.545000E-3	-5.525166E-2
6.550000E-3	-5.405760E-2
6.555000E-3	-5.309385E-2
6.560000E-3	-5.244952E-2
6.565000E-3	-5.251944E-2
6.570000E-3	-5.319941E-2
6.575000E-3	-5.413985E-2
6.580000E-3	-5.421937E-2
6.585000E-3	-5.387527E-2
6.590000E-3	-5.313635E-2
6.595000E-3	-5.207115E-2
6.600000E-3	-5.146521E-2
6.605000E-3	-5.150771E-2
6.610000E-3	-5.179423E-2
6.615000E-3	-5.240977E-2
6.620000E-3	-5.293345E-2
6.625000E-3	-5.266476E-2
6.630000E-3	-5.225348E-2
6.635000E-3	-5.171472E-2
6.640000E-3	-5.076468E-2
6.645000E-3	-4.888791E-2
6.650000E-3	-4.742378E-2
6.655000E-3	-4.632431E-2
6.660000E-3	-4.545105E-2
6.665000E-3	-4.550040E-2
6.670000E-3	-4.524952E-2
6.675000E-3	-4.436117E-2
6.680000E-3	-4.440504E-2
6.685000E-3	-4.488349E-2
6.690000E-3	-4.532903E-2
6.695000E-3	-4.706186E-2
6.700000E-3	-4.936910E-2
6.705000E-3	-5.069888E-2
6.710000E-3	-5.145150E-2
6.715000E-3	-5.176955E-2
6.720000E-3	-5.187511E-2
6.725000E-3	-5.333239E-2
6.730000E-3	-5.551076E-2
6.735000E-3	-5.626339E-2
6.740000E-3	-5.609751E-2
6.745000E-3	-5.522698E-2
6.750000E-3	-5.345577E-2
6.755000E-3	-5.218631E-2
6.760000E-3	-5.252355E-2
6.765000E-3	-5.303216E-2
6.770000E-3	-5.334610E-2
6.775000E-3	-5.387938E-2
6.780000E-3	-5.338311E-2
6.785000E-3	-5.243170E-2
6.790000E-3	-5.138981E-2
6.795000E-3	-5.013543E-2
6.800000E-3	-4.891396E-2
6.805000E-3	-4.810923E-2
6.810000E-3	-4.753894E-2
6.815000E-3	-4.695904E-2
6.820000E-3	-4.661494E-2
6.825000E-3	-4.659164E-2
6.830000E-3	-4.668897E-2
6.835000E-3	-4.711944E-2
6.840000E-3	-4.773635E-2
6.845000E-3	-4.860550E-2
6.850000E-3	-4.990512E-2
6.855000E-3	-5.069888E-2
6.860000E-3	-5.109370E-2
6.865000E-3	-5.152553E-2
6.870000E-3	-5.146796E-2
6.875000E-3	-5.110055E-2
6.880000E-3	-5.081540E-2
6.885000E-3	-5.057549E-2
6.890000E-3	-5.036026E-2
6.895000E-3	-5.074137E-2
6.900000E-3	-5.154747E-2
6.905000E-3	-5.215615E-2
6.910000E-3	-5.317885E-2
6.915000E-3	-5.397534E-2
6.920000E-3	-5.448258E-2
6.925000E-3	-5.482119E-2
6.930000E-3	-5.470192E-2
6.935000E-3	-5.437016E-2
6.940000E-3	-5.435097E-2
6.945000E-3	-5.458266E-2
6.950000E-3	-5.500764E-2
6.955000E-3	-5.550802E-2
6.960000E-3	-5.540109E-2
6.965000E-3	-5.474579E-2
6.970000E-3	-5.435508E-2
6.975000E-3	-5.423582E-2
6.980000E-3	-5.392599E-2
6.985000E-3	-5.385333E-2
6.990000E-3	-5.308974E-2
6.995000E-3	-5.166399E-2
7.000000E-3	-5.033284E-2
7.005000E-3	-4.893178E-2
7.010000E-3	-4.781175E-2
7.015000E-3	-4.758966E-2
7.020000E-3	-4.802835E-2
7.025000E-3	-4.834366E-2
7.030000E-3	-4.914427E-2
7.035000E-3	-5.021769E-2
7.040000E-3	-5.075920E-2
7.045000E-3	-5.094016E-2
7.050000E-3	-5.082911E-2
7.055000E-3	-5.032188E-2
7.060000E-3	-4.956239E-2
7.065000E-3	-4.881662E-2
7.070000E-3	-4.816818E-2
7.075000E-3	-4.808182E-2
7.080000E-3	-4.815859E-2
7.085000E-3	-4.826552E-2
7.090000E-3	-4.863840E-2
7.095000E-3	-4.897153E-2
7.100000E-3	-4.890025E-2
7.105000E-3	-4.901540E-2
7.110000E-3	-4.933757E-2
7.115000E-3	-4.949796E-2
7.120000E-3	-4.996544E-2
7.125000E-3	-5.088121E-2
7.130000E-3	-5.127054E-2
7.135000E-3	-5.126780E-2
7.140000E-3	-5.120474E-2
7.145000E-3	-5.075097E-2
7.150000E-3	-5.040687E-2
7.155000E-3	-5.060017E-2
7.160000E-3	-5.103749E-2
7.165000E-3	-5.113482E-2
7.170000E-3	-5.085653E-2
7.175000E-3	-5.005318E-2
7.180000E-3	-4.918814E-2
7.185000E-3	-4.890436E-2
7.190000E-3	-4.911411E-2
7.195000E-3	-4.935813E-2
7.200000E-3	-4.984754E-2
7.205000E-3	-5.017245E-2
7.210000E-3	-5.034381E-2
7.215000E-3	-5.066597E-2
7.220000E-3	-5.091548E-2
7.225000E-3	-5.103475E-2
7.230000E-3	-5.138707E-2
7.235000E-3	-5.176270E-2
7.240000E-3	-5.224800E-2
7.245000E-3	-5.268121E-2
7.250000E-3	-5.246735E-2
7.255000E-3	-5.169278E-2
7.260000E-3	-5.103475E-2
7.265000E-3	-5.099225E-2
7.270000E-3	-5.135417E-2
7.275000E-3	-5.220687E-2
7.280000E-3	-5.322683E-2
7.285000E-3	-5.377793E-2
7.290000E-3	-5.358052E-2
7.295000E-3	-5.260581E-2
7.300000E-3	-5.164343E-2
7.305000E-3	-5.127192E-2
7.310000E-3	-5.119377E-2
7.315000E-3	-5.071396E-2
7.320000E-3	-4.998875E-2
7.325000E-3	-4.899895E-2
7.330000E-3	-4.836148E-2
7.335000E-3	-4.833543E-2
7.340000E-3	-4.910862E-2
7.345000E-3	-4.994899E-2
7.350000E-3	-5.075234E-2
7.355000E-3	-5.172294E-2
7.360000E-3	-5.202043E-2
7.365000E-3	-5.214244E-2
7.370000E-3	-5.241662E-2
7.375000E-3	-5.262774E-2
7.380000E-3	-5.303353E-2
7.385000E-3	-5.345440E-2
7.390000E-3	-5.375189E-2
7.395000E-3	-5.348867E-2
7.400000E-3	-5.344617E-2
7.405000E-3	-5.369020E-2
7.410000E-3	-5.368197E-2
7.415000E-3	-5.367649E-2
7.420000E-3	-5.331045E-2
7.425000E-3	-5.244267E-2
7.430000E-3	-5.163795E-2
7.435000E-3	-5.136102E-2
7.440000E-3	-5.111289E-2
7.445000E-3	-5.119652E-2
7.450000E-3	-5.113620E-2
7.455000E-3	-5.076742E-2
7.460000E-3	-5.068517E-2
7.465000E-3	-5.081952E-2
7.470000E-3	-5.113620E-2
7.475000E-3	-5.118144E-2
7.480000E-3	-5.133086E-2
7.485000E-3	-5.131990E-2
7.490000E-3	-5.122256E-2
7.495000E-3	-5.145836E-2
7.500000E-3	-5.124724E-2
7.505000E-3	-5.077702E-2
7.510000E-3	-5.013132E-2
7.515000E-3	-4.960763E-2
7.520000E-3	-4.928958E-2
7.525000E-3	-4.892355E-2
7.530000E-3	-4.837519E-2
7.535000E-3	-4.779941E-2
7.540000E-3	-4.761434E-2
7.545000E-3	-4.788989E-2
7.550000E-3	-4.852188E-2
7.555000E-3	-4.903322E-2
7.560000E-3	-4.932112E-2
7.565000E-3	-4.951578E-2
7.570000E-3	-4.914975E-2
7.575000E-3	-4.856026E-2
7.580000E-3	-4.828745E-2
7.585000E-3	-4.854244E-2
7.590000E-3	-4.950756E-2
7.595000E-3	-5.084008E-2
7.600000E-3	-5.196971E-2
7.605000E-3	-5.297732E-2
7.610000E-3	-5.384922E-2
7.615000E-3	-5.436057E-2
7.620000E-3	-5.430162E-2
7.625000E-3	-5.422211E-2
7.630000E-3	-5.404663E-2
7.635000E-3	-5.362165E-2
7.640000E-3	-5.303764E-2
7.645000E-3	-5.276483E-2
7.650000E-3	-5.220002E-2
7.655000E-3	-5.173939E-2
7.660000E-3	-5.125684E-2
7.665000E-3	-5.079758E-2
7.670000E-3	-5.057138E-2
7.675000E-3	-5.063307E-2
7.680000E-3	-5.076605E-2
7.685000E-3	-5.053574E-2
7.690000E-3	-5.023962E-2
7.695000E-3	-4.975843E-2
7.700000E-3	-4.955280E-2
7.705000E-3	-4.954731E-2
7.710000E-3	-4.967892E-2
7.715000E-3	-4.996955E-2
7.720000E-3	-4.996544E-2
7.725000E-3	-4.968166E-2
7.730000E-3	-4.917443E-2
7.735000E-3	-4.901952E-2
7.740000E-3	-4.935539E-2
7.745000E-3	-4.981327E-2
7.750000E-3	-5.034244E-2
7.755000E-3	-5.108136E-2
7.760000E-3	-5.157489E-2
7.765000E-3	-5.176270E-2
7.770000E-3	-5.151182E-2
7.775000E-3	-5.126095E-2
7.780000E-3	-5.114579E-2
7.785000E-3	-5.119377E-2
7.790000E-3	-5.137336E-2
7.795000E-3	-5.212325E-2
7.800000E-3	-5.294853E-2
7.805000E-3	-5.401099E-2
7.810000E-3	-5.468959E-2
7.815000E-3	-5.477184E-2
7.820000E-3	-5.416042E-2
7.825000E-3	-5.317473E-2
7.830000E-3	-5.182439E-2
7.835000E-3	-5.098677E-2
7.840000E-3	-5.075508E-2
7.845000E-3	-5.116910E-2
7.850000E-3	-5.140489E-2
7.855000E-3	-5.175996E-2
7.860000E-3	-5.192173E-2
7.865000E-3	-5.157214E-2
7.870000E-3	-5.086887E-2
7.875000E-3	-5.007511E-2
7.880000E-3	-4.917306E-2
7.885000E-3	-4.880702E-2
7.890000E-3	-4.875904E-2
7.895000E-3	-4.880565E-2
7.900000E-3	-4.883856E-2
7.905000E-3	-4.880840E-2
7.910000E-3	-4.888928E-2
7.915000E-3	-4.877138E-2
7.920000E-3	-4.907984E-2
7.925000E-3	-4.963505E-2
7.930000E-3	-5.040276E-2
7.935000E-3	-5.082500E-2
7.940000E-3	-5.109507E-2
7.945000E-3	-5.120474E-2
7.950000E-3	-5.118555E-2
7.955000E-3	-5.128151E-2
7.960000E-3	-5.141586E-2
7.965000E-3	-5.185455E-2
7.970000E-3	-5.269217E-2
7.975000E-3	-5.340779E-2
7.980000E-3	-5.393696E-2
7.985000E-3	-5.422622E-2
7.990000E-3	-5.426186E-2
7.995000E-3	-5.377793E-2
8.000000E-3	-5.331045E-2
8.005000E-3	-5.259484E-2
8.010000E-3	-5.177230E-2
8.015000E-3	-5.090863E-2
8.020000E-3	-5.012995E-2
8.025000E-3	-4.909217E-2
8.030000E-3	-4.767466E-2
8.035000E-3	-4.659438E-2
8.040000E-3	-4.576498E-2
8.045000E-3	-4.502469E-2
8.050000E-3	-4.426658E-2
8.055000E-3	-4.385120E-2
8.060000E-3	-4.354548E-2
8.065000E-3	-4.355097E-2
8.070000E-3	-4.354823E-2
8.075000E-3	-4.416239E-2
8.080000E-3	-4.503703E-2
8.085000E-3	-4.661906E-2
8.090000E-3	-4.832035E-2
8.095000E-3	-4.994351E-2
8.100000E-3	-5.122942E-2
8.105000E-3	-5.239469E-2
8.110000E-3	-5.308837E-2
8.115000E-3	-5.367923E-2
8.120000E-3	-5.425227E-2
8.125000E-3	-5.525440E-2
8.130000E-3	-5.609339E-2
8.135000E-3	-5.683231E-2
8.140000E-3	-5.717641E-2
8.145000E-3	-5.711061E-2
8.150000E-3	-5.662668E-2
8.155000E-3	-5.585760E-2
8.160000E-3	-5.463064E-2
8.165000E-3	-5.346125E-2
8.170000E-3	-5.244952E-2
8.175000E-3	-5.144191E-2
8.180000E-3	-5.077565E-2
8.185000E-3	-5.027115E-2
8.190000E-3	-4.982424E-2
8.195000E-3	-4.948699E-2
8.200000E-3	-4.930192E-2
8.205000E-3	-4.919499E-2
8.210000E-3	-4.915935E-2
8.215000E-3	-4.908395E-2
8.220000E-3	-4.947191E-2
8.225000E-3	-4.988319E-2
8.230000E-3	-5.052203E-2
8.235000E-3	-5.109507E-2
8.240000E-3	-5.168867E-2
8.245000E-3	-5.221784E-2
8.250000E-3	-5.261815E-2
8.255000E-3	-5.258936E-2
8.260000E-3	-5.222470E-2
8.265000E-3	-5.139941E-2
8.270000E-3	-5.028760E-2
8.275000E-3	-4.948974E-2
8.280000E-3	-4.896468E-2
8.285000E-3	-4.909629E-2
8.290000E-3	-4.957610E-2
8.295000E-3	-5.056316E-2
8.300000E-3	-5.165440E-2
8.305000E-3	-5.242348E-2
8.310000E-3	-5.284160E-2
8.315000E-3	-5.332416E-2
8.320000E-3	-5.368060E-2
8.325000E-3	-5.373132E-2
8.330000E-3	-5.370390E-2
8.335000E-3	-5.373544E-2
8.340000E-3	-5.420154E-2
8.345000E-3	-5.456072E-2
8.350000E-3	-5.488837E-2
8.355000E-3	-5.525303E-2
8.360000E-3	-5.525851E-2
8.365000E-3	-5.453193E-2
8.370000E-3	-5.312675E-2
8.375000E-3	-5.141997E-2
8.380000E-3	-4.974335E-2
8.385000E-3	-4.835874E-2
8.390000E-3	-4.718661E-2
8.395000E-3	-4.611731E-2
8.400000E-3	-4.540718E-2
8.405000E-3	-4.526323E-2
8.410000E-3	-4.526597E-2
8.415000E-3	-4.531395E-2
8.420000E-3	-4.523718E-2
8.425000E-3	-4.512614E-2
8.430000E-3	-4.532629E-2
8.435000E-3	-4.630512E-2
8.440000E-3	-4.752660E-2
8.445000E-3	-4.890710E-2
8.450000E-3	-5.026978E-2
8.455000E-3	-5.108547E-2
8.460000E-3	-5.152279E-2
8.465000E-3	-5.181617E-2
8.470000E-3	-5.196285E-2
8.475000E-3	-5.210131E-2
8.480000E-3	-5.227405E-2
8.485000E-3	-5.252492E-2
8.490000E-3	-5.301708E-2
8.495000E-3	-5.304313E-2
8.500000E-3	-5.289781E-2
8.505000E-3	-5.232614E-2
8.510000E-3	-5.175447E-2
8.515000E-3	-5.138844E-2
8.520000E-3	-5.118966E-2
8.525000E-3	-5.114990E-2
8.530000E-3	-5.106491E-2
8.535000E-3	-5.125821E-2
8.540000E-3	-5.155158E-2
8.545000E-3	-5.165303E-2
8.550000E-3	-5.164480E-2
8.555000E-3	-5.139256E-2
8.560000E-3	-5.095387E-2
8.565000E-3	-5.035478E-2
8.570000E-3	-5.022591E-2
8.575000E-3	-4.999286E-2
8.580000E-3	-4.991609E-2
8.585000E-3	-5.008060E-2
8.590000E-3	-5.042470E-2
8.595000E-3	-5.074960E-2
8.600000E-3	-5.090177E-2
8.605000E-3	-5.132401E-2
8.610000E-3	-5.185181E-2
8.615000E-3	-5.196011E-2
8.620000E-3	-5.189979E-2
8.625000E-3	-5.176270E-2
8.630000E-3	-5.192721E-2
8.635000E-3	-5.232477E-2
8.640000E-3	-5.259073E-2
8.645000E-3	-5.269903E-2
8.650000E-3	-5.294853E-2
8.655000E-3	-5.304998E-2
8.660000E-3	-5.309659E-2
8.665000E-3	-5.350649E-2
8.670000E-3	-5.384511E-2
8.675000E-3	-5.398631E-2
8.680000E-3	-5.388212E-2
8.685000E-3	-5.363673E-2
8.690000E-3	-5.334336E-2
8.695000E-3	-5.317885E-2
8.700000E-3	-5.329126E-2
8.705000E-3	-5.334610E-2
8.710000E-3	-5.307329E-2
8.715000E-3	-5.241799E-2
8.720000E-3	-5.162835E-2
8.725000E-3	-5.050558E-2
8.730000E-3	-4.917169E-2
8.735000E-3	-4.796940E-2
8.740000E-3	-4.707694E-2
8.745000E-3	-4.655051E-2
8.750000E-3	-4.625851E-2
8.755000E-3	-4.637778E-2
8.760000E-3	-4.679865E-2
8.765000E-3	-4.719621E-2
8.770000E-3	-4.761845E-2
8.775000E-3	-4.774457E-2
8.780000E-3	-4.787755E-2
8.785000E-3	-4.812980E-2
8.790000E-3	-4.897016E-2
8.795000E-3	-5.002439E-2
8.800000E-3	-5.132675E-2
8.805000E-3	-5.267984E-2
8.810000E-3	-5.396712E-2
8.815000E-3	-5.465806E-2
8.820000E-3	-5.494457E-2
8.825000E-3	-5.464023E-2
8.830000E-3	-5.425638E-2
8.835000E-3	-5.385882E-2
8.840000E-3	-5.351883E-2
8.845000E-3	-5.330497E-2
8.850000E-3	-5.273467E-2
8.855000E-3	-5.207527E-2
8.860000E-3	-5.109370E-2
8.865000E-3	-5.005592E-2
8.870000E-3	-4.902363E-2
8.875000E-3	-4.858905E-2
8.880000E-3	-4.796255E-2
8.885000E-3	-4.748273E-2
8.890000E-3	-4.679316E-2
8.895000E-3	-4.610360E-2
8.900000E-3	-4.571289E-2
8.905000E-3	-4.511929E-2
8.910000E-3	-4.521662E-2
8.915000E-3	-4.564846E-2
8.920000E-3	-4.638052E-2
8.925000E-3	-4.710162E-2
8.930000E-3	-4.805577E-2
8.935000E-3	-4.904830E-2
8.940000E-3	-4.970223E-2
8.945000E-3	-5.009979E-2
8.950000E-3	-5.023414E-2
8.955000E-3	-5.050147E-2
8.960000E-3	-5.079621E-2
8.965000E-3	-5.132538E-2
8.970000E-3	-5.201769E-2
8.975000E-3	-5.280596E-2
8.980000E-3	-5.368060E-2
8.985000E-3	-5.429614E-2
8.990000E-3	-5.464160E-2
8.995000E-3	-5.491441E-2
9.000000E-3	-5.514884E-2
9.005000E-3	-5.514336E-2
9.010000E-3	-5.545181E-2
9.015000E-3	-5.543673E-2
9.020000E-3	-5.553681E-2
9.025000E-3	-5.550665E-2
9.030000E-3	-5.518037E-2
9.035000E-3	-5.497336E-2
9.040000E-3	-5.469507E-2
9.045000E-3	-5.412614E-2
9.050000E-3	-5.325150E-2
9.055000E-3	-5.272233E-2
9.060000E-3	-5.177504E-2
9.065000E-3	-5.064404E-2
9.070000E-3	-4.948837E-2
9.075000E-3	-4.861784E-2
9.080000E-3	-4.770893E-2
9.085000E-3	-4.701662E-2
9.090000E-3	-4.695767E-2
9.095000E-3	-4.715919E-2
9.100000E-3	-4.724693E-2
9.105000E-3	-4.726750E-2
9.110000E-3	-4.733878E-2
9.115000E-3	-4.766780E-2
9.120000E-3	-4.784602E-2
9.125000E-3	-4.827100E-2
9.130000E-3	-4.870284E-2
9.135000E-3	-4.918402E-2
9.140000E-3	-5.007100E-2
9.145000E-3	-5.086887E-2
9.150000E-3	-5.149812E-2
9.155000E-3	-5.214107E-2
9.160000E-3	-5.248928E-2
9.165000E-3	-5.266750E-2
9.170000E-3	-5.279499E-2
9.175000E-3	-5.287725E-2
9.180000E-3	-5.286628E-2
9.185000E-3	-5.289644E-2
9.190000E-3	-5.273056E-2
9.195000E-3	-5.253041E-2
9.200000E-3	-5.211228E-2
9.205000E-3	-5.182439E-2
9.210000E-3	-5.160642E-2
9.215000E-3	-5.145836E-2
9.220000E-3	-5.148989E-2
9.225000E-3	-5.123901E-2
9.230000E-3	-5.111426E-2
9.235000E-3	-5.090040E-2
9.240000E-3	-5.066735E-2
9.245000E-3	-5.041647E-2
9.250000E-3	-4.995722E-2
9.255000E-3	-4.937732E-2
9.260000E-3	-4.878783E-2
9.265000E-3	-4.809552E-2
9.270000E-3	-4.787207E-2
9.275000E-3	-4.765683E-2
9.280000E-3	-4.749507E-2
9.285000E-3	-4.769933E-2
9.290000E-3	-4.816818E-2
9.295000E-3	-4.860139E-2
9.300000E-3	-4.913878E-2
9.305000E-3	-4.972416E-2
9.310000E-3	-5.024374E-2
9.315000E-3	-5.065638E-2
9.320000E-3	-5.088943E-2
9.325000E-3	-5.130756E-2
9.330000E-3	-5.162698E-2
9.335000E-3	-5.201906E-2
9.340000E-3	-5.223566E-2
9.345000E-3	-5.289233E-2
9.350000E-3	-5.332416E-2
9.355000E-3	-5.385882E-2
9.360000E-3	-5.418646E-2
9.365000E-3	-5.449629E-2
9.370000E-3	-5.438936E-2
9.375000E-3	-5.376559E-2
9.380000E-3	-5.313361E-2
9.385000E-3	-5.249065E-2
9.390000E-3	-5.171609E-2
9.395000E-3	-5.116910E-2
9.400000E-3	-5.051792E-2
9.405000E-3	-4.984069E-2
9.410000E-3	-4.910040E-2
9.415000E-3	-4.865348E-2
9.420000E-3	-4.836833E-2
9.425000E-3	-4.788029E-2
9.430000E-3	-4.758143E-2
9.435000E-3	-4.753619E-2
9.440000E-3	-4.776239E-2
9.445000E-3	-4.776651E-2
9.450000E-3	-4.829293E-2
9.455000E-3	-4.878098E-2
9.460000E-3	-4.942805E-2
9.465000E-3	-5.002576E-2
9.470000E-3	-5.074275E-2
9.475000E-3	-5.182165E-2
9.480000E-3	-5.279773E-2
9.485000E-3	-5.381358E-2
9.490000E-3	-5.462927E-2
9.495000E-3	-5.535722E-2
9.500000E-3	-5.571228E-2
9.505000E-3	-5.570406E-2
9.510000E-3	-5.548745E-2
9.515000E-3	-5.499530E-2
9.520000E-3	-5.446476E-2
9.525000E-3	-5.383825E-2
9.530000E-3	-5.303353E-2
9.535000E-3	-5.226171E-2
9.540000E-3	-5.134183E-2
9.545000E-3	-5.063307E-2
9.550000E-3	-5.015051E-2
9.555000E-3	-4.932386E-2
9.560000E-3	-4.866993E-2
9.565000E-3	-4.803246E-2
9.570000E-3	-4.744160E-2
9.575000E-3	-4.711807E-2
9.580000E-3	-4.713178E-2
9.585000E-3	-4.724967E-2
9.590000E-3	-4.770070E-2
9.595000E-3	-4.836696E-2
9.600000E-3	-4.905790E-2
9.605000E-3	-4.992157E-2
9.610000E-3	-5.045485E-2
9.615000E-3	-5.100048E-2
9.620000E-3	-5.116087E-2
9.625000E-3	-5.114990E-2
9.630000E-3	-5.114442E-2
9.635000E-3	-5.119652E-2
9.640000E-3	-5.129385E-2
9.645000E-3	-5.149537E-2
9.650000E-3	-5.135280E-2
9.655000E-3	-5.118829E-2
9.660000E-3	-5.103749E-2
9.665000E-3	-5.081129E-2
9.670000E-3	-5.053574E-2
9.675000E-3	-5.037946E-2
9.680000E-3	-5.021632E-2
9.685000E-3	-5.031228E-2
9.690000E-3	-5.031502E-2
9.695000E-3	-5.028760E-2
9.700000E-3	-5.036712E-2
9.705000E-3	-5.048639E-2
9.710000E-3	-5.078113E-2
9.715000E-3	-5.079758E-2
9.720000E-3	-5.110192E-2
9.725000E-3	-5.136514E-2
9.730000E-3	-5.146110E-2
9.735000E-3	-5.152690E-2
9.740000E-3	-5.143505E-2
9.745000E-3	-5.093604E-2
9.750000E-3	-5.036986E-2
9.755000E-3	-4.999560E-2
9.760000E-3	-4.971731E-2
9.765000E-3	-4.948837E-2
9.770000E-3	-4.956239E-2
9.775000E-3	-4.968715E-2
9.780000E-3	-4.945821E-2
9.785000E-3	-4.917854E-2
9.790000E-3	-4.895782E-2
9.795000E-3	-4.880702E-2
9.800000E-3	-4.879332E-2
9.805000E-3	-4.903734E-2
9.810000E-3	-4.931837E-2
9.815000E-3	-4.965425E-2
9.820000E-3	-5.030268E-2
9.825000E-3	-5.096895E-2
9.830000E-3	-5.160367E-2
9.835000E-3	-5.231380E-2
9.840000E-3	-5.286354E-2
9.845000E-3	-5.312538E-2
9.850000E-3	-5.333102E-2
9.855000E-3	-5.346948E-2
9.860000E-3	-5.388212E-2
9.865000E-3	-5.430710E-2
9.870000E-3	-5.452919E-2
9.875000E-3	-5.442637E-2
9.880000E-3	-5.419058E-2
9.885000E-3	-5.380672E-2
9.890000E-3	-5.340505E-2
9.895000E-3	-5.272919E-2
9.900000E-3	-5.194092E-2
9.905000E-3	-5.112386E-2
9.910000E-3	-5.026567E-2
9.915000E-3	-4.975569E-2
9.920000E-3	-4.902911E-2
9.925000E-3	-4.879332E-2
9.930000E-3	-4.838341E-2
9.935000E-3	-4.853559E-2
9.940000E-3	-4.861784E-2
9.945000E-3	-4.850268E-2
9.950000E-3	-4.861099E-2
9.955000E-3	-4.891121E-2
9.960000E-3	-4.918951E-2
9.965000E-3	-4.975021E-2
9.970000E-3	-5.008060E-2
9.975000E-3	-5.070299E-2
9.980000E-3	-5.148578E-2
9.985000E-3	-5.221236E-2
9.990000E-3	-5.284160E-2
9.995000E-3	-5.313361E-2
