0.000000E+0	1.656193E-2
5.000000E-6	1.658386E-2
1.000000E-5	1.661128E-2
1.500000E-5	1.631516E-2
2.000000E-5	1.629871E-2
2.500000E-5	1.634806E-2
3.000000E-5	1.643169E-2
3.500000E-5	1.639056E-2
4.000000E-5	1.636040E-2
4.500000E-5	1.640838E-2
5.000000E-5	1.635218E-2
5.500000E-5	1.651531E-2
6.000000E-5	1.652628E-2
6.500000E-5	1.658523E-2
7.000000E-5	1.654410E-2
7.500000E-5	1.658660E-2
8.000000E-5	1.646733E-2
8.500000E-5	1.643443E-2
9.000000E-5	1.646459E-2
9.500000E-5	1.649201E-2
1.000000E-4	1.654136E-2
1.050000E-4	1.636726E-2
1.100000E-4	1.641524E-2
1.150000E-4	1.650572E-2
1.200000E-4	1.650298E-2
1.250000E-4	1.654685E-2
1.300000E-4	1.660031E-2
1.350000E-4	1.643580E-2
1.400000E-4	1.658934E-2
1.450000E-4	1.655781E-2
1.500000E-4	1.650435E-2
1.550000E-4	1.651531E-2
1.600000E-4	1.660991E-2
1.650000E-4	1.652354E-2
1.700000E-4	1.625758E-2
1.750000E-4	1.625347E-2
1.800000E-4	1.632750E-2
1.850000E-4	1.657838E-2
1.900000E-4	1.662225E-2
1.950000E-4	1.664555E-2
2.000000E-4	1.680732E-2
2.050000E-4	1.666063E-2
2.100000E-4	1.658386E-2
2.150000E-4	1.657289E-2
2.200000E-4	1.652217E-2
2.250000E-4	1.637000E-2
2.300000E-4	1.633161E-2
2.350000E-4	1.657152E-2
2.400000E-4	1.656055E-2
2.450000E-4	1.646185E-2
2.500000E-4	1.638234E-2
2.550000E-4	1.657015E-2
2.600000E-4	1.648378E-2
2.650000E-4	1.653862E-2
2.700000E-4	1.661265E-2
2.750000E-4	1.648515E-2
2.800000E-4	1.643443E-2
2.850000E-4	1.638645E-2
2.900000E-4	1.640975E-2
2.950000E-4	1.649612E-2
3.000000E-4	1.643169E-2
3.050000E-4	1.648927E-2
3.100000E-4	1.658934E-2
3.150000E-4	1.651257E-2
3.200000E-4	1.626718E-2
3.250000E-4	1.616848E-2
3.300000E-4	1.630831E-2
3.350000E-4	1.648653E-2
3.400000E-4	1.658523E-2
3.450000E-4	1.659209E-2
3.500000E-4	1.654273E-2
3.550000E-4	1.636726E-2
3.600000E-4	1.649338E-2
3.650000E-4	1.661813E-2
3.700000E-4	1.664555E-2
3.750000E-4	1.668394E-2
3.800000E-4	1.653451E-2
3.850000E-4	1.645225E-2
3.900000E-4	1.643032E-2
3.950000E-4	1.642621E-2
4.000000E-4	1.644814E-2
4.050000E-4	1.637274E-2
4.100000E-4	1.657015E-2
4.150000E-4	1.658934E-2
4.200000E-4	1.661402E-2
4.250000E-4	1.650161E-2
4.300000E-4	1.635903E-2
4.350000E-4	1.628363E-2
4.400000E-4	1.635218E-2
4.450000E-4	1.641661E-2
4.500000E-4	1.650298E-2
4.550000E-4	1.649475E-2
4.600000E-4	1.655781E-2
4.650000E-4	1.640975E-2
4.700000E-4	1.645499E-2
4.750000E-4	1.648241E-2
4.800000E-4	1.640975E-2
4.850000E-4	1.642209E-2
4.900000E-4	1.652080E-2
4.950000E-4	1.660717E-2
5.000000E-4	1.654822E-2
5.050000E-4	1.655370E-2
5.100000E-4	1.650161E-2
5.150000E-4	1.655096E-2
5.200000E-4	1.662499E-2
5.250000E-4	1.654822E-2
5.300000E-4	1.649612E-2
5.350000E-4	1.634121E-2
5.400000E-4	1.630008E-2
5.450000E-4	1.630282E-2
5.500000E-4	1.629186E-2
5.550000E-4	1.636177E-2
5.600000E-4	1.647282E-2
5.650000E-4	1.647282E-2
5.700000E-4	1.652765E-2
5.750000E-4	1.652765E-2
5.800000E-4	1.647693E-2
5.850000E-4	1.644540E-2
5.900000E-4	1.641387E-2
5.950000E-4	1.626855E-2
6.000000E-4	1.633710E-2
6.050000E-4	1.650572E-2
6.100000E-4	1.653451E-2
6.150000E-4	1.642346E-2
6.200000E-4	1.644266E-2
6.250000E-4	1.653725E-2
6.300000E-4	1.650161E-2
6.350000E-4	1.634943E-2
6.400000E-4	1.622880E-2
6.450000E-4	1.616299E-2
6.500000E-4	1.626855E-2
6.550000E-4	1.639056E-2
6.600000E-4	1.616436E-2
6.650000E-4	1.616162E-2
6.700000E-4	1.642621E-2
6.750000E-4	1.629871E-2
6.800000E-4	1.636177E-2
6.850000E-4	1.642209E-2
6.900000E-4	1.638782E-2
6.950000E-4	1.639879E-2
7.000000E-4	1.634395E-2
7.050000E-4	1.630694E-2
7.100000E-4	1.644129E-2
7.150000E-4	1.632202E-2
7.200000E-4	1.613832E-2
7.250000E-4	1.641387E-2
7.300000E-4	1.647967E-2
7.350000E-4	1.653725E-2
7.400000E-4	1.637548E-2
7.450000E-4	1.624525E-2
7.500000E-4	1.647282E-2
7.550000E-4	1.646459E-2
7.600000E-4	1.634395E-2
7.650000E-4	1.647419E-2
7.700000E-4	1.640975E-2
7.750000E-4	1.644677E-2
7.800000E-4	1.633161E-2
7.850000E-4	1.644266E-2
7.900000E-4	1.645225E-2
7.950000E-4	1.650983E-2
8.000000E-4	1.635218E-2
8.050000E-4	1.643991E-2
8.100000E-4	1.627403E-2
8.150000E-4	1.633710E-2
8.200000E-4	1.645774E-2
8.250000E-4	1.636040E-2
8.300000E-4	1.626855E-2
8.350000E-4	1.640290E-2
8.400000E-4	1.646596E-2
8.450000E-4	1.642072E-2
8.500000E-4	1.636863E-2
8.550000E-4	1.633298E-2
8.600000E-4	1.647282E-2
8.650000E-4	1.647693E-2
8.700000E-4	1.653862E-2
8.750000E-4	1.655370E-2
8.800000E-4	1.647145E-2
8.850000E-4	1.648378E-2
8.900000E-4	1.640153E-2
8.950000E-4	1.639605E-2
9.000000E-4	1.645499E-2
9.050000E-4	1.633984E-2
9.100000E-4	1.639193E-2
9.150000E-4	1.658386E-2
9.200000E-4	1.673466E-2
9.250000E-4	1.655781E-2
9.300000E-4	1.648378E-2
9.350000E-4	1.633024E-2
9.400000E-4	1.635629E-2
9.450000E-4	1.629323E-2
9.500000E-4	1.648653E-2
9.550000E-4	1.645362E-2
9.600000E-4	1.644951E-2
9.650000E-4	1.651394E-2
9.700000E-4	1.644540E-2
9.750000E-4	1.637137E-2
9.800000E-4	1.618904E-2
9.850000E-4	1.628637E-2
9.900000E-4	1.638371E-2
9.950000E-4	1.621920E-2
1.000000E-3	1.631105E-2
1.005000E-3	1.631516E-2
1.010000E-3	1.619178E-2
1.015000E-3	1.632339E-2
1.020000E-3	1.650572E-2
1.025000E-3	1.644814E-2
1.030000E-3	1.643032E-2
1.035000E-3	1.665378E-2
1.040000E-3	1.666611E-2
1.045000E-3	1.648927E-2
1.050000E-3	1.652765E-2
1.055000E-3	1.655781E-2
1.060000E-3	1.648790E-2
1.065000E-3	1.641113E-2
1.070000E-3	1.643991E-2
1.075000E-3	1.653588E-2
1.080000E-3	1.654273E-2
1.085000E-3	1.659483E-2
1.090000E-3	1.656604E-2
1.095000E-3	1.648927E-2
1.100000E-3	1.637137E-2
1.105000E-3	1.646048E-2
1.110000E-3	1.662636E-2
1.115000E-3	1.678675E-2
1.120000E-3	1.645774E-2
1.125000E-3	1.642346E-2
1.130000E-3	1.661539E-2
1.135000E-3	1.647830E-2
1.140000E-3	1.631790E-2
1.145000E-3	1.640838E-2
1.150000E-3	1.637685E-2
1.155000E-3	1.645362E-2
1.160000E-3	1.640838E-2
1.165000E-3	1.626307E-2
1.170000E-3	1.635081E-2
1.175000E-3	1.623428E-2
1.180000E-3	1.647419E-2
1.185000E-3	1.645362E-2
1.190000E-3	1.648241E-2
1.195000E-3	1.651943E-2
1.200000E-3	1.654547E-2
1.205000E-3	1.641113E-2
1.210000E-3	1.633161E-2
1.215000E-3	1.638645E-2
1.220000E-3	1.633435E-2
1.225000E-3	1.647693E-2
1.230000E-3	1.645774E-2
1.235000E-3	1.656330E-2
1.240000E-3	1.652354E-2
1.245000E-3	1.653039E-2
1.250000E-3	1.647693E-2
1.255000E-3	1.656330E-2
1.260000E-3	1.660717E-2
1.265000E-3	1.662910E-2
1.270000E-3	1.657152E-2
1.275000E-3	1.656193E-2
1.280000E-3	1.653039E-2
1.285000E-3	1.657015E-2
1.290000E-3	1.661128E-2
1.295000E-3	1.663047E-2
1.300000E-3	1.661265E-2
1.305000E-3	1.642621E-2
1.310000E-3	1.644266E-2
1.315000E-3	1.678264E-2
1.320000E-3	1.662225E-2
1.325000E-3	1.650161E-2
1.330000E-3	1.647693E-2
1.335000E-3	1.661813E-2
1.340000E-3	1.660442E-2
1.345000E-3	1.661950E-2
1.350000E-3	1.645774E-2
1.355000E-3	1.638508E-2
1.360000E-3	1.658386E-2
1.365000E-3	1.677990E-2
1.370000E-3	1.658934E-2
1.375000E-3	1.660991E-2
1.380000E-3	1.658934E-2
1.385000E-3	1.651257E-2
1.390000E-3	1.645911E-2
1.395000E-3	1.646185E-2
1.400000E-3	1.655233E-2
1.405000E-3	1.633298E-2
1.410000E-3	1.647419E-2
1.415000E-3	1.646459E-2
1.420000E-3	1.653999E-2
1.425000E-3	1.659071E-2
1.430000E-3	1.656467E-2
1.435000E-3	1.647145E-2
1.440000E-3	1.653725E-2
1.445000E-3	1.657838E-2
1.450000E-3	1.647830E-2
1.455000E-3	1.649064E-2
1.460000E-3	1.650572E-2
1.465000E-3	1.638782E-2
1.470000E-3	1.647282E-2
1.475000E-3	1.644951E-2
1.480000E-3	1.643580E-2
1.485000E-3	1.658112E-2
1.490000E-3	1.650846E-2
1.495000E-3	1.656330E-2
1.500000E-3	1.638645E-2
1.505000E-3	1.619041E-2
1.510000E-3	1.630557E-2
1.515000E-3	1.646185E-2
1.520000E-3	1.665241E-2
1.525000E-3	1.655370E-2
1.530000E-3	1.636314E-2
1.535000E-3	1.636726E-2
1.540000E-3	1.640153E-2
1.545000E-3	1.643169E-2
1.550000E-3	1.633298E-2
1.555000E-3	1.640701E-2
1.560000E-3	1.637137E-2
1.565000E-3	1.649201E-2
1.570000E-3	1.652217E-2
1.575000E-3	1.659894E-2
1.580000E-3	1.650023E-2
1.585000E-3	1.663184E-2
1.590000E-3	1.653999E-2
1.595000E-3	1.660991E-2
1.600000E-3	1.652491E-2
1.605000E-3	1.647693E-2
1.610000E-3	1.648104E-2
1.615000E-3	1.645637E-2
1.620000E-3	1.638919E-2
1.625000E-3	1.641250E-2
1.630000E-3	1.644266E-2
1.635000E-3	1.644540E-2
1.640000E-3	1.644951E-2
1.645000E-3	1.657152E-2
1.650000E-3	1.643306E-2
1.655000E-3	1.649612E-2
1.660000E-3	1.681006E-2
1.665000E-3	1.650023E-2
1.670000E-3	1.653314E-2
1.675000E-3	1.645088E-2
1.680000E-3	1.665652E-2
1.685000E-3	1.646185E-2
1.690000E-3	1.644129E-2
1.695000E-3	1.646596E-2
1.700000E-3	1.642621E-2
1.705000E-3	1.655096E-2
1.710000E-3	1.657563E-2
1.715000E-3	1.663733E-2
1.720000E-3	1.650572E-2
1.725000E-3	1.647419E-2
1.730000E-3	1.646733E-2
1.735000E-3	1.637959E-2
1.740000E-3	1.647967E-2
1.745000E-3	1.649749E-2
1.750000E-3	1.652628E-2
1.755000E-3	1.655370E-2
1.760000E-3	1.654410E-2
1.765000E-3	1.644951E-2
1.770000E-3	1.652628E-2
1.775000E-3	1.648515E-2
1.780000E-3	1.634258E-2
1.785000E-3	1.640016E-2
1.790000E-3	1.639330E-2
1.795000E-3	1.635081E-2
1.800000E-3	1.638234E-2
1.805000E-3	1.647693E-2
1.810000E-3	1.651120E-2
1.815000E-3	1.659483E-2
1.820000E-3	1.652491E-2
1.825000E-3	1.647145E-2
1.830000E-3	1.646870E-2
1.835000E-3	1.658386E-2
1.840000E-3	1.646596E-2
1.845000E-3	1.637822E-2
1.850000E-3	1.622057E-2
1.855000E-3	1.625758E-2
1.860000E-3	1.638782E-2
1.865000E-3	1.628500E-2
1.870000E-3	1.630008E-2
1.875000E-3	1.644951E-2
1.880000E-3	1.647693E-2
1.885000E-3	1.659620E-2
1.890000E-3	1.649475E-2
1.895000E-3	1.647007E-2
1.900000E-3	1.643306E-2
1.905000E-3	1.658386E-2
1.910000E-3	1.662362E-2
1.915000E-3	1.654547E-2
1.920000E-3	1.640153E-2
1.925000E-3	1.655370E-2
1.930000E-3	1.667845E-2
1.935000E-3	1.632750E-2
1.940000E-3	1.648927E-2
1.945000E-3	1.660991E-2
1.950000E-3	1.651669E-2
1.955000E-3	1.652354E-2
1.960000E-3	1.650023E-2
1.965000E-3	1.649201E-2
1.970000E-3	1.656878E-2
1.975000E-3	1.656193E-2
1.980000E-3	1.662910E-2
1.985000E-3	1.642072E-2
1.990000E-3	1.623428E-2
1.995000E-3	1.632476E-2
2.000000E-3	1.654959E-2
2.005000E-3	1.656467E-2
2.010000E-3	1.656193E-2
2.015000E-3	1.636863E-2
2.020000E-3	1.612186E-2
2.025000E-3	1.629734E-2
2.030000E-3	1.650846E-2
2.035000E-3	1.660579E-2
2.040000E-3	1.657701E-2
2.045000E-3	1.644951E-2
2.050000E-3	1.635355E-2
2.055000E-3	1.656193E-2
2.060000E-3	1.658386E-2
2.065000E-3	1.653725E-2
2.070000E-3	1.638097E-2
2.075000E-3	1.637685E-2
2.080000E-3	1.636451E-2
2.085000E-3	1.633161E-2
2.090000E-3	1.640427E-2
2.095000E-3	1.642758E-2
2.100000E-3	1.626855E-2
2.105000E-3	1.632476E-2
2.110000E-3	1.636451E-2
2.115000E-3	1.635492E-2
2.120000E-3	1.631927E-2
2.125000E-3	1.640153E-2
2.130000E-3	1.637548E-2
2.135000E-3	1.638645E-2
2.140000E-3	1.646459E-2
2.145000E-3	1.642621E-2
2.150000E-3	1.641524E-2
2.155000E-3	1.635081E-2
2.160000E-3	1.648653E-2
2.165000E-3	1.642895E-2
2.170000E-3	1.660854E-2
2.175000E-3	1.663458E-2
2.180000E-3	1.665241E-2
2.185000E-3	1.669902E-2
2.190000E-3	1.651257E-2
2.195000E-3	1.644129E-2
2.200000E-3	1.646596E-2
2.205000E-3	1.656467E-2
2.210000E-3	1.655370E-2
2.215000E-3	1.647145E-2
2.220000E-3	1.651120E-2
2.225000E-3	1.631242E-2
2.230000E-3	1.633435E-2
2.235000E-3	1.644129E-2
2.240000E-3	1.647967E-2
2.245000E-3	1.642621E-2
2.250000E-3	1.625896E-2
2.255000E-3	1.638508E-2
2.260000E-3	1.644540E-2
2.265000E-3	1.645774E-2
2.270000E-3	1.641250E-2
2.275000E-3	1.637685E-2
2.280000E-3	1.625484E-2
2.285000E-3	1.640016E-2
2.290000E-3	1.628089E-2
2.295000E-3	1.626444E-2
2.300000E-3	1.631242E-2
2.305000E-3	1.651257E-2
2.310000E-3	1.644403E-2
2.315000E-3	1.650161E-2
2.320000E-3	1.644403E-2
2.325000E-3	1.652491E-2
2.330000E-3	1.651806E-2
2.335000E-3	1.643032E-2
2.340000E-3	1.644951E-2
2.345000E-3	1.653725E-2
2.350000E-3	1.651394E-2
2.355000E-3	1.656055E-2
2.360000E-3	1.646733E-2
2.365000E-3	1.633573E-2
2.370000E-3	1.654136E-2
2.375000E-3	1.637822E-2
2.380000E-3	1.672781E-2
2.385000E-3	1.656193E-2
2.390000E-3	1.677579E-2
2.395000E-3	1.645499E-2
2.400000E-3	1.670313E-2
2.405000E-3	1.622880E-2
2.410000E-3	1.641661E-2
2.415000E-3	1.608622E-2
2.420000E-3	1.652217E-2
2.425000E-3	1.606429E-2
2.430000E-3	1.667160E-2
2.435000E-3	1.594228E-2
2.440000E-3	1.680183E-2
2.445000E-3	1.596284E-2
2.450000E-3	1.796573E-2
2.455000E-3	2.026886E-2
2.460000E-3	2.671760E-2
2.465000E-3	-4.114091E-3
2.470000E-3	-2.199483E-2
2.475000E-3	-9.241420E-2
2.480000E-3	-2.201402E-1
2.485000E-3	-1.824485E-1
2.490000E-3	-2.319615E-1
2.495000E-3	-1.601740E-1
2.500000E-3	1.334715E-1
2.505000E-3	4.468471E-1
2.510000E-3	5.270191E-1
2.515000E-3	3.522600E-1
2.520000E-3	7.387406E-2
2.525000E-3	-1.105746E-1
2.530000E-3	-2.267521E-1
2.535000E-3	-8.180749E-2
2.540000E-3	1.035802E-1
2.545000E-3	3.260071E-1
2.550000E-3	2.733602E-1
2.555000E-3	1.706628E-1
2.560000E-3	3.493893E-2
2.565000E-3	-1.336182E-1
2.570000E-3	-1.650873E-1
2.575000E-3	-1.962604E-1
2.580000E-3	-2.002031E-1
2.585000E-3	-2.146813E-1
2.590000E-3	-2.432811E-2
2.595000E-3	-7.422501E-2
2.600000E-3	-1.152096E-1
2.605000E-3	6.547451E-3
2.610000E-3	9.618968E-2
2.615000E-3	8.874840E-2
2.620000E-3	1.092654E-1
2.625000E-3	1.112820E-1
2.630000E-3	1.523077E-2
2.635000E-3	4.701662E-2
2.640000E-3	2.211136E-2
2.645000E-3	4.097503E-2
2.650000E-3	3.359956E-2
2.655000E-3	6.733209E-2
2.660000E-3	1.418272E-1
2.665000E-3	1.224302E-1
2.670000E-3	7.633895E-2
2.675000E-3	1.929826E-2
2.680000E-3	4.075706E-3
2.685000E-3	-1.613969E-2
2.690000E-3	-9.939760E-2
2.695000E-3	-7.524770E-2
2.700000E-3	6.464100E-2
2.705000E-3	5.622089E-3
2.710000E-3	-9.317917E-2
2.715000E-3	-3.399301E-2
2.720000E-3	-6.429827E-2
2.725000E-3	-1.097246E-1
2.730000E-3	2.790070E-2
2.735000E-3	1.661608E-1
2.740000E-3	9.784162E-2
2.745000E-3	-3.808379E-2
2.750000E-3	-3.156102E-2
2.755000E-3	-5.093741E-2
2.760000E-3	3.483063E-2
2.765000E-3	9.362334E-2
2.770000E-3	-9.408534E-3
2.775000E-3	-1.556802E-2
2.780000E-3	1.017172E-1
2.785000E-3	7.262516E-2
2.790000E-3	1.494014E-2
2.795000E-3	9.471732E-2
2.800000E-3	4.715782E-2
2.805000E-3	-5.705577E-2
2.810000E-3	-2.714258E-2
2.815000E-3	1.065016E-1
2.820000E-3	3.334868E-2
2.825000E-3	-1.915294E-2
2.830000E-3	8.484131E-2
2.835000E-3	2.023596E-2
2.840000E-3	-4.014838E-2
2.845000E-3	2.872324E-2
2.850000E-3	8.639592E-2
2.855000E-3	4.876590E-2
2.860000E-3	5.462652E-2
2.865000E-3	2.591836E-2
2.870000E-3	6.854534E-6
2.875000E-3	-6.552935E-4
2.880000E-3	-1.874030E-2
2.885000E-3	-2.730846E-3
2.890000E-3	-1.186383E-2
2.895000E-3	-4.692340E-2
2.900000E-3	-8.764756E-2
2.905000E-3	-3.083855E-2
2.910000E-3	7.988548E-2
2.915000E-3	4.112172E-2
2.920000E-3	-1.248622E-2
2.925000E-3	4.512340E-2
2.930000E-3	4.574853E-2
2.935000E-3	-8.942425E-3
2.940000E-3	5.586445E-3
2.945000E-3	3.691167E-2
2.950000E-3	2.964997E-2
2.955000E-3	2.289414E-3
2.960000E-3	-1.097000E-2
2.965000E-3	-2.894258E-2
2.970000E-3	6.282866E-3
2.975000E-3	3.360093E-2
2.980000E-3	4.689461E-2
2.985000E-3	6.381160E-2
2.990000E-3	1.364738E-2
2.995000E-3	-4.453802E-2
3.000000E-3	-3.519392E-2
3.005000E-3	-5.472660E-3
3.010000E-3	1.039696E-2
3.015000E-3	6.438053E-2
3.020000E-3	9.950179E-2
3.025000E-3	7.276911E-2
3.030000E-3	1.754761E-4
3.035000E-3	-1.753801E-2
3.040000E-3	-1.855797E-2
3.045000E-3	8.557200E-3
3.050000E-3	3.915447E-2
3.055000E-3	8.575159E-2
3.060000E-3	5.256331E-2
3.065000E-3	2.449125E-2
3.070000E-3	3.493756E-2
3.075000E-3	-1.137030E-2
3.080000E-3	-1.164174E-2
3.085000E-3	2.324921E-2
3.090000E-3	2.184129E-2
3.095000E-3	-2.150953E-3
3.100000E-3	1.072735E-2
3.105000E-3	2.385926E-2
3.110000E-3	2.942926E-2
3.115000E-3	-1.525271E-2
3.120000E-3	-3.154045E-2
3.125000E-3	-1.462758E-3
3.130000E-3	2.785683E-3
3.135000E-3	1.924753E-2
3.140000E-3	1.190770E-2
3.145000E-3	-6.082714E-3
3.150000E-3	2.597320E-2
3.155000E-3	2.979392E-2
3.160000E-3	2.316970E-2
3.165000E-3	4.794198E-2
3.170000E-3	5.554640E-2
3.175000E-3	1.670861E-2
3.180000E-3	2.983505E-2
3.185000E-3	8.512783E-2
3.190000E-3	5.417138E-2
3.195000E-3	1.586688E-2
3.200000E-3	3.015447E-2
3.205000E-3	3.145546E-2
3.210000E-3	-1.596695E-2
3.215000E-3	-2.985424E-2
3.220000E-3	-3.753543E-3
3.225000E-3	2.761006E-3
3.230000E-3	1.136208E-2
3.235000E-3	-4.954457E-3
3.240000E-3	-4.163444E-2
3.245000E-3	-5.436742E-2
3.250000E-3	-3.731197E-2
3.255000E-3	-3.254533E-3
3.260000E-3	3.182971E-2
3.265000E-3	3.522682E-2
3.270000E-3	2.635705E-2
3.275000E-3	2.753878E-2
3.280000E-3	3.467023E-2
3.285000E-3	1.956421E-2
3.290000E-3	4.899895E-2
3.295000E-3	8.763933E-2
3.300000E-3	5.501860E-2
3.305000E-3	5.328578E-2
3.310000E-3	5.367100E-2
3.315000E-3	9.355068E-3
3.320000E-3	-5.786598E-3
3.325000E-3	2.111059E-2
3.330000E-3	1.538157E-2
3.335000E-3	2.959788E-3
3.340000E-3	1.770937E-2
3.345000E-3	-1.746535E-3
3.350000E-3	-2.561814E-2
3.355000E-3	3.942728E-3
3.360000E-3	2.717274E-2
3.365000E-3	-5.064130E-3
3.370000E-3	-7.524908E-3
3.375000E-3	1.700336E-2
3.380000E-3	-1.066566E-2
3.385000E-3	-1.894867E-2
3.390000E-3	1.650572E-3
3.395000E-3	1.988363E-2
3.400000E-3	4.734701E-2
3.405000E-3	6.340444E-2
3.410000E-3	3.165561E-2
3.415000E-3	1.884311E-2
3.420000E-3	3.624129E-2
3.425000E-3	2.351242E-2
3.430000E-3	1.656878E-2
3.435000E-3	4.544145E-2
3.440000E-3	6.985456E-2
3.445000E-3	5.614275E-2
3.450000E-3	2.579224E-2
3.455000E-3	-8.747756E-3
3.460000E-3	-3.092629E-2
3.465000E-3	-3.409582E-2
3.470000E-3	-6.946385E-3
3.475000E-3	3.081799E-2
3.480000E-3	5.323917E-2
3.485000E-3	4.872751E-2
3.490000E-3	1.982468E-2
3.495000E-3	-8.529782E-3
3.500000E-3	-3.287160E-2
3.505000E-3	-4.000854E-2
3.510000E-3	-8.632600E-3
3.515000E-3	1.738447E-2
3.520000E-3	2.569902E-2
3.525000E-3	2.538782E-2
3.530000E-3	1.830435E-2
3.535000E-3	-1.000762E-3
3.540000E-3	-2.434045E-2
3.545000E-3	-4.303277E-2
3.550000E-3	-2.249795E-2
3.555000E-3	2.530694E-2
3.560000E-3	4.404724E-2
3.565000E-3	3.777260E-2
3.570000E-3	4.505622E-2
3.575000E-3	5.571228E-2
3.580000E-3	5.648959E-2
3.585000E-3	5.555874E-2
3.590000E-3	5.367512E-2
3.595000E-3	4.613650E-2
3.600000E-3	3.115386E-2
3.605000E-3	4.339606E-2
3.610000E-3	4.298753E-2
3.615000E-3	1.916802E-2
3.620000E-3	-1.120031E-3
3.625000E-3	-6.074488E-3
3.630000E-3	-1.823854E-2
3.635000E-3	-2.953756E-2
3.640000E-3	-1.804662E-2
3.645000E-3	-6.064892E-3
3.650000E-3	-1.233816E-3
3.655000E-3	1.566398E-2
3.660000E-3	3.615355E-2
3.665000E-3	2.264327E-2
3.670000E-3	5.929172E-3
3.675000E-3	1.023382E-2
3.680000E-3	1.257259E-2
3.685000E-3	1.024067E-2
3.690000E-3	8.355677E-3
3.695000E-3	-5.608380E-3
3.700000E-3	-3.826201E-3
3.705000E-3	2.072537E-2
3.710000E-3	2.995431E-2
3.715000E-3	3.313345E-2
3.720000E-3	5.135965E-2
3.725000E-3	6.345242E-2
3.730000E-3	4.788989E-2
3.735000E-3	3.068364E-2
3.740000E-3	2.496147E-2
3.745000E-3	1.929551E-2
3.750000E-3	1.876909E-2
3.755000E-3	2.471471E-2
3.760000E-3	1.861417E-2
3.765000E-3	-1.817822E-3
3.770000E-3	-1.592445E-2
3.775000E-3	-1.614517E-2
3.780000E-3	-6.812036E-3
3.785000E-3	-1.222849E-3
3.790000E-3	1.056421E-2
3.795000E-3	1.220244E-2
3.800000E-3	9.651184E-4
3.805000E-3	-1.270831E-3
3.810000E-3	-2.166033E-4
3.815000E-3	5.386293E-3
3.820000E-3	8.036256E-3
3.825000E-3	5.528867E-3
3.830000E-3	2.252400E-2
3.835000E-3	3.722149E-2
3.840000E-3	3.010100E-2
3.845000E-3	2.605546E-2
3.850000E-3	2.854913E-2
3.855000E-3	2.717137E-2
3.860000E-3	2.477914E-2
3.865000E-3	2.528363E-2
3.870000E-3	2.648181E-2
3.875000E-3	3.539819E-2
3.880000E-3	4.302454E-2
3.885000E-3	3.673756E-2
3.890000E-3	2.300107E-2
3.895000E-3	1.478797E-2
3.900000E-3	1.883352E-2
3.905000E-3	3.027236E-2
3.910000E-3	3.770679E-2
3.915000E-3	3.856498E-2
3.920000E-3	3.283048E-2
3.925000E-3	2.071303E-2
3.930000E-3	1.350754E-2
3.935000E-3	1.062590E-2
3.940000E-3	1.388866E-2
3.945000E-3	9.390712E-3
3.950000E-3	-9.526432E-3
3.955000E-3	-2.072811E-2
3.960000E-3	-1.969719E-2
3.965000E-3	-8.026659E-3
3.970000E-3	3.569841E-3
3.975000E-3	1.190084E-2
3.980000E-3	1.811653E-2
3.985000E-3	1.416421E-2
3.990000E-3	4.817367E-3
3.995000E-3	2.693832E-3
4.000000E-3	2.096665E-2
4.005000E-3	3.110862E-2
4.010000E-3	3.143489E-2
4.015000E-3	4.166186E-2
4.020000E-3	3.985089E-2
4.025000E-3	2.367693E-2
4.030000E-3	2.110237E-2
4.035000E-3	2.742773E-2
4.040000E-3	1.788348E-2
4.045000E-3	1.450968E-2
4.050000E-3	1.467967E-2
4.055000E-3	3.887892E-3
4.060000E-3	-2.193451E-4
4.065000E-3	4.385531E-3
4.070000E-3	8.115768E-4
4.075000E-3	-1.039010E-2
4.080000E-3	-3.665805E-3
4.085000E-3	1.482636E-2
4.090000E-3	2.686155E-2
4.095000E-3	3.694457E-2
4.100000E-3	4.226094E-2
4.105000E-3	3.852797E-2
4.110000E-3	3.231502E-2
4.115000E-3	2.274197E-2
4.120000E-3	7.062912E-3
4.125000E-3	-4.510283E-4
4.130000E-3	2.667785E-3
4.135000E-3	3.981113E-3
4.140000E-3	6.541967E-3
4.145000E-3	1.638097E-2
4.150000E-3	2.604312E-2
4.155000E-3	3.834563E-2
4.160000E-3	4.405135E-2
4.165000E-3	3.306764E-2
4.170000E-3	2.114350E-2
4.175000E-3	6.090939E-3
4.180000E-3	-1.120991E-2
4.185000E-3	-9.027421E-3
4.190000E-3	8.006096E-3
4.195000E-3	1.698005E-2
4.200000E-3	2.650511E-2
4.205000E-3	3.355980E-2
4.210000E-3	2.300107E-2
4.215000E-3	1.284128E-2
4.220000E-3	8.295357E-3
4.225000E-3	1.886368E-3
4.230000E-3	-1.605332E-3
4.235000E-3	4.863977E-3
4.240000E-3	1.574761E-2
4.245000E-3	1.915157E-2
4.250000E-3	2.583474E-2
4.255000E-3	3.589171E-2
4.260000E-3	3.344327E-2
4.265000E-3	2.718645E-2
4.270000E-3	2.653527E-2
4.275000E-3	2.478462E-2
4.280000E-3	2.382910E-2
4.285000E-3	2.312446E-2
4.290000E-3	2.248561E-2
4.295000E-3	2.231699E-2
4.300000E-3	1.805210E-2
4.305000E-3	8.764207E-3
4.310000E-3	-1.768470E-3
4.315000E-3	-3.281951E-3
4.320000E-3	-3.166795E-3
4.325000E-3	-3.543794E-3
4.330000E-3	4.441738E-4
4.335000E-3	9.756744E-3
4.340000E-3	1.973695E-2
4.345000E-3	2.129292E-2
4.350000E-3	1.592308E-2
4.355000E-3	9.770453E-3
4.360000E-3	7.771671E-3
4.365000E-3	8.928716E-3
4.370000E-3	1.448911E-2
4.375000E-3	2.514517E-2
4.380000E-3	2.981585E-2
4.385000E-3	3.196543E-2
4.390000E-3	3.053421E-2
4.395000E-3	2.243763E-2
4.400000E-3	2.014136E-2
4.405000E-3	1.724601E-2
4.410000E-3	1.398462E-2
4.415000E-3	1.832354E-2
4.420000E-3	2.481341E-2
4.425000E-3	2.838463E-2
4.430000E-3	2.191395E-2
4.435000E-3	1.074791E-2
4.440000E-3	2.178371E-3
4.445000E-3	-3.695965E-3
4.450000E-3	-5.539834E-3
4.455000E-3	-9.472966E-4
4.460000E-3	1.418340E-2
4.465000E-3	2.990359E-2
4.470000E-3	3.371197E-2
4.475000E-3	2.855599E-2
4.480000E-3	1.771623E-2
4.485000E-3	8.259714E-3
4.490000E-3	7.084846E-3
4.495000E-3	1.376390E-2
4.500000E-3	2.901798E-2
4.505000E-3	4.187572E-2
4.510000E-3	4.534549E-2
4.515000E-3	3.974533E-2
4.520000E-3	2.901798E-2
4.525000E-3	2.194685E-2
4.530000E-3	1.752156E-2
4.535000E-3	1.813298E-2
4.540000E-3	2.336985E-2
4.545000E-3	2.030587E-2
4.550000E-3	1.241219E-2
4.555000E-3	9.472966E-3
4.560000E-3	3.569841E-3
4.565000E-3	-1.675248E-3
4.570000E-3	-1.946688E-4
4.575000E-3	2.293527E-3
4.580000E-3	3.386140E-3
4.585000E-3	7.353544E-3
4.590000E-3	8.575022E-3
4.595000E-3	8.424222E-3
4.600000E-3	1.173359E-2
4.605000E-3	1.482773E-2
4.610000E-3	1.874167E-2
4.615000E-3	1.921600E-2
4.620000E-3	1.515538E-2
4.625000E-3	1.593679E-2
4.630000E-3	1.958752E-2
4.635000E-3	2.057320E-2
4.640000E-3	2.570313E-2
4.645000E-3	3.389430E-2
4.650000E-3	3.394914E-2
4.655000E-3	2.539331E-2
4.660000E-3	1.687586E-2
4.665000E-3	1.077944E-2
4.670000E-3	7.651031E-3
4.675000E-3	5.908608E-3
4.680000E-3	2.826810E-3
4.685000E-3	2.356589E-3
4.690000E-3	2.277076E-3
4.695000E-3	2.371669E-3
4.700000E-3	5.590558E-3
4.705000E-3	1.004326E-2
4.710000E-3	1.208454E-2
4.715000E-3	1.300168E-2
4.720000E-3	6.927192E-3
4.725000E-3	-8.006096E-4
4.730000E-3	1.909673E-3
4.735000E-3	6.069005E-3
4.740000E-3	8.461237E-3
4.745000E-3	2.270907E-2
4.750000E-3	4.913056E-2
4.755000E-3	7.514352E-2
4.760000E-3	7.407421E-2
4.765000E-3	5.536544E-2
4.770000E-3	3.576696E-2
4.775000E-3	1.762712E-2
4.780000E-3	7.727802E-3
4.785000E-3	1.806992E-2
4.790000E-3	3.213954E-2
4.795000E-3	4.304510E-2
4.800000E-3	4.331243E-2
4.805000E-3	2.741265E-2
4.810000E-3	1.000351E-2
4.815000E-3	-6.274641E-3
4.820000E-3	-1.479071E-2
4.825000E-3	-1.427799E-2
4.830000E-3	-1.000762E-2
4.835000E-3	-5.221784E-3
4.840000E-3	-2.644479E-3
4.845000E-3	1.283169E-3
4.850000E-3	6.361008E-4
4.855000E-3	3.328562E-3
4.860000E-3	1.930648E-2
4.865000E-3	2.496010E-2
4.870000E-3	1.697183E-2
4.875000E-3	2.096254E-2
4.880000E-3	2.287084E-2
4.885000E-3	1.853877E-2
4.890000E-3	2.820504E-2
4.895000E-3	2.622819E-2
4.900000E-3	1.562285E-2
4.905000E-3	1.649612E-2
4.910000E-3	1.402575E-2
4.915000E-3	1.139635E-2
4.920000E-3	1.740503E-2
4.925000E-3	1.294410E-2
4.930000E-3	2.364814E-3
4.935000E-3	4.205942E-3
4.940000E-3	3.085911E-3
4.945000E-3	6.384313E-3
4.950000E-3	2.460778E-2
4.955000E-3	3.342271E-2
4.960000E-3	3.076589E-2
4.965000E-3	3.185302E-2
4.970000E-3	2.581006E-2
4.975000E-3	1.318264E-2
4.980000E-3	1.558995E-2
4.985000E-3	2.095842E-2
4.990000E-3	1.446855E-2
4.995000E-3	9.477079E-3
5.000000E-3	7.546842E-3
5.005000E-3	4.369080E-3
5.010000E-3	5.639911E-3
5.015000E-3	1.153070E-2
5.020000E-3	1.718843E-2
5.025000E-3	2.444875E-2
5.030000E-3	2.935660E-2
5.035000E-3	3.072202E-2
5.040000E-3	3.297716E-2
5.045000E-3	3.173101E-2
5.050000E-3	2.774304E-2
5.055000E-3	2.440077E-2
5.060000E-3	2.243078E-2
5.065000E-3	1.876360E-2
5.070000E-3	1.949567E-2
5.075000E-3	2.086794E-2
5.080000E-3	2.138478E-2
5.085000E-3	2.322179E-2
5.090000E-3	2.129567E-2
5.095000E-3	1.562285E-2
5.100000E-3	1.377761E-2
5.105000E-3	1.101935E-2
5.110000E-3	6.222546E-3
5.115000E-3	4.639149E-3
5.120000E-3	-2.042651E-3
5.125000E-3	-5.700231E-3
5.130000E-3	2.877533E-3
5.135000E-3	9.597719E-3
5.140000E-3	1.315248E-2
5.145000E-3	2.014273E-2
5.150000E-3	2.300656E-2
5.155000E-3	1.771623E-2
5.160000E-3	1.493466E-2
5.165000E-3	1.422316E-2
5.170000E-3	1.571745E-2
5.175000E-3	2.176452E-2
5.180000E-3	2.576619E-2
5.185000E-3	2.439529E-2
5.190000E-3	2.465987E-2
5.195000E-3	2.446383E-2
5.200000E-3	1.933801E-2
5.205000E-3	1.455081E-2
5.210000E-3	1.175278E-2
5.215000E-3	9.497643E-3
5.220000E-3	8.148670E-3
5.225000E-3	8.666873E-3
5.230000E-3	9.263217E-3
5.235000E-3	7.042348E-3
5.240000E-3	1.983702E-3
5.245000E-3	-4.146993E-3
5.250000E-3	-6.529629E-3
5.255000E-3	-2.301753E-3
5.260000E-3	6.747603E-3
5.265000E-3	1.804525E-2
5.270000E-3	2.944434E-2
5.275000E-3	3.714883E-2
5.280000E-3	3.997153E-2
5.285000E-3	3.984952E-2
5.290000E-3	3.062332E-2
5.295000E-3	2.462286E-2
5.300000E-3	2.710557E-2
5.305000E-3	2.499986E-2
5.310000E-3	2.582377E-2
5.315000E-3	3.205317E-2
5.320000E-3	3.362423E-2
5.325000E-3	2.918798E-2
5.330000E-3	2.698493E-2
5.335000E-3	1.767373E-2
5.340000E-3	9.930849E-3
5.345000E-3	5.208075E-3
5.350000E-3	3.443718E-3
5.355000E-3	7.522166E-3
5.360000E-3	1.097822E-2
5.365000E-3	8.716226E-3
5.370000E-3	7.895052E-3
5.375000E-3	7.349432E-3
5.380000E-3	5.294442E-3
5.385000E-3	7.531762E-3
5.390000E-3	1.394624E-2
5.395000E-3	1.778477E-2
5.400000E-3	1.984936E-2
5.405000E-3	2.266932E-2
5.410000E-3	2.315462E-2
5.415000E-3	2.333832E-2
5.420000E-3	2.449948E-2
5.425000E-3	2.326840E-2
5.430000E-3	2.198797E-2
5.435000E-3	2.448028E-2
5.440000E-3	2.341235E-2
5.445000E-3	1.933938E-2
5.450000E-3	1.737761E-2
5.455000E-3	1.404631E-2
5.460000E-3	7.217824E-3
5.465000E-3	5.679667E-3
5.470000E-3	3.467023E-3
5.475000E-3	-3.690481E-3
5.480000E-3	-5.282104E-3
5.485000E-3	-3.039300E-3
5.490000E-3	-4.811883E-4
5.495000E-3	5.138159E-3
5.500000E-3	1.366109E-2
5.505000E-3	1.965880E-2
5.510000E-3	2.357686E-2
5.515000E-3	2.530557E-2
5.520000E-3	2.628577E-2
5.525000E-3	2.473664E-2
5.530000E-3	2.063900E-2
5.535000E-3	2.000153E-2
5.540000E-3	2.149034E-2
5.545000E-3	2.273512E-2
5.550000E-3	2.724814E-2
5.555000E-3	3.092355E-2
5.560000E-3	2.906185E-2
5.565000E-3	2.396619E-2
5.570000E-3	1.786566E-2
5.575000E-3	1.292217E-2
5.580000E-3	1.399422E-2
5.585000E-3	1.641935E-2
5.590000E-3	1.939011E-2
5.595000E-3	1.858401E-2
5.600000E-3	1.362818E-2
5.605000E-3	1.072735E-2
5.610000E-3	9.848595E-3
5.615000E-3	1.170343E-2
5.620000E-3	1.540762E-2
5.625000E-3	1.662362E-2
5.630000E-3	1.596695E-2
5.635000E-3	1.532811E-2
5.640000E-3	1.521158E-2
5.645000E-3	1.789033E-2
5.650000E-3	2.268851E-2
5.655000E-3	2.509445E-2
5.660000E-3	2.526307E-2
5.665000E-3	2.460366E-2
5.670000E-3	2.206337E-2
5.675000E-3	1.992476E-2
5.680000E-3	1.834548E-2
5.685000E-3	1.521021E-2
5.690000E-3	1.211470E-2
5.695000E-3	1.031744E-2
5.700000E-3	8.939683E-3
5.705000E-3	1.062727E-2
5.710000E-3	1.488119E-2
5.715000E-3	1.814258E-2
5.720000E-3	1.981920E-2
5.725000E-3	2.003169E-2
5.730000E-3	1.598889E-2
5.735000E-3	1.021874E-2
5.740000E-3	7.923841E-3
5.745000E-3	8.006096E-3
5.750000E-3	9.636104E-3
5.755000E-3	1.480716E-2
5.760000E-3	2.021676E-2
5.765000E-3	2.223748E-2
5.770000E-3	1.969856E-2
5.775000E-3	1.487160E-2
5.780000E-3	9.119272E-3
5.785000E-3	5.526125E-3
5.790000E-3	5.339682E-3
5.795000E-3	7.693529E-3
5.800000E-3	1.058203E-2
5.805000E-3	1.282620E-2
5.810000E-3	1.524997E-2
5.815000E-3	1.706231E-2
5.820000E-3	1.864707E-2
5.825000E-3	2.066916E-2
5.830000E-3	2.341509E-2
5.835000E-3	2.461463E-2
5.840000E-3	2.562499E-2
5.845000E-3	2.623230E-2
5.850000E-3	2.485454E-2
5.855000E-3	2.198112E-2
5.860000E-3	1.999468E-2
5.865000E-3	1.828104E-2
5.870000E-3	1.876360E-2
5.875000E-3	2.227587E-2
5.880000E-3	2.429247E-2
5.885000E-3	2.310252E-2
5.890000E-3	2.218813E-2
5.895000E-3	1.905012E-2
5.900000E-3	1.242316E-2
5.905000E-3	8.978069E-3
5.910000E-3	9.440064E-3
5.915000E-3	1.053131E-2
5.920000E-3	1.391470E-2
5.925000E-3	1.647967E-2
5.930000E-3	1.331562E-2
5.935000E-3	1.020777E-2
5.940000E-3	9.239912E-3
5.945000E-3	9.087741E-3
5.950000E-3	1.168561E-2
5.955000E-3	1.739955E-2
5.960000E-3	2.077609E-2
5.965000E-3	2.219772E-2
5.970000E-3	2.338219E-2
5.975000E-3	2.249110E-2
5.980000E-3	2.092963E-2
5.985000E-3	2.045530E-2
5.990000E-3	1.883626E-2
5.995000E-3	1.687586E-2
6.000000E-3	1.723641E-2
6.005000E-3	1.868546E-2
6.010000E-3	1.986170E-2
6.015000E-3	1.988089E-2
6.020000E-3	1.705819E-2
6.025000E-3	1.182133E-2
6.030000E-3	7.779896E-3
6.035000E-3	5.915463E-3
6.040000E-3	4.818738E-3
6.045000E-3	4.914701E-3
6.050000E-3	6.650269E-3
6.055000E-3	7.900536E-3
6.060000E-3	1.027083E-2
6.065000E-3	1.370084E-2
6.070000E-3	1.511288E-2
6.075000E-3	1.673329E-2
6.080000E-3	1.930511E-2
6.085000E-3	1.954091E-2
6.090000E-3	1.826322E-2
6.095000E-3	1.752019E-2
6.100000E-3	1.677030E-2
6.105000E-3	1.652765E-2
6.110000E-3	1.775736E-2
6.115000E-3	1.938462E-2
6.120000E-3	2.129430E-2
6.125000E-3	2.224159E-2
6.130000E-3	2.185911E-2
6.135000E-3	2.048135E-2
6.140000E-3	1.862103E-2
6.145000E-3	1.789582E-2
6.150000E-3	1.809871E-2
6.155000E-3	1.905012E-2
6.160000E-3	2.152050E-2
6.165000E-3	2.390313E-2
6.170000E-3	2.386200E-2
6.175000E-3	2.170968E-2
6.180000E-3	1.814121E-2
6.185000E-3	1.517183E-2
6.190000E-3	1.400793E-2
6.195000E-3	1.377761E-2
6.200000E-3	1.384342E-2
6.205000E-3	1.524311E-2
6.210000E-3	1.683199E-2
6.215000E-3	1.631105E-2
6.220000E-3	1.486200E-2
6.225000E-3	1.349384E-2
6.230000E-3	1.198858E-2
6.235000E-3	1.210922E-2
6.240000E-3	1.398188E-2
6.245000E-3	1.594228E-2
6.250000E-3	1.703626E-2
6.255000E-3	1.774776E-2
6.260000E-3	1.805621E-2
6.265000E-3	1.733375E-2
6.270000E-3	1.546246E-2
6.275000E-3	1.348013E-2
6.280000E-3	1.306474E-2
6.285000E-3	1.475507E-2
6.290000E-3	1.698554E-2
6.295000E-3	1.726657E-2
6.300000E-3	1.674974E-2
6.305000E-3	1.528013E-2
6.310000E-3	1.354045E-2
6.315000E-3	1.260686E-2
6.320000E-3	1.255751E-2
6.325000E-3	1.333481E-2
6.330000E-3	1.609308E-2
6.335000E-3	2.040184E-2
6.340000E-3	2.381539E-2
6.345000E-3	2.540290E-2
6.350000E-3	2.389765E-2
6.355000E-3	1.957792E-2
6.360000E-3	1.457137E-2
6.365000E-3	1.095766E-2
6.370000E-3	1.010221E-2
6.375000E-3	1.198995E-2
6.380000E-3	1.484829E-2
6.385000E-3	1.714456E-2
6.390000E-3	1.837426E-2
6.395000E-3	1.822072E-2
6.400000E-3	1.913512E-2
6.405000E-3	2.139300E-2
6.410000E-3	2.289963E-2
6.415000E-3	2.329582E-2
6.420000E-3	2.248150E-2
6.425000E-3	2.024144E-2
6.430000E-3	1.905286E-2
6.435000E-3	1.949018E-2
6.440000E-3	1.942712E-2
6.445000E-3	2.001387E-2
6.450000E-3	1.985073E-2
6.455000E-3	1.744479E-2
6.460000E-3	1.432323E-2
6.465000E-3	1.126611E-2
6.470000E-3	8.422852E-3
6.475000E-3	6.818891E-3
6.480000E-3	7.577002E-3
6.485000E-3	9.832144E-3
6.490000E-3	1.267815E-2
6.495000E-3	1.601082E-2
6.500000E-3	1.878279E-2
6.505000E-3	2.031136E-2
6.510000E-3	2.120930E-2
6.515000E-3	2.204692E-2
6.520000E-3	2.179879E-2
6.525000E-3	2.142727E-2
6.530000E-3	2.136284E-2
6.535000E-3	2.101600E-2
6.540000E-3	2.041417E-2
6.545000E-3	1.956695E-2
6.550000E-3	1.732963E-2
6.555000E-3	1.473039E-2
6.560000E-3	1.267129E-2
6.565000E-3	1.168150E-2
6.570000E-3	1.172811E-2
6.575000E-3	1.205713E-2
6.580000E-3	1.095766E-2
6.585000E-3	9.645700E-3
6.590000E-3	9.460628E-3
6.595000E-3	9.479821E-3
6.600000E-3	9.647071E-3
6.605000E-3	1.079726E-2
6.610000E-3	1.190358E-2
6.615000E-3	1.320732E-2
6.620000E-3	1.552141E-2
6.625000E-3	1.817822E-2
6.630000E-3	2.037716E-2
6.635000E-3	2.232522E-2
6.640000E-3	2.309430E-2
6.645000E-3	2.307510E-2
6.650000E-3	2.298325E-2
6.655000E-3	2.264738E-2
6.660000E-3	2.181524E-2
6.665000E-3	2.107084E-2
6.670000E-3	2.145332E-2
6.675000E-3	2.128196E-2
6.680000E-3	2.055401E-2
6.685000E-3	1.998645E-2
6.690000E-3	1.858538E-2
6.695000E-3	1.600945E-2
6.700000E-3	1.387632E-2
6.705000E-3	1.219970E-2
6.710000E-3	1.044768E-2
6.715000E-3	9.685457E-3
6.720000E-3	9.577155E-3
6.725000E-3	1.001447E-2
6.730000E-3	1.191592E-2
6.735000E-3	1.402026E-2
6.740000E-3	1.560503E-2
6.745000E-3	1.774091E-2
6.750000E-3	2.020580E-2
6.755000E-3	2.202088E-2
6.760000E-3	2.193588E-2
6.765000E-3	2.027297E-2
6.770000E-3	1.782179E-2
6.775000E-3	1.591074E-2
6.780000E-3	1.516771E-2
6.785000E-3	1.536649E-2
6.790000E-3	1.561737E-2
6.795000E-3	1.566809E-2
6.800000E-3	1.514578E-2
6.805000E-3	1.471257E-2
6.810000E-3	1.527601E-2
6.815000E-3	1.689231E-2
6.820000E-3	1.809049E-2
6.825000E-3	1.884997E-2
6.830000E-3	1.915431E-2
6.835000E-3	1.837838E-2
6.840000E-3	1.687038E-2
6.845000E-3	1.541996E-2
6.850000E-3	1.385438E-2
6.855000E-3	1.305926E-2
6.860000E-3	1.274532E-2
6.865000E-3	1.231211E-2
6.870000E-3	1.217228E-2
6.875000E-3	1.262468E-2
6.880000E-3	1.289064E-2
6.885000E-3	1.337183E-2
6.890000E-3	1.453984E-2
6.895000E-3	1.522392E-2
6.900000E-3	1.518691E-2
6.905000E-3	1.520061E-2
6.910000E-3	1.492232E-2
6.915000E-3	1.458645E-2
6.920000E-3	1.481813E-2
6.925000E-3	1.566947E-2
6.930000E-3	1.643169E-2
6.935000E-3	1.744616E-2
6.940000E-3	1.929414E-2
6.945000E-3	2.080762E-2
6.950000E-3	2.171791E-2
6.955000E-3	2.213055E-2
6.960000E-3	2.197564E-2
6.965000E-3	2.150267E-2
6.970000E-3	2.090496E-2
6.975000E-3	1.992339E-2
6.980000E-3	1.849353E-2
6.985000E-3	1.697457E-2
6.990000E-3	1.554471E-2
6.995000E-3	1.452613E-2
7.000000E-3	1.343900E-2
7.005000E-3	1.215172E-2
7.010000E-3	1.071638E-2
7.015000E-3	9.784162E-3
7.020000E-3	9.967864E-3
7.025000E-3	1.136070E-2
7.030000E-3	1.331151E-2
7.035000E-3	1.572704E-2
7.040000E-3	1.862377E-2
7.045000E-3	2.160138E-2
7.050000E-3	2.369887E-2
7.055000E-3	2.460778E-2
7.060000E-3	2.397305E-2
7.065000E-3	2.253085E-2
7.070000E-3	2.142590E-2
7.075000E-3	2.046490E-2
7.080000E-3	1.934761E-2
7.085000E-3	1.794380E-2
7.090000E-3	1.650435E-2
7.095000E-3	1.529384E-2
7.100000E-3	1.427114E-2
7.105000E-3	1.327997E-2
7.110000E-3	1.234365E-2
7.115000E-3	1.139224E-2
7.120000E-3	1.013374E-2
7.125000E-3	1.005697E-2
7.130000E-3	1.053405E-2
7.135000E-3	1.136619E-2
7.140000E-3	1.259726E-2
7.145000E-3	1.290572E-2
7.150000E-3	1.226962E-2
7.155000E-3	1.134837E-2
7.160000E-3	1.066017E-2
7.165000E-3	1.101112E-2
7.170000E-3	1.290572E-2
7.175000E-3	1.524448E-2
7.180000E-3	1.800686E-2
7.185000E-3	2.027982E-2
7.190000E-3	2.177000E-2
7.195000E-3	2.298874E-2
7.200000E-3	2.367145E-2
7.205000E-3	2.388257E-2
7.210000E-3	2.436787E-2
7.215000E-3	2.354944E-2
7.220000E-3	2.143002E-2
7.225000E-3	1.856893E-2
7.230000E-3	1.591486E-2
7.235000E-3	1.423138E-2
7.240000E-3	1.406687E-2
7.245000E-3	1.505530E-2
7.250000E-3	1.631379E-2
7.255000E-3	1.677030E-2
7.260000E-3	1.619315E-2
7.265000E-3	1.591074E-2
7.270000E-3	1.620823E-2
7.275000E-3	1.720762E-2
7.280000E-3	1.869369E-2
7.285000E-3	2.051699E-2
7.290000E-3	2.160412E-2
7.295000E-3	2.173710E-2
7.300000E-3	2.135462E-2
7.305000E-3	2.056223E-2
7.310000E-3	1.980138E-2
7.315000E-3	1.906109E-2
7.320000E-3	1.862651E-2
7.325000E-3	1.837426E-2
7.330000E-3	1.752979E-2
7.335000E-3	1.619452E-2
7.340000E-3	1.439315E-2
7.345000E-3	1.271242E-2
7.350000E-3	1.154441E-2
7.355000E-3	1.077396E-2
7.360000E-3	1.051623E-2
7.365000E-3	1.076984E-2
7.370000E-3	1.175553E-2
7.375000E-3	1.328135E-2
7.380000E-3	1.501143E-2
7.385000E-3	1.613420E-2
7.390000E-3	1.624799E-2
7.395000E-3	1.557076E-2
7.400000E-3	1.419437E-2
7.405000E-3	1.297700E-2
7.410000E-3	1.243001E-2
7.415000E-3	1.247662E-2
7.420000E-3	1.342940E-2
7.425000E-3	1.520199E-2
7.430000E-3	1.756269E-2
7.435000E-3	1.935309E-2
7.440000E-3	2.007693E-2
7.445000E-3	1.950800E-2
7.450000E-3	1.824540E-2
7.455000E-3	1.693344E-2
7.460000E-3	1.610541E-2
7.465000E-3	1.563656E-2
7.470000E-3	1.527190E-2
7.475000E-3	1.494014E-2
7.480000E-3	1.456451E-2
7.485000E-3	1.380640E-2
7.490000E-3	1.341021E-2
7.495000E-3	1.354456E-2
7.500000E-3	1.394349E-2
7.505000E-3	1.453710E-2
7.510000E-3	1.541585E-2
7.515000E-3	1.644677E-2
7.520000E-3	1.745850E-2
7.525000E-3	1.833314E-2
7.530000E-3	1.924890E-2
7.535000E-3	2.065820E-2
7.540000E-3	2.172065E-2
7.545000E-3	2.209902E-2
7.550000E-3	2.215385E-2
7.555000E-3	2.130938E-2
7.560000E-3	1.995355E-2
7.565000E-3	1.897061E-2
7.570000E-3	1.768059E-2
7.575000E-3	1.697046E-2
7.580000E-3	1.675934E-2
7.585000E-3	1.685393E-2
7.590000E-3	1.715142E-2
7.595000E-3	1.765728E-2
7.600000E-3	1.832491E-2
7.605000E-3	1.877183E-2
7.610000E-3	1.891577E-2
7.615000E-3	1.824403E-2
7.620000E-3	1.677167E-2
7.625000E-3	1.551318E-2
7.630000E-3	1.502788E-2
7.635000E-3	1.510191E-2
7.640000E-3	1.581889E-2
7.645000E-3	1.693481E-2
7.650000E-3	1.799315E-2
7.655000E-3	1.845789E-2
7.660000E-3	1.818097E-2
7.665000E-3	1.740092E-2
7.670000E-3	1.636451E-2
7.675000E-3	1.577365E-2
7.680000E-3	1.501828E-2
7.685000E-3	1.417106E-2
7.690000E-3	1.368713E-2
7.695000E-3	1.289886E-2
7.700000E-3	1.192552E-2
7.705000E-3	1.132643E-2
7.710000E-3	1.097274E-2
7.715000E-3	1.133192E-2
7.720000E-3	1.240122E-2
7.725000E-3	1.332110E-2
7.730000E-3	1.431775E-2
7.735000E-3	1.586825E-2
7.740000E-3	1.815355E-2
7.745000E-3	2.064586E-2
7.750000E-3	2.296406E-2
7.755000E-3	2.411151E-2
7.760000E-3	2.354258E-2
7.765000E-3	2.143824E-2
7.770000E-3	1.913100E-2
7.775000E-3	1.730496E-2
7.780000E-3	1.656741E-2
7.785000E-3	1.651257E-2
7.790000E-3	1.712263E-2
7.795000E-3	1.749003E-2
7.800000E-3	1.756406E-2
7.805000E-3	1.750374E-2
7.810000E-3	1.667982E-2
7.815000E-3	1.607251E-2
7.820000E-3	1.589429E-2
7.825000E-3	1.597244E-2
7.830000E-3	1.660442E-2
7.835000E-3	1.746947E-2
7.840000E-3	1.829475E-2
7.845000E-3	1.868546E-2
7.850000E-3	1.871699E-2
7.855000E-3	1.784647E-2
7.860000E-3	1.701295E-2
7.865000E-3	1.639742E-2
7.870000E-3	1.587099E-2
7.875000E-3	1.568592E-2
7.880000E-3	1.532400E-2
7.885000E-3	1.494700E-2
7.890000E-3	1.530206E-2
7.895000E-3	1.624936E-2
7.900000E-3	1.758325E-2
7.905000E-3	1.896375E-2
7.910000E-3	1.890755E-2
7.915000E-3	1.779711E-2
7.920000E-3	1.626170E-2
7.925000E-3	1.444525E-2
7.930000E-3	1.301539E-2
7.935000E-3	1.274532E-2
7.940000E-3	1.337183E-2
7.945000E-3	1.429582E-2
7.950000E-3	1.562285E-2
7.955000E-3	1.661813E-2
7.960000E-3	1.763535E-2
7.965000E-3	1.797396E-2
7.970000E-3	1.758462E-2
7.975000E-3	1.679224E-2
7.980000E-3	1.597929E-2
7.985000E-3	1.530480E-2
7.990000E-3	1.509231E-2
7.995000E-3	1.530480E-2
8.000000E-3	1.579833E-2
8.005000E-3	1.627678E-2
8.010000E-3	1.590252E-2
8.015000E-3	1.484007E-2
8.020000E-3	1.350069E-2
8.025000E-3	1.220244E-2
8.030000E-3	1.175827E-2
8.035000E-3	1.204342E-2
8.040000E-3	1.260138E-2
8.045000E-3	1.350480E-2
8.050000E-3	1.437533E-2
8.055000E-3	1.499498E-2
8.060000E-3	1.580244E-2
8.065000E-3	1.683062E-2
8.070000E-3	1.808912E-2
8.075000E-3	1.949978E-2
8.080000E-3	2.041554E-2
8.085000E-3	2.100641E-2
8.090000E-3	2.134639E-2
8.095000E-3	2.121478E-2
8.100000E-3	2.064174E-2
8.105000E-3	1.999468E-2
8.110000E-3	1.930374E-2
8.115000E-3	1.908028E-2
8.120000E-3	1.935995E-2
8.125000E-3	1.935858E-2
8.130000E-3	1.886231E-2
8.135000E-3	1.792872E-2
8.140000E-3	1.659894E-2
8.145000E-3	1.594639E-2
8.150000E-3	1.554197E-2
8.155000E-3	1.544738E-2
8.160000E-3	1.538295E-2
8.165000E-3	1.510739E-2
8.170000E-3	1.471668E-2
8.175000E-3	1.502788E-2
8.180000E-3	1.518142E-2
8.185000E-3	1.529109E-2
8.190000E-3	1.555294E-2
8.195000E-3	1.566398E-2
8.200000E-3	1.570648E-2
8.205000E-3	1.582438E-2
8.210000E-3	1.555705E-2
8.215000E-3	1.525545E-2
8.220000E-3	1.495796E-2
8.225000E-3	1.463443E-2
8.230000E-3	1.510465E-2
8.235000E-3	1.544875E-2
8.240000E-3	1.530617E-2
8.245000E-3	1.506764E-2
8.250000E-3	1.471943E-2
8.255000E-3	1.401889E-2
8.260000E-3	1.341295E-2
8.265000E-3	1.333344E-2
8.270000E-3	1.365834E-2
8.275000E-3	1.428074E-2
8.280000E-3	1.501554E-2
8.285000E-3	1.624662E-2
8.290000E-3	1.761067E-2
8.295000E-3	1.829064E-2
8.300000E-3	1.871151E-2
8.305000E-3	1.833314E-2
8.310000E-3	1.736116E-2
8.315000E-3	1.658386E-2
8.320000E-3	1.623291E-2
8.325000E-3	1.598614E-2
8.330000E-3	1.592720E-2
8.335000E-3	1.584768E-2
8.340000E-3	1.509780E-2
8.345000E-3	1.438493E-2
8.350000E-3	1.397228E-2
8.355000E-3	1.400930E-2
8.360000E-3	1.463169E-2
8.365000E-3	1.549536E-2
8.370000E-3	1.649064E-2
8.375000E-3	1.754624E-2
8.380000E-3	1.816589E-2
8.385000E-3	1.886368E-2
8.390000E-3	1.966977E-2
8.395000E-3	2.013177E-2
8.400000E-3	2.092826E-2
8.405000E-3	2.162331E-2
8.410000E-3	2.193314E-2
8.415000E-3	2.235812E-2
8.420000E-3	2.233207E-2
8.425000E-3	2.179742E-2
8.430000E-3	2.129841E-2
8.435000E-3	2.056497E-2
8.440000E-3	1.966566E-2
8.445000E-3	1.897746E-2
8.450000E-3	1.794517E-2
8.455000E-3	1.655781E-2
8.460000E-3	1.554334E-2
8.465000E-3	1.458782E-2
8.470000E-3	1.410937E-2
8.475000E-3	1.390237E-2
8.480000E-3	1.375431E-2
8.485000E-3	1.384753E-2
8.490000E-3	1.371592E-2
8.495000E-3	1.314563E-2
8.500000E-3	1.273984E-2
8.505000E-3	1.215994E-2
8.510000E-3	1.171851E-2
8.515000E-3	1.198584E-2
8.520000E-3	1.223809E-2
8.525000E-3	1.240122E-2
8.530000E-3	1.341981E-2
8.535000E-3	1.423413E-2
8.540000E-3	1.561600E-2
8.545000E-3	1.743245E-2
8.550000E-3	1.903778E-2
8.555000E-3	2.036208E-2
8.560000E-3	2.134091E-2
8.565000E-3	2.145606E-2
8.570000E-3	2.121341E-2
8.575000E-3	2.099270E-2
8.580000E-3	2.056360E-2
8.585000E-3	2.050191E-2
8.590000E-3	2.042514E-2
8.595000E-3	2.004951E-2
8.600000E-3	1.924753E-2
8.605000E-3	1.747495E-2
8.610000E-3	1.498264E-2
8.615000E-3	1.266718E-2
8.620000E-3	1.067114E-2
8.625000E-3	9.298861E-3
8.630000E-3	9.161770E-3
8.635000E-3	9.869158E-3
8.640000E-3	1.139086E-2
8.645000E-3	1.349521E-2
8.650000E-3	1.516360E-2
8.655000E-3	1.663733E-2
8.660000E-3	1.803154E-2
8.665000E-3	1.878005E-2
8.670000E-3	1.894593E-2
8.675000E-3	1.905012E-2
8.680000E-3	1.885271E-2
8.685000E-3	1.910907E-2
8.690000E-3	1.932293E-2
8.695000E-3	1.947373E-2
8.700000E-3	1.923931E-2
8.705000E-3	1.832080E-2
8.710000E-3	1.735431E-2
8.715000E-3	1.631790E-2
8.720000E-3	1.524860E-2
8.725000E-3	1.428348E-2
8.730000E-3	1.369947E-2
8.735000E-3	1.358020E-2
8.740000E-3	1.400107E-2
8.745000E-3	1.515400E-2
8.750000E-3	1.634395E-2
8.755000E-3	1.773542E-2
8.760000E-3	1.861966E-2
8.765000E-3	1.892400E-2
8.770000E-3	1.890343E-2
8.775000E-3	1.825362E-2
8.780000E-3	1.694578E-2
8.785000E-3	1.586550E-2
8.790000E-3	1.478386E-2
8.795000E-3	1.435202E-2
8.800000E-3	1.450419E-2
8.805000E-3	1.443565E-2
8.810000E-3	1.452476E-2
8.815000E-3	1.433557E-2
8.820000E-3	1.394349E-2
8.825000E-3	1.364464E-2
8.830000E-3	1.387221E-2
8.835000E-3	1.403946E-2
8.840000E-3	1.442742E-2
8.845000E-3	1.518553E-2
8.850000E-3	1.575309E-2
8.855000E-3	1.656741E-2
8.860000E-3	1.700199E-2
8.865000E-3	1.730359E-2
8.870000E-3	1.744342E-2
8.875000E-3	1.737350E-2
8.880000E-3	1.720488E-2
8.885000E-3	1.776284E-2
8.890000E-3	1.818371E-2
8.895000E-3	1.857305E-2
8.900000E-3	1.887602E-2
8.905000E-3	1.830161E-2
8.910000E-3	1.755035E-2
8.915000E-3	1.677442E-2
8.920000E-3	1.588058E-2
8.925000E-3	1.541311E-2
8.930000E-3	1.534045E-2
8.935000E-3	1.540077E-2
8.940000E-3	1.602590E-2
8.945000E-3	1.645362E-2
8.950000E-3	1.654959E-2
8.955000E-3	1.671958E-2
8.960000E-3	1.664281E-2
8.965000E-3	1.655918E-2
8.970000E-3	1.647419E-2
8.975000E-3	1.653451E-2
8.980000E-3	1.669490E-2
8.985000E-3	1.706642E-2
8.990000E-3	1.714593E-2
8.995000E-3	1.698828E-2
9.000000E-3	1.718020E-2
9.005000E-3	1.697594E-2
9.010000E-3	1.707053E-2
9.015000E-3	1.747632E-2
9.020000E-3	1.777107E-2
9.025000E-3	1.790679E-2
9.030000E-3	1.791227E-2
9.035000E-3	1.736528E-2
9.040000E-3	1.723230E-2
9.045000E-3	1.735705E-2
9.050000E-3	1.752293E-2
9.055000E-3	1.801234E-2
9.060000E-3	1.794380E-2
9.065000E-3	1.775736E-2
9.070000E-3	1.731455E-2
9.075000E-3	1.649475E-2
9.080000E-3	1.620960E-2
9.085000E-3	1.611638E-2
9.090000E-3	1.613557E-2
9.095000E-3	1.660305E-2
9.100000E-3	1.703215E-2
9.105000E-3	1.704448E-2
9.110000E-3	1.726520E-2
9.115000E-3	1.706231E-2
9.120000E-3	1.657563E-2
9.125000E-3	1.605606E-2
9.130000E-3	1.567495E-2
9.135000E-3	1.533771E-2
9.140000E-3	1.538706E-2
9.145000E-3	1.512247E-2
9.150000E-3	1.474684E-2
9.155000E-3	1.479208E-2
9.160000E-3	1.505667E-2
9.165000E-3	1.579559E-2
9.170000E-3	1.677442E-2
9.175000E-3	1.766413E-2
9.180000E-3	1.860458E-2
9.185000E-3	1.876771E-2
9.190000E-3	1.812339E-2
9.195000E-3	1.772583E-2
9.200000E-3	1.711440E-2
9.205000E-3	1.626992E-2
9.210000E-3	1.616710E-2
9.215000E-3	1.600945E-2
9.220000E-3	1.545423E-2
9.225000E-3	1.558721E-2
9.230000E-3	1.525408E-2
9.235000E-3	1.479071E-2
9.240000E-3	1.421905E-2
9.245000E-3	1.356924E-2
9.250000E-3	1.313329E-2
9.255000E-3	1.290298E-2
9.260000E-3	1.268500E-2
9.265000E-3	1.289338E-2
9.270000E-3	1.356924E-2
9.275000E-3	1.415735E-2
9.280000E-3	1.491821E-2
9.285000E-3	1.587373E-2
9.290000E-3	1.669902E-2
9.295000E-3	1.751059E-2
9.300000E-3	1.824129E-2
9.305000E-3	1.841950E-2
9.310000E-3	1.934350E-2
9.315000E-3	2.003992E-2
9.320000E-3	2.055264E-2
9.325000E-3	2.095157E-2
9.330000E-3	2.140808E-2
9.335000E-3	2.127373E-2
9.340000E-3	2.067876E-2
9.345000E-3	1.935172E-2
9.350000E-3	1.784509E-2
9.355000E-3	1.661128E-2
9.360000E-3	1.545972E-2
9.365000E-3	1.471943E-2
9.370000E-3	1.442879E-2
9.375000E-3	1.438767E-2
9.380000E-3	1.481950E-2
9.385000E-3	1.480031E-2
9.390000E-3	1.461387E-2
9.395000E-3	1.483595E-2
9.400000E-3	1.481128E-2
9.405000E-3	1.458097E-2
9.410000E-3	1.511973E-2
9.415000E-3	1.570648E-2
9.420000E-3	1.629597E-2
9.425000E-3	1.703900E-2
9.430000E-3	1.762027E-2
9.435000E-3	1.794517E-2
9.440000E-3	1.817822E-2
9.445000E-3	1.858813E-2
9.450000E-3	1.883900E-2
9.455000E-3	1.943535E-2
9.460000E-3	1.981920E-2
9.465000E-3	1.987267E-2
9.470000E-3	1.922560E-2
9.475000E-3	1.815629E-2
9.480000E-3	1.732826E-2
9.485000E-3	1.609445E-2
9.490000E-3	1.531577E-2
9.495000E-3	1.534045E-2
9.500000E-3	1.546109E-2
9.505000E-3	1.549947E-2
9.510000E-3	1.561874E-2
9.515000E-3	1.545835E-2
9.520000E-3	1.517594E-2
9.525000E-3	1.527876E-2
9.530000E-3	1.526505E-2
9.535000E-3	1.549810E-2
9.540000E-3	1.638919E-2
9.545000E-3	1.697183E-2
9.550000E-3	1.755446E-2
9.555000E-3	1.794106E-2
9.560000E-3	1.770252E-2
9.565000E-3	1.765317E-2
9.570000E-3	1.750511E-2
9.575000E-3	1.688546E-2
9.580000E-3	1.652902E-2
9.585000E-3	1.611501E-2
9.590000E-3	1.566124E-2
9.595000E-3	1.546931E-2
9.600000E-3	1.531988E-2
9.605000E-3	1.530206E-2
9.610000E-3	1.553237E-2
9.615000E-3	1.560092E-2
9.620000E-3	1.603550E-2
9.625000E-3	1.679087E-2
9.630000E-3	1.736116E-2
9.635000E-3	1.798218E-2
9.640000E-3	1.839209E-2
9.645000E-3	1.842773E-2
9.650000E-3	1.813847E-2
9.655000E-3	1.813024E-2
9.660000E-3	1.799864E-2
9.665000E-3	1.791364E-2
9.670000E-3	1.748317E-2
9.675000E-3	1.685119E-2
9.680000E-3	1.644403E-2
9.685000E-3	1.593679E-2
9.690000E-3	1.514441E-2
9.695000E-3	1.464403E-2
9.700000E-3	1.400107E-2
9.705000E-3	1.368165E-2
9.710000E-3	1.379269E-2
9.715000E-3	1.379681E-2
9.720000E-3	1.385027E-2
9.725000E-3	1.396406E-2
9.730000E-3	1.386261E-2
9.735000E-3	1.406276E-2
9.740000E-3	1.507723E-2
9.745000E-3	1.631927E-2
9.750000E-3	1.748866E-2
9.755000E-3	1.874578E-2
9.760000E-3	1.958615E-2
9.765000E-3	2.003169E-2
9.770000E-3	2.003169E-2
9.775000E-3	1.958615E-2
9.780000E-3	1.976985E-2
9.785000E-3	1.914471E-2
9.790000E-3	1.847160E-2
9.795000E-3	1.833314E-2
9.800000E-3	1.794380E-2
9.805000E-3	1.769704E-2
9.810000E-3	1.753390E-2
9.815000E-3	1.725149E-2
9.820000E-3	1.692933E-2
9.825000E-3	1.672369E-2
9.830000E-3	1.643580E-2
9.835000E-3	1.605606E-2
9.840000E-3	1.583809E-2
9.845000E-3	1.546383E-2
9.850000E-3	1.537472E-2
9.855000E-3	1.497579E-2
9.860000E-3	1.462483E-2
9.865000E-3	1.428485E-2
9.870000E-3	1.381600E-2
9.875000E-3	1.357609E-2
9.880000E-3	1.370084E-2
9.885000E-3	1.394349E-2
9.890000E-3	1.452476E-2
9.895000E-3	1.522529E-2
9.900000E-3	1.566398E-2
9.905000E-3	1.624936E-2
9.910000E-3	1.689917E-2
9.915000E-3	1.710755E-2
9.920000E-3	1.750237E-2
9.925000E-3	1.793969E-2
9.930000E-3	1.816589E-2
9.935000E-3	1.841128E-2
9.940000E-3	1.826185E-2
9.945000E-3	1.799315E-2
9.950000E-3	1.798493E-2
9.955000E-3	1.760519E-2
9.960000E-3	1.702803E-2
9.965000E-3	1.681280E-2
9.970000E-3	1.673055E-2
9.975000E-3	1.647419E-2
9.980000E-3	1.656193E-2
9.985000E-3	1.635903E-2
9.990000E-3	1.624662E-2
9.995000E-3	1.640427E-2
