0.000000E+0	4.770756E-3
5.000000E-6	4.785836E-3
1.000000E-5	4.651487E-3
1.500000E-5	4.868090E-3
2.000000E-5	4.857123E-3
2.500000E-5	4.857123E-3
3.000000E-5	4.695356E-3
3.500000E-5	4.665196E-3
4.000000E-5	4.718661E-3
4.500000E-5	4.759789E-3
5.000000E-5	4.746079E-3
5.500000E-5	4.862607E-3
6.000000E-5	4.953086E-3
6.500000E-5	5.057275E-3
7.000000E-5	5.021632E-3
7.500000E-5	4.794061E-3
8.000000E-5	4.743338E-3
8.500000E-5	4.702210E-3
9.000000E-5	4.608989E-3
9.500000E-5	4.810512E-3
1.000000E-4	4.795432E-3
1.050000E-4	4.707694E-3
1.100000E-4	4.710436E-3
1.150000E-4	4.611731E-3
1.200000E-4	4.647374E-3
1.250000E-4	4.641891E-3
1.300000E-4	4.811883E-3
1.350000E-4	4.728258E-3
1.400000E-4	4.835188E-3
1.450000E-4	4.891396E-3
1.500000E-4	4.911959E-3
1.550000E-4	4.807770E-3
1.600000E-4	4.699469E-3
1.650000E-4	4.582942E-3
1.700000E-4	4.799545E-3
1.750000E-4	4.710436E-3
1.800000E-4	4.817367E-3
1.850000E-4	4.651487E-3
1.900000E-4	4.577458E-3
1.950000E-4	4.887283E-3
2.000000E-4	4.840672E-3
2.050000E-4	4.706323E-3
2.100000E-4	4.921556E-3
2.150000E-4	4.931152E-3
2.200000E-4	4.741967E-3
2.250000E-4	5.021632E-3
2.300000E-4	4.936635E-3
2.350000E-4	4.677534E-3
2.400000E-4	4.853010E-3
2.450000E-4	4.975021E-3
2.500000E-4	4.828334E-3
2.550000E-4	4.863977E-3
2.600000E-4	5.002439E-3
2.650000E-4	4.800916E-3
2.700000E-4	4.709065E-3
2.750000E-4	4.900992E-3
2.800000E-4	4.855752E-3
2.850000E-4	4.818738E-3
2.900000E-4	5.054533E-3
2.950000E-4	4.766643E-3
3.000000E-4	4.600763E-3
3.050000E-4	4.726887E-3
3.100000E-4	4.825592E-3
3.150000E-4	4.707694E-3
3.200000E-4	4.689872E-3
3.250000E-4	4.772127E-3
3.300000E-4	4.643261E-3
3.350000E-4	4.891396E-3
3.400000E-4	4.807770E-3
3.450000E-4	4.639149E-3
3.500000E-4	4.661083E-3
3.550000E-4	4.693985E-3
3.600000E-4	4.573345E-3
3.650000E-4	4.644632E-3
3.700000E-4	4.866719E-3
3.750000E-4	4.736483E-3
3.800000E-4	4.578829E-3
3.850000E-4	4.751563E-3
3.900000E-4	4.820108E-3
3.950000E-4	4.655600E-3
4.000000E-4	4.617214E-3
4.050000E-4	4.484236E-3
4.100000E-4	4.735112E-3
4.150000E-4	4.818738E-3
4.200000E-4	4.751563E-3
4.250000E-4	4.676163E-3
4.300000E-4	4.684389E-3
4.350000E-4	4.641891E-3
4.400000E-4	4.735112E-3
4.450000E-4	4.766643E-3
4.500000E-4	4.743338E-3
4.550000E-4	4.776239E-3
4.600000E-4	4.927039E-3
4.650000E-4	4.846156E-3
4.700000E-4	4.761159E-3
4.750000E-4	4.762530E-3
4.800000E-4	4.747450E-3
4.850000E-4	4.873574E-3
4.900000E-4	4.621327E-3
4.950000E-4	4.792690E-3
5.000000E-4	4.724145E-3
5.050000E-4	4.783094E-3
5.100000E-4	4.800916E-3
5.150000E-4	4.777610E-3
5.200000E-4	4.732370E-3
5.250000E-4	4.730999E-3
5.300000E-4	4.836559E-3
5.350000E-4	4.887283E-3
5.400000E-4	4.658341E-3
5.450000E-4	4.714549E-3
5.500000E-4	4.883170E-3
5.550000E-4	4.835188E-3
5.600000E-4	4.843414E-3
5.650000E-4	4.873574E-3
5.700000E-4	4.706323E-3
5.750000E-4	4.770756E-3
5.800000E-4	4.677534E-3
5.850000E-4	4.752934E-3
5.900000E-4	4.624069E-3
5.950000E-4	4.552782E-3
6.000000E-4	4.706323E-3
6.050000E-4	4.777610E-3
6.100000E-4	4.774868E-3
6.150000E-4	4.729629E-3
6.200000E-4	4.795432E-3
6.250000E-4	4.799545E-3
6.300000E-4	4.863977E-3
6.350000E-4	4.879057E-3
6.400000E-4	4.725516E-3
6.450000E-4	4.683018E-3
6.500000E-4	4.799545E-3
6.550000E-4	4.858494E-3
6.600000E-4	4.735112E-3
6.650000E-4	4.755676E-3
6.700000E-4	4.800916E-3
6.750000E-4	4.814625E-3
6.800000E-4	5.102515E-3
6.850000E-4	5.103886E-3
6.900000E-4	5.128562E-3
6.950000E-4	5.145013E-3
7.000000E-4	4.900992E-3
7.050000E-4	4.920185E-3
7.100000E-4	4.916072E-3
7.150000E-4	4.887283E-3
7.200000E-4	5.044937E-3
7.250000E-4	5.092919E-3
7.300000E-4	4.877687E-3
7.350000E-4	4.799545E-3
7.400000E-4	4.846156E-3
7.450000E-4	4.706323E-3
7.500000E-4	4.713178E-3
7.550000E-4	4.733741E-3
7.600000E-4	4.913330E-3
7.650000E-4	4.859865E-3
7.700000E-4	4.928410E-3
7.750000E-4	5.005181E-3
7.800000E-4	4.991472E-3
7.850000E-4	4.905105E-3
7.900000E-4	4.710436E-3
7.950000E-4	4.824221E-3
8.000000E-4	4.844785E-3
8.050000E-4	4.821479E-3
8.100000E-4	4.650116E-3
8.150000E-4	4.798174E-3
8.200000E-4	4.851639E-3
8.250000E-4	4.925668E-3
8.300000E-4	4.951715E-3
8.350000E-4	4.953086E-3
8.400000E-4	4.975021E-3
8.450000E-4	4.973650E-3
8.500000E-4	4.895508E-3
8.550000E-4	4.666567E-3
8.600000E-4	4.732370E-3
8.650000E-4	4.853010E-3
8.700000E-4	4.666567E-3
8.750000E-4	4.678905E-3
8.800000E-4	4.899621E-3
8.850000E-4	4.976392E-3
8.900000E-4	4.987359E-3
8.950000E-4	4.953086E-3
9.000000E-4	4.913330E-3
9.050000E-4	4.958570E-3
9.100000E-4	4.859865E-3
9.150000E-4	4.788578E-3
9.200000E-4	4.806399E-3
9.250000E-4	4.825592E-3
9.300000E-4	4.814625E-3
9.350000E-4	4.844785E-3
9.400000E-4	4.913330E-3
9.450000E-4	4.928410E-3
9.500000E-4	4.750192E-3
9.550000E-4	4.821479E-3
9.600000E-4	4.921556E-3
9.650000E-4	4.822850E-3
9.700000E-4	4.792690E-3
9.750000E-4	4.762530E-3
9.800000E-4	4.776239E-3
9.850000E-4	4.780352E-3
9.900000E-4	4.814625E-3
9.950000E-4	4.696727E-3
1.000000E-3	4.678905E-3
1.005000E-3	4.781723E-3
1.010000E-3	4.829705E-3
1.015000E-3	4.835188E-3
1.020000E-3	4.815996E-3
1.025000E-3	4.800916E-3
1.030000E-3	4.814625E-3
1.035000E-3	4.851639E-3
1.040000E-3	4.932523E-3
1.045000E-3	5.057275E-3
1.050000E-3	5.088806E-3
1.055000E-3	5.031228E-3
1.060000E-3	4.907846E-3
1.065000E-3	4.872203E-3
1.070000E-3	4.774868E-3
1.075000E-3	4.796803E-3
1.080000E-3	4.751563E-3
1.085000E-3	4.770756E-3
1.090000E-3	4.855752E-3
1.095000E-3	5.073726E-3
1.100000E-3	4.988730E-3
1.105000E-3	4.999697E-3
1.110000E-3	5.024374E-3
1.115000E-3	5.150497E-3
1.120000E-3	5.124450E-3
1.125000E-3	4.921556E-3
1.130000E-3	4.917443E-3
1.135000E-3	4.837930E-3
1.140000E-3	4.711807E-3
1.145000E-3	4.913330E-3
1.150000E-3	5.090177E-3
1.155000E-3	5.140901E-3
1.160000E-3	4.957199E-3
1.165000E-3	4.862607E-3
1.170000E-3	4.863977E-3
1.175000E-3	4.826963E-3
1.180000E-3	4.894137E-3
1.185000E-3	5.003810E-3
1.190000E-3	4.958570E-3
1.195000E-3	4.805028E-3
1.200000E-3	4.870832E-3
1.205000E-3	4.843414E-3
1.210000E-3	4.842043E-3
1.215000E-3	4.829705E-3
1.220000E-3	4.829705E-3
1.225000E-3	4.777610E-3
1.230000E-3	4.713178E-3
1.235000E-3	4.587054E-3
1.240000E-3	4.863977E-3
1.245000E-3	4.925668E-3
1.250000E-3	4.946232E-3
1.255000E-3	4.818738E-3
1.260000E-3	4.866719E-3
1.265000E-3	4.947603E-3
1.270000E-3	4.821479E-3
1.275000E-3	4.748821E-3
1.280000E-3	4.748821E-3
1.285000E-3	4.715919E-3
1.290000E-3	4.825592E-3
1.295000E-3	5.039454E-3
1.300000E-3	4.979134E-3
1.305000E-3	5.006552E-3
1.310000E-3	4.920185E-3
1.315000E-3	4.720032E-3
1.320000E-3	4.709065E-3
1.325000E-3	4.755676E-3
1.330000E-3	4.868090E-3
1.335000E-3	4.955828E-3
1.340000E-3	4.946232E-3
1.345000E-3	4.973650E-3
1.350000E-3	4.803658E-3
1.355000E-3	4.710436E-3
1.360000E-3	4.905105E-3
1.365000E-3	4.959941E-3
1.370000E-3	4.851639E-3
1.375000E-3	4.788578E-3
1.380000E-3	4.777610E-3
1.385000E-3	4.822850E-3
1.390000E-3	5.001068E-3
1.395000E-3	5.109370E-3
1.400000E-3	5.018890E-3
1.405000E-3	4.842043E-3
1.410000E-3	4.791319E-3
1.415000E-3	4.667938E-3
1.420000E-3	4.809141E-3
1.425000E-3	4.898250E-3
1.430000E-3	5.033970E-3
1.435000E-3	4.962683E-3
1.440000E-3	4.924297E-3
1.445000E-3	4.922926E-3
1.450000E-3	5.042195E-3
1.455000E-3	4.973650E-3
1.460000E-3	4.828334E-3
1.465000E-3	4.798174E-3
1.470000E-3	4.891396E-3
1.475000E-3	5.032599E-3
1.480000E-3	4.895508E-3
1.485000E-3	4.828334E-3
1.490000E-3	5.058646E-3
1.495000E-3	4.898250E-3
1.500000E-3	4.772127E-3
1.505000E-3	4.741967E-3
1.510000E-3	4.869461E-3
1.515000E-3	4.673421E-3
1.520000E-3	4.788578E-3
1.525000E-3	4.833817E-3
1.530000E-3	4.855752E-3
1.535000E-3	4.865348E-3
1.540000E-3	4.955828E-3
1.545000E-3	4.947603E-3
1.550000E-3	4.805028E-3
1.555000E-3	4.863977E-3
1.560000E-3	4.861236E-3
1.565000E-3	5.005181E-3
1.570000E-3	4.932523E-3
1.575000E-3	5.081952E-3
1.580000E-3	4.907846E-3
1.585000E-3	4.944861E-3
1.590000E-3	5.072355E-3
1.595000E-3	4.955828E-3
1.600000E-3	4.924297E-3
1.605000E-3	4.765272E-3
1.610000E-3	4.792690E-3
1.615000E-3	4.939377E-3
1.620000E-3	5.032599E-3
1.625000E-3	4.947603E-3
1.630000E-3	4.970908E-3
1.635000E-3	5.086064E-3
1.640000E-3	4.891396E-3
1.645000E-3	4.855752E-3
1.650000E-3	4.809141E-3
1.655000E-3	4.788578E-3
1.660000E-3	5.023003E-3
1.665000E-3	4.913330E-3
1.670000E-3	4.888654E-3
1.675000E-3	4.828334E-3
1.680000E-3	4.969537E-3
1.685000E-3	4.850268E-3
1.690000E-3	5.066872E-3
1.695000E-3	4.940748E-3
1.700000E-3	4.822850E-3
1.705000E-3	4.619956E-3
1.710000E-3	5.002439E-3
1.715000E-3	4.917443E-3
1.720000E-3	4.899621E-3
1.725000E-3	4.866719E-3
1.730000E-3	4.911959E-3
1.735000E-3	4.935265E-3
1.740000E-3	4.947603E-3
1.745000E-3	4.909217E-3
1.750000E-3	4.929781E-3
1.755000E-3	4.922926E-3
1.760000E-3	4.810512E-3
1.765000E-3	4.637778E-3
1.770000E-3	4.794061E-3
1.775000E-3	4.958570E-3
1.780000E-3	4.680276E-3
1.785000E-3	4.721403E-3
1.790000E-3	4.906476E-3
1.795000E-3	4.832447E-3
1.800000E-3	4.910588E-3
1.805000E-3	5.012035E-3
1.810000E-3	5.025744E-3
1.815000E-3	4.855752E-3
1.820000E-3	4.791319E-3
1.825000E-3	4.865348E-3
1.830000E-3	4.798174E-3
1.835000E-3	4.899621E-3
1.840000E-3	4.810512E-3
1.845000E-3	4.736483E-3
1.850000E-3	4.872203E-3
1.855000E-3	4.976392E-3
1.860000E-3	5.005181E-3
1.865000E-3	4.999697E-3
1.870000E-3	5.035341E-3
1.875000E-3	4.890025E-3
1.880000E-3	4.920185E-3
1.885000E-3	4.927039E-3
1.890000E-3	4.798174E-3
1.895000E-3	4.720032E-3
1.900000E-3	4.803658E-3
1.905000E-3	4.766643E-3
1.910000E-3	4.762530E-3
1.915000E-3	4.857123E-3
1.920000E-3	4.869461E-3
1.925000E-3	4.903734E-3
1.930000E-3	4.931152E-3
1.935000E-3	4.791319E-3
1.940000E-3	4.759789E-3
1.945000E-3	4.851639E-3
1.950000E-3	4.884541E-3
1.955000E-3	4.902363E-3
1.960000E-3	4.892766E-3
1.965000E-3	4.778981E-3
1.970000E-3	4.870832E-3
1.975000E-3	4.736483E-3
1.980000E-3	4.789948E-3
1.985000E-3	4.774868E-3
1.990000E-3	4.913330E-3
1.995000E-3	4.707694E-3
2.000000E-3	4.806399E-3
2.005000E-3	4.774868E-3
2.010000E-3	4.842043E-3
2.015000E-3	4.832447E-3
2.020000E-3	4.873574E-3
2.025000E-3	5.057275E-3
2.030000E-3	4.948974E-3
2.035000E-3	4.857123E-3
2.040000E-3	4.717290E-3
2.045000E-3	4.692614E-3
2.050000E-3	4.784465E-3
2.055000E-3	4.858494E-3
2.060000E-3	4.693985E-3
2.065000E-3	4.810512E-3
2.070000E-3	4.832447E-3
2.075000E-3	4.859865E-3
2.080000E-3	4.759789E-3
2.085000E-3	4.929781E-3
2.090000E-3	5.001068E-3
2.095000E-3	5.024374E-3
2.100000E-3	4.890025E-3
2.105000E-3	4.835188E-3
2.110000E-3	4.729629E-3
2.115000E-3	4.906476E-3
2.120000E-3	4.927039E-3
2.125000E-3	5.009294E-3
2.130000E-3	4.951715E-3
2.135000E-3	4.807770E-3
2.140000E-3	4.825592E-3
2.145000E-3	4.898250E-3
2.150000E-3	4.853010E-3
2.155000E-3	4.927039E-3
2.160000E-3	4.747450E-3
2.165000E-3	4.870832E-3
2.170000E-3	4.763901E-3
2.175000E-3	4.658341E-3
2.180000E-3	4.740596E-3
2.185000E-3	4.726887E-3
2.190000E-3	4.855752E-3
2.195000E-3	4.815996E-3
2.200000E-3	4.977763E-3
2.205000E-3	5.033970E-3
2.210000E-3	4.939377E-3
2.215000E-3	4.821479E-3
2.220000E-3	4.842043E-3
2.225000E-3	4.729629E-3
2.230000E-3	4.857123E-3
2.235000E-3	4.896879E-3
2.240000E-3	4.927039E-3
2.245000E-3	4.996955E-3
2.250000E-3	5.110741E-3
2.255000E-3	4.951715E-3
2.260000E-3	4.910588E-3
2.265000E-3	4.918814E-3
2.270000E-3	4.758418E-3
2.275000E-3	4.770756E-3
2.280000E-3	4.751563E-3
2.285000E-3	4.626811E-3
2.290000E-3	4.617214E-3
2.295000E-3	4.873574E-3
2.300000E-3	4.966795E-3
2.305000E-3	4.706323E-3
2.310000E-3	4.610360E-3
2.315000E-3	4.787207E-3
2.320000E-3	4.836559E-3
2.325000E-3	4.806399E-3
2.330000E-3	4.847527E-3
2.335000E-3	4.957199E-3
2.340000E-3	4.863977E-3
2.345000E-3	4.798174E-3
2.350000E-3	4.881799E-3
2.355000E-3	4.927039E-3
2.360000E-3	4.794061E-3
2.365000E-3	4.814625E-3
2.370000E-3	4.770756E-3
2.375000E-3	4.722774E-3
2.380000E-3	4.885912E-3
2.385000E-3	4.883170E-3
2.390000E-3	4.985988E-3
2.395000E-3	5.001068E-3
2.400000E-3	5.061388E-3
2.405000E-3	4.611731E-3
2.410000E-3	4.894137E-3
2.415000E-3	4.522622E-3
2.420000E-3	4.879057E-3
2.425000E-3	4.455447E-3
2.430000E-3	5.020261E-3
2.435000E-3	4.585683E-3
2.440000E-3	5.712569E-3
2.445000E-3	6.887436E-3
2.450000E-3	1.830298E-2
2.455000E-3	-4.557580E-2
2.460000E-3	-1.487365E-1
2.465000E-3	-3.010100E-2
2.470000E-3	-7.256895E-2
2.475000E-3	-1.509560E-1
2.480000E-3	6.633818E-3
2.485000E-3	-1.501417E-2
2.490000E-3	-1.431268E-1
2.495000E-3	7.848030E-2
2.500000E-3	3.377078E-1
2.505000E-3	1.746247E-1
2.510000E-3	9.996104E-2
2.515000E-3	2.257006E-1
2.520000E-3	-7.859409E-3
2.525000E-3	-8.263552E-2
2.530000E-3	1.884874E-1
2.535000E-3	4.600489E-2
2.540000E-3	-8.869493E-2
2.545000E-3	1.149780E-1
2.550000E-3	-2.246231E-2
2.555000E-3	-1.638412E-1
2.560000E-3	1.655233E-2
2.565000E-3	-6.114244E-3
2.570000E-3	-1.467528E-1
2.575000E-3	-9.298861E-3
2.580000E-3	-1.079041E-2
2.585000E-3	-1.503899E-1
2.590000E-3	2.832156E-2
2.595000E-3	6.764877E-2
2.600000E-3	-1.070061E-1
2.605000E-3	1.388180E-2
2.610000E-3	8.588183E-2
2.615000E-3	-4.839712E-2
2.620000E-3	1.281112E-2
2.625000E-3	8.739942E-2
2.630000E-3	-5.323505E-2
2.635000E-3	-3.432751E-2
2.640000E-3	4.531944E-2
2.645000E-3	-6.143856E-2
2.650000E-3	-3.483611E-2
2.655000E-3	8.387756E-2
2.660000E-3	-3.817976E-3
2.665000E-3	-2.128744E-2
2.670000E-3	7.195616E-2
2.675000E-3	2.473664E-2
2.680000E-3	3.366947E-3
2.685000E-3	7.903278E-2
2.690000E-3	5.089492E-2
2.695000E-3	-1.035446E-2
2.700000E-3	2.001113E-2
2.705000E-3	9.041131E-3
2.710000E-3	-3.563946E-2
2.715000E-3	-1.039010E-2
2.720000E-3	-6.757200E-3
2.725000E-3	-4.385120E-2
2.730000E-3	-1.783550E-2
2.735000E-3	1.849079E-2
2.740000E-3	1.202559E-2
2.745000E-3	3.420413E-3
2.750000E-3	-7.855296E-4
2.755000E-3	-1.004875E-3
2.760000E-3	-5.989492E-3
2.765000E-3	-1.699924E-4
2.770000E-3	2.419376E-2
2.775000E-3	1.454121E-2
2.780000E-3	-6.876469E-3
2.785000E-3	4.360855E-3
2.790000E-3	1.460564E-2
2.795000E-3	4.349887E-3
2.800000E-3	7.884085E-3
2.805000E-3	2.980351E-3
2.810000E-3	-1.751196E-2
2.815000E-3	-4.449964E-3
2.820000E-3	1.027083E-2
2.825000E-3	-6.258190E-3
2.830000E-3	8.839607E-3
2.835000E-3	3.182149E-2
2.840000E-3	3.494442E-3
2.845000E-3	-1.239300E-3
2.850000E-3	2.932918E-2
2.855000E-3	9.637475E-3
2.860000E-3	-5.483627E-3
2.865000E-3	2.732629E-2
2.870000E-3	1.910084E-2
2.875000E-3	-3.738463E-3
2.880000E-3	2.724677E-2
2.885000E-3	3.011745E-2
2.890000E-3	7.630467E-3
2.895000E-3	2.183169E-2
2.900000E-3	7.948518E-3
2.905000E-3	-2.654487E-2
2.910000E-3	-6.920338E-3
2.915000E-3	-7.663369E-4
2.920000E-3	-2.060884E-2
2.925000E-3	3.028333E-3
2.930000E-3	8.897185E-3
2.935000E-3	-2.346581E-2
2.940000E-3	-3.440976E-3
2.945000E-3	1.784647E-2
2.950000E-3	-1.469338E-2
2.955000E-3	-1.830298E-2
2.960000E-3	-2.305865E-3
2.965000E-3	-9.326279E-3
2.970000E-3	1.052856E-3
2.975000E-3	2.480930E-2
2.980000E-3	1.442331E-2
2.985000E-3	7.180810E-3
2.990000E-3	3.024769E-2
2.995000E-3	3.460854E-2
3.000000E-3	2.048683E-2
3.005000E-3	2.383047E-2
3.010000E-3	1.584357E-2
3.015000E-3	-4.162073E-3
3.020000E-3	4.702210E-3
3.025000E-3	1.333481E-2
3.030000E-3	-3.761768E-3
3.035000E-3	2.412796E-4
3.040000E-3	6.762683E-3
3.045000E-3	-1.696360E-2
3.050000E-3	-1.023793E-2
3.055000E-3	1.356649E-2
3.060000E-3	-9.582639E-3
3.065000E-3	-1.654136E-2
3.070000E-3	6.879210E-3
3.075000E-3	-4.970908E-3
3.080000E-3	-1.237381E-2
3.085000E-3	1.897472E-2
3.090000E-3	1.596558E-2
3.095000E-3	-5.594671E-3
3.100000E-3	1.305240E-2
3.105000E-3	1.973146E-2
3.110000E-3	6.903887E-3
3.115000E-3	2.396619E-2
3.120000E-3	2.952248E-2
3.125000E-3	1.969993E-3
3.130000E-3	1.343489E-3
3.135000E-3	1.283991E-2
3.140000E-3	-6.236255E-3
3.145000E-3	-1.286870E-2
3.150000E-3	2.253771E-3
3.155000E-3	-2.401829E-3
3.160000E-3	-6.894290E-3
3.165000E-3	3.613710E-3
3.170000E-3	1.939833E-3
3.175000E-3	-4.888654E-3
3.180000E-3	1.391470E-3
3.185000E-3	9.775937E-3
3.190000E-3	1.551044E-2
3.195000E-3	1.410937E-2
3.200000E-3	1.542544E-2
3.205000E-3	2.497244E-2
3.210000E-3	2.221280E-2
3.215000E-3	4.815996E-3
3.220000E-3	6.561160E-3
3.225000E-3	9.637475E-3
3.230000E-3	-8.500993E-3
3.235000E-3	-5.271137E-3
3.240000E-3	4.936635E-3
3.245000E-3	-1.330739E-2
3.250000E-3	-1.671273E-2
3.255000E-3	-3.047526E-3
3.260000E-3	-1.343626E-2
3.265000E-3	-1.937640E-2
3.270000E-3	-2.584159E-3
3.275000E-3	-2.843261E-3
3.280000E-3	-5.920947E-3
3.285000E-3	1.272887E-2
3.290000E-3	1.939833E-2
3.295000E-3	1.662499E-2
3.300000E-3	3.562576E-2
3.305000E-3	4.027176E-2
3.310000E-3	1.816726E-2
3.315000E-3	1.522529E-2
3.320000E-3	1.716924E-2
3.325000E-3	1.466870E-3
3.330000E-3	-1.946688E-3
3.335000E-3	7.141054E-3
3.340000E-3	5.007923E-3
3.345000E-3	7.364511E-3
3.350000E-3	1.545972E-2
3.355000E-3	1.474136E-2
3.360000E-3	1.008302E-2
3.365000E-3	8.254230E-3
3.370000E-3	-3.564358E-5
3.375000E-3	-1.115370E-2
3.380000E-3	-1.065880E-2
3.385000E-3	-4.508913E-3
3.390000E-3	-4.274487E-3
3.395000E-3	-2.207160E-3
3.400000E-3	8.369386E-3
3.405000E-3	1.257122E-2
3.410000E-3	8.266568E-3
3.415000E-3	4.573345E-3
3.420000E-3	-3.491700E-3
3.425000E-3	-1.011044E-2
3.430000E-3	-6.880581E-3
3.435000E-3	-4.988730E-3
3.440000E-3	-9.330392E-3
3.445000E-3	-5.390406E-3
3.450000E-3	3.105104E-3
3.455000E-3	2.930999E-3
3.460000E-3	6.090939E-3
3.465000E-3	1.668119E-2
3.470000E-3	1.670176E-2
3.475000E-3	1.142925E-2
3.480000E-3	1.972598E-2
3.485000E-3	2.070206E-2
3.490000E-3	7.183552E-3
3.495000E-3	1.329094E-2
3.500000E-3	1.491821E-2
3.505000E-3	-6.323993E-3
3.510000E-3	-5.165577E-3
3.515000E-3	-5.291700E-4
3.520000E-3	-1.383382E-2
3.525000E-3	-3.593147E-3
3.530000E-3	1.152247E-2
3.535000E-3	2.715766E-3
3.540000E-3	8.439302E-3
3.545000E-3	2.237868E-2
3.550000E-3	1.230252E-2
3.555000E-3	1.204890E-2
3.560000E-3	1.884997E-2
3.565000E-3	-3.482103E-4
3.570000E-3	-2.597868E-3
3.575000E-3	1.256847E-2
3.580000E-3	-2.371669E-3
3.585000E-3	-4.826963E-3
3.590000E-3	1.026261E-2
3.595000E-3	-6.827116E-3
3.600000E-3	-1.476467E-2
3.605000E-3	6.570756E-3
3.610000E-3	6.415844E-4
3.615000E-3	-8.432448E-3
3.620000E-3	1.075202E-2
3.625000E-3	8.490026E-3
3.630000E-3	1.261234E-3
3.635000E-3	1.906246E-2
3.640000E-3	1.414365E-2
3.645000E-3	8.924603E-4
3.650000E-3	1.224768E-2
3.655000E-3	7.873118E-3
3.660000E-3	-4.628181E-3
3.665000E-3	6.622851E-3
3.670000E-3	6.636560E-3
3.675000E-3	-3.550649E-3
3.680000E-3	8.229554E-3
3.685000E-3	1.055050E-2
3.690000E-3	-3.933132E-3
3.695000E-3	4.688501E-4
3.700000E-3	2.691090E-3
3.705000E-3	-7.509828E-3
3.710000E-3	9.185076E-5
3.715000E-3	6.924450E-3
3.720000E-3	2.711654E-3
3.725000E-3	9.615541E-3
3.730000E-3	1.441646E-2
3.735000E-3	6.928563E-3
3.740000E-3	7.751107E-3
3.745000E-3	1.185971E-2
3.750000E-3	6.744862E-3
3.755000E-3	9.915769E-3
3.760000E-3	1.796436E-2
3.765000E-3	1.550770E-2
3.770000E-3	1.606566E-2
3.775000E-3	2.010572E-2
3.780000E-3	1.586002E-2
3.785000E-3	1.318264E-2
3.790000E-3	1.102209E-2
3.795000E-3	2.496421E-3
3.800000E-3	-1.778066E-3
3.805000E-3	-1.780808E-3
3.810000E-3	-6.303430E-3
3.815000E-3	-9.394825E-3
3.820000E-3	-8.410513E-3
3.825000E-3	-1.027220E-2
3.830000E-3	-1.005149E-2
3.835000E-3	-4.097641E-3
3.840000E-3	-5.830467E-3
3.845000E-3	-1.214486E-2
3.850000E-3	-1.003504E-2
3.855000E-3	-5.228639E-3
3.860000E-3	2.056360E-5
3.865000E-3	1.066840E-2
3.870000E-3	1.638371E-2
3.875000E-3	1.448774E-2
3.880000E-3	1.840442E-2
3.885000E-3	2.283657E-2
3.890000E-3	1.958066E-2
3.895000E-3	1.876634E-2
3.900000E-3	1.743382E-2
3.905000E-3	9.541512E-3
3.910000E-3	9.363294E-3
3.915000E-3	9.564817E-3
3.920000E-3	5.757809E-4
3.925000E-3	-5.072355E-5
3.930000E-3	3.187358E-3
3.935000E-3	-2.784312E-3
3.940000E-3	-2.874792E-3
3.945000E-3	-1.152933E-3
3.950000E-3	-8.474946E-3
3.955000E-3	-9.200156E-3
3.960000E-3	-3.091395E-3
3.965000E-3	-3.292918E-3
3.970000E-3	8.842349E-4
3.975000E-3	9.197414E-3
3.980000E-3	9.475708E-3
3.985000E-3	1.272750E-2
3.990000E-3	2.020442E-2
3.995000E-3	1.821935E-2
4.000000E-3	1.667023E-2
4.005000E-3	1.665652E-2
4.010000E-3	9.479821E-3
4.015000E-3	7.295966E-3
4.020000E-3	1.043123E-2
4.025000E-3	8.012950E-3
4.030000E-3	6.585836E-3
4.035000E-3	8.857429E-3
4.040000E-3	5.871594E-3
4.045000E-3	2.399087E-3
4.050000E-3	1.431227E-3
4.055000E-3	-5.491853E-3
4.060000E-3	-1.102209E-2
4.065000E-3	-8.232296E-3
4.070000E-3	-5.901754E-3
4.075000E-3	-4.544556E-3
4.080000E-3	-1.307845E-3
4.085000E-3	-1.292765E-3
4.090000E-3	9.610057E-4
4.095000E-3	8.732677E-3
4.100000E-3	9.921253E-3
4.105000E-3	9.792387E-3
4.110000E-3	1.320457E-2
4.115000E-3	8.891702E-3
4.120000E-3	4.920185E-3
4.125000E-3	8.103430E-3
4.130000E-3	5.225897E-3
4.135000E-3	1.074791E-3
4.140000E-3	6.243110E-3
4.145000E-3	7.331610E-3
4.150000E-3	3.679514E-3
4.155000E-3	6.439149E-3
4.160000E-3	6.237626E-3
4.165000E-3	-1.151562E-4
4.170000E-3	9.431839E-4
4.175000E-3	2.708912E-3
4.180000E-3	-2.925515E-3
4.185000E-3	-1.141965E-3
4.190000E-3	4.702210E-3
4.195000E-3	1.728714E-3
4.200000E-3	3.671288E-3
4.205000E-3	1.226825E-2
4.210000E-3	1.056421E-2
4.215000E-3	9.093225E-3
4.220000E-3	1.494288E-2
4.225000E-3	1.055050E-2
4.230000E-3	5.456209E-3
4.235000E-3	1.130450E-2
4.240000E-3	1.149917E-2
4.245000E-3	7.474184E-3
4.250000E-3	1.284951E-2
4.255000E-3	1.351988E-2
4.260000E-3	6.489873E-3
4.265000E-3	6.587207E-3
4.270000E-3	5.667329E-3
4.275000E-3	6.210208E-4
4.280000E-3	2.305865E-3
4.285000E-3	2.474487E-3
4.290000E-3	-3.317595E-3
4.295000E-3	-2.611578E-3
4.300000E-3	-7.910132E-4
4.305000E-3	-3.701448E-3
4.310000E-3	-1.029551E-3
4.315000E-3	3.508151E-3
4.320000E-3	2.263367E-3
4.325000E-3	4.488349E-3
4.330000E-3	8.950651E-3
4.335000E-3	7.614017E-3
4.340000E-3	8.975327E-3
4.345000E-3	1.316208E-2
4.350000E-3	1.149642E-2
4.355000E-3	1.040655E-2
4.360000E-3	1.117975E-2
4.365000E-3	7.027268E-3
4.370000E-3	3.760397E-3
4.375000E-3	2.614319E-3
4.380000E-3	-1.490176E-3
4.385000E-3	-3.195584E-3
4.390000E-3	-4.441738E-4
4.395000E-3	-4.948974E-4
4.400000E-3	-2.329171E-3
4.405000E-3	-1.738310E-3
4.410000E-3	-3.937244E-3
4.415000E-3	-7.598937E-3
4.420000E-3	-6.255448E-3
4.425000E-3	-4.702210E-3
4.430000E-3	-5.361617E-3
4.435000E-3	-2.614319E-3
4.440000E-3	9.006858E-4
4.445000E-3	2.558112E-3
4.450000E-3	8.472204E-3
4.455000E-3	1.362681E-2
4.460000E-3	1.217914E-2
4.465000E-3	1.364189E-2
4.470000E-3	1.822895E-2
4.475000E-3	1.692110E-2
4.480000E-3	1.729399E-2
4.485000E-3	1.874852E-2
4.490000E-3	1.314563E-2
4.495000E-3	1.039696E-2
4.500000E-3	1.329505E-2
4.505000E-3	1.153481E-2
4.510000E-3	1.091653E-2
4.515000E-3	1.276863E-2
4.520000E-3	7.858038E-3
4.525000E-3	1.994669E-3
4.530000E-3	1.032293E-3
4.535000E-3	-7.978678E-4
4.540000E-3	3.701448E-5
4.545000E-3	6.197870E-3
4.550000E-3	7.922471E-3
4.555000E-3	6.939530E-3
4.560000E-3	8.947909E-3
4.565000E-3	8.952022E-3
4.570000E-3	7.727802E-3
4.575000E-3	1.100701E-2
4.580000E-3	1.147449E-2
4.585000E-3	7.002592E-3
4.590000E-3	4.988730E-3
4.595000E-3	2.980351E-3
4.600000E-3	-2.521098E-3
4.605000E-3	-6.125212E-3
4.610000E-3	-7.642806E-3
4.615000E-3	-1.124829E-2
4.620000E-3	-1.375431E-2
4.625000E-3	-1.179254E-2
4.630000E-3	-9.490788E-3
4.635000E-3	-8.251488E-3
4.640000E-3	-4.072964E-3
4.645000E-3	1.135111E-3
4.650000E-3	4.500687E-3
4.655000E-3	9.419501E-3
4.660000E-3	1.314974E-2
4.665000E-3	1.202285E-2
4.670000E-3	1.121265E-2
4.675000E-3	1.235461E-2
4.680000E-3	1.040107E-2
4.685000E-3	8.167863E-3
4.690000E-3	8.059561E-3
4.695000E-3	5.227268E-3
4.700000E-3	4.541814E-3
4.705000E-3	8.200765E-3
4.710000E-3	8.924603E-3
4.715000E-3	8.085608E-3
4.720000E-3	8.906782E-3
4.725000E-3	7.407010E-3
4.730000E-3	5.678296E-3
4.735000E-3	5.707085E-3
4.740000E-3	4.778981E-3
4.745000E-3	2.992690E-3
4.750000E-3	3.816605E-3
4.755000E-3	6.773651E-3
4.760000E-3	8.181572E-3
4.765000E-3	8.931458E-3
4.770000E-3	9.239912E-3
4.775000E-3	8.363903E-3
4.780000E-3	8.351564E-3
4.785000E-3	9.368777E-3
4.790000E-3	8.640826E-3
4.795000E-3	6.639302E-3
4.800000E-3	5.920947E-3
4.805000E-3	4.391015E-3
4.810000E-3	3.586292E-3
4.815000E-3	4.800916E-3
4.820000E-3	3.419042E-3
4.825000E-3	1.098096E-3
4.830000E-3	1.395583E-3
4.835000E-3	1.398325E-4
4.840000E-3	-1.889110E-3
4.845000E-3	-2.399087E-4
4.850000E-3	1.063824E-3
4.855000E-3	6.169081E-4
4.860000E-3	2.607465E-3
4.865000E-3	4.199088E-3
4.870000E-3	1.871288E-3
4.875000E-3	9.596348E-5
4.880000E-3	2.495050E-4
4.885000E-3	-5.140901E-4
4.890000E-3	1.288652E-3
4.895000E-3	4.619956E-3
4.900000E-3	5.286217E-3
4.905000E-3	5.342424E-3
4.910000E-3	7.401526E-3
4.915000E-3	8.479059E-3
4.920000E-3	9.579897E-3
4.925000E-3	1.129079E-2
4.930000E-3	9.464741E-3
4.935000E-3	7.657886E-3
4.940000E-3	9.098709E-3
4.945000E-3	7.446766E-3
4.950000E-3	5.567253E-3
4.955000E-3	5.930543E-3
4.960000E-3	4.785836E-3
4.965000E-3	3.127038E-3
4.970000E-3	4.550040E-3
4.975000E-3	5.528867E-3
4.980000E-3	5.147755E-3
4.985000E-3	6.972432E-3
4.990000E-3	8.672357E-3
4.995000E-3	6.776392E-3
5.000000E-3	6.323993E-3
5.005000E-3	7.057428E-3
5.010000E-3	5.530238E-3
5.015000E-3	4.715919E-3
5.020000E-3	5.216300E-3
5.025000E-3	3.764510E-3
5.030000E-3	1.790404E-3
5.035000E-3	2.521098E-3
5.040000E-3	2.615690E-3
5.045000E-3	-2.549887E-4
5.050000E-3	9.267330E-4
5.055000E-3	4.739225E-3
5.060000E-3	4.826963E-3
5.065000E-3	3.314853E-3
5.070000E-3	6.890178E-3
5.075000E-3	6.297946E-3
5.080000E-3	3.133893E-3
5.085000E-3	6.485760E-3
5.090000E-3	8.118510E-3
5.095000E-3	4.463673E-3
5.100000E-3	6.598175E-3
5.105000E-3	6.892920E-3
5.110000E-3	2.127647E-3
5.115000E-3	2.659559E-3
5.120000E-3	3.970146E-3
5.125000E-3	-1.069307E-4
5.130000E-3	-5.346537E-5
5.135000E-3	2.873421E-3
5.140000E-3	1.458645E-3
5.145000E-3	2.670527E-3
5.150000E-3	7.010818E-3
5.155000E-3	6.079972E-3
5.160000E-3	6.314397E-3
5.165000E-3	1.005834E-2
5.170000E-3	1.037502E-2
5.175000E-3	1.084113E-2
5.180000E-3	1.316345E-2
5.185000E-3	1.177609E-2
5.190000E-3	9.394825E-3
5.195000E-3	7.851183E-3
5.200000E-3	4.576087E-3
5.205000E-3	1.125515E-3
5.210000E-3	-1.370907E-5
5.215000E-3	-1.828790E-3
5.220000E-3	-4.369080E-3
5.225000E-3	-4.288197E-3
5.230000E-3	-3.819346E-3
5.235000E-3	-4.018128E-3
5.240000E-3	-1.731455E-3
5.245000E-3	2.659559E-3
5.250000E-3	6.400764E-3
5.255000E-3	9.512722E-3
5.260000E-3	1.218325E-2
5.265000E-3	1.208729E-2
5.270000E-3	1.079452E-2
5.275000E-3	1.103306E-2
5.280000E-3	1.037502E-2
5.285000E-3	8.840978E-3
5.290000E-3	8.192539E-3
5.295000E-3	6.576240E-3
5.300000E-3	3.617823E-3
5.305000E-3	1.620412E-3
5.310000E-3	7.649660E-4
5.315000E-3	-7.759333E-4
5.320000E-3	-1.473725E-3
5.325000E-3	-1.741052E-4
5.330000E-3	7.306933E-4
5.335000E-3	2.782941E-3
5.340000E-3	6.594062E-3
5.345000E-3	9.807467E-3
5.350000E-3	1.193237E-2
5.355000E-3	1.340336E-2
5.360000E-3	1.387769E-2
5.365000E-3	1.357335E-2
5.370000E-3	1.333481E-2
5.375000E-3	1.219559E-2
5.380000E-3	9.190559E-3
5.385000E-3	5.463064E-3
5.390000E-3	1.783550E-3
5.395000E-3	-1.864433E-3
5.400000E-3	-4.348516E-3
5.405000E-3	-5.268395E-3
5.410000E-3	-5.949736E-3
5.415000E-3	-6.348670E-3
5.420000E-3	-5.438387E-3
5.425000E-3	-3.018737E-3
5.430000E-3	-2.124906E-4
5.435000E-3	3.292918E-3
5.440000E-3	6.684542E-3
5.445000E-3	8.553088E-3
5.450000E-3	9.662151E-3
5.455000E-3	1.049703E-2
5.460000E-3	1.070815E-2
5.465000E-3	1.010907E-2
5.470000E-3	9.866416E-3
5.475000E-3	8.751869E-3
5.480000E-3	6.476164E-3
5.485000E-3	4.770756E-3
5.490000E-3	4.133284E-3
5.495000E-3	2.427876E-3
5.500000E-3	1.980960E-3
5.505000E-3	3.427267E-3
5.510000E-3	3.362834E-3
5.515000E-3	3.392994E-3
5.520000E-3	4.899621E-3
5.525000E-3	5.328715E-3
5.530000E-3	5.357504E-3
5.535000E-3	6.376088E-3
5.540000E-3	5.718052E-3
5.545000E-3	3.912568E-3
5.550000E-3	3.968775E-3
5.555000E-3	4.482865E-3
5.560000E-3	4.000306E-3
5.565000E-3	5.166948E-3
5.570000E-3	6.361008E-3
5.575000E-3	5.760550E-3
5.580000E-3	5.945623E-3
5.585000E-3	6.466568E-3
5.590000E-3	5.642653E-3
5.595000E-3	5.330086E-3
5.600000E-3	4.929781E-3
5.605000E-3	3.679514E-3
5.610000E-3	4.189491E-3
5.615000E-3	5.763292E-3
5.620000E-3	5.646765E-3
5.625000E-3	5.975783E-3
5.630000E-3	7.031381E-3
5.635000E-3	5.493224E-3
5.640000E-3	3.892004E-3
5.645000E-3	4.380047E-3
5.650000E-3	3.046155E-3
5.655000E-3	1.679361E-3
5.660000E-3	2.649963E-3
5.665000E-3	1.994669E-3
5.670000E-3	7.923841E-4
5.675000E-3	1.850724E-3
5.680000E-3	2.248287E-3
5.685000E-3	2.161920E-3
5.690000E-3	4.262149E-3
5.695000E-3	6.204724E-3
5.700000E-3	6.831229E-3
5.705000E-3	9.012341E-3
5.710000E-3	1.102209E-2
5.715000E-3	1.128668E-2
5.720000E-3	1.246566E-2
5.725000E-3	1.294547E-2
5.730000E-3	1.211882E-2
5.735000E-3	1.136482E-2
5.740000E-3	1.004052E-2
5.745000E-3	7.699013E-3
5.750000E-3	5.785227E-3
5.755000E-3	4.606247E-3
5.760000E-3	3.120184E-3
5.765000E-3	1.974106E-3
5.770000E-3	1.369536E-3
5.775000E-3	1.576543E-4
5.780000E-3	-8.636713E-4
5.785000E-3	-1.003504E-3
5.790000E-3	-1.235187E-3
5.795000E-3	-1.569688E-3
5.800000E-3	-1.406550E-3
5.805000E-3	-1.624525E-3
5.810000E-3	-1.507998E-3
5.815000E-3	-4.935265E-4
5.820000E-3	6.402135E-4
5.825000E-3	1.930237E-3
5.830000E-3	3.571212E-3
5.835000E-3	4.776239E-3
5.840000E-3	6.040215E-3
5.845000E-3	7.132828E-3
5.850000E-3	8.069158E-3
5.855000E-3	8.355677E-3
5.860000E-3	8.219957E-3
5.865000E-3	7.577002E-3
5.870000E-3	6.794214E-3
5.875000E-3	6.297946E-3
5.880000E-3	5.708456E-3
5.885000E-3	5.018890E-3
5.890000E-3	4.999697E-3
5.895000E-3	5.079210E-3
5.900000E-3	4.891396E-3
5.905000E-3	5.127192E-3
5.910000E-3	5.471289E-3
5.915000E-3	5.549431E-3
5.920000E-3	5.781114E-3
5.925000E-3	6.234884E-3
5.930000E-3	6.122470E-3
5.935000E-3	6.768167E-3
5.940000E-3	8.321404E-3
5.945000E-3	9.483933E-3
5.950000E-3	9.808838E-3
5.955000E-3	1.006383E-2
5.960000E-3	9.679973E-3
5.965000E-3	9.119272E-3
5.970000E-3	8.819044E-3
5.975000E-3	8.085608E-3
5.980000E-3	6.680429E-3
5.985000E-3	6.145775E-3
5.990000E-3	5.808532E-3
5.995000E-3	5.146384E-3
6.000000E-3	4.637778E-3
6.005000E-3	4.227877E-3
6.010000E-3	2.744555E-3
6.015000E-3	1.712263E-3
6.020000E-3	1.455903E-3
6.025000E-3	1.044631E-3
6.030000E-3	9.185076E-4
6.035000E-3	1.032293E-3
6.040000E-3	8.705258E-4
6.045000E-3	3.783703E-4
6.050000E-3	7.293224E-4
6.055000E-3	1.096725E-3
6.060000E-3	1.014471E-3
6.065000E-3	1.114547E-3
6.070000E-3	1.328409E-3
6.075000E-3	1.577914E-3
6.080000E-3	2.159178E-3
6.085000E-3	2.733588E-3
6.090000E-3	2.821326E-3
6.095000E-3	2.865195E-3
6.100000E-3	3.493071E-3
6.105000E-3	4.167557E-3
6.110000E-3	5.176544E-3
6.115000E-3	7.067025E-3
6.120000E-3	8.455753E-3
6.125000E-3	9.196043E-3
6.130000E-3	9.345472E-3
6.135000E-3	8.684695E-3
6.140000E-3	7.504344E-3
6.145000E-3	6.691396E-3
6.150000E-3	5.605638E-3
6.155000E-3	4.554152E-3
6.160000E-3	4.160702E-3
6.165000E-3	4.164815E-3
6.170000E-3	4.385531E-3
6.175000E-3	4.910588E-3
6.180000E-3	5.583704E-3
6.185000E-3	5.956590E-3
6.190000E-3	6.414473E-3
6.195000E-3	7.278144E-3
6.200000E-3	8.015692E-3
6.205000E-3	8.143187E-3
6.210000E-3	7.719576E-3
6.215000E-3	6.979287E-3
6.220000E-3	6.280124E-3
6.225000E-3	5.398631E-3
6.230000E-3	4.332066E-3
6.235000E-3	3.217518E-3
6.240000E-3	2.586901E-3
6.245000E-3	2.750039E-3
6.250000E-3	3.366947E-3
6.255000E-3	4.401982E-3
6.260000E-3	5.099773E-3
6.265000E-3	5.427420E-3
6.270000E-3	5.489111E-3
6.275000E-3	5.102515E-3
6.280000E-3	4.906476E-3
6.285000E-3	4.533589E-3
6.290000E-3	4.216909E-3
6.295000E-3	4.385531E-3
6.300000E-3	5.097032E-3
6.305000E-3	5.612493E-3
6.310000E-3	5.852401E-3
6.315000E-3	5.848289E-3
6.320000E-3	5.299926E-3
6.325000E-3	4.023612E-3
6.330000E-3	3.148973E-3
6.335000E-3	2.270222E-3
6.340000E-3	1.346231E-3
6.345000E-3	1.115918E-3
6.350000E-3	1.584768E-3
6.355000E-3	2.726734E-3
6.360000E-3	4.596651E-3
6.365000E-3	6.406248E-3
6.370000E-3	7.841587E-3
6.375000E-3	8.676469E-3
6.380000E-3	8.956134E-3
6.385000E-3	8.628488E-3
6.390000E-3	8.317292E-3
6.395000E-3	7.788122E-3
6.400000E-3	6.888807E-3
6.405000E-3	5.824983E-3
6.410000E-3	5.033970E-3
6.415000E-3	4.061997E-3
6.420000E-3	2.870679E-3
6.425000E-3	2.013862E-3
6.430000E-3	1.651943E-3
6.435000E-3	1.834273E-3
6.440000E-3	2.394974E-3
6.445000E-3	2.755523E-3
6.450000E-3	3.254533E-3
6.455000E-3	3.931761E-3
6.460000E-3	4.343033E-3
6.465000E-3	4.713178E-3
6.470000E-3	4.874945E-3
6.475000E-3	4.720032E-3
6.480000E-3	4.607618E-3
6.485000E-3	5.131304E-3
6.490000E-3	5.571365E-3
6.495000E-3	5.660474E-3
6.500000E-3	5.484998E-3
6.505000E-3	5.191624E-3
6.510000E-3	4.662454E-3
6.515000E-3	4.726887E-3
6.520000E-3	5.051792E-3
6.525000E-3	5.279362E-3
6.530000E-3	6.281495E-3
6.535000E-3	7.507086E-3
6.540000E-3	8.654535E-3
6.545000E-3	9.608686E-3
6.550000E-3	1.008302E-2
6.555000E-3	9.769082E-3
6.560000E-3	8.569539E-3
6.565000E-3	6.976545E-3
6.570000E-3	4.534960E-3
6.575000E-3	2.197564E-3
6.580000E-3	7.964969E-4
6.585000E-3	-2.275705E-4
6.590000E-3	-1.039147E-3
6.595000E-3	-1.571059E-3
6.600000E-3	-1.993299E-3
6.605000E-3	-1.834273E-3
6.610000E-3	-4.784465E-4
6.615000E-3	1.390100E-3
6.620000E-3	3.394365E-3
6.625000E-3	5.236864E-3
6.630000E-3	6.676316E-3
6.635000E-3	7.169843E-3
6.640000E-3	6.990254E-3
6.645000E-3	6.052554E-3
6.650000E-3	4.747450E-3
6.655000E-3	3.055751E-3
6.660000E-3	1.976848E-3
6.665000E-3	1.647830E-3
6.670000E-3	2.227724E-3
6.675000E-3	3.395736E-3
6.680000E-3	4.883170E-3
6.685000E-3	6.559789E-3
6.690000E-3	8.111656E-3
6.695000E-3	9.475708E-3
6.700000E-3	1.023519E-2
6.705000E-3	1.032293E-2
6.710000E-3	1.016390E-2
6.715000E-3	9.575784E-3
6.720000E-3	8.773804E-3
6.725000E-3	8.246005E-3
6.730000E-3	7.822394E-3
6.735000E-3	7.005334E-3
6.740000E-3	6.178677E-3
6.745000E-3	5.548060E-3
6.750000E-3	4.699469E-3
6.755000E-3	4.231989E-3
6.760000E-3	3.778219E-3
6.765000E-3	3.364205E-3
6.770000E-3	3.011882E-3
6.775000E-3	3.166795E-3
6.780000E-3	3.706932E-3
6.785000E-3	4.249811E-3
6.790000E-3	5.124450E-3
6.795000E-3	5.716681E-3
6.800000E-3	5.864739E-3
6.805000E-3	5.841434E-3
6.810000E-3	5.272508E-3
6.815000E-3	3.905714E-3
6.820000E-3	2.692461E-3
6.825000E-3	1.591623E-3
6.830000E-3	5.812645E-4
6.835000E-3	-7.951260E-5
6.840000E-3	-3.427267E-4
6.845000E-3	-1.617670E-4
6.850000E-3	2.837777E-4
6.855000E-3	1.006246E-3
6.860000E-3	2.045393E-3
6.865000E-3	3.502667E-3
6.870000E-3	5.225897E-3
6.875000E-3	6.440520E-3
6.880000E-3	7.626355E-3
6.885000E-3	8.281648E-3
6.890000E-3	8.538008E-3
6.895000E-3	8.391321E-3
6.900000E-3	8.134961E-3
6.905000E-3	7.337093E-3
6.910000E-3	6.284237E-3
6.915000E-3	5.763292E-3
6.920000E-3	5.284846E-3
6.925000E-3	4.554152E-3
6.930000E-3	3.878295E-3
6.935000E-3	3.231227E-3
6.940000E-3	2.592385E-3
6.945000E-3	2.360702E-3
6.950000E-3	2.397716E-3
6.955000E-3	2.381265E-3
6.960000E-3	2.920032E-3
6.965000E-3	3.775477E-3
6.970000E-3	4.666567E-3
6.975000E-3	5.964816E-3
6.980000E-3	7.197261E-3
6.985000E-3	8.054078E-3
6.990000E-3	8.758724E-3
6.995000E-3	9.574413E-3
7.000000E-3	9.400308E-3
7.005000E-3	8.407772E-3
7.010000E-3	7.050574E-3
7.015000E-3	5.376697E-3
7.020000E-3	3.933132E-3
7.025000E-3	2.582788E-3
7.030000E-3	1.625896E-3
7.035000E-3	1.424372E-3
7.040000E-3	1.484692E-3
7.045000E-3	2.085149E-3
7.050000E-3	3.070831E-3
7.055000E-3	4.207313E-3
7.060000E-3	4.918814E-3
7.065000E-3	5.467176E-3
7.070000E-3	6.152630E-3
7.075000E-3	6.391168E-3
7.080000E-3	6.354153E-3
7.085000E-3	6.277382E-3
7.090000E-3	6.232142E-3
7.095000E-3	5.999088E-3
7.100000E-3	5.819499E-3
7.105000E-3	5.371213E-3
7.110000E-3	4.676163E-3
7.115000E-3	3.620565E-3
7.120000E-3	2.255142E-3
7.125000E-3	1.244783E-3
7.130000E-3	8.705258E-4
7.135000E-3	1.180351E-3
7.140000E-3	2.000153E-3
7.145000E-3	3.228486E-3
7.150000E-3	4.746079E-3
7.155000E-3	6.226659E-3
7.160000E-3	7.688046E-3
7.165000E-3	8.906782E-3
7.170000E-3	9.777308E-3
7.175000E-3	1.035446E-2
7.180000E-3	1.063824E-2
7.185000E-3	1.038599E-2
7.190000E-3	9.647071E-3
7.195000E-3	8.718967E-3
7.200000E-3	7.718205E-3
7.205000E-3	6.555676E-3
7.210000E-3	5.214930E-3
7.215000E-3	3.756285E-3
7.220000E-3	2.333283E-3
7.225000E-3	1.021326E-3
7.230000E-3	6.580353E-5
7.235000E-3	-6.470680E-4
7.240000E-3	-1.279056E-3
7.245000E-3	-1.365423E-3
7.250000E-3	-1.376390E-3
7.255000E-3	-1.140594E-3
7.260000E-3	-2.700686E-4
7.265000E-3	5.154610E-4
7.270000E-3	1.560092E-3
7.275000E-3	2.389491E-3
7.280000E-3	3.479362E-3
7.285000E-3	4.273117E-3
7.290000E-3	4.791319E-3
7.295000E-3	4.913330E-3
7.300000E-3	4.968166E-3
7.305000E-3	5.173802E-3
7.310000E-3	5.527496E-3
7.315000E-3	6.212950E-3
7.320000E-3	6.897032E-3
7.325000E-3	7.848442E-3
7.330000E-3	8.854687E-3
7.335000E-3	9.941816E-3
7.340000E-3	1.094943E-2
7.345000E-3	1.156497E-2
7.350000E-3	1.171029E-2
7.355000E-3	1.129764E-2
7.360000E-3	1.026261E-2
7.365000E-3	8.867025E-3
7.370000E-3	7.279515E-3
7.375000E-3	5.967557E-3
7.380000E-3	4.976392E-3
7.385000E-3	3.756285E-3
7.390000E-3	2.852857E-3
7.395000E-3	2.189338E-3
7.400000E-3	1.682103E-3
7.405000E-3	1.205027E-3
7.410000E-3	8.787513E-4
7.415000E-3	7.306933E-4
7.420000E-3	1.083016E-3
7.425000E-3	1.610816E-3
7.430000E-3	2.218127E-3
7.435000E-3	3.462911E-3
7.440000E-3	4.787207E-3
7.445000E-3	5.672812E-3
7.450000E-3	6.408989E-3
7.455000E-3	6.736636E-3
7.460000E-3	6.890178E-3
7.465000E-3	6.707847E-3
7.470000E-3	6.293833E-3
7.475000E-3	5.775630E-3
7.480000E-3	5.265653E-3
7.485000E-3	4.621327E-3
7.490000E-3	3.882408E-3
7.495000E-3	3.624678E-3
7.500000E-3	3.517747E-3
7.505000E-3	3.525972E-3
7.510000E-3	3.288805E-3
7.515000E-3	3.310740E-3
7.520000E-3	3.401220E-3
7.525000E-3	3.519118E-3
7.530000E-3	3.626049E-3
7.535000E-3	3.871441E-3
7.540000E-3	4.234731E-3
7.545000E-3	4.407465E-3
7.550000E-3	4.548669E-3
7.555000E-3	4.559636E-3
7.560000E-3	4.858494E-3
7.565000E-3	5.545318E-3
7.570000E-3	6.186903E-3
7.575000E-3	6.875098E-3
7.580000E-3	7.568777E-3
7.585000E-3	8.047223E-3
7.590000E-3	8.221328E-3
7.595000E-3	8.222699E-3
7.600000E-3	8.000612E-3
7.605000E-3	7.493377E-3
7.610000E-3	6.688654E-3
7.615000E-3	5.687892E-3
7.620000E-3	4.695356E-3
7.625000E-3	3.738463E-3
7.630000E-3	2.814472E-3
7.635000E-3	2.242804E-3
7.640000E-3	2.122164E-3
7.645000E-3	2.087891E-3
7.650000E-3	2.570450E-3
7.655000E-3	3.505409E-3
7.660000E-3	4.075706E-3
7.665000E-3	4.652858E-3
7.670000E-3	5.235493E-3
7.675000E-3	5.519271E-3
7.680000E-3	5.661845E-3
7.685000E-3	5.509675E-3
7.690000E-3	5.369842E-3
7.695000E-3	5.235493E-3
7.700000E-3	5.280733E-3
7.705000E-3	5.395889E-3
7.710000E-3	5.639911E-3
7.715000E-3	5.897641E-3
7.720000E-3	6.222546E-3
7.725000E-3	6.451488E-3
7.730000E-3	6.450117E-3
7.735000E-3	6.145775E-3
7.740000E-3	5.445242E-3
7.745000E-3	4.608989E-3
7.750000E-3	3.872812E-3
7.755000E-3	3.069460E-3
7.760000E-3	2.563596E-3
7.765000E-3	2.297640E-3
7.770000E-3	2.422392E-3
7.775000E-3	2.807617E-3
7.780000E-3	3.261387E-3
7.785000E-3	4.012644E-3
7.790000E-3	4.991472E-3
7.795000E-3	5.852401E-3
7.800000E-3	6.866872E-3
7.805000E-3	7.594824E-3
7.810000E-3	7.653773E-3
7.815000E-3	7.306933E-3
7.820000E-3	6.563902E-3
7.825000E-3	5.434275E-3
7.830000E-3	4.189491E-3
7.835000E-3	2.839148E-3
7.840000E-3	1.603961E-3
7.845000E-3	1.154304E-3
7.850000E-3	1.288652E-3
7.855000E-3	1.957655E-3
7.860000E-3	2.612948E-3
7.865000E-3	3.484845E-3
7.870000E-3	4.396498E-3
7.875000E-3	5.258799E-3
7.880000E-3	6.197870E-3
7.885000E-3	7.136941E-3
7.890000E-3	7.807314E-3
7.895000E-3	8.203506E-3
7.900000E-3	8.413255E-3
7.905000E-3	8.459866E-3
7.910000E-3	8.203506E-3
7.915000E-3	7.571518E-3
7.920000E-3	6.913483E-3
7.925000E-3	6.400764E-3
7.930000E-3	6.134808E-3
7.935000E-3	5.889416E-3
7.940000E-3	6.058037E-3
7.945000E-3	6.596804E-3
7.950000E-3	7.247984E-3
7.955000E-3	7.513940E-3
7.960000E-3	7.382333E-3
7.965000E-3	7.124603E-3
7.970000E-3	6.847680E-3
7.975000E-3	5.881190E-3
7.980000E-3	5.020261E-3
7.985000E-3	4.146993E-3
7.990000E-3	3.712416E-3
7.995000E-3	3.405333E-3
8.000000E-3	3.014624E-3
8.005000E-3	2.741814E-3
8.010000E-3	2.689719E-3
8.015000E-3	2.704799E-3
8.020000E-3	2.411425E-3
8.025000E-3	2.092004E-3
8.030000E-3	1.867175E-3
8.035000E-3	1.769841E-3
8.040000E-3	1.956284E-3
8.045000E-3	2.235949E-3
8.050000E-3	2.212644E-3
8.055000E-3	2.038538E-3
8.060000E-3	1.746535E-3
8.065000E-3	1.401067E-3
8.070000E-3	1.056969E-3
8.075000E-3	1.096725E-3
8.080000E-3	1.346231E-3
8.085000E-3	2.135873E-3
8.090000E-3	3.287435E-3
8.095000E-3	4.404724E-3
8.100000E-3	5.586445E-3
8.105000E-3	6.751716E-3
8.110000E-3	7.627726E-3
8.115000E-3	8.521557E-3
8.120000E-3	9.253621E-3
8.125000E-3	9.696424E-3
8.130000E-3	9.630620E-3
8.135000E-3	9.208381E-3
8.140000E-3	8.484542E-3
8.145000E-3	7.789493E-3
8.150000E-3	7.075250E-3
8.155000E-3	6.222546E-3
8.160000E-3	5.660474E-3
8.165000E-3	5.223155E-3
8.170000E-3	4.800916E-3
8.175000E-3	5.033970E-3
8.180000E-3	5.290329E-3
8.185000E-3	5.324602E-3
8.190000E-3	5.672812E-3
8.195000E-3	5.922318E-3
8.200000E-3	6.188273E-3
8.205000E-3	6.498098E-3
8.210000E-3	6.633818E-3
8.215000E-3	6.310284E-3
8.220000E-3	5.882561E-3
8.225000E-3	5.398631E-3
8.230000E-3	5.040824E-3
8.235000E-3	4.713178E-3
8.240000E-3	4.388273E-3
8.245000E-3	4.301906E-3
8.250000E-3	4.133284E-3
8.255000E-3	3.923535E-3
8.260000E-3	3.664434E-3
8.265000E-3	3.373802E-3
8.270000E-3	3.000915E-3
8.275000E-3	3.059864E-3
8.280000E-3	3.040671E-3
8.285000E-3	2.996802E-3
8.290000E-3	3.192842E-3
8.295000E-3	3.424525E-3
8.300000E-3	3.750801E-3
8.305000E-3	4.023612E-3
8.310000E-3	4.262149E-3
8.315000E-3	4.680276E-3
8.320000E-3	4.805028E-3
8.325000E-3	4.939377E-3
8.330000E-3	5.139530E-3
8.335000E-3	5.242348E-3
8.340000E-3	5.209446E-3
8.345000E-3	5.205333E-3
8.350000E-3	5.149126E-3
8.355000E-3	5.331457E-3
8.360000E-3	5.342424E-3
8.365000E-3	5.190253E-3
8.370000E-3	5.177915E-3
8.375000E-3	5.101144E-3
8.380000E-3	4.953086E-3
8.385000E-3	4.892766E-3
8.390000E-3	4.781723E-3
8.395000E-3	4.561007E-3
8.400000E-3	4.115462E-3
8.405000E-3	3.887892E-3
8.410000E-3	3.621936E-3
8.415000E-3	3.320336E-3
8.420000E-3	3.342271E-3
8.425000E-3	3.600001E-3
8.430000E-3	3.667176E-3
8.435000E-3	3.594518E-3
8.440000E-3	3.717899E-3
8.445000E-3	3.612339E-3
8.450000E-3	3.386140E-3
8.455000E-3	3.532827E-3
8.460000E-3	3.519118E-3
8.465000E-3	3.430009E-3
8.470000E-3	3.617823E-3
8.475000E-3	4.177153E-3
8.480000E-3	4.578829E-3
8.485000E-3	5.295813E-3
8.490000E-3	6.152630E-3
8.495000E-3	6.835341E-3
8.500000E-3	7.563293E-3
8.505000E-3	8.314550E-3
8.510000E-3	8.832753E-3
8.515000E-3	8.494139E-3
8.520000E-3	8.006096E-3
8.525000E-3	7.475555E-3
8.530000E-3	6.495357E-3
8.535000E-3	5.579591E-3
8.540000E-3	4.902363E-3
8.545000E-3	4.548669E-3
8.550000E-3	4.364967E-3
8.555000E-3	4.120946E-3
8.560000E-3	4.251182E-3
8.565000E-3	4.525363E-3
8.570000E-3	4.794061E-3
8.575000E-3	4.891396E-3
8.580000E-3	4.988730E-3
8.585000E-3	5.172431E-3
8.590000E-3	4.811883E-3
8.595000E-3	4.410207E-3
8.600000E-3	3.800154E-3
8.605000E-3	3.201067E-3
8.610000E-3	2.261996E-3
8.615000E-3	1.684844E-3
8.620000E-3	1.313329E-3
8.625000E-3	1.373649E-3
8.630000E-3	1.738310E-3
8.635000E-3	2.312720E-3
8.640000E-3	2.802134E-3
8.645000E-3	3.239453E-3
8.650000E-3	3.950953E-3
8.655000E-3	4.774868E-3
8.660000E-3	5.406857E-3
8.665000E-3	5.826354E-3
8.670000E-3	6.195128E-3
8.675000E-3	6.676316E-3
8.680000E-3	7.183552E-3
8.685000E-3	7.630467E-3
8.690000E-3	7.981420E-3
8.695000E-3	8.479059E-3
8.700000E-3	8.813560E-3
8.705000E-3	8.802593E-3
8.710000E-3	8.575022E-3
8.715000E-3	8.018434E-3
8.720000E-3	7.397413E-3
8.725000E-3	6.776392E-3
8.730000E-3	5.831838E-3
8.735000E-3	4.874945E-3
8.740000E-3	4.274487E-3
8.745000E-3	3.579438E-3
8.750000E-3	3.175020E-3
8.755000E-3	2.767861E-3
8.760000E-3	2.399087E-3
8.765000E-3	2.373040E-3
8.770000E-3	2.658188E-3
8.775000E-3	3.062606E-3
8.780000E-3	3.354609E-3
8.785000E-3	3.684998E-3
8.790000E-3	3.994823E-3
8.795000E-3	4.134655E-3
8.800000E-3	4.248440E-3
8.805000E-3	4.258037E-3
8.810000E-3	4.310131E-3
8.815000E-3	3.870070E-3
8.820000E-3	3.587663E-3
8.825000E-3	3.327191E-3
8.830000E-3	3.132522E-3
8.835000E-3	2.893984E-3
8.840000E-3	2.885759E-3
8.845000E-3	2.925515E-3
8.850000E-3	2.835035E-3
8.855000E-3	2.992690E-3
8.860000E-3	3.168166E-3
8.865000E-3	3.419042E-3
8.870000E-3	3.712416E-3
8.875000E-3	4.122317E-3
8.880000E-3	4.683018E-3
8.885000E-3	5.013406E-3
8.890000E-3	5.537093E-3
8.895000E-3	5.808532E-3
8.900000E-3	5.963445E-3
8.905000E-3	6.280124E-3
8.910000E-3	6.297946E-3
8.915000E-3	6.271899E-3
8.920000E-3	6.256819E-3
8.925000E-3	6.125212E-3
8.930000E-3	6.051183E-3
8.935000E-3	5.982637E-3
8.940000E-3	5.912721E-3
8.945000E-3	5.986750E-3
8.950000E-3	6.199241E-3
8.955000E-3	6.410360E-3
8.960000E-3	6.507695E-3
8.965000E-3	6.602287E-3
8.970000E-3	6.341815E-3
8.975000E-3	6.159484E-3
8.980000E-3	6.115615E-3
8.985000E-3	6.007314E-3
8.990000E-3	5.528867E-3
8.995000E-3	5.069613E-3
9.000000E-3	4.565120E-3
9.005000E-3	4.096270E-3
9.010000E-3	3.764510E-3
9.015000E-3	3.335416E-3
9.020000E-3	3.063977E-3
9.025000E-3	3.125668E-3
9.030000E-3	3.442347E-3
9.035000E-3	3.732979E-3
9.040000E-3	4.286826E-3
9.045000E-3	4.773498E-3
9.050000E-3	4.983246E-3
9.055000E-3	5.002439E-3
9.060000E-3	4.676163E-3
9.065000E-3	4.262149E-3
9.070000E-3	4.044175E-3
9.075000E-3	3.752172E-3
9.080000E-3	3.637016E-3
9.085000E-3	3.242195E-3
9.090000E-3	3.148973E-3
9.095000E-3	3.338158E-3
9.100000E-3	3.509521E-3
9.105000E-3	3.642499E-3
9.110000E-3	3.767252E-3
9.115000E-3	4.018128E-3
9.120000E-3	4.374564E-3
9.125000E-3	4.751563E-3
9.130000E-3	4.988730E-3
9.135000E-3	5.597413E-3
9.140000E-3	5.944252E-3
9.145000E-3	6.413102E-3
9.150000E-3	6.646156E-3
9.155000E-3	6.983399E-3
9.160000E-3	7.272661E-3
9.165000E-3	7.408381E-3
9.170000E-3	7.349432E-3
9.175000E-3	6.992996E-3
9.180000E-3	6.551564E-3
9.185000E-3	5.856514E-3
9.190000E-3	5.012035E-3
9.195000E-3	3.896117E-3
9.200000E-3	2.755523E-3
9.205000E-3	1.911044E-3
9.210000E-3	1.066566E-3
9.215000E-3	5.456209E-4
9.220000E-3	9.322166E-5
9.225000E-3	2.741814E-5
9.230000E-3	1.754761E-4
9.235000E-3	8.417368E-4
9.240000E-3	1.597106E-3
9.245000E-3	2.495050E-3
9.250000E-3	3.757656E-3
9.255000E-3	4.750192E-3
9.260000E-3	5.890787E-3
9.265000E-3	6.875098E-3
9.270000E-3	7.645547E-3
9.275000E-3	7.896423E-3
9.280000E-3	8.077383E-3
9.285000E-3	7.975936E-3
9.290000E-3	7.715464E-3
9.295000E-3	7.548213E-3
9.300000E-3	7.184923E-3
9.305000E-3	6.999850E-3
9.310000E-3	6.997108E-3
9.315000E-3	7.071137E-3
9.320000E-3	6.991625E-3
9.325000E-3	6.913483E-3
9.330000E-3	6.816149E-3
9.335000E-3	6.622851E-3
9.340000E-3	6.480277E-3
9.345000E-3	6.326735E-3
9.350000E-3	5.833209E-3
9.355000E-3	5.454838E-3
9.360000E-3	5.058646E-3
9.365000E-3	4.608989E-3
9.370000E-3	4.152477E-3
9.375000E-3	3.822088E-3
9.380000E-3	3.519118E-3
9.385000E-3	3.190100E-3
9.390000E-3	3.307998E-3
9.395000E-3	3.638387E-3
9.400000E-3	4.086673E-3
9.405000E-3	4.477382E-3
9.410000E-3	4.750192E-3
9.415000E-3	4.847527E-3
9.420000E-3	4.848897E-3
9.425000E-3	4.389644E-3
9.430000E-3	3.768623E-3
9.435000E-3	3.199697E-3
9.440000E-3	2.404571E-3
9.445000E-3	1.945317E-3
9.450000E-3	1.582026E-3
9.455000E-3	1.513481E-3
9.460000E-3	1.790404E-3
9.465000E-3	2.320945E-3
9.470000E-3	3.006399E-3
9.475000E-3	3.525972E-3
9.480000E-3	4.256666E-3
9.485000E-3	5.075097E-3
9.490000E-3	5.454838E-3
9.495000E-3	5.866110E-3
9.500000E-3	6.251335E-3
9.505000E-3	6.284237E-3
9.510000E-3	6.208837E-3
9.515000E-3	6.218433E-3
9.520000E-3	5.937397E-3
9.525000E-3	5.446613E-3
9.530000E-3	5.169690E-3
9.535000E-3	4.622698E-3
9.540000E-3	4.395127E-3
9.545000E-3	4.271746E-3
9.550000E-3	4.470527E-3
9.555000E-3	4.629552E-3
9.560000E-3	4.964054E-3
9.565000E-3	5.419195E-3
9.570000E-3	5.868852E-3
9.575000E-3	6.166339E-3
9.580000E-3	6.430924E-3
9.585000E-3	6.677687E-3
9.590000E-3	6.940901E-3
9.595000E-3	7.043719E-3
9.600000E-3	7.180810E-3
9.605000E-3	7.306933E-3
9.610000E-3	7.404268E-3
9.615000E-3	7.043719E-3
9.620000E-3	6.836712E-3
9.625000E-3	6.489873E-3
9.630000E-3	5.989492E-3
9.635000E-3	5.380809E-3
9.640000E-3	4.592538E-3
9.645000E-3	3.713787E-3
9.650000E-3	3.143489E-3
9.655000E-3	2.643108E-3
9.660000E-3	2.027571E-3
9.665000E-3	1.487434E-3
9.670000E-3	1.099467E-3
9.675000E-3	9.308457E-4
9.680000E-3	7.581115E-4
9.685000E-3	7.869005E-4
9.690000E-3	1.135111E-3
9.695000E-3	1.653314E-3
9.700000E-3	2.156436E-3
9.705000E-3	2.888501E-3
9.710000E-3	3.719270E-3
9.715000E-3	4.959941E-3
9.720000E-3	5.829096E-3
9.725000E-3	6.488502E-3
9.730000E-3	7.020414E-3
9.735000E-3	7.764816E-3
9.740000E-3	8.004725E-3
9.745000E-3	8.148670E-3
9.750000E-3	8.169234E-3
9.755000E-3	7.605791E-3
9.760000E-3	7.212341E-3
9.765000E-3	6.690025E-3
9.770000E-3	6.104648E-3
9.775000E-3	5.415082E-3
9.780000E-3	4.721403E-3
9.785000E-3	4.289567E-3
9.790000E-3	3.997564E-3
9.795000E-3	3.812492E-3
9.800000E-3	3.778219E-3
9.805000E-3	3.868699E-3
9.810000E-3	3.971517E-3
9.815000E-3	4.027724E-3
9.820000E-3	4.192233E-3
9.825000E-3	4.500687E-3
9.830000E-3	5.158722E-3
9.835000E-3	5.702972E-3
9.840000E-3	5.705714E-3
9.845000E-3	5.823612E-3
9.850000E-3	5.894899E-3
9.855000E-3	5.835950E-3
9.860000E-3	5.803049E-3
9.865000E-3	5.349278E-3
9.870000E-3	4.896879E-3
9.875000E-3	4.562378E-3
9.880000E-3	4.203200E-3
9.885000E-3	3.942728E-3
9.890000E-3	3.737092E-3
9.895000E-3	3.838539E-3
9.900000E-3	4.279971E-3
9.905000E-3	4.589796E-3
9.910000E-3	5.021632E-3
9.915000E-3	5.511045E-3
9.920000E-3	6.042957E-3
9.925000E-3	6.709218E-3
9.930000E-3	7.119119E-3
9.935000E-3	7.353544E-3
9.940000E-3	7.386446E-3
9.945000E-3	7.380962E-3
9.950000E-3	7.293224E-3
9.955000E-3	6.934047E-3
9.960000E-3	6.417215E-3
9.965000E-3	5.671442E-3
9.970000E-3	4.840672E-3
9.975000E-3	4.351258E-3
9.980000E-3	3.568470E-3
9.985000E-3	2.985835E-3
9.990000E-3	2.699316E-3
9.995000E-3	2.359331E-3
