0.000000E+0	1.281387E-2
5.000000E-6	1.279056E-2
1.000000E-5	1.265073E-2
1.500000E-5	1.268089E-2
2.000000E-5	1.262468E-2
2.500000E-5	1.254791E-2
3.000000E-5	1.268774E-2
3.500000E-5	1.270419E-2
4.000000E-5	1.265347E-2
4.500000E-5	1.252598E-2
5.000000E-5	1.252872E-2
5.500000E-5	1.262194E-2
6.000000E-5	1.257670E-2
6.500000E-5	1.266581E-2
7.000000E-5	1.261646E-2
7.500000E-5	1.252323E-2
8.000000E-5	1.251227E-2
8.500000E-5	1.266718E-2
9.000000E-5	1.270831E-2
9.500000E-5	1.268637E-2
1.000000E-4	1.252735E-2
1.050000E-4	1.263565E-2
1.100000E-4	1.257670E-2
1.150000E-4	1.255888E-2
1.200000E-4	1.262331E-2
1.250000E-4	1.264936E-2
1.300000E-4	1.264113E-2
1.350000E-4	1.274258E-2
1.400000E-4	1.265621E-2
1.450000E-4	1.256299E-2
1.500000E-4	1.270008E-2
1.550000E-4	1.275080E-2
1.600000E-4	1.273984E-2
1.650000E-4	1.261920E-2
1.700000E-4	1.267266E-2
1.750000E-4	1.262194E-2
1.800000E-4	1.265758E-2
1.850000E-4	1.266307E-2
1.900000E-4	1.270968E-2
1.950000E-4	1.267678E-2
2.000000E-4	1.268089E-2
2.050000E-4	1.267266E-2
2.100000E-4	1.268637E-2
2.150000E-4	1.258218E-2
2.200000E-4	1.266170E-2
2.250000E-4	1.264936E-2
2.300000E-4	1.261508E-2
2.350000E-4	1.258218E-2
2.400000E-4	1.264113E-2
2.450000E-4	1.263565E-2
2.500000E-4	1.251638E-2
2.550000E-4	1.253694E-2
2.600000E-4	1.257259E-2
2.650000E-4	1.259726E-2
2.700000E-4	1.256025E-2
2.750000E-4	1.266444E-2
2.800000E-4	1.270556E-2
2.850000E-4	1.273161E-2
2.900000E-4	1.264799E-2
2.950000E-4	1.268500E-2
3.000000E-4	1.264936E-2
3.050000E-4	1.271379E-2
3.100000E-4	1.269734E-2
3.150000E-4	1.273984E-2
3.200000E-4	1.274395E-2
3.250000E-4	1.265484E-2
3.300000E-4	1.260275E-2
3.350000E-4	1.268363E-2
3.400000E-4	1.267540E-2
3.450000E-4	1.278096E-2
3.500000E-4	1.256299E-2
3.550000E-4	1.268363E-2
3.600000E-4	1.253968E-2
3.650000E-4	1.257670E-2
3.700000E-4	1.250541E-2
3.750000E-4	1.244920E-2
3.800000E-4	1.262194E-2
3.850000E-4	1.271927E-2
3.900000E-4	1.271790E-2
3.950000E-4	1.269871E-2
4.000000E-4	1.262194E-2
4.050000E-4	1.258218E-2
4.100000E-4	1.268226E-2
4.150000E-4	1.271653E-2
4.200000E-4	1.275766E-2
4.250000E-4	1.267403E-2
4.300000E-4	1.274395E-2
4.350000E-4	1.270145E-2
4.400000E-4	1.267403E-2
4.450000E-4	1.253694E-2
4.500000E-4	1.258767E-2
4.550000E-4	1.262331E-2
4.600000E-4	1.272339E-2
4.650000E-4	1.264936E-2
4.700000E-4	1.276177E-2
4.750000E-4	1.267540E-2
4.800000E-4	1.271927E-2
4.850000E-4	1.259452E-2
4.900000E-4	1.261508E-2
4.950000E-4	1.261646E-2
5.000000E-4	1.267266E-2
5.050000E-4	1.260412E-2
5.100000E-4	1.263291E-2
5.150000E-4	1.261234E-2
5.200000E-4	1.249307E-2
5.250000E-4	1.266855E-2
5.300000E-4	1.260000E-2
5.350000E-4	1.274532E-2
5.400000E-4	1.270968E-2
5.450000E-4	1.268774E-2
5.500000E-4	1.272064E-2
5.550000E-4	1.273298E-2
5.600000E-4	1.261097E-2
5.650000E-4	1.265758E-2
5.700000E-4	1.273572E-2
5.750000E-4	1.271105E-2
5.800000E-4	1.270968E-2
5.850000E-4	1.258904E-2
5.900000E-4	1.259726E-2
5.950000E-4	1.273984E-2
6.000000E-4	1.266581E-2
6.050000E-4	1.268911E-2
6.100000E-4	1.260412E-2
6.150000E-4	1.266307E-2
6.200000E-4	1.262742E-2
6.250000E-4	1.274258E-2
6.300000E-4	1.268500E-2
6.350000E-4	1.268226E-2
6.400000E-4	1.281250E-2
6.450000E-4	1.266307E-2
6.500000E-4	1.252460E-2
6.550000E-4	1.255614E-2
6.600000E-4	1.256299E-2
6.650000E-4	1.258630E-2
6.700000E-4	1.262194E-2
6.750000E-4	1.263702E-2
6.800000E-4	1.265484E-2
6.850000E-4	1.268226E-2
6.900000E-4	1.259589E-2
6.950000E-4	1.263976E-2
7.000000E-4	1.267266E-2
7.050000E-4	1.264113E-2
7.100000E-4	1.260000E-2
7.150000E-4	1.261920E-2
7.200000E-4	1.268637E-2
7.250000E-4	1.254106E-2
7.300000E-4	1.258630E-2
7.350000E-4	1.255888E-2
7.400000E-4	1.253283E-2
7.450000E-4	1.253420E-2
7.500000E-4	1.260960E-2
7.550000E-4	1.260138E-2
7.600000E-4	1.270556E-2
7.650000E-4	1.266992E-2
7.700000E-4	1.270556E-2
7.750000E-4	1.254243E-2
7.800000E-4	1.252460E-2
7.850000E-4	1.260960E-2
7.900000E-4	1.253694E-2
7.950000E-4	1.256710E-2
8.000000E-4	1.258767E-2
8.050000E-4	1.248211E-2
8.100000E-4	1.256573E-2
8.150000E-4	1.270008E-2
8.200000E-4	1.269734E-2
8.250000E-4	1.253694E-2
8.300000E-4	1.250130E-2
8.350000E-4	1.269597E-2
8.400000E-4	1.265758E-2
8.450000E-4	1.261371E-2
8.500000E-4	1.263016E-2
8.550000E-4	1.271927E-2
8.600000E-4	1.263428E-2
8.650000E-4	1.257670E-2
8.700000E-4	1.244509E-2
8.750000E-4	1.278508E-2
8.800000E-4	1.272613E-2
8.850000E-4	1.262879E-2
8.900000E-4	1.263702E-2
8.950000E-4	1.267952E-2
9.000000E-4	1.265347E-2
9.050000E-4	1.259589E-2
9.100000E-4	1.257670E-2
9.150000E-4	1.254791E-2
9.200000E-4	1.258767E-2
9.250000E-4	1.249582E-2
9.300000E-4	1.236284E-2
9.350000E-4	1.240671E-2
9.400000E-4	1.242316E-2
9.450000E-4	1.248485E-2
9.500000E-4	1.256299E-2
9.550000E-4	1.256162E-2
9.600000E-4	1.255065E-2
9.650000E-4	1.243138E-2
9.700000E-4	1.256025E-2
9.750000E-4	1.264387E-2
9.800000E-4	1.268089E-2
9.850000E-4	1.256162E-2
9.900000E-4	1.247251E-2
9.950000E-4	1.246840E-2
1.000000E-3	1.259726E-2
1.005000E-3	1.255751E-2
1.010000E-3	1.255614E-2
1.015000E-3	1.260138E-2
1.020000E-3	1.259726E-2
1.025000E-3	1.257670E-2
1.030000E-3	1.251912E-2
1.035000E-3	1.268637E-2
1.040000E-3	1.259315E-2
1.045000E-3	1.273572E-2
1.050000E-3	1.266170E-2
1.055000E-3	1.259178E-2
1.060000E-3	1.259041E-2
1.065000E-3	1.256573E-2
1.070000E-3	1.262331E-2
1.075000E-3	1.249170E-2
1.080000E-3	1.248074E-2
1.085000E-3	1.249582E-2
1.090000E-3	1.255202E-2
1.095000E-3	1.262605E-2
1.100000E-3	1.258081E-2
1.105000E-3	1.256025E-2
1.110000E-3	1.256847E-2
1.115000E-3	1.256162E-2
1.120000E-3	1.244098E-2
1.125000E-3	1.251364E-2
1.130000E-3	1.259863E-2
1.135000E-3	1.265347E-2
1.140000E-3	1.261371E-2
1.145000E-3	1.259589E-2
1.150000E-3	1.239985E-2
1.155000E-3	1.252735E-2
1.160000E-3	1.250952E-2
1.165000E-3	1.259315E-2
1.170000E-3	1.261097E-2
1.175000E-3	1.262879E-2
1.180000E-3	1.252872E-2
1.185000E-3	1.257533E-2
1.190000E-3	1.272750E-2
1.195000E-3	1.263016E-2
1.200000E-3	1.259315E-2
1.205000E-3	1.263976E-2
1.210000E-3	1.267403E-2
1.215000E-3	1.255065E-2
1.220000E-3	1.256025E-2
1.225000E-3	1.254791E-2
1.230000E-3	1.246017E-2
1.235000E-3	1.245195E-2
1.240000E-3	1.265895E-2
1.245000E-3	1.260275E-2
1.250000E-3	1.263428E-2
1.255000E-3	1.250952E-2
1.260000E-3	1.256984E-2
1.265000E-3	1.247251E-2
1.270000E-3	1.251227E-2
1.275000E-3	1.258355E-2
1.280000E-3	1.265895E-2
1.285000E-3	1.248622E-2
1.290000E-3	1.259726E-2
1.295000E-3	1.259452E-2
1.300000E-3	1.253694E-2
1.305000E-3	1.260549E-2
1.310000E-3	1.259589E-2
1.315000E-3	1.270556E-2
1.320000E-3	1.267266E-2
1.325000E-3	1.251775E-2
1.330000E-3	1.255476E-2
1.335000E-3	1.249170E-2
1.340000E-3	1.247388E-2
1.345000E-3	1.258630E-2
1.350000E-3	1.257944E-2
1.355000E-3	1.251364E-2
1.360000E-3	1.237518E-2
1.365000E-3	1.251775E-2
1.370000E-3	1.256025E-2
1.375000E-3	1.245058E-2
1.380000E-3	1.253831E-2
1.385000E-3	1.256162E-2
1.390000E-3	1.252186E-2
1.395000E-3	1.263976E-2
1.400000E-3	1.259726E-2
1.405000E-3	1.253831E-2
1.410000E-3	1.262468E-2
1.415000E-3	1.269871E-2
1.420000E-3	1.263428E-2
1.425000E-3	1.262742E-2
1.430000E-3	1.261508E-2
1.435000E-3	1.247799E-2
1.440000E-3	1.248348E-2
1.445000E-3	1.246428E-2
1.450000E-3	1.257259E-2
1.455000E-3	1.256162E-2
1.460000E-3	1.265484E-2
1.465000E-3	1.254517E-2
1.470000E-3	1.264113E-2
1.475000E-3	1.269871E-2
1.480000E-3	1.265758E-2
1.485000E-3	1.257944E-2
1.490000E-3	1.263702E-2
1.495000E-3	1.255339E-2
1.500000E-3	1.243961E-2
1.505000E-3	1.258904E-2
1.510000E-3	1.258218E-2
1.515000E-3	1.260275E-2
1.520000E-3	1.271653E-2
1.525000E-3	1.269460E-2
1.530000E-3	1.260412E-2
1.535000E-3	1.253283E-2
1.540000E-3	1.255476E-2
1.545000E-3	1.243138E-2
1.550000E-3	1.248485E-2
1.555000E-3	1.258492E-2
1.560000E-3	1.261783E-2
1.565000E-3	1.257122E-2
1.570000E-3	1.268089E-2
1.575000E-3	1.259178E-2
1.580000E-3	1.248074E-2
1.585000E-3	1.246703E-2
1.590000E-3	1.244646E-2
1.595000E-3	1.241630E-2
1.600000E-3	1.241219E-2
1.605000E-3	1.257122E-2
1.610000E-3	1.255888E-2
1.615000E-3	1.251638E-2
1.620000E-3	1.253694E-2
1.625000E-3	1.259452E-2
1.630000E-3	1.257396E-2
1.635000E-3	1.278508E-2
1.640000E-3	1.265484E-2
1.645000E-3	1.254791E-2
1.650000E-3	1.257396E-2
1.655000E-3	1.258355E-2
1.660000E-3	1.264250E-2
1.665000E-3	1.266581E-2
1.670000E-3	1.262605E-2
1.675000E-3	1.258492E-2
1.680000E-3	1.246703E-2
1.685000E-3	1.247799E-2
1.690000E-3	1.262468E-2
1.695000E-3	1.256436E-2
1.700000E-3	1.259863E-2
1.705000E-3	1.257807E-2
1.710000E-3	1.256847E-2
1.715000E-3	1.253146E-2
1.720000E-3	1.260275E-2
1.725000E-3	1.260960E-2
1.730000E-3	1.262331E-2
1.735000E-3	1.259315E-2
1.740000E-3	1.257259E-2
1.745000E-3	1.263976E-2
1.750000E-3	1.264799E-2
1.755000E-3	1.255751E-2
1.760000E-3	1.248622E-2
1.765000E-3	1.252186E-2
1.770000E-3	1.253420E-2
1.775000E-3	1.251912E-2
1.780000E-3	1.252323E-2
1.785000E-3	1.249993E-2
1.790000E-3	1.250678E-2
1.795000E-3	1.252186E-2
1.800000E-3	1.252872E-2
1.805000E-3	1.251775E-2
1.810000E-3	1.258355E-2
1.815000E-3	1.257396E-2
1.820000E-3	1.255888E-2
1.825000E-3	1.260960E-2
1.830000E-3	1.258767E-2
1.835000E-3	1.263291E-2
1.840000E-3	1.250815E-2
1.845000E-3	1.252323E-2
1.850000E-3	1.253009E-2
1.855000E-3	1.261783E-2
1.860000E-3	1.261783E-2
1.865000E-3	1.262331E-2
1.870000E-3	1.258767E-2
1.875000E-3	1.246703E-2
1.880000E-3	1.244646E-2
1.885000E-3	1.234227E-2
1.890000E-3	1.247799E-2
1.895000E-3	1.253146E-2
1.900000E-3	1.250404E-2
1.905000E-3	1.246703E-2
1.910000E-3	1.253009E-2
1.915000E-3	1.252323E-2
1.920000E-3	1.254106E-2
1.925000E-3	1.265347E-2
1.930000E-3	1.262331E-2
1.935000E-3	1.253146E-2
1.940000E-3	1.254243E-2
1.945000E-3	1.264662E-2
1.950000E-3	1.268089E-2
1.955000E-3	1.262879E-2
1.960000E-3	1.251501E-2
1.965000E-3	1.254106E-2
1.970000E-3	1.252735E-2
1.975000E-3	1.248485E-2
1.980000E-3	1.249170E-2
1.985000E-3	1.256710E-2
1.990000E-3	1.271927E-2
1.995000E-3	1.267815E-2
2.000000E-3	1.265347E-2
2.005000E-3	1.259178E-2
2.010000E-3	1.253420E-2
2.015000E-3	1.264387E-2
2.020000E-3	1.256573E-2
2.025000E-3	1.248485E-2
2.030000E-3	1.260412E-2
2.035000E-3	1.255065E-2
2.040000E-3	1.262605E-2
2.045000E-3	1.265347E-2
2.050000E-3	1.262057E-2
2.055000E-3	1.253283E-2
2.060000E-3	1.252460E-2
2.065000E-3	1.257396E-2
2.070000E-3	1.251638E-2
2.075000E-3	1.253420E-2
2.080000E-3	1.262194E-2
2.085000E-3	1.264662E-2
2.090000E-3	1.248896E-2
2.095000E-3	1.262468E-2
2.100000E-3	1.253557E-2
2.105000E-3	1.248348E-2
2.110000E-3	1.251227E-2
2.115000E-3	1.250815E-2
2.120000E-3	1.249856E-2
2.125000E-3	1.247936E-2
2.130000E-3	1.250267E-2
2.135000E-3	1.254654E-2
2.140000E-3	1.251364E-2
2.145000E-3	1.247525E-2
2.150000E-3	1.252460E-2
2.155000E-3	1.257807E-2
2.160000E-3	1.251364E-2
2.165000E-3	1.254654E-2
2.170000E-3	1.263428E-2
2.175000E-3	1.253146E-2
2.180000E-3	1.241904E-2
2.185000E-3	1.248348E-2
2.190000E-3	1.252598E-2
2.195000E-3	1.255065E-2
2.200000E-3	1.263565E-2
2.205000E-3	1.260412E-2
2.210000E-3	1.268500E-2
2.215000E-3	1.257807E-2
2.220000E-3	1.263154E-2
2.225000E-3	1.259589E-2
2.230000E-3	1.256025E-2
2.235000E-3	1.257533E-2
2.240000E-3	1.258492E-2
2.245000E-3	1.250130E-2
2.250000E-3	1.274943E-2
2.255000E-3	1.265347E-2
2.260000E-3	1.251364E-2
2.265000E-3	1.245743E-2
2.270000E-3	1.249170E-2
2.275000E-3	1.252735E-2
2.280000E-3	1.264113E-2
2.285000E-3	1.256299E-2
2.290000E-3	1.251364E-2
2.295000E-3	1.250678E-2
2.300000E-3	1.246840E-2
2.305000E-3	1.256025E-2
2.310000E-3	1.246703E-2
2.315000E-3	1.250541E-2
2.320000E-3	1.251501E-2
2.325000E-3	1.245743E-2
2.330000E-3	1.242179E-2
2.335000E-3	1.250130E-2
2.340000E-3	1.265347E-2
2.345000E-3	1.259863E-2
2.350000E-3	1.242316E-2
2.355000E-3	1.256299E-2
2.360000E-3	1.239026E-2
2.365000E-3	1.257533E-2
2.370000E-3	1.238477E-2
2.375000E-3	1.270968E-2
2.380000E-3	1.242453E-2
2.385000E-3	1.289886E-2
2.390000E-3	1.231760E-2
2.395000E-3	1.265347E-2
2.400000E-3	1.223671E-2
2.405000E-3	1.280701E-2
2.410000E-3	1.214075E-2
2.415000E-3	1.288104E-2
2.420000E-3	1.197487E-2
2.425000E-3	1.316756E-2
2.430000E-3	1.155812E-2
2.435000E-3	1.656193E-2
2.440000E-3	4.051030E-3
2.445000E-3	-2.012491E-3
2.450000E-3	1.756406E-2
2.455000E-3	1.610816E-3
2.460000E-3	-3.177625E-2
2.465000E-3	-4.684526E-2
2.470000E-3	-5.934381E-2
2.475000E-3	-1.067470E-1
2.480000E-3	-1.230499E-1
2.485000E-3	-1.120278E-1
2.490000E-3	-8.778876E-2
2.495000E-3	5.713254E-2
2.500000E-3	3.577587E-1
2.505000E-3	3.735776E-1
2.510000E-3	1.107652E-1
2.515000E-3	8.645761E-2
2.520000E-3	2.207571E-2
2.525000E-3	-1.161007E-1
2.530000E-3	3.124022E-2
2.535000E-3	2.048409E-1
2.540000E-3	8.842349E-4
2.545000E-3	-4.249126E-2
2.550000E-3	1.234392E-1
2.555000E-3	-7.606477E-2
2.560000E-3	-1.737282E-1
2.565000E-3	1.799589E-2
2.570000E-3	-8.447939E-2
2.575000E-3	-1.513550E-1
2.580000E-3	5.656224E-2
2.585000E-3	-1.728851E-2
2.590000E-3	-1.154591E-1
2.595000E-3	4.437214E-2
2.600000E-3	7.809782E-2
2.605000E-3	-4.524404E-2
2.610000E-3	7.470483E-2
2.615000E-3	1.107323E-1
2.620000E-3	-2.280778E-2
2.625000E-3	7.526416E-2
2.630000E-3	1.627239E-1
2.635000E-3	-4.582942E-3
2.640000E-3	-9.212494E-4
2.645000E-3	5.476910E-2
2.650000E-3	-1.425743E-2
2.655000E-3	-1.942164E-2
2.660000E-3	4.484922E-2
2.665000E-3	-2.784038E-2
2.670000E-3	-9.770864E-2
2.675000E-3	6.635189E-3
2.680000E-3	2.054167E-2
2.685000E-3	-5.133361E-2
2.690000E-3	3.283733E-2
2.695000E-3	6.398296E-2
2.700000E-3	-2.194136E-2
2.705000E-3	-6.897032E-3
2.710000E-3	4.895097E-2
2.715000E-3	1.779711E-2
2.720000E-3	4.240489E-2
2.725000E-3	1.011304E-1
2.730000E-3	1.382834E-2
2.735000E-3	-2.920854E-2
2.740000E-3	8.728564E-3
2.745000E-3	-2.347952E-2
2.750000E-3	1.474547E-2
2.755000E-3	5.941784E-2
2.760000E-3	-1.127982E-2
2.765000E-3	-2.772111E-2
2.770000E-3	9.394825E-3
2.775000E-3	-2.748531E-2
2.780000E-3	-1.901448E-2
2.785000E-3	2.333832E-2
2.790000E-3	8.306324E-3
2.795000E-3	2.049780E-2
2.800000E-3	4.282439E-2
2.805000E-3	6.744862E-4
2.810000E-3	6.276011E-3
2.815000E-3	6.160307E-2
2.820000E-3	2.991456E-2
2.825000E-3	2.869856E-2
2.830000E-3	6.026781E-2
2.835000E-3	1.383382E-2
2.840000E-3	-1.924890E-2
2.845000E-3	4.846430E-2
2.850000E-3	3.208333E-2
2.855000E-3	-3.078783E-2
2.860000E-3	3.617823E-3
2.865000E-3	2.026337E-2
2.870000E-3	8.033514E-4
2.875000E-3	3.140885E-2
2.880000E-3	3.723931E-2
2.885000E-3	-2.170831E-2
2.890000E-3	-5.664587E-3
2.895000E-3	2.199072E-2
2.900000E-3	-1.221478E-2
2.905000E-3	4.939377E-3
2.910000E-3	5.570269E-2
2.915000E-3	2.899057E-2
2.920000E-3	-1.196802E-3
2.925000E-3	6.175935E-3
2.930000E-3	-9.664893E-3
2.935000E-3	-1.412034E-3
2.940000E-3	3.298539E-2
2.945000E-3	1.144981E-2
2.950000E-3	2.007008E-3
2.955000E-3	1.817822E-2
2.960000E-3	-8.640826E-3
2.965000E-3	-2.066231E-2
2.970000E-3	1.120853E-2
2.975000E-3	2.493680E-3
2.980000E-3	-5.210817E-3
2.985000E-3	2.610207E-2
2.990000E-3	1.330191E-2
2.995000E-3	-9.896576E-3
3.000000E-3	2.617747E-2
3.005000E-3	3.466475E-2
3.010000E-3	5.903125E-3
3.015000E-3	2.336848E-2
3.020000E-3	3.458798E-2
3.025000E-3	6.188273E-3
3.030000E-3	2.693832E-2
3.035000E-3	3.792751E-2
3.040000E-3	-1.410663E-3
3.045000E-3	-1.205575E-2
3.050000E-3	1.153481E-2
3.055000E-3	7.678449E-3
3.060000E-3	1.441234E-2
3.065000E-3	3.630161E-2
3.070000E-3	1.555568E-2
3.075000E-3	9.006858E-4
3.080000E-3	1.855797E-2
3.085000E-3	1.245743E-2
3.090000E-3	-4.936635E-3
3.095000E-3	1.308119E-2
3.100000E-3	3.002971E-2
3.105000E-3	2.837503E-2
3.110000E-3	1.683611E-2
3.115000E-3	3.391623E-3
3.120000E-3	7.944405E-3
3.125000E-3	1.261371E-2
3.130000E-3	8.910894E-5
3.135000E-3	5.072355E-5
3.140000E-3	1.303732E-2
3.145000E-3	1.725835E-2
3.150000E-3	2.516025E-2
3.155000E-3	3.272080E-2
3.160000E-3	1.670450E-2
3.165000E-3	7.420719E-3
3.170000E-3	1.775050E-2
3.175000E-3	1.260549E-2
3.180000E-3	4.677534E-3
3.185000E-3	1.130998E-2
3.190000E-3	7.352173E-3
3.195000E-3	-1.276314E-3
3.200000E-3	1.048881E-2
3.205000E-3	2.187693E-2
3.210000E-3	2.360016E-2
3.215000E-3	2.473390E-2
3.220000E-3	9.128869E-3
3.225000E-3	-8.387208E-3
3.230000E-3	2.144098E-3
3.235000E-3	9.642959E-3
3.240000E-3	-3.738463E-3
3.245000E-3	7.881343E-3
3.250000E-3	2.266932E-2
3.255000E-3	7.265806E-3
3.260000E-3	-1.949430E-3
3.265000E-3	9.138465E-3
3.270000E-3	3.975630E-3
3.275000E-3	3.865957E-3
3.280000E-3	2.413756E-2
3.285000E-3	2.826810E-2
3.290000E-3	2.284068E-2
3.295000E-3	2.991319E-2
3.300000E-3	2.335203E-2
3.305000E-3	6.033361E-3
3.310000E-3	1.621234E-2
3.315000E-3	3.230268E-2
3.320000E-3	2.539742E-2
3.325000E-3	2.163565E-2
3.330000E-3	2.171105E-2
3.335000E-3	9.446919E-3
3.340000E-3	-1.963139E-3
3.345000E-3	-7.402897E-4
3.350000E-3	-3.641129E-3
3.355000E-3	-4.680276E-3
3.360000E-3	3.656209E-3
3.365000E-3	-1.250267E-3
3.370000E-3	-5.006552E-3
3.375000E-3	7.659256E-3
3.380000E-3	1.303595E-2
3.385000E-3	7.692158E-3
3.390000E-3	1.732552E-2
3.395000E-3	3.070009E-2
3.400000E-3	3.039026E-2
3.405000E-3	3.385043E-2
3.410000E-3	3.522819E-2
3.415000E-3	2.513146E-2
3.420000E-3	1.851273E-2
3.425000E-3	1.869643E-2
3.430000E-3	1.500595E-2
3.435000E-3	1.189262E-2
3.440000E-3	1.904601E-2
3.445000E-3	1.868820E-2
3.450000E-3	4.440367E-3
3.455000E-3	6.018281E-4
3.460000E-3	5.428791E-4
3.465000E-3	-7.666111E-3
3.470000E-3	-9.368777E-3
3.475000E-3	-1.009399E-2
3.480000E-3	-1.329368E-2
3.485000E-3	-3.586292E-3
3.490000E-3	1.669627E-2
3.495000E-3	2.634335E-2
3.500000E-3	2.748257E-2
3.505000E-3	3.032035E-2
3.510000E-3	2.118188E-2
3.515000E-3	1.338416E-2
3.520000E-3	2.047038E-2
3.525000E-3	2.715081E-2
3.530000E-3	2.643108E-2
3.535000E-3	2.058417E-2
3.540000E-3	1.900488E-2
3.545000E-3	1.263291E-2
3.550000E-3	3.050268E-3
3.555000E-3	-1.597106E-3
3.560000E-3	-1.168013E-3
3.565000E-3	-2.581418E-3
3.570000E-3	-3.277838E-3
3.575000E-3	-3.325820E-3
3.580000E-3	-3.290176E-3
3.585000E-3	3.006399E-3
3.590000E-3	1.647693E-2
3.595000E-3	2.282971E-2
3.600000E-3	1.924616E-2
3.605000E-3	1.873481E-2
3.610000E-3	2.187967E-2
3.615000E-3	2.047861E-2
3.620000E-3	2.037990E-2
3.625000E-3	2.546048E-2
3.630000E-3	2.658874E-2
3.635000E-3	2.308470E-2
3.640000E-3	2.078706E-2
3.645000E-3	1.822621E-2
3.650000E-3	1.096863E-2
3.655000E-3	2.829552E-3
3.660000E-3	-5.262911E-3
3.665000E-3	-6.148517E-3
3.670000E-3	3.303885E-3
3.675000E-3	5.946994E-3
3.680000E-3	1.837015E-3
3.685000E-3	9.054840E-3
3.690000E-3	1.878005E-2
3.695000E-3	1.532948E-2
3.700000E-3	1.583946E-2
3.705000E-3	2.159178E-2
3.710000E-3	1.855385E-2
3.715000E-3	1.845789E-2
3.720000E-3	2.576071E-2
3.725000E-3	2.327251E-2
3.730000E-3	1.942986E-2
3.735000E-3	1.949841E-2
3.740000E-3	1.467282E-2
3.745000E-3	1.055461E-2
3.750000E-3	1.245332E-2
3.755000E-3	6.244481E-3
3.760000E-3	-4.798174E-4
3.765000E-3	1.035035E-3
3.770000E-3	-1.247525E-3
3.775000E-3	-1.089871E-3
3.780000E-3	7.232904E-3
3.785000E-3	5.852401E-3
3.790000E-3	-1.614928E-3
3.795000E-3	5.345166E-3
3.800000E-3	1.178706E-2
3.805000E-3	1.040655E-2
3.810000E-3	1.692933E-2
3.815000E-3	2.459681E-2
3.820000E-3	1.903778E-2
3.825000E-3	1.627266E-2
3.830000E-3	2.005088E-2
3.835000E-3	1.669765E-2
3.840000E-3	1.909673E-2
3.845000E-3	2.720565E-2
3.850000E-3	2.253222E-2
3.855000E-3	1.001996E-2
3.860000E-3	1.154441E-2
3.865000E-3	1.089323E-2
3.870000E-3	4.939377E-3
3.875000E-3	1.098645E-2
3.880000E-3	1.140183E-2
3.885000E-3	4.284084E-3
3.890000E-3	6.716073E-3
3.895000E-3	1.295644E-2
3.900000E-3	9.919882E-3
3.905000E-3	9.645700E-3
3.910000E-3	1.070678E-2
3.915000E-3	6.888807E-3
3.920000E-3	9.453773E-3
3.925000E-3	1.410526E-2
3.930000E-3	1.256025E-2
3.935000E-3	1.567084E-2
3.940000E-3	1.851273E-2
3.945000E-3	1.402438E-2
3.950000E-3	1.008028E-2
3.955000E-3	1.030922E-2
3.960000E-3	1.051211E-2
3.965000E-3	1.262468E-2
3.970000E-3	1.719666E-2
3.975000E-3	2.162331E-2
3.980000E-3	2.617747E-2
3.985000E-3	3.132385E-2
3.990000E-3	3.317457E-2
3.995000E-3	2.946764E-2
4.000000E-3	2.195370E-2
4.005000E-3	1.461798E-2
4.010000E-3	4.507542E-3
4.015000E-3	-3.517747E-3
4.020000E-3	-6.223917E-4
4.025000E-3	4.460931E-3
4.030000E-3	2.606094E-3
4.035000E-3	4.215539E-3
4.040000E-3	9.943187E-3
4.045000E-3	1.139772E-2
4.050000E-3	1.209551E-2
4.055000E-3	1.381052E-2
4.060000E-3	1.181996E-2
4.065000E-3	7.125974E-3
4.070000E-3	3.682256E-3
4.075000E-3	1.642346E-3
4.080000E-3	2.970755E-3
4.085000E-3	8.331001E-3
4.090000E-3	1.262468E-2
4.095000E-3	1.472628E-2
4.100000E-3	1.616025E-2
4.105000E-3	1.687449E-2
4.110000E-3	1.582301E-2
4.115000E-3	1.375020E-2
4.120000E-3	1.226550E-2
4.125000E-3	1.503199E-2
4.130000E-3	1.754349E-2
4.135000E-3	1.735157E-2
4.140000E-3	1.729262E-2
4.145000E-3	1.851684E-2
4.150000E-3	2.045941E-2
4.155000E-3	1.881570E-2
4.160000E-3	1.584905E-2
4.165000E-3	1.210237E-2
4.170000E-3	1.133192E-2
4.175000E-3	1.181859E-2
4.180000E-3	1.150739E-2
4.185000E-3	9.316683E-3
4.190000E-3	3.966033E-3
4.195000E-3	-3.043413E-4
4.200000E-3	-2.796650E-4
4.205000E-3	3.320336E-3
4.210000E-3	8.884847E-3
4.215000E-3	1.423001E-2
4.220000E-3	1.813573E-2
4.225000E-3	2.316695E-2
4.230000E-3	2.687114E-2
4.235000E-3	2.590054E-2
4.240000E-3	2.347267E-2
4.245000E-3	2.214700E-2
4.250000E-3	1.905698E-2
4.255000E-3	1.416147E-2
4.260000E-3	9.261847E-3
4.265000E-3	4.628181E-3
4.270000E-3	2.937853E-3
4.275000E-3	3.432751E-3
4.280000E-3	3.233969E-3
4.285000E-3	5.549431E-3
4.290000E-3	9.065807E-3
4.295000E-3	1.011729E-2
4.300000E-3	1.055324E-2
4.305000E-3	1.484966E-2
4.310000E-3	1.927632E-2
4.315000E-3	2.084053E-2
4.320000E-3	2.274334E-2
4.325000E-3	2.308470E-2
4.330000E-3	1.869780E-2
4.335000E-3	1.493877E-2
4.340000E-3	1.252186E-2
4.345000E-3	6.295204E-3
4.350000E-3	1.421630E-3
4.355000E-3	2.909064E-3
4.360000E-3	3.949583E-3
4.365000E-3	5.051792E-3
4.370000E-3	7.666111E-3
4.375000E-3	6.444633E-3
4.380000E-3	3.534198E-3
4.385000E-3	5.718052E-3
4.390000E-3	8.524299E-3
4.395000E-3	1.013511E-2
4.400000E-3	1.661402E-2
4.405000E-3	2.370572E-2
4.410000E-3	2.486140E-2
4.415000E-3	2.328897E-2
4.420000E-3	2.126962E-2
4.425000E-3	1.799178E-2
4.430000E-3	1.802742E-2
4.435000E-3	2.157122E-2
4.440000E-3	2.312857E-2
4.445000E-3	2.174532E-2
4.450000E-3	1.957244E-2
4.455000E-3	1.494426E-2
4.460000E-3	7.984161E-3
4.465000E-3	4.297793E-3
4.470000E-3	3.148973E-3
4.475000E-3	2.044022E-3
4.480000E-3	4.375935E-3
4.485000E-3	1.013511E-2
4.490000E-3	1.321965E-2
4.495000E-3	1.313466E-2
4.500000E-3	1.212430E-2
4.505000E-3	8.708000E-3
4.510000E-3	6.330848E-3
4.515000E-3	9.770453E-3
4.520000E-3	1.427251E-2
4.525000E-3	1.713359E-2
4.530000E-3	2.127099E-2
4.535000E-3	2.249384E-2
4.540000E-3	1.841950E-2
4.545000E-3	1.422453E-2
4.550000E-3	1.059437E-2
4.555000E-3	5.080581E-3
4.560000E-3	2.320945E-3
4.565000E-3	4.433513E-3
4.570000E-3	9.100080E-3
4.575000E-3	1.177472E-2
4.580000E-3	1.596695E-2
4.585000E-3	2.044845E-2
4.590000E-3	1.374745E-2
4.595000E-3	1.275903E-2
4.600000E-3	1.698142E-2
4.605000E-3	1.270419E-2
4.610000E-3	1.074380E-2
4.615000E-3	1.955736E-2
4.620000E-3	2.470922E-2
4.625000E-3	1.188713E-2
4.630000E-3	8.965731E-3
4.635000E-3	1.206398E-2
4.640000E-3	6.977916E-4
4.645000E-3	-2.904952E-3
4.650000E-3	8.551717E-3
4.655000E-3	6.591320E-3
4.660000E-3	5.520642E-3
4.665000E-3	1.553786E-2
4.670000E-3	1.465362E-2
4.675000E-3	8.248746E-3
4.680000E-3	1.317853E-2
4.685000E-3	1.256847E-2
4.690000E-3	8.697033E-3
4.695000E-3	1.319909E-2
4.700000E-3	1.556116E-2
4.705000E-3	1.500595E-2
4.710000E-3	1.744890E-2
4.715000E-3	1.951349E-2
4.720000E-3	1.416147E-2
4.725000E-3	1.174593E-2
4.730000E-3	1.203656E-2
4.735000E-3	1.050937E-2
4.740000E-3	1.049018E-2
4.745000E-3	1.365697E-2
4.750000E-3	1.436710E-2
4.755000E-3	1.249170E-2
4.760000E-3	1.262605E-2
4.765000E-3	1.530617E-2
4.770000E-3	1.376253E-2
4.775000E-3	1.275218E-2
4.780000E-3	1.428348E-2
4.785000E-3	1.325941E-2
4.790000E-3	1.287830E-2
4.795000E-3	1.403397E-2
4.800000E-3	1.281661E-2
4.805000E-3	1.207221E-2
4.810000E-3	1.277548E-2
4.815000E-3	1.083839E-2
4.820000E-3	6.775022E-3
4.825000E-3	6.462455E-3
4.830000E-3	6.399393E-3
4.835000E-3	7.379591E-3
4.840000E-3	1.034760E-2
4.845000E-3	1.176924E-2
4.850000E-3	1.557487E-2
4.855000E-3	1.816452E-2
4.860000E-3	1.716650E-2
4.865000E-3	1.735020E-2
4.870000E-3	1.732004E-2
4.875000E-3	1.605606E-2
4.880000E-3	1.724738E-2
4.885000E-3	1.796848E-2
4.890000E-3	1.599848E-2
4.895000E-3	1.557350E-2
4.900000E-3	1.603687E-2
4.905000E-3	1.322514E-2
4.910000E-3	1.072049E-2
4.915000E-3	1.029551E-2
4.920000E-3	8.119881E-3
4.925000E-3	8.672357E-3
4.930000E-3	1.138812E-2
4.935000E-3	8.883476E-3
4.940000E-3	8.812189E-3
4.945000E-3	9.929478E-3
4.950000E-3	8.969843E-3
4.955000E-3	7.013559E-3
4.960000E-3	8.299470E-3
4.965000E-3	9.777308E-3
4.970000E-3	1.119071E-2
4.975000E-3	1.353085E-2
4.980000E-3	1.488942E-2
4.985000E-3	1.475096E-2
4.990000E-3	1.705408E-2
4.995000E-3	1.827008E-2
5.000000E-3	1.792324E-2
5.005000E-3	1.833177E-2
5.010000E-3	2.055401E-2
5.015000E-3	1.990008E-2
5.020000E-3	1.858401E-2
5.025000E-3	1.760930E-2
5.030000E-3	1.302773E-2
5.035000E-3	8.808076E-3
5.040000E-3	7.202744E-3
5.045000E-3	6.969690E-3
5.050000E-3	5.379438E-3
5.055000E-3	4.001677E-3
5.060000E-3	2.497792E-3
5.065000E-3	2.939224E-3
5.070000E-3	6.299317E-3
5.075000E-3	1.110023E-2
5.080000E-3	1.457137E-2
5.085000E-3	1.640975E-2
5.090000E-3	1.483321E-2
5.095000E-3	1.248074E-2
5.100000E-3	1.220793E-2
5.105000E-3	1.066840E-2
5.110000E-3	1.175141E-2
5.115000E-3	1.599848E-2
5.120000E-3	1.724601E-2
5.125000E-3	1.625210E-2
5.130000E-3	1.537335E-2
5.135000E-3	1.340061E-2
5.140000E-3	1.059437E-2
5.145000E-3	1.136619E-2
5.150000E-3	1.107007E-2
5.155000E-3	8.843720E-3
5.160000E-3	8.357048E-3
5.165000E-3	8.038998E-3
5.170000E-3	6.999850E-3
5.175000E-3	9.134352E-3
5.180000E-3	1.267129E-2
5.185000E-3	1.439178E-2
5.190000E-3	1.629734E-2
5.195000E-3	1.910633E-2
5.200000E-3	1.967525E-2
5.205000E-3	2.024281E-2
5.210000E-3	2.138615E-2
5.215000E-3	2.158904E-2
5.220000E-3	2.110785E-2
5.225000E-3	1.893085E-2
5.230000E-3	1.465088E-2
5.235000E-3	1.151836E-2
5.240000E-3	9.799242E-3
5.245000E-3	6.392539E-3
5.250000E-3	3.737092E-3
5.255000E-3	3.188729E-3
5.260000E-3	2.714396E-3
5.265000E-3	3.578067E-3
5.270000E-3	5.671442E-3
5.275000E-3	5.343795E-3
5.280000E-3	6.465197E-3
5.285000E-3	1.108241E-2
5.290000E-3	1.412171E-2
5.295000E-3	1.592994E-2
5.300000E-3	1.836467E-2
5.305000E-3	1.880199E-2
5.310000E-3	1.732689E-2
5.315000E-3	1.895005E-2
5.320000E-3	2.063078E-2
5.325000E-3	1.976573E-2
5.330000E-3	1.972735E-2
5.335000E-3	1.881158E-2
5.340000E-3	1.464266E-2
5.345000E-3	1.209277E-2
5.350000E-3	1.023108E-2
5.355000E-3	6.089568E-3
5.360000E-3	4.496574E-3
5.365000E-3	5.319118E-3
5.370000E-3	4.608989E-3
5.375000E-3	5.447984E-3
5.380000E-3	9.322166E-3
5.385000E-3	1.026124E-2
5.390000E-3	1.038325E-2
5.395000E-3	1.158690E-2
5.400000E-3	1.024616E-2
5.405000E-3	9.116530E-3
5.410000E-3	1.246703E-2
5.415000E-3	1.598203E-2
5.420000E-3	1.874441E-2
5.425000E-3	2.294213E-2
5.430000E-3	2.438980E-2
5.435000E-3	2.148896E-2
5.440000E-3	1.896787E-2
5.445000E-3	1.645362E-2
5.450000E-3	1.267678E-2
5.455000E-3	1.313055E-2
5.460000E-3	1.411349E-2
5.465000E-3	1.162940E-2
5.470000E-3	1.026261E-2
5.475000E-3	9.693682E-3
5.480000E-3	7.017672E-3
5.485000E-3	4.677534E-3
5.490000E-3	5.160093E-3
5.495000E-3	5.620718E-3
5.500000E-3	7.219195E-3
5.505000E-3	1.114273E-2
5.510000E-3	1.491272E-2
5.515000E-3	1.759696E-2
5.520000E-3	1.838523E-2
5.525000E-3	1.751059E-2
5.530000E-3	1.491272E-2
5.535000E-3	1.152247E-2
5.540000E-3	9.581268E-3
5.545000E-3	1.016665E-2
5.550000E-3	1.180488E-2
5.555000E-3	1.403123E-2
5.560000E-3	1.540899E-2
5.565000E-3	1.470435E-2
5.570000E-3	1.282346E-2
5.575000E-3	1.191181E-2
5.580000E-3	1.207083E-2
5.585000E-3	1.188987E-2
5.590000E-3	1.234090E-2
5.595000E-3	1.362270E-2
5.600000E-3	1.380640E-2
5.605000E-3	1.330191E-2
5.610000E-3	1.279193E-2
5.615000E-3	1.172400E-2
5.620000E-3	1.022422E-2
5.625000E-3	9.430468E-3
5.630000E-3	9.486675E-3
5.635000E-3	1.024204E-2
5.640000E-3	1.228195E-2
5.645000E-3	1.334578E-2
5.650000E-3	1.225728E-2
5.655000E-3	1.142514E-2
5.660000E-3	1.128668E-2
5.665000E-3	1.055735E-2
5.670000E-3	1.065606E-2
5.675000E-3	1.194471E-2
5.680000E-3	1.245332E-2
5.685000E-3	1.238889E-2
5.690000E-3	1.213390E-2
5.695000E-3	1.172400E-2
5.700000E-3	1.090693E-2
5.705000E-3	1.144296E-2
5.710000E-3	1.318127E-2
5.715000E-3	1.522666E-2
5.720000E-3	1.743245E-2
5.725000E-3	1.834273E-2
5.730000E-3	1.802057E-2
5.735000E-3	1.761889E-2
5.740000E-3	1.800686E-2
5.745000E-3	1.738310E-2
5.750000E-3	1.576817E-2
5.755000E-3	1.458371E-2
5.760000E-3	1.343077E-2
5.765000E-3	1.289612E-2
5.770000E-3	1.345545E-2
5.775000E-3	1.427114E-2
5.780000E-3	1.470846E-2
5.785000E-3	1.450419E-2
5.790000E-3	1.320869E-2
5.795000E-3	1.141554E-2
5.800000E-3	1.083291E-2
5.805000E-3	1.051486E-2
5.810000E-3	1.039970E-2
5.815000E-3	1.066703E-2
5.820000E-3	9.982944E-3
5.825000E-3	8.246005E-3
5.830000E-3	6.858647E-3
5.835000E-3	6.496727E-3
5.840000E-3	6.514549E-3
5.845000E-3	8.014321E-3
5.850000E-3	9.925365E-3
5.855000E-3	1.155949E-2
5.860000E-3	1.354593E-2
5.865000E-3	1.578325E-2
5.870000E-3	1.669490E-2
5.875000E-3	1.726246E-2
5.880000E-3	1.820976E-2
5.885000E-3	1.842636E-2
5.890000E-3	1.789445E-2
5.895000E-3	1.696497E-2
5.900000E-3	1.490861E-2
5.905000E-3	1.254106E-2
5.910000E-3	1.053953E-2
5.915000E-3	9.037018E-3
5.920000E-3	7.833362E-3
5.925000E-3	7.574260E-3
5.930000E-3	7.768929E-3
5.935000E-3	7.714093E-3
5.940000E-3	7.722318E-3
5.945000E-3	8.808076E-3
5.950000E-3	1.055735E-2
5.955000E-3	1.241767E-2
5.960000E-3	1.374882E-2
5.965000E-3	1.410252E-2
5.970000E-3	1.429856E-2
5.975000E-3	1.419437E-2
5.980000E-3	1.352400E-2
5.985000E-3	1.323611E-2
5.990000E-3	1.395446E-2
5.995000E-3	1.486748E-2
6.000000E-3	1.557761E-2
6.005000E-3	1.556939E-2
6.010000E-3	1.494563E-2
6.015000E-3	1.426566E-2
6.020000E-3	1.407236E-2
6.025000E-3	1.418614E-2
6.030000E-3	1.488942E-2
6.035000E-3	1.570785E-2
6.040000E-3	1.571882E-2
6.045000E-3	1.472080E-2
6.050000E-3	1.306611E-2
6.055000E-3	1.085758E-2
6.060000E-3	8.873880E-3
6.065000E-3	7.875860E-3
6.070000E-3	7.904649E-3
6.075000E-3	9.086370E-3
6.080000E-3	1.084524E-2
6.085000E-3	1.227373E-2
6.090000E-3	1.287556E-2
6.095000E-3	1.293862E-2
6.100000E-3	1.239574E-2
6.105000E-3	1.131272E-2
6.110000E-3	1.100153E-2
6.115000E-3	1.109749E-2
6.120000E-3	1.071227E-2
6.125000E-3	1.041067E-2
6.130000E-3	1.058340E-2
6.135000E-3	1.076710E-2
6.140000E-3	1.090145E-2
6.145000E-3	1.162803E-2
6.150000E-3	1.210374E-2
6.155000E-3	1.192003E-2
6.160000E-3	1.207632E-2
6.165000E-3	1.271516E-2
6.170000E-3	1.320046E-2
6.175000E-3	1.348150E-2
6.180000E-3	1.325941E-2
6.185000E-3	1.286870E-2
6.190000E-3	1.307434E-2
6.195000E-3	1.384616E-2
6.200000E-3	1.406139E-2
6.205000E-3	1.355827E-2
6.210000E-3	1.230115E-2
6.215000E-3	1.061904E-2
6.220000E-3	9.371519E-3
6.225000E-3	9.640217E-3
6.230000E-3	1.040244E-2
6.235000E-3	1.042849E-2
6.240000E-3	1.031744E-2
6.245000E-3	9.688199E-3
6.250000E-3	8.794367E-3
6.255000E-3	8.979440E-3
6.260000E-3	9.867787E-3
6.265000E-3	1.098508E-2
6.270000E-3	1.238477E-2
6.275000E-3	1.341844E-2
6.280000E-3	1.413679E-2
6.285000E-3	1.515400E-2
6.290000E-3	1.654959E-2
6.295000E-3	1.774639E-2
6.300000E-3	1.855797E-2
6.305000E-3	1.858127E-2
6.310000E-3	1.803702E-2
6.315000E-3	1.707739E-2
6.320000E-3	1.613832E-2
6.325000E-3	1.510191E-2
6.330000E-3	1.400793E-2
6.335000E-3	1.267266E-2
6.340000E-3	1.076710E-2
6.345000E-3	8.703887E-3
6.350000E-3	6.983399E-3
6.355000E-3	6.365120E-3
6.360000E-3	6.903887E-3
6.365000E-3	8.084238E-3
6.370000E-3	9.834886E-3
6.375000E-3	1.183504E-2
6.380000E-3	1.361996E-2
6.385000E-3	1.459467E-2
6.390000E-3	1.577365E-2
6.395000E-3	1.685941E-2
6.400000E-3	1.750511E-2
6.405000E-3	1.823032E-2
6.410000E-3	1.919407E-2
6.415000E-3	1.973283E-2
6.420000E-3	1.928866E-2
6.425000E-3	1.806718E-2
6.430000E-3	1.601768E-2
6.435000E-3	1.366520E-2
6.440000E-3	1.155949E-2
6.445000E-3	9.721100E-3
6.450000E-3	8.635342E-3
6.455000E-3	8.192539E-3
6.460000E-3	8.292615E-3
6.465000E-3	8.906782E-3
6.470000E-3	9.679973E-3
6.475000E-3	1.060122E-2
6.480000E-3	1.141417E-2
6.485000E-3	1.195019E-2
6.490000E-3	1.187342E-2
6.495000E-3	1.171714E-2
6.500000E-3	1.153755E-2
6.505000E-3	1.181448E-2
6.510000E-3	1.262331E-2
6.515000E-3	1.374745E-2
6.520000E-3	1.490724E-2
6.525000E-3	1.559544E-2
6.530000E-3	1.572156E-2
6.535000E-3	1.542819E-2
6.540000E-3	1.503336E-2
6.545000E-3	1.417106E-2
6.550000E-3	1.300853E-2
6.555000E-3	1.152933E-2
6.560000E-3	1.034349E-2
6.565000E-3	9.418130E-3
6.570000E-3	8.941054E-3
6.575000E-3	8.806705E-3
6.580000E-3	9.259105E-3
6.585000E-3	1.049703E-2
6.590000E-3	1.154441E-2
6.595000E-3	1.204342E-2
6.600000E-3	1.269323E-2
6.605000E-3	1.358843E-2
6.610000E-3	1.435888E-2
6.615000E-3	1.515400E-2
6.620000E-3	1.589566E-2
6.625000E-3	1.620412E-2
6.630000E-3	1.622057E-2
6.635000E-3	1.626855E-2
6.640000E-3	1.561052E-2
6.645000E-3	1.455218E-2
6.650000E-3	1.340610E-2
6.655000E-3	1.217777E-2
6.660000E-3	1.078218E-2
6.665000E-3	9.536028E-3
6.670000E-3	8.544862E-3
6.675000E-3	7.901907E-3
6.680000E-3	7.866263E-3
6.685000E-3	8.350194E-3
6.690000E-3	9.021938E-3
6.695000E-3	9.718359E-3
6.700000E-3	1.013649E-2
6.705000E-3	1.065469E-2
6.710000E-3	1.138812E-2
6.715000E-3	1.231623E-2
6.720000E-3	1.322103E-2
6.725000E-3	1.425332E-2
6.730000E-3	1.501554E-2
6.735000E-3	1.521569E-2
6.740000E-3	1.494151E-2
6.745000E-3	1.442057E-2
6.750000E-3	1.412171E-2
6.755000E-3	1.411760E-2
6.760000E-3	1.411486E-2
6.765000E-3	1.392430E-2
6.770000E-3	1.316756E-2
6.775000E-3	1.205164E-2
6.780000E-3	1.091242E-2
6.785000E-3	1.030785E-2
6.790000E-3	1.013100E-2
6.795000E-3	1.066291E-2
6.800000E-3	1.147723E-2
6.805000E-3	1.208729E-2
6.810000E-3	1.252323E-2
6.815000E-3	1.267129E-2
6.820000E-3	1.280153E-2
6.825000E-3	1.267678E-2
6.830000E-3	1.235461E-2
6.835000E-3	1.151425E-2
6.840000E-3	1.062042E-2
6.845000E-3	9.848595E-3
6.850000E-3	9.477079E-3
6.855000E-3	9.460628E-3
6.860000E-3	1.013100E-2
6.865000E-3	1.152521E-2
6.870000E-3	1.305652E-2
6.875000E-3	1.423138E-2
6.880000E-3	1.557213E-2
6.885000E-3	1.649201E-2
6.890000E-3	1.716650E-2
6.895000E-3	1.767099E-2
6.900000E-3	1.742560E-2
6.905000E-3	1.661813E-2
6.910000E-3	1.557076E-2
6.915000E-3	1.399010E-2
6.920000E-3	1.222438E-2
6.925000E-3	1.082057E-2
6.930000E-3	9.811580E-3
6.935000E-3	9.172738E-3
6.940000E-3	8.962989E-3
6.945000E-3	8.964360E-3
6.950000E-3	8.686066E-3
6.955000E-3	8.776546E-3
6.960000E-3	8.936942E-3
6.965000E-3	9.748518E-3
6.970000E-3	1.085484E-2
6.975000E-3	1.263154E-2
6.980000E-3	1.412308E-2
6.985000E-3	1.506490E-2
6.990000E-3	1.530892E-2
6.995000E-3	1.488394E-2
7.000000E-3	1.395309E-2
7.005000E-3	1.319635E-2
7.010000E-3	1.225591E-2
7.015000E-3	1.116467E-2
7.020000E-3	1.031470E-2
7.025000E-3	9.754002E-3
7.030000E-3	9.499013E-3
7.035000E-3	9.398937E-3
7.040000E-3	9.627879E-3
7.045000E-3	1.016116E-2
7.050000E-3	1.135796E-2
7.055000E-3	1.289064E-2
7.060000E-3	1.425469E-2
7.065000E-3	1.532125E-2
7.070000E-3	1.575994E-2
7.075000E-3	1.552826E-2
7.080000E-3	1.537061E-2
7.085000E-3	1.503748E-2
7.090000E-3	1.452750E-2
7.095000E-3	1.387769E-2
7.100000E-3	1.302224E-2
7.105000E-3	1.194334E-2
7.110000E-3	1.083976E-2
7.115000E-3	9.780049E-3
7.120000E-3	9.393454E-3
7.125000E-3	9.594977E-3
7.130000E-3	1.028180E-2
7.135000E-3	1.136482E-2
7.140000E-3	1.289201E-2
7.145000E-3	1.445484E-2
7.150000E-3	1.567632E-2
7.155000E-3	1.649612E-2
7.160000E-3	1.689917E-2
7.165000E-3	1.732141E-2
7.170000E-3	1.783276E-2
7.175000E-3	1.804250E-2
7.180000E-3	1.765865E-2
7.185000E-3	1.683336E-2
7.190000E-3	1.574486E-2
7.195000E-3	1.455629E-2
7.200000E-3	1.350480E-2
7.205000E-3	1.303184E-2
7.210000E-3	1.225591E-2
7.215000E-3	1.179802E-2
7.220000E-3	1.143748E-2
7.225000E-3	1.095080E-2
7.230000E-3	1.051486E-2
7.235000E-3	1.053131E-2
7.240000E-3	1.036817E-2
7.245000E-3	9.973347E-3
7.250000E-3	9.810209E-3
7.255000E-3	9.697795E-3
7.260000E-3	9.640217E-3
7.265000E-3	1.029140E-2
7.270000E-3	1.115096E-2
7.275000E-3	1.223123E-2
7.280000E-3	1.290435E-2
7.285000E-3	1.311409E-2
7.290000E-3	1.249307E-2
7.295000E-3	1.153618E-2
7.300000E-3	1.078492E-2
7.305000E-3	1.011044E-2
7.310000E-3	1.007205E-2
7.315000E-3	1.017898E-2
7.320000E-3	1.022971E-2
7.325000E-3	1.013511E-2
7.330000E-3	9.981573E-3
7.335000E-3	1.004738E-2
7.340000E-3	1.039284E-2
7.345000E-3	1.104814E-2
7.350000E-3	1.151973E-2
7.355000E-3	1.170892E-2
7.360000E-3	1.202422E-2
7.365000E-3	1.234090E-2
7.370000E-3	1.292628E-2
7.375000E-3	1.346779E-2
7.380000E-3	1.367480E-2
7.385000E-3	1.361996E-2
7.390000E-3	1.336771E-2
7.395000E-3	1.284540E-2
7.400000E-3	1.266170E-2
7.405000E-3	1.265758E-2
7.410000E-3	1.280016E-2
7.415000E-3	1.283169E-2
7.420000E-3	1.279330E-2
7.425000E-3	1.259315E-2
7.430000E-3	1.232719E-2
7.435000E-3	1.235873E-2
7.440000E-3	1.244783E-2
7.445000E-3	1.286185E-2
7.450000E-3	1.373923E-2
7.455000E-3	1.497990E-2
7.460000E-3	1.588607E-2
7.465000E-3	1.655233E-2
7.470000E-3	1.668531E-2
7.475000E-3	1.649886E-2
7.480000E-3	1.568729E-2
7.485000E-3	1.498950E-2
7.490000E-3	1.399970E-2
7.495000E-3	1.329917E-2
7.500000E-3	1.266855E-2
7.505000E-3	1.194471E-2
7.510000E-3	1.093709E-2
7.515000E-3	9.856820E-3
7.520000E-3	9.047985E-3
7.525000E-3	8.675098E-3
7.530000E-3	8.916378E-3
7.535000E-3	9.264588E-3
7.540000E-3	9.715617E-3
7.545000E-3	9.796500E-3
7.550000E-3	1.000488E-2
7.555000E-3	1.018310E-2
7.560000E-3	1.046687E-2
7.565000E-3	1.108927E-2
7.570000E-3	1.183778E-2
7.575000E-3	1.249033E-2
7.580000E-3	1.331562E-2
7.585000E-3	1.408744E-2
7.590000E-3	1.490176E-2
7.595000E-3	1.565713E-2
7.600000E-3	1.611090E-2
7.605000E-3	1.592034E-2
7.610000E-3	1.519787E-2
7.615000E-3	1.398873E-2
7.620000E-3	1.234365E-2
7.625000E-3	1.072460E-2
7.630000E-3	9.659410E-3
7.635000E-3	9.352326E-3
7.640000E-3	9.551108E-3
7.645000E-3	1.003504E-2
7.650000E-3	1.055735E-2
7.655000E-3	1.092339E-2
7.660000E-3	1.127571E-2
7.665000E-3	1.172400E-2
7.670000E-3	1.236421E-2
7.675000E-3	1.307297E-2
7.680000E-3	1.389277E-2
7.685000E-3	1.454121E-2
7.690000E-3	1.501828E-2
7.695000E-3	1.511425E-2
7.700000E-3	1.496756E-2
7.705000E-3	1.451790E-2
7.710000E-3	1.401615E-2
7.715000E-3	1.360762E-2
7.720000E-3	1.341158E-2
7.725000E-3	1.333755E-2
7.730000E-3	1.333892E-2
7.735000E-3	1.351988E-2
7.740000E-3	1.383108E-2
7.745000E-3	1.399148E-2
7.750000E-3	1.423001E-2
7.755000E-3	1.416010E-2
7.760000E-3	1.353085E-2
7.765000E-3	1.283169E-2
7.770000E-3	1.205301E-2
7.775000E-3	1.149917E-2
7.780000E-3	1.118797E-2
7.785000E-3	1.125652E-2
7.790000E-3	1.155949E-2
7.795000E-3	1.212156E-2
7.800000E-3	1.253557E-2
7.805000E-3	1.289612E-2
7.810000E-3	1.306611E-2
7.815000E-3	1.293862E-2
7.820000E-3	1.232171E-2
7.825000E-3	1.179802E-2
7.830000E-3	1.124281E-2
7.835000E-3	1.100975E-2
7.840000E-3	1.080412E-2
7.845000E-3	1.086581E-2
7.850000E-3	1.089323E-2
7.855000E-3	1.072049E-2
7.860000E-3	1.070404E-2
7.865000E-3	1.099604E-2
7.870000E-3	1.143473E-2
7.875000E-3	1.193100E-2
7.880000E-3	1.267952E-2
7.885000E-3	1.321691E-2
7.890000E-3	1.329780E-2
7.895000E-3	1.322514E-2
7.900000E-3	1.301539E-2
7.905000E-3	1.273984E-2
7.910000E-3	1.261508E-2
7.915000E-3	1.283580E-2
7.920000E-3	1.310450E-2
7.925000E-3	1.333344E-2
7.930000E-3	1.342255E-2
7.935000E-3	1.323473E-2
7.940000E-3	1.313055E-2
7.945000E-3	1.261920E-2
7.950000E-3	1.239300E-2
7.955000E-3	1.230252E-2
7.960000E-3	1.218325E-2
7.965000E-3	1.202697E-2
7.970000E-3	1.199818E-2
7.975000E-3	1.177198E-2
7.980000E-3	1.161706E-2
7.985000E-3	1.161295E-2
7.990000E-3	1.170069E-2
7.995000E-3	1.198721E-2
8.000000E-3	1.230937E-2
8.005000E-3	1.253557E-2
8.010000E-3	1.250815E-2
8.015000E-3	1.250130E-2
8.020000E-3	1.247936E-2
8.025000E-3	1.248211E-2
8.030000E-3	1.277685E-2
8.035000E-3	1.344860E-2
8.040000E-3	1.382560E-2
8.045000E-3	1.423687E-2
8.050000E-3	1.458919E-2
8.055000E-3	1.464266E-2
8.060000E-3	1.479346E-2
8.065000E-3	1.473999E-2
8.070000E-3	1.431775E-2
8.075000E-3	1.387495E-2
8.080000E-3	1.358294E-2
8.085000E-3	1.345134E-2
8.090000E-3	1.311272E-2
8.095000E-3	1.276588E-2
8.100000E-3	1.237518E-2
8.105000E-3	1.179254E-2
8.110000E-3	1.125103E-2
8.115000E-3	1.085347E-2
8.120000E-3	1.056147E-2
8.125000E-3	1.016939E-2
8.130000E-3	9.848595E-3
8.135000E-3	9.471595E-3
8.140000E-3	9.041131E-3
8.145000E-3	8.636713E-3
8.150000E-3	8.655906E-3
8.155000E-3	9.083629E-3
8.160000E-3	1.007479E-2
8.165000E-3	1.116604E-2
8.170000E-3	1.226687E-2
8.175000E-3	1.331562E-2
8.180000E-3	1.418614E-2
8.185000E-3	1.482636E-2
8.190000E-3	1.553237E-2
8.195000E-3	1.566672E-2
8.200000E-3	1.544464E-2
8.205000E-3	1.501143E-2
8.210000E-3	1.421630E-2
8.215000E-3	1.360214E-2
8.220000E-3	1.287007E-2
8.225000E-3	1.228470E-2
8.230000E-3	1.194608E-2
8.235000E-3	1.164311E-2
8.240000E-3	1.161569E-2
8.245000E-3	1.168424E-2
8.250000E-3	1.192141E-2
8.255000E-3	1.233816E-2
8.260000E-3	1.253420E-2
8.265000E-3	1.276588E-2
8.270000E-3	1.288241E-2
8.275000E-3	1.290846E-2
8.280000E-3	1.293451E-2
8.285000E-3	1.311547E-2
8.290000E-3	1.344448E-2
8.295000E-3	1.383930E-2
8.300000E-3	1.425743E-2
8.305000E-3	1.444936E-2
8.310000E-3	1.430953E-2
8.315000E-3	1.416558E-2
8.320000E-3	1.366246E-2
8.325000E-3	1.315796E-2
8.330000E-3	1.270556E-2
8.335000E-3	1.247388E-2
8.340000E-3	1.238066E-2
8.345000E-3	1.231897E-2
8.350000E-3	1.246840E-2
8.355000E-3	1.240671E-2
8.360000E-3	1.232308E-2
8.365000E-3	1.234776E-2
8.370000E-3	1.222301E-2
8.375000E-3	1.205301E-2
8.380000E-3	1.185834E-2
8.385000E-3	1.135796E-2
8.390000E-3	1.072735E-2
8.395000E-3	1.006109E-2
8.400000E-3	9.449661E-3
8.405000E-3	9.119272E-3
8.410000E-3	9.019196E-3
8.415000E-3	9.054840E-3
8.420000E-3	9.434581E-3
8.425000E-3	9.559333E-3
8.430000E-3	1.000077E-2
8.435000E-3	1.047236E-2
8.440000E-3	1.121539E-2
8.445000E-3	1.187068E-2
8.450000E-3	1.272476E-2
8.455000E-3	1.360077E-2
8.460000E-3	1.424921E-2
8.465000E-3	1.483047E-2
8.470000E-3	1.501554E-2
8.475000E-3	1.492918E-2
8.480000E-3	1.448226E-2
8.485000E-3	1.400107E-2
8.490000E-3	1.351851E-2
8.495000E-3	1.301676E-2
8.500000E-3	1.270419E-2
8.505000E-3	1.241493E-2
8.510000E-3	1.195157E-2
8.515000E-3	1.139224E-2
8.520000E-3	1.105636E-2
8.525000E-3	1.091242E-2
8.530000E-3	1.090145E-2
8.535000E-3	1.134014E-2
8.540000E-3	1.178980E-2
8.545000E-3	1.218736E-2
8.550000E-3	1.253831E-2
8.555000E-3	1.284540E-2
8.560000E-3	1.293451E-2
8.565000E-3	1.303458E-2
8.570000E-3	1.317853E-2
8.575000E-3	1.348835E-2
8.580000E-3	1.379544E-2
8.585000E-3	1.413131E-2
8.590000E-3	1.432598E-2
8.595000E-3	1.438767E-2
8.600000E-3	1.456451E-2
8.605000E-3	1.447541E-2
8.610000E-3	1.416147E-2
8.615000E-3	1.347327E-2
8.620000E-3	1.269186E-2
8.625000E-3	1.173633E-2
8.630000E-3	1.126885E-2
8.635000E-3	1.105773E-2
8.640000E-3	1.100290E-2
8.645000E-3	1.105088E-2
8.650000E-3	1.103854E-2
8.655000E-3	1.102072E-2
8.660000E-3	1.127434E-2
8.665000E-3	1.165134E-2
8.670000E-3	1.222575E-2
8.675000E-3	1.271379E-2
8.680000E-3	1.317441E-2
8.685000E-3	1.361036E-2
8.690000E-3	1.386124E-2
8.695000E-3	1.386809E-2
8.700000E-3	1.359528E-2
8.705000E-3	1.339650E-2
8.710000E-3	1.281524E-2
8.715000E-3	1.197076E-2
8.720000E-3	1.102209E-2
8.725000E-3	1.009536E-2
8.730000E-3	9.281039E-3
8.735000E-3	8.925974E-3
8.740000E-3	9.027421E-3
8.745000E-3	9.349585E-3
8.750000E-3	1.001036E-2
8.755000E-3	1.074928E-2
8.760000E-3	1.156634E-2
8.765000E-3	1.243138E-2
8.770000E-3	1.324981E-2
8.775000E-3	1.392430E-2
8.780000E-3	1.450557E-2
8.785000E-3	1.509094E-2
8.790000E-3	1.520884E-2
8.795000E-3	1.511288E-2
8.800000E-3	1.452065E-2
8.805000E-3	1.388180E-2
8.810000E-3	1.288790E-2
8.815000E-3	1.216817E-2
8.820000E-3	1.129764E-2
8.825000E-3	1.076847E-2
8.830000E-3	1.035994E-2
8.835000E-3	1.051897E-2
8.840000E-3	1.077396E-2
8.845000E-3	1.129901E-2
8.850000E-3	1.180488E-2
8.855000E-3	1.205027E-2
8.860000E-3	1.265347E-2
8.865000E-3	1.313877E-2
8.870000E-3	1.379544E-2
8.875000E-3	1.442468E-2
8.880000E-3	1.484418E-2
8.885000E-3	1.482087E-2
8.890000E-3	1.463169E-2
8.895000E-3	1.414227E-2
8.900000E-3	1.366520E-2
8.905000E-3	1.345408E-2
8.910000E-3	1.312506E-2
8.915000E-3	1.265073E-2
8.920000E-3	1.219010E-2
8.925000E-3	1.178706E-2
8.930000E-3	1.141965E-2
8.935000E-3	1.126611E-2
8.940000E-3	1.151013E-2
8.945000E-3	1.171166E-2
8.950000E-3	1.222438E-2
8.955000E-3	1.250404E-2
8.960000E-3	1.284951E-2
8.965000E-3	1.292491E-2
8.970000E-3	1.297837E-2
8.975000E-3	1.285088E-2
8.980000E-3	1.268637E-2
8.985000E-3	1.245606E-2
8.990000E-3	1.230800E-2
8.995000E-3	1.203519E-2
9.000000E-3	1.191455E-2
9.005000E-3	1.209962E-2
9.010000E-3	1.219010E-2
9.015000E-3	1.255339E-2
9.020000E-3	1.273298E-2
9.025000E-3	1.303458E-2
9.030000E-3	1.277822E-2
9.035000E-3	1.237106E-2
9.040000E-3	1.203656E-2
9.045000E-3	1.163626E-2
9.050000E-3	1.138264E-2
9.055000E-3	1.115644E-2
9.060000E-3	1.099056E-2
9.065000E-3	1.104814E-2
9.070000E-3	1.111257E-2
9.075000E-3	1.128531E-2
9.080000E-3	1.158828E-2
9.085000E-3	1.181585E-2
9.090000E-3	1.210099E-2
9.095000E-3	1.233268E-2
9.100000E-3	1.233268E-2
9.105000E-3	1.241493E-2
9.110000E-3	1.248896E-2
9.115000E-3	1.258355E-2
9.120000E-3	1.259863E-2
9.125000E-3	1.257122E-2
9.130000E-3	1.270831E-2
9.135000E-3	1.259589E-2
9.140000E-3	1.257122E-2
9.145000E-3	1.256847E-2
9.150000E-3	1.262468E-2
9.155000E-3	1.286185E-2
9.160000E-3	1.297426E-2
9.165000E-3	1.298249E-2
9.170000E-3	1.299208E-2
9.175000E-3	1.290846E-2
9.180000E-3	1.285774E-2
9.185000E-3	1.272476E-2
9.190000E-3	1.288652E-2
9.195000E-3	1.300853E-2
9.200000E-3	1.342529E-2
9.205000E-3	1.364326E-2
9.210000E-3	1.358432E-2
9.215000E-3	1.350617E-2
9.220000E-3	1.323336E-2
9.225000E-3	1.284540E-2
9.230000E-3	1.256436E-2
9.235000E-3	1.232719E-2
9.240000E-3	1.216131E-2
9.245000E-3	1.200092E-2
9.250000E-3	1.186246E-2
9.255000E-3	1.170343E-2
9.260000E-3	1.136893E-2
9.265000E-3	1.104814E-2
9.270000E-3	1.094258E-2
9.275000E-3	1.080960E-2
9.280000E-3	1.069856E-2
9.285000E-3	1.085484E-2
9.290000E-3	1.125789E-2
9.295000E-3	1.168150E-2
9.300000E-3	1.209003E-2
9.305000E-3	1.243824E-2
9.310000E-3	1.268089E-2
9.315000E-3	1.302499E-2
9.320000E-3	1.319224E-2
9.325000E-3	1.329780E-2
9.330000E-3	1.320869E-2
9.335000E-3	1.307434E-2
9.340000E-3	1.288927E-2
9.345000E-3	1.273572E-2
9.350000E-3	1.250952E-2
9.355000E-3	1.245880E-2
9.360000E-3	1.245880E-2
9.365000E-3	1.267540E-2
9.370000E-3	1.287144E-2
9.375000E-3	1.334578E-2
9.380000E-3	1.380777E-2
9.385000E-3	1.421082E-2
9.390000E-3	1.457959E-2
9.395000E-3	1.479620E-2
9.400000E-3	1.484418E-2
9.405000E-3	1.464403E-2
9.410000E-3	1.424235E-2
9.415000E-3	1.374334E-2
9.420000E-3	1.287830E-2
9.425000E-3	1.191181E-2
9.430000E-3	1.123047E-2
9.435000E-3	1.062042E-2
9.440000E-3	1.060259E-2
9.445000E-3	1.075476E-2
9.450000E-3	1.118523E-2
9.455000E-3	1.158690E-2
9.460000E-3	1.218051E-2
9.465000E-3	1.261508E-2
9.470000E-3	1.304281E-2
9.475000E-3	1.335537E-2
9.480000E-3	1.372415E-2
9.485000E-3	1.402164E-2
9.490000E-3	1.425058E-2
9.495000E-3	1.449323E-2
9.500000E-3	1.434243E-2
9.505000E-3	1.405865E-2
9.510000E-3	1.372963E-2
9.515000E-3	1.313055E-2
9.520000E-3	1.264387E-2
9.525000E-3	1.227647E-2
9.530000E-3	1.194882E-2
9.535000E-3	1.172537E-2
9.540000E-3	1.149231E-2
9.545000E-3	1.123458E-2
9.550000E-3	1.126748E-2
9.555000E-3	1.128119E-2
9.560000E-3	1.148134E-2
9.565000E-3	1.160473E-2
9.570000E-3	1.180899E-2
9.575000E-3	1.193786E-2
9.580000E-3	1.195157E-2
9.585000E-3	1.203108E-2
9.590000E-3	1.185286E-2
9.595000E-3	1.193649E-2
9.600000E-3	1.186109E-2
9.605000E-3	1.185286E-2
9.610000E-3	1.189399E-2
9.615000E-3	1.195294E-2
9.620000E-3	1.196527E-2
9.625000E-3	1.181310E-2
9.630000E-3	1.199818E-2
9.635000E-3	1.234090E-2
9.640000E-3	1.253694E-2
9.645000E-3	1.257533E-2
9.650000E-3	1.265210E-2
9.655000E-3	1.270145E-2
9.660000E-3	1.277959E-2
9.665000E-3	1.296604E-2
9.670000E-3	1.327175E-2
9.675000E-3	1.360625E-2
9.680000E-3	1.402438E-2
9.685000E-3	1.437670E-2
9.690000E-3	1.441234E-2
9.695000E-3	1.405042E-2
9.700000E-3	1.355004E-2
9.705000E-3	1.286733E-2
9.710000E-3	1.229429E-2
9.715000E-3	1.175004E-2
9.720000E-3	1.160061E-2
9.725000E-3	1.161844E-2
9.730000E-3	1.209003E-2
9.735000E-3	1.237106E-2
9.740000E-3	1.283032E-2
9.745000E-3	1.323748E-2
9.750000E-3	1.372141E-2
9.755000E-3	1.405180E-2
9.760000E-3	1.414227E-2
9.765000E-3	1.401615E-2
9.770000E-3	1.394349E-2
9.775000E-3	1.347190E-2
9.780000E-3	1.303732E-2
9.785000E-3	1.272339E-2
9.790000E-3	1.211333E-2
9.795000E-3	1.159513E-2
9.800000E-3	1.105773E-2
9.805000E-3	1.081508E-2
9.810000E-3	1.037914E-2
9.815000E-3	1.023245E-2
9.820000E-3	1.019543E-2
9.825000E-3	1.021737E-2
9.830000E-3	1.043123E-2
9.835000E-3	1.087952E-2
9.840000E-3	1.133877E-2
9.845000E-3	1.182407E-2
9.850000E-3	1.236558E-2
9.855000E-3	1.268089E-2
9.860000E-3	1.290435E-2
9.865000E-3	1.328272E-2
9.870000E-3	1.328546E-2
9.875000E-3	1.322103E-2
9.880000E-3	1.296604E-2
9.885000E-3	1.273847E-2
9.890000E-3	1.245058E-2
9.895000E-3	1.206535E-2
9.900000E-3	1.181448E-2
9.905000E-3	1.161432E-2
9.910000E-3	1.148134E-2
9.915000E-3	1.115370E-2
9.920000E-3	1.083016E-2
9.925000E-3	1.056695E-2
9.930000E-3	1.068485E-2
9.935000E-3	1.082468E-2
9.940000E-3	1.102483E-2
9.945000E-3	1.144159E-2
9.950000E-3	1.210648E-2
9.955000E-3	1.265895E-2
9.960000E-3	1.333207E-2
9.965000E-3	1.363093E-2
9.970000E-3	1.367891E-2
9.975000E-3	1.352537E-2
9.980000E-3	1.330739E-2
9.985000E-3	1.290160E-2
9.990000E-3	1.255339E-2
9.995000E-3	1.220655E-2
