0.000000E+0	-2.334654E-3
5.000000E-6	-2.429247E-3
1.000000E-5	-2.426505E-3
1.500000E-5	-2.356589E-3
2.000000E-5	-2.197564E-3
2.500000E-5	-2.030313E-3
3.000000E-5	-2.111197E-3
3.500000E-5	-2.124906E-3
4.000000E-5	-2.270222E-3
4.500000E-5	-2.166033E-3
5.000000E-5	-1.997411E-3
5.500000E-5	-2.150953E-3
6.000000E-5	-2.155066E-3
6.500000E-5	-2.155066E-3
7.000000E-5	-2.248287E-3
7.500000E-5	-2.220869E-3
8.000000E-5	-2.049506E-3
8.500000E-5	-2.190709E-3
9.000000E-5	-2.307236E-3
9.500000E-5	-2.238691E-3
1.000000E-4	-2.186596E-3
1.050000E-4	-2.050877E-3
1.100000E-4	-1.987815E-3
1.150000E-4	-2.119422E-3
1.200000E-4	-1.964509E-3
1.250000E-4	-2.109826E-3
1.300000E-4	-2.271593E-3
1.350000E-4	-2.419651E-3
1.400000E-4	-2.296269E-3
1.450000E-4	-2.226353E-3
1.500000E-4	-2.222240E-3
1.550000E-4	-2.249658E-3
1.600000E-4	-2.360702E-3
1.650000E-4	-2.363443E-3
1.700000E-4	-2.303123E-3
1.750000E-4	-2.216756E-3
1.800000E-4	-2.305865E-3
1.850000E-4	-2.196193E-3
1.900000E-4	-1.964509E-3
1.950000E-4	-1.897335E-3
2.000000E-4	-2.023458E-3
2.050000E-4	-1.948059E-3
2.100000E-4	-2.156436E-3
2.150000E-4	-2.137244E-3
2.200000E-4	-1.994669E-3
2.250000E-4	-1.817822E-3
2.300000E-4	-2.015233E-3
2.350000E-4	-2.166033E-3
2.400000E-4	-2.127647E-3
2.450000E-4	-2.133131E-3
2.500000E-4	-2.453923E-3
2.550000E-4	-2.227724E-3
2.600000E-4	-2.167404E-3
2.650000E-4	-2.116680E-3
2.700000E-4	-2.149582E-3
2.750000E-4	-2.270222E-3
2.800000E-4	-2.157807E-3
2.850000E-4	-2.259254E-3
2.900000E-4	-2.177000E-3
2.950000E-4	-2.279818E-3
3.000000E-4	-2.222240E-3
3.050000E-4	-2.105713E-3
3.100000E-4	-2.123535E-3
3.150000E-4	-2.085149E-3
3.200000E-4	-2.072811E-3
3.250000E-4	-2.198935E-3
3.300000E-4	-2.134502E-3
3.350000E-4	-2.119422E-3
3.400000E-4	-2.081037E-3
3.450000E-4	-2.081037E-3
3.500000E-4	-2.153695E-3
3.550000E-4	-2.089262E-3
3.600000E-4	-1.941204E-3
3.650000E-4	-1.986444E-3
3.700000E-4	-2.104342E-3
3.750000E-4	-2.118051E-3
3.800000E-4	-2.181113E-3
3.850000E-4	-2.090633E-3
3.900000E-4	-2.393603E-3
3.950000E-4	-2.301753E-3
4.000000E-4	-2.504647E-3
4.050000E-4	-2.340138E-3
4.100000E-4	-2.294898E-3
4.150000E-4	-2.219498E-3
4.200000E-4	-2.230465E-3
4.250000E-4	-2.057731E-3
4.300000E-4	-2.171516E-3
4.350000E-4	-2.292156E-3
4.400000E-4	-2.316833E-3
4.450000E-4	-2.167404E-3
4.500000E-4	-2.246916E-3
4.550000E-4	-2.267480E-3
4.600000E-4	-2.340138E-3
4.650000E-4	-2.274334E-3
4.700000E-4	-2.303123E-3
4.750000E-4	-2.366185E-3
4.800000E-4	-2.261996E-3
4.850000E-4	-2.227724E-3
4.900000E-4	-2.171516E-3
4.950000E-4	-2.314091E-3
5.000000E-4	-2.222240E-3
5.050000E-4	-2.257884E-3
5.100000E-4	-2.207160E-3
5.150000E-4	-2.102971E-3
5.200000E-4	-2.296269E-3
5.250000E-4	-2.240062E-3
5.300000E-4	-2.326429E-3
5.350000E-4	-2.342880E-3
5.400000E-4	-2.155066E-3
5.450000E-4	-2.135873E-3
5.500000E-4	-2.046764E-3
5.550000E-4	-2.142727E-3
5.600000E-4	-2.085149E-3
5.650000E-4	-2.198935E-3
5.700000E-4	-2.201676E-3
5.750000E-4	-2.412796E-3
5.800000E-4	-2.537549E-3
5.850000E-4	-2.340138E-3
5.900000E-4	-2.274334E-3
5.950000E-4	-2.312720E-3
6.000000E-4	-2.363443E-3
6.050000E-4	-2.290785E-3
6.100000E-4	-2.196193E-3
6.150000E-4	-2.183855E-3
6.200000E-4	-2.108455E-3
6.250000E-4	-2.145469E-3
6.300000E-4	-2.150953E-3
6.350000E-4	-2.113938E-3
6.400000E-4	-2.135873E-3
6.450000E-4	-2.204418E-3
6.500000E-4	-2.359331E-3
6.550000E-4	-2.315462E-3
6.600000E-4	-2.299011E-3
6.650000E-4	-2.382636E-3
6.700000E-4	-2.272964E-3
6.750000E-4	-2.155066E-3
6.800000E-4	-2.192080E-3
6.850000E-4	-2.260625E-3
6.900000E-4	-2.342880E-3
6.950000E-4	-2.218127E-3
7.000000E-4	-2.150953E-3
7.050000E-4	-2.305865E-3
7.100000E-4	-2.301753E-3
7.150000E-4	-2.161920E-3
7.200000E-4	-2.108455E-3
7.250000E-4	-2.252400E-3
7.300000E-4	-2.182484E-3
7.350000E-4	-2.133131E-3
7.400000E-4	-2.216756E-3
7.450000E-4	-2.255142E-3
7.500000E-4	-2.120793E-3
7.550000E-4	-2.085149E-3
7.600000E-4	-2.303123E-3
7.650000E-4	-2.175629E-3
7.700000E-4	-2.060473E-3
7.750000E-4	-2.207160E-3
7.800000E-4	-2.368927E-3
7.850000E-4	-2.325058E-3
7.900000E-4	-2.256513E-3
7.950000E-4	-2.204418E-3
8.000000E-4	-2.267480E-3
8.050000E-4	-2.453923E-3
8.100000E-4	-2.201676E-3
8.150000E-4	-2.142727E-3
8.200000E-4	-2.311349E-3
8.250000E-4	-2.340138E-3
8.300000E-4	-2.227724E-3
8.350000E-4	-2.142727E-3
8.400000E-4	-2.112567E-3
8.450000E-4	-2.181113E-3
8.500000E-4	-1.968622E-3
8.550000E-4	-2.081037E-3
8.600000E-4	-2.300382E-3
8.650000E-4	-2.319574E-3
8.700000E-4	-2.379894E-3
8.750000E-4	-2.204418E-3
8.800000E-4	-2.155066E-3
8.850000E-4	-2.096117E-3
8.900000E-4	-2.109826E-3
8.950000E-4	-2.118051E-3
9.000000E-4	-2.203047E-3
9.050000E-4	-2.257884E-3
9.100000E-4	-2.308607E-3
9.150000E-4	-2.289414E-3
9.200000E-4	-2.338767E-3
9.250000E-4	-2.166033E-3
9.300000E-4	-2.211273E-3
9.350000E-4	-2.223611E-3
9.400000E-4	-2.241433E-3
9.450000E-4	-2.155066E-3
9.500000E-4	-2.081037E-3
9.550000E-4	-2.237320E-3
9.600000E-4	-2.146840E-3
9.650000E-4	-2.172887E-3
9.700000E-4	-2.323687E-3
9.750000E-4	-2.179742E-3
9.800000E-4	-2.190709E-3
9.850000E-4	-2.362072E-3
9.900000E-4	-2.451181E-3
9.950000E-4	-2.445698E-3
1.000000E-3	-2.301753E-3
1.005000E-3	-2.290785E-3
1.010000E-3	-2.083778E-3
1.015000E-3	-2.037168E-3
1.020000E-3	-2.211273E-3
1.025000E-3	-2.109826E-3
1.030000E-3	-2.178371E-3
1.035000E-3	-2.320945E-3
1.040000E-3	-2.312720E-3
1.045000E-3	-2.374411E-3
1.050000E-3	-2.281189E-3
1.055000E-3	-2.356589E-3
1.060000E-3	-2.251029E-3
1.065000E-3	-2.083778E-3
1.070000E-3	-2.226353E-3
1.075000E-3	-2.150953E-3
1.080000E-3	-2.028942E-3
1.085000E-3	-2.046764E-3
1.090000E-3	-2.227724E-3
1.095000E-3	-2.290785E-3
1.100000E-3	-2.333283E-3
1.105000E-3	-2.312720E-3
1.110000E-3	-2.234578E-3
1.115000E-3	-2.346992E-3
1.120000E-3	-2.373040E-3
1.125000E-3	-2.334654E-3
1.130000E-3	-2.401829E-3
1.135000E-3	-2.212644E-3
1.140000E-3	-2.315462E-3
1.145000E-3	-2.390862E-3
1.150000E-3	-2.357960E-3
1.155000E-3	-2.174258E-3
1.160000E-3	-2.113938E-3
1.165000E-3	-2.156436E-3
1.170000E-3	-2.279818E-3
1.175000E-3	-2.229095E-3
1.180000E-3	-2.183855E-3
1.185000E-3	-2.098858E-3
1.190000E-3	-2.189338E-3
1.195000E-3	-2.237320E-3
1.200000E-3	-2.224982E-3
1.205000E-3	-2.360702E-3
1.210000E-3	-2.253771E-3
1.215000E-3	-2.322316E-3
1.220000E-3	-2.300382E-3
1.225000E-3	-2.230465E-3
1.230000E-3	-2.241433E-3
1.235000E-3	-2.311349E-3
1.240000E-3	-2.054989E-3
1.245000E-3	-1.972735E-3
1.250000E-3	-2.126276E-3
1.255000E-3	-2.198935E-3
1.260000E-3	-2.231836E-3
1.265000E-3	-2.093375E-3
1.270000E-3	-2.164662E-3
1.275000E-3	-2.160549E-3
1.280000E-3	-2.020717E-3
1.285000E-3	-2.035797E-3
1.290000E-3	-2.113938E-3
1.295000E-3	-2.244174E-3
1.300000E-3	-2.041280E-3
1.305000E-3	-2.100229E-3
1.310000E-3	-2.229095E-3
1.315000E-3	-2.320945E-3
1.320000E-3	-2.229095E-3
1.325000E-3	-2.134502E-3
1.330000E-3	-2.211273E-3
1.335000E-3	-2.118051E-3
1.340000E-3	-2.130389E-3
1.345000E-3	-2.224982E-3
1.350000E-3	-2.282560E-3
1.355000E-3	-2.274334E-3
1.360000E-3	-2.238691E-3
1.365000E-3	-2.192080E-3
1.370000E-3	-2.326429E-3
1.375000E-3	-2.334654E-3
1.380000E-3	-2.384007E-3
1.385000E-3	-2.218127E-3
1.390000E-3	-2.318203E-3
1.395000E-3	-2.223611E-3
1.400000E-3	-2.179742E-3
1.405000E-3	-2.064586E-3
1.410000E-3	-2.187967E-3
1.415000E-3	-2.238691E-3
1.420000E-3	-2.153695E-3
1.425000E-3	-2.102971E-3
1.430000E-3	-2.220869E-3
1.435000E-3	-2.163291E-3
1.440000E-3	-2.255142E-3
1.445000E-3	-2.299011E-3
1.450000E-3	-2.190709E-3
1.455000E-3	-2.349734E-3
1.460000E-3	-2.167404E-3
1.465000E-3	-2.159178E-3
1.470000E-3	-2.219498E-3
1.475000E-3	-2.285302E-3
1.480000E-3	-2.189338E-3
1.485000E-3	-2.340138E-3
1.490000E-3	-2.094746E-3
1.495000E-3	-1.996040E-3
1.500000E-3	-2.034426E-3
1.505000E-3	-2.123535E-3
1.510000E-3	-2.089262E-3
1.515000E-3	-2.286673E-3
1.520000E-3	-2.429247E-3
1.525000E-3	-2.362072E-3
1.530000E-3	-2.272964E-3
1.535000E-3	-2.216756E-3
1.540000E-3	-2.086520E-3
1.545000E-3	-2.061844E-3
1.550000E-3	-2.255142E-3
1.555000E-3	-2.327800E-3
1.560000E-3	-2.356589E-3
1.565000E-3	-2.148211E-3
1.570000E-3	-2.149582E-3
1.575000E-3	-2.119422E-3
1.580000E-3	-2.399087E-3
1.585000E-3	-2.309978E-3
1.590000E-3	-2.325058E-3
1.595000E-3	-2.190709E-3
1.600000E-3	-2.145469E-3
1.605000E-3	-2.215385E-3
1.610000E-3	-2.253771E-3
1.615000E-3	-2.182484E-3
1.620000E-3	-2.120793E-3
1.625000E-3	-2.200305E-3
1.630000E-3	-2.214015E-3
1.635000E-3	-2.048135E-3
1.640000E-3	-2.089262E-3
1.645000E-3	-2.076924E-3
1.650000E-3	-2.164662E-3
1.655000E-3	-2.266109E-3
1.660000E-3	-2.137244E-3
1.665000E-3	-2.200305E-3
1.670000E-3	-2.242804E-3
1.675000E-3	-2.170146E-3
1.680000E-3	-2.019346E-3
1.685000E-3	-2.041280E-3
1.690000E-3	-2.137244E-3
1.695000E-3	-2.231836E-3
1.700000E-3	-2.272964E-3
1.705000E-3	-2.314091E-3
1.710000E-3	-2.362072E-3
1.715000E-3	-2.279818E-3
1.720000E-3	-2.190709E-3
1.725000E-3	-2.166033E-3
1.730000E-3	-2.057731E-3
1.735000E-3	-2.293527E-3
1.740000E-3	-2.304494E-3
1.745000E-3	-2.370298E-3
1.750000E-3	-2.312720E-3
1.755000E-3	-2.331913E-3
1.760000E-3	-2.285302E-3
1.765000E-3	-2.356589E-3
1.770000E-3	-2.381265E-3
1.775000E-3	-2.164662E-3
1.780000E-3	-1.941204E-3
1.785000E-3	-2.092004E-3
1.790000E-3	-2.092004E-3
1.795000E-3	-2.123535E-3
1.800000E-3	-2.183855E-3
1.805000E-3	-2.072811E-3
1.810000E-3	-1.994669E-3
1.815000E-3	-2.245545E-3
1.820000E-3	-2.156436E-3
1.825000E-3	-2.133131E-3
1.830000E-3	-2.342880E-3
1.835000E-3	-2.390862E-3
1.840000E-3	-2.193451E-3
1.845000E-3	-2.161920E-3
1.850000E-3	-2.272964E-3
1.855000E-3	-2.102971E-3
1.860000E-3	-2.207160E-3
1.865000E-3	-2.208531E-3
1.870000E-3	-2.185225E-3
1.875000E-3	-2.078295E-3
1.880000E-3	-2.160549E-3
1.885000E-3	-2.102971E-3
1.890000E-3	-2.126276E-3
1.895000E-3	-2.282560E-3
1.900000E-3	-2.351105E-3
1.905000E-3	-2.252400E-3
1.910000E-3	-2.294898E-3
1.915000E-3	-2.315462E-3
1.920000E-3	-2.255142E-3
1.925000E-3	-2.346992E-3
1.930000E-3	-2.249658E-3
1.935000E-3	-2.050877E-3
1.940000E-3	-2.054989E-3
1.945000E-3	-2.356589E-3
1.950000E-3	-2.331913E-3
1.955000E-3	-2.226353E-3
1.960000E-3	-2.207160E-3
1.965000E-3	-2.418280E-3
1.970000E-3	-2.315462E-3
1.975000E-3	-2.248287E-3
1.980000E-3	-2.146840E-3
1.985000E-3	-2.075553E-3
1.990000E-3	-2.167404E-3
1.995000E-3	-2.131760E-3
2.000000E-3	-2.249658E-3
2.005000E-3	-2.126276E-3
2.010000E-3	-2.227724E-3
2.015000E-3	-2.248287E-3
2.020000E-3	-2.260625E-3
2.025000E-3	-2.342880E-3
2.030000E-3	-2.349734E-3
2.035000E-3	-2.309978E-3
2.040000E-3	-2.226353E-3
2.045000E-3	-2.318203E-3
2.050000E-3	-2.145469E-3
2.055000E-3	-2.054989E-3
2.060000E-3	-2.101600E-3
2.065000E-3	-2.116680E-3
2.070000E-3	-2.373040E-3
2.075000E-3	-2.334654E-3
2.080000E-3	-2.233207E-3
2.085000E-3	-2.183855E-3
2.090000E-3	-2.054989E-3
2.095000E-3	-2.068698E-3
2.100000E-3	-2.189338E-3
2.105000E-3	-2.148211E-3
2.110000E-3	-2.107084E-3
2.115000E-3	-2.081037E-3
2.120000E-3	-2.118051E-3
2.125000E-3	-2.462149E-3
2.130000E-3	-2.629399E-3
2.135000E-3	-2.537549E-3
2.140000E-3	-2.508759E-3
2.145000E-3	-2.588272E-3
2.150000E-3	-2.501905E-3
2.155000E-3	-2.393603E-3
2.160000E-3	-2.453923E-3
2.165000E-3	-2.410054E-3
2.170000E-3	-2.309978E-3
2.175000E-3	-2.031684E-3
2.180000E-3	-2.118051E-3
2.185000E-3	-2.183855E-3
2.190000E-3	-2.178371E-3
2.195000E-3	-2.336025E-3
2.200000E-3	-2.263367E-3
2.205000E-3	-2.179742E-3
2.210000E-3	-1.989186E-3
2.215000E-3	-2.135873E-3
2.220000E-3	-2.166033E-3
2.225000E-3	-2.068698E-3
2.230000E-3	-1.994669E-3
2.235000E-3	-2.015233E-3
2.240000E-3	-2.007008E-3
2.245000E-3	-1.908302E-3
2.250000E-3	-1.957655E-3
2.255000E-3	-1.895964E-3
2.260000E-3	-1.868546E-3
2.265000E-3	-2.033055E-3
2.270000E-3	-2.087891E-3
2.275000E-3	-2.170146E-3
2.280000E-3	-2.316833E-3
2.285000E-3	-2.449811E-3
2.290000E-3	-2.460778E-3
2.295000E-3	-2.739072E-3
2.300000E-3	-2.926886E-3
2.305000E-3	-3.690481E-3
2.310000E-3	-5.213559E-3
2.315000E-3	-8.141816E-3
2.320000E-3	-1.332384E-2
2.325000E-3	-2.007830E-2
2.330000E-3	-2.749491E-2
2.335000E-3	-3.308135E-2
2.340000E-3	-3.394091E-2
2.345000E-3	-2.742910E-2
2.350000E-3	-1.462620E-2
2.355000E-3	2.166033E-3
2.360000E-3	1.973283E-2
2.365000E-3	3.580672E-2
2.370000E-3	4.903597E-2
2.375000E-3	5.867070E-2
2.380000E-3	6.486583E-2
2.385000E-3	6.858510E-2
2.390000E-3	7.069081E-2
2.395000E-3	7.180262E-2
2.400000E-3	7.087725E-2
2.405000E-3	6.665212E-2
2.410000E-3	5.804831E-2
2.415000E-3	4.273802E-2
2.420000E-3	1.887876E-2
2.425000E-3	-1.320457E-2
2.430000E-3	-5.136514E-2
2.435000E-3	-9.254855E-2
2.440000E-3	-1.325023E-1
2.445000E-3	-1.662005E-1
2.450000E-3	-1.904916E-1
2.455000E-3	-2.033987E-1
2.460000E-3	-2.041952E-1
2.465000E-3	-1.933582E-1
2.470000E-3	-1.707259E-1
2.475000E-3	-1.370057E-1
2.480000E-3	-9.384406E-2
2.485000E-3	-4.326445E-2
2.490000E-3	1.127023E-2
2.495000E-3	6.593925E-2
2.500000E-3	1.174086E-1
2.505000E-3	1.628747E-1
2.510000E-3	1.993600E-1
2.515000E-3	2.242790E-1
2.520000E-3	2.372368E-1
2.525000E-3	2.383555E-1
2.530000E-3	2.281107E-1
2.535000E-3	2.077979E-1
2.540000E-3	1.799521E-1
2.545000E-3	1.465445E-1
2.550000E-3	1.089048E-1
2.555000E-3	6.780231E-2
2.560000E-3	2.477366E-2
2.565000E-3	-1.862925E-2
2.570000E-3	-6.113970E-2
2.575000E-3	-1.010098E-1
2.580000E-3	-1.364244E-1
2.585000E-3	-1.656412E-1
2.590000E-3	-1.871219E-1
2.595000E-3	-1.996410E-1
2.600000E-3	-2.022101E-1
2.605000E-3	-1.959396E-1
2.610000E-3	-1.817370E-1
2.615000E-3	-1.612529E-1
2.620000E-3	-1.369275E-1
2.625000E-3	-1.098645E-1
2.630000E-3	-8.173895E-2
2.635000E-3	-5.314183E-2
2.640000E-3	-2.463245E-2
2.645000E-3	3.720641E-3
2.650000E-3	3.083855E-2
2.655000E-3	5.521327E-2
2.660000E-3	7.553285E-2
2.665000E-3	9.104329E-2
2.670000E-3	1.012305E-1
2.675000E-3	1.058011E-1
2.680000E-3	1.051129E-1
2.685000E-3	9.976226E-2
2.690000E-3	9.086370E-2
2.695000E-3	7.951808E-2
2.700000E-3	6.712919E-2
2.705000E-3	5.478692E-2
2.710000E-3	4.359895E-2
2.715000E-3	3.346521E-2
2.720000E-3	2.411151E-2
2.725000E-3	1.591349E-2
2.730000E-3	8.670986E-3
2.735000E-3	2.633512E-3
2.740000E-3	-1.986444E-3
2.745000E-3	-4.854381E-3
2.750000E-3	-5.596042E-3
2.755000E-3	-4.673421E-3
2.760000E-3	-3.318965E-3
2.765000E-3	-2.600610E-3
2.770000E-3	-3.065348E-3
2.775000E-3	-5.442500E-3
2.780000E-3	-9.759486E-3
2.785000E-3	-1.538706E-2
2.790000E-3	-2.113390E-2
2.795000E-3	-2.723581E-2
2.800000E-3	-3.301418E-2
2.805000E-3	-3.818113E-2
2.810000E-3	-4.267770E-2
2.815000E-3	-4.667801E-2
2.820000E-3	-4.991198E-2
2.825000E-3	-5.265105E-2
2.830000E-3	-5.394518E-2
2.835000E-3	-5.357093E-2
2.840000E-3	-5.128151E-2
2.845000E-3	-4.710436E-2
2.850000E-3	-4.157960E-2
2.855000E-3	-3.557366E-2
2.860000E-3	-2.917701E-2
2.865000E-3	-2.191669E-2
2.870000E-3	-1.419848E-2
2.875000E-3	-5.766034E-3
2.880000E-3	2.988577E-3
2.885000E-3	1.174593E-2
2.890000E-3	1.989734E-2
2.895000E-3	2.764159E-2
2.900000E-3	3.467983E-2
2.905000E-3	4.147679E-2
2.910000E-3	4.747999E-2
2.915000E-3	5.309522E-2
2.920000E-3	5.783170E-2
2.925000E-3	6.156468E-2
2.930000E-3	6.319606E-2
2.935000E-3	6.251609E-2
2.940000E-3	5.929309E-2
2.945000E-3	5.345714E-2
2.950000E-3	4.466003E-2
2.955000E-3	3.377503E-2
2.960000E-3	2.109414E-2
2.965000E-3	6.972432E-3
2.970000E-3	-7.093072E-3
2.975000E-3	-2.062666E-2
2.980000E-3	-3.290862E-2
2.985000E-3	-4.391426E-2
2.990000E-3	-5.334473E-2
2.995000E-3	-6.072569E-2
3.000000E-3	-6.585974E-2
3.005000E-3	-6.829721E-2
3.010000E-3	-6.819439E-2
3.015000E-3	-6.560612E-2
3.020000E-3	-6.066126E-2
3.025000E-3	-5.422074E-2
3.030000E-3	-4.670680E-2
3.035000E-3	-3.770268E-2
3.040000E-3	-2.772248E-2
3.045000E-3	-1.687175E-2
3.050000E-3	-5.142272E-3
3.055000E-3	6.754458E-3
3.060000E-3	1.868820E-2
3.065000E-3	2.966642E-2
3.070000E-3	3.872263E-2
3.075000E-3	4.615432E-2
3.080000E-3	5.186141E-2
3.085000E-3	5.544907E-2
3.090000E-3	5.655950E-2
3.095000E-3	5.567664E-2
3.100000E-3	5.234945E-2
3.105000E-3	4.724556E-2
3.110000E-3	4.057336E-2
3.115000E-3	3.187084E-2
3.120000E-3	2.198112E-2
3.125000E-3	1.143336E-2
3.130000E-3	4.880428E-4
3.135000E-3	-1.067662E-2
3.140000E-3	-2.116543E-2
3.145000E-3	-3.026414E-2
3.150000E-3	-3.803033E-2
3.155000E-3	-4.401982E-2
3.160000E-3	-4.765409E-2
3.165000E-3	-4.898798E-2
3.170000E-3	-4.839438E-2
3.175000E-3	-4.600215E-2
3.180000E-3	-4.251319E-2
3.185000E-3	-3.818387E-2
3.190000E-3	-3.324038E-2
3.195000E-3	-2.756894E-2
3.200000E-3	-2.156574E-2
3.205000E-3	-1.532400E-2
3.210000E-3	-9.540141E-3
3.215000E-3	-4.238844E-3
3.220000E-3	2.316833E-4
3.225000E-3	4.325211E-3
3.230000E-3	7.582486E-3
3.235000E-3	1.042849E-2
3.240000E-3	1.332933E-2
3.245000E-3	1.595050E-2
3.250000E-3	1.848942E-2
3.255000E-3	2.076238E-2
3.260000E-3	2.266109E-2
3.265000E-3	2.404708E-2
3.270000E-3	2.490664E-2
3.275000E-3	2.510816E-2
3.280000E-3	2.450496E-2
3.285000E-3	2.326429E-2
3.290000E-3	2.145469E-2
3.295000E-3	1.918173E-2
3.300000E-3	1.673055E-2
3.305000E-3	1.417655E-2
3.310000E-3	1.161432E-2
3.315000E-3	9.100080E-3
3.320000E-3	6.750345E-3
3.325000E-3	4.885912E-3
3.330000E-3	2.988577E-3
3.335000E-3	9.047985E-4
3.340000E-3	-1.380503E-3
3.345000E-3	-4.105866E-3
3.350000E-3	-6.918967E-3
3.355000E-3	-1.007617E-2
3.360000E-3	-1.387495E-2
3.365000E-3	-1.772034E-2
3.370000E-3	-2.132720E-2
3.375000E-3	-2.488059E-2
3.380000E-3	-2.816528E-2
3.385000E-3	-3.127176E-2
3.390000E-3	-3.348714E-2
3.395000E-3	-3.534335E-2
3.400000E-3	-3.672248E-2
3.405000E-3	-3.730100E-2
3.410000E-3	-3.680611E-2
3.415000E-3	-3.541327E-2
3.420000E-3	-3.267008E-2
3.425000E-3	-2.876574E-2
3.430000E-3	-2.404845E-2
3.435000E-3	-1.818508E-2
3.440000E-3	-1.151150E-2
3.445000E-3	-4.561007E-3
3.450000E-3	2.375782E-3
3.455000E-3	9.418130E-3
3.460000E-3	1.628226E-2
3.465000E-3	2.265424E-2
3.470000E-3	2.802956E-2
3.475000E-3	3.266871E-2
3.480000E-3	3.613162E-2
3.485000E-3	3.814000E-2
3.490000E-3	3.871441E-2
3.495000E-3	3.813314E-2
3.500000E-3	3.623170E-2
3.505000E-3	3.336650E-2
3.510000E-3	2.944297E-2
3.515000E-3	2.465439E-2
3.520000E-3	1.917762E-2
3.525000E-3	1.320046E-2
3.530000E-3	6.729782E-3
3.535000E-3	2.193451E-4
3.540000E-3	-6.180048E-3
3.545000E-3	-1.191866E-2
3.550000E-3	-1.664692E-2
3.555000E-3	-2.038264E-2
3.560000E-3	-2.297640E-2
3.565000E-3	-2.442408E-2
3.570000E-3	-2.502179E-2
3.575000E-3	-2.526718E-2
3.580000E-3	-2.445149E-2
3.585000E-3	-2.343154E-2
3.590000E-3	-2.146840E-2
3.595000E-3	-1.813710E-2
3.600000E-3	-1.436710E-2
3.605000E-3	-9.996653E-3
3.610000E-3	-5.803049E-3
3.615000E-3	-2.071440E-3
3.620000E-3	7.649660E-4
3.625000E-3	2.591014E-3
3.630000E-3	3.151715E-3
3.635000E-3	2.538919E-3
3.640000E-3	9.226203E-4
3.645000E-3	-1.126885E-3
3.650000E-3	-3.883779E-3
3.655000E-3	-6.410360E-3
3.660000E-3	-8.927345E-3
3.665000E-3	-1.118112E-2
3.670000E-3	-1.287144E-2
3.675000E-3	-1.406687E-2
3.680000E-3	-1.481813E-2
3.685000E-3	-1.489216E-2
3.690000E-3	-1.431775E-2
3.695000E-3	-1.288927E-2
3.700000E-3	-1.084661E-2
3.705000E-3	-7.949889E-3
3.710000E-3	-4.429400E-3
3.715000E-3	-6.004572E-4
3.720000E-3	3.158569E-3
3.725000E-3	6.949127E-3
3.730000E-3	1.061767E-2
3.735000E-3	1.355964E-2
3.740000E-3	1.542956E-2
3.745000E-3	1.646596E-2
3.750000E-3	1.664829E-2
3.755000E-3	1.594913E-2
3.760000E-3	1.510054E-2
3.765000E-3	1.439452E-2
3.770000E-3	1.356786E-2
3.775000E-3	1.291394E-2
3.780000E-3	1.211333E-2
3.785000E-3	1.086307E-2
3.790000E-3	9.143949E-3
3.795000E-3	7.008076E-3
3.800000E-3	4.386902E-3
3.805000E-3	2.197564E-3
3.810000E-3	-1.699924E-4
3.815000E-3	-2.282560E-3
3.820000E-3	-4.322469E-3
3.825000E-3	-6.395280E-3
3.830000E-3	-8.333743E-3
3.835000E-3	-1.049292E-2
3.840000E-3	-1.273984E-2
3.845000E-3	-1.487434E-2
3.850000E-3	-1.698691E-2
3.855000E-3	-1.877868E-2
3.860000E-3	-2.016193E-2
3.865000E-3	-2.164662E-2
3.870000E-3	-2.213329E-2
3.875000E-3	-2.211684E-2
3.880000E-3	-2.184403E-2
3.885000E-3	-2.066916E-2
3.890000E-3	-1.866901E-2
3.895000E-3	-1.615477E-2
3.900000E-3	-1.321280E-2
3.905000E-3	-9.844482E-3
3.910000E-3	-6.439149E-3
3.915000E-3	-3.015995E-3
3.920000E-3	3.084540E-4
3.925000E-3	3.402591E-3
3.930000E-3	6.524146E-3
3.935000E-3	9.379745E-3
3.940000E-3	1.214623E-2
3.945000E-3	1.447129E-2
3.950000E-3	1.630831E-2
3.955000E-3	1.747769E-2
3.960000E-3	1.786155E-2
3.965000E-3	1.748866E-2
3.970000E-3	1.613969E-2
3.975000E-3	1.424372E-2
3.980000E-3	1.176101E-2
3.985000E-3	9.013712E-3
3.990000E-3	6.374717E-3
3.995000E-3	3.739834E-3
4.000000E-3	1.046002E-3
4.005000E-3	-1.406550E-3
4.010000E-3	-3.868699E-3
4.015000E-3	-6.469309E-3
4.020000E-3	-8.838236E-3
4.025000E-3	-1.080960E-2
4.030000E-3	-1.241082E-2
4.035000E-3	-1.312095E-2
4.040000E-3	-1.350206E-2
4.045000E-3	-1.376390E-2
4.050000E-3	-1.363778E-2
4.055000E-3	-1.359254E-2
4.060000E-3	-1.373786E-2
4.065000E-3	-1.401615E-2
4.070000E-3	-1.441371E-2
4.075000E-3	-1.423138E-2
4.080000E-3	-1.397365E-2
4.085000E-3	-1.327586E-2
4.090000E-3	-1.217228E-2
4.095000E-3	-1.105088E-2
4.100000E-3	-9.666264E-3
4.105000E-3	-8.117139E-3
4.110000E-3	-6.385684E-3
4.115000E-3	-4.476011E-3
4.120000E-3	-2.349734E-3
4.125000E-3	-1.987815E-4
4.130000E-3	2.138615E-3
4.135000E-3	4.197717E-3
4.140000E-3	6.071746E-3
4.145000E-3	7.731915E-3
4.150000E-3	9.276927E-3
4.155000E-3	1.009673E-2
4.160000E-3	1.119071E-2
4.165000E-3	1.173496E-2
4.170000E-3	1.171851E-2
4.175000E-3	1.171029E-2
4.180000E-3	1.150054E-2
4.185000E-3	1.054090E-2
4.190000E-3	9.578526E-3
4.195000E-3	8.932829E-3
4.200000E-3	7.471442E-3
4.205000E-3	5.546689E-3
4.210000E-3	3.835797E-3
4.215000E-3	1.399696E-3
4.220000E-3	-1.015842E-3
4.225000E-3	-3.235340E-3
4.230000E-3	-5.456209E-3
4.235000E-3	-7.709980E-3
4.240000E-3	-9.653926E-3
4.245000E-3	-1.120991E-2
4.250000E-3	-1.275218E-2
4.255000E-3	-1.378858E-2
4.260000E-3	-1.437396E-2
4.265000E-3	-1.497030E-2
4.270000E-3	-1.515812E-2
4.275000E-3	-1.433146E-2
4.280000E-3	-1.323336E-2
4.285000E-3	-1.192689E-2
4.290000E-3	-1.001036E-2
4.295000E-3	-8.463979E-3
4.300000E-3	-6.805182E-3
4.305000E-3	-4.584312E-3
4.310000E-3	-2.902210E-3
4.315000E-3	-1.580656E-3
4.320000E-3	8.225441E-6
4.325000E-3	1.333892E-3
4.330000E-3	2.233207E-3
4.335000E-3	3.232598E-3
4.340000E-3	3.938615E-3
4.345000E-3	3.992081E-3
4.350000E-3	3.998935E-3
4.355000E-3	3.534198E-3
4.360000E-3	3.154457E-3
4.365000E-3	2.870679E-3
4.370000E-3	2.445698E-3
4.375000E-3	1.805484E-3
4.380000E-3	1.465499E-3
4.385000E-3	3.934503E-4
4.390000E-3	-5.003810E-4
4.395000E-3	-1.100838E-3
4.400000E-3	-2.212644E-3
4.405000E-3	-3.106475E-3
4.410000E-3	-3.720641E-3
4.415000E-3	-4.196346E-3
4.420000E-3	-4.696727E-3
4.425000E-3	-5.109370E-3
4.430000E-3	-5.033970E-3
4.435000E-3	-5.253315E-3
4.440000E-3	-5.102515E-3
4.445000E-3	-4.846156E-3
4.450000E-3	-4.592538E-3
4.455000E-3	-4.289567E-3
4.460000E-3	-3.626049E-3
4.465000E-3	-3.074944E-3
4.470000E-3	-2.655447E-3
4.475000E-3	-1.942575E-3
4.480000E-3	-1.582026E-3
4.485000E-3	-1.518965E-3
4.490000E-3	-1.002133E-3
4.495000E-3	-8.581877E-4
4.500000E-3	-1.110435E-3
4.505000E-3	-9.486675E-4
4.510000E-3	-8.869767E-4
4.515000E-3	-5.648136E-4
4.520000E-3	-1.370907E-5
4.525000E-3	3.646612E-4
4.530000E-3	1.507998E-4
4.535000E-3	-4.441738E-4
4.540000E-3	-1.868546E-3
4.545000E-3	-4.670680E-3
4.550000E-3	-8.658648E-3
4.555000E-3	-1.290709E-2
4.560000E-3	-1.695400E-2
4.565000E-3	-1.932979E-2
4.570000E-3	-1.925302E-2
4.575000E-3	-1.531714E-2
4.580000E-3	-8.081496E-3
4.585000E-3	2.023458E-3
4.590000E-3	1.362407E-2
4.595000E-3	2.398264E-2
4.600000E-3	3.126079E-2
4.605000E-3	3.296208E-2
4.610000E-3	2.794594E-2
4.615000E-3	1.750922E-2
4.620000E-3	3.392994E-3
4.625000E-3	-1.144570E-2
4.630000E-3	-2.332735E-2
4.635000E-3	-3.071517E-2
4.640000E-3	-3.318143E-2
4.645000E-3	-3.119224E-2
4.650000E-3	-2.644342E-2
4.655000E-3	-2.030450E-2
4.660000E-3	-1.332796E-2
4.665000E-3	-6.478906E-3
4.670000E-3	3.084540E-4
4.675000E-3	7.006705E-3
4.680000E-3	1.338279E-2
4.685000E-3	1.851684E-2
4.690000E-3	2.219772E-2
4.695000E-3	2.358919E-2
4.700000E-3	2.270496E-2
4.705000E-3	1.986444E-2
4.710000E-3	1.535416E-2
4.715000E-3	9.893835E-3
4.720000E-3	4.024982E-3
4.725000E-3	-1.368165E-3
4.730000E-3	-6.212950E-3
4.735000E-3	-9.685457E-3
4.740000E-3	-1.175278E-2
4.745000E-3	-1.280701E-2
4.750000E-3	-1.317441E-2
4.755000E-3	-1.334441E-2
4.760000E-3	-1.367754E-2
4.765000E-3	-1.493877E-2
4.770000E-3	-1.708835E-2
4.775000E-3	-1.913100E-2
4.780000E-3	-2.015370E-2
4.785000E-3	-2.008790E-2
4.790000E-3	-1.800823E-2
4.795000E-3	-1.395857E-2
4.800000E-3	-8.336484E-3
4.805000E-3	-1.513481E-3
4.810000E-3	5.777001E-3
4.815000E-3	1.278919E-2
4.820000E-3	1.830024E-2
4.825000E-3	2.239102E-2
4.830000E-3	2.426368E-2
4.835000E-3	2.338356E-2
4.840000E-3	2.044022E-2
4.845000E-3	1.582986E-2
4.850000E-3	9.715617E-3
4.855000E-3	2.939224E-3
4.860000E-3	-3.853619E-3
4.865000E-3	-1.037502E-2
4.870000E-3	-1.583672E-2
4.875000E-3	-1.988637E-2
4.880000E-3	-2.302575E-2
4.885000E-3	-2.472979E-2
4.890000E-3	-2.508211E-2
4.895000E-3	-2.484494E-2
4.900000E-3	-2.368790E-2
4.905000E-3	-2.167130E-2
4.910000E-3	-1.929414E-2
4.915000E-3	-1.610130E-2
4.920000E-3	-1.223260E-2
4.925000E-3	-7.789493E-3
4.930000E-3	-3.015995E-3
4.935000E-3	2.127647E-3
4.940000E-3	6.487131E-3
4.945000E-3	9.807467E-3
4.950000E-3	1.251227E-2
4.955000E-3	1.403397E-2
4.960000E-3	1.436847E-2
4.965000E-3	1.420671E-2
4.970000E-3	1.343077E-2
4.975000E-3	1.233405E-2
4.980000E-3	1.130313E-2
4.985000E-3	1.012141E-2
4.990000E-3	8.398175E-3
4.995000E-3	5.994976E-3
5.000000E-3	3.564358E-3
5.005000E-3	9.102821E-4
5.010000E-3	-1.768470E-3
5.015000E-3	-4.066110E-3
5.020000E-3	-6.226659E-3
5.025000E-3	-7.825136E-3
5.030000E-3	-8.517444E-3
5.035000E-3	-8.550346E-3
5.040000E-3	-8.292615E-3
5.045000E-3	-7.408381E-3
5.050000E-3	-6.488502E-3
5.055000E-3	-5.559027E-3
5.060000E-3	-4.072964E-3
5.065000E-3	-2.488196E-3
5.070000E-3	-4.825592E-4
5.075000E-3	1.857579E-3
5.080000E-3	3.654838E-3
5.085000E-3	5.384922E-3
5.090000E-3	5.866110E-3
5.095000E-3	5.509675E-3
5.100000E-3	4.306018E-3
5.105000E-3	1.838386E-3
5.110000E-3	-8.499622E-4
5.115000E-3	-3.661692E-3
5.120000E-3	-6.299317E-3
5.125000E-3	-8.195281E-3
5.130000E-3	-9.596348E-3
5.135000E-3	-1.041615E-2
5.140000E-3	-1.033115E-2
5.145000E-3	-9.667635E-3
5.150000E-3	-8.554459E-3
5.155000E-3	-6.980658E-3
5.160000E-3	-5.003810E-3
5.165000E-3	-3.185987E-3
5.170000E-3	-1.440823E-3
5.175000E-3	-1.878142E-4
5.180000E-3	4.469156E-4
5.185000E-3	5.113482E-4
5.190000E-3	4.290938E-4
5.195000E-3	2.467632E-4
5.200000E-3	6.854534E-6
5.205000E-3	-4.386902E-5
5.210000E-3	5.620718E-5
5.215000E-3	-8.910894E-5
5.220000E-3	2.604723E-5
5.225000E-3	-5.264282E-4
5.230000E-3	-1.435339E-3
5.235000E-3	-2.793908E-3
5.240000E-3	-4.173040E-3
5.245000E-3	-5.539834E-3
5.250000E-3	-6.551564E-3
5.255000E-3	-7.286370E-3
5.260000E-3	-7.496119E-3
5.265000E-3	-7.306933E-3
5.270000E-3	-6.777763E-3
5.275000E-3	-6.925821E-3
5.280000E-3	-6.674945E-3
5.285000E-3	-6.617367E-3
5.290000E-3	-6.554306E-3
5.295000E-3	-6.099164E-3
5.300000E-3	-5.642653E-3
5.305000E-3	-4.876316E-3
5.310000E-3	-4.234731E-3
5.315000E-3	-3.305256E-3
5.320000E-3	-1.968622E-3
5.325000E-3	-5.209446E-4
5.330000E-3	1.055598E-3
5.335000E-3	2.485454E-3
5.340000E-3	3.456056E-3
5.345000E-3	4.151106E-3
5.350000E-3	4.576087E-3
5.355000E-3	4.385531E-3
5.360000E-3	3.868699E-3
5.365000E-3	3.856361E-3
5.370000E-3	3.486216E-3
5.375000E-3	3.380656E-3
5.380000E-3	3.345013E-3
5.385000E-3	3.254533E-3
5.390000E-3	2.777457E-3
5.395000E-3	2.097487E-3
5.400000E-3	9.582639E-4
5.405000E-3	-7.471442E-4
5.410000E-3	-2.272964E-3
5.415000E-3	-3.534198E-3
5.420000E-3	-4.565120E-3
5.425000E-3	-5.083323E-3
5.430000E-3	-4.994214E-3
5.435000E-3	-4.836559E-3
5.440000E-3	-4.672050E-3
5.445000E-3	-4.659712E-3
5.450000E-3	-5.046308E-3
5.455000E-3	-5.441129E-3
5.460000E-3	-5.905867E-3
5.465000E-3	-6.259561E-3
5.470000E-3	-6.400764E-3
5.475000E-3	-6.506324E-3
5.480000E-3	-6.461084E-3
5.485000E-3	-6.073117E-3
5.490000E-3	-5.454838E-3
5.495000E-3	-4.733741E-3
5.500000E-3	-4.038692E-3
5.505000E-3	-3.543794E-3
5.510000E-3	-3.011882E-3
5.515000E-3	-2.475858E-3
5.520000E-3	-2.101600E-3
5.525000E-3	-1.708150E-3
5.530000E-3	-1.250267E-3
5.535000E-3	-7.649660E-4
5.540000E-3	1.124144E-4
5.545000E-3	1.259863E-3
5.550000E-3	2.607465E-3
5.555000E-3	4.145622E-3
5.560000E-3	5.897641E-3
5.565000E-3	7.708609E-3
5.570000E-3	9.614170E-3
5.575000E-3	1.115781E-2
5.580000E-3	1.186383E-2
5.585000E-3	1.175141E-2
5.590000E-3	1.075339E-2
5.595000E-3	8.635342E-3
5.600000E-3	5.628943E-3
5.605000E-3	1.760244E-3
5.610000E-3	-2.873421E-3
5.615000E-3	-7.893682E-3
5.620000E-3	-1.351166E-2
5.625000E-3	-1.932019E-2
5.630000E-3	-2.494913E-2
5.635000E-3	-2.946216E-2
5.640000E-3	-3.329659E-2
5.645000E-3	-3.556681E-2
5.650000E-3	-3.602743E-2
5.655000E-3	-3.448516E-2
5.660000E-3	-3.107297E-2
5.665000E-3	-2.601159E-2
5.670000E-3	-1.974106E-2
5.675000E-3	-1.260823E-2
5.680000E-3	-4.717290E-3
5.685000E-3	3.325820E-3
5.690000E-3	1.151699E-2
5.695000E-3	1.946002E-2
5.700000E-3	2.667373E-2
5.705000E-3	3.261250E-2
5.710000E-3	3.724891E-2
5.715000E-3	3.988791E-2
5.720000E-3	4.041433E-2
5.725000E-3	3.887206E-2
5.730000E-3	3.538859E-2
5.735000E-3	3.061509E-2
5.740000E-3	2.494913E-2
5.745000E-3	1.845926E-2
5.750000E-3	1.111120E-2
5.755000E-3	3.083169E-3
5.760000E-3	-4.861236E-3
5.765000E-3	-1.294136E-2
5.770000E-3	-2.022773E-2
5.775000E-3	-2.628303E-2
5.780000E-3	-3.094000E-2
5.785000E-3	-3.417671E-2
5.790000E-3	-3.610420E-2
5.795000E-3	-3.659773E-2
5.800000E-3	-3.578752E-2
5.805000E-3	-3.343642E-2
5.810000E-3	-2.997625E-2
5.815000E-3	-2.565926E-2
5.820000E-3	-2.088988E-2
5.825000E-3	-1.577091E-2
5.830000E-3	-1.068074E-2
5.835000E-3	-5.568624E-3
5.840000E-3	-6.333590E-4
5.845000E-3	3.711045E-3
5.850000E-3	7.282257E-3
5.855000E-3	1.003367E-2
5.860000E-3	1.174456E-2
5.865000E-3	1.291120E-2
5.870000E-3	1.321828E-2
5.875000E-3	1.294822E-2
5.880000E-3	1.258630E-2
5.885000E-3	1.223809E-2
5.890000E-3	1.169384E-2
5.895000E-3	1.098645E-2
5.900000E-3	1.028317E-2
5.905000E-3	9.398937E-3
5.910000E-3	8.082867E-3
5.915000E-3	6.765425E-3
5.920000E-3	5.548060E-3
5.925000E-3	4.264891E-3
5.930000E-3	3.164053E-3
5.935000E-3	1.828790E-3
5.940000E-3	3.372431E-4
5.945000E-3	-8.280277E-4
5.950000E-3	-2.240062E-3
5.955000E-3	-3.760397E-3
5.960000E-3	-4.981875E-3
5.965000E-3	-5.907238E-3
5.970000E-3	-6.716073E-3
5.975000E-3	-7.330239E-3
5.980000E-3	-7.497489E-3
5.985000E-3	-7.502973E-3
5.990000E-3	-7.378221E-3
5.995000E-3	-7.334352E-3
6.000000E-3	-6.912112E-3
6.005000E-3	-6.757200E-3
6.010000E-3	-6.820261E-3
6.015000E-3	-7.577002E-3
6.020000E-3	-8.658648E-3
6.025000E-3	-1.031196E-2
6.030000E-3	-1.162392E-2
6.035000E-3	-1.248485E-2
6.040000E-3	-1.229703E-2
6.045000E-3	-1.147312E-2
6.050000E-3	-9.902060E-3
6.055000E-3	-8.240521E-3
6.060000E-3	-6.184161E-3
6.065000E-3	-4.303277E-3
6.070000E-3	-2.758265E-3
6.075000E-3	-2.016604E-3
6.080000E-3	-1.986444E-3
6.085000E-3	-1.891851E-3
6.090000E-3	-1.806855E-3
6.095000E-3	-1.688957E-3
6.100000E-3	-1.465499E-3
6.105000E-3	-8.897185E-4
6.110000E-3	-1.686215E-4
6.115000E-3	8.746386E-4
6.120000E-3	1.727343E-3
6.125000E-3	2.811730E-3
6.130000E-3	3.419042E-3
6.135000E-3	3.938615E-3
6.140000E-3	4.344404E-3
6.145000E-3	4.470527E-3
6.150000E-3	4.244328E-3
6.155000E-3	3.979743E-3
6.160000E-3	3.435493E-3
6.165000E-3	3.084540E-3
6.170000E-3	2.771974E-3
6.175000E-3	2.490938E-3
6.180000E-3	1.858950E-3
6.185000E-3	1.263976E-3
6.190000E-3	3.687739E-4
6.195000E-3	-9.664893E-4
6.200000E-3	-2.253771E-3
6.205000E-3	-3.399849E-3
6.210000E-3	-4.179895E-3
6.215000E-3	-4.859865E-3
6.220000E-3	-5.069613E-3
6.225000E-3	-5.227268E-3
6.230000E-3	-5.195737E-3
6.235000E-3	-5.134046E-3
6.240000E-3	-5.194366E-3
6.245000E-3	-5.390406E-3
6.250000E-3	-5.343795E-3
6.255000E-3	-5.239606E-3
6.260000E-3	-5.018890E-3
6.265000E-3	-4.666567E-3
6.270000E-3	-3.923535E-3
6.275000E-3	-3.397107E-3
6.280000E-3	-2.728105E-3
6.285000E-3	-2.242804E-3
6.290000E-3	-1.632750E-3
6.295000E-3	-9.843111E-4
6.300000E-3	-5.771518E-4
6.305000E-3	-3.564358E-4
6.310000E-3	-4.496574E-4
6.315000E-3	-9.226203E-4
6.320000E-3	-1.239300E-3
6.325000E-3	-1.614928E-3
6.330000E-3	-1.968622E-3
6.335000E-3	-2.177000E-3
6.340000E-3	-2.444327E-3
6.345000E-3	-2.346992E-3
6.350000E-3	-2.223611E-3
6.355000E-3	-2.072811E-3
6.360000E-3	-1.912415E-3
6.365000E-3	-1.687586E-3
6.370000E-3	-1.457274E-3
6.375000E-3	-1.124144E-3
6.380000E-3	-7.019043E-4
6.385000E-3	-3.276467E-4
6.390000E-3	-2.207160E-4
6.395000E-3	-1.645088E-4
6.400000E-3	-2.467632E-5
6.405000E-3	5.620718E-5
6.410000E-3	-3.262758E-4
6.415000E-3	-8.527040E-4
6.420000E-3	-1.628637E-3
6.425000E-3	-2.865195E-3
6.430000E-3	-3.904343E-3
6.435000E-3	-4.977763E-3
6.440000E-3	-6.400764E-3
6.445000E-3	-7.369995E-3
6.450000E-3	-8.070529E-3
6.455000E-3	-8.544862E-3
6.460000E-3	-8.729935E-3
6.465000E-3	-8.736789E-3
6.470000E-3	-8.725822E-3
6.475000E-3	-8.485913E-3
6.480000E-3	-7.840216E-3
6.485000E-3	-7.176697E-3
6.490000E-3	-6.099164E-3
6.495000E-3	-4.920185E-3
6.500000E-3	-3.351867E-3
6.505000E-3	-1.645088E-3
6.510000E-3	2.700686E-4
6.515000E-3	2.171516E-3
6.520000E-3	4.267633E-3
6.525000E-3	6.293833E-3
6.530000E-3	8.215845E-3
6.535000E-3	9.678602E-3
6.540000E-3	1.071090E-2
6.545000E-3	1.143473E-2
6.550000E-3	1.155812E-2
6.555000E-3	1.126063E-2
6.560000E-3	1.035720E-2
6.565000E-3	8.983552E-3
6.570000E-3	7.076621E-3
6.575000E-3	4.754305E-3
6.580000E-3	2.818584E-3
6.585000E-3	7.485151E-4
6.590000E-3	-1.732826E-3
6.595000E-3	-3.894746E-3
6.600000E-3	-6.273270E-3
6.605000E-3	-8.350194E-3
6.610000E-3	-1.068211E-2
6.615000E-3	-1.286596E-2
6.620000E-3	-1.469475E-2
6.625000E-3	-1.623291E-2
6.630000E-3	-1.763123E-2
6.635000E-3	-1.850313E-2
6.640000E-3	-1.922011E-2
6.645000E-3	-1.927495E-2
6.650000E-3	-1.867038E-2
6.655000E-3	-1.724052E-2
6.660000E-3	-1.541311E-2
6.665000E-3	-1.310450E-2
6.670000E-3	-1.081783E-2
6.675000E-3	-8.307695E-3
6.680000E-3	-5.652249E-3
6.685000E-3	-3.138006E-3
6.690000E-3	-6.909370E-4
6.695000E-3	1.523077E-3
6.700000E-3	3.712416E-3
6.705000E-3	5.575478E-3
6.710000E-3	7.470071E-3
6.715000E-3	8.990407E-3
6.720000E-3	1.008713E-2
6.725000E-3	1.109612E-2
6.730000E-3	1.201189E-2
6.735000E-3	1.214075E-2
6.740000E-3	1.193786E-2
6.745000E-3	1.184326E-2
6.750000E-3	1.122773E-2
6.755000E-3	1.032293E-2
6.760000E-3	9.371519E-3
6.765000E-3	8.251488E-3
6.770000E-3	7.158875E-3
6.775000E-3	5.841434E-3
6.780000E-3	4.142880E-3
6.785000E-3	2.360702E-3
6.790000E-3	8.650422E-4
6.795000E-3	-9.870529E-4
6.800000E-3	-2.840519E-3
6.805000E-3	-4.492462E-3
6.810000E-3	-6.258190E-3
6.815000E-3	-7.746994E-3
6.820000E-3	-8.924603E-3
6.825000E-3	-9.755373E-3
6.830000E-3	-1.047099E-2
6.835000E-3	-1.097411E-2
6.840000E-3	-1.140594E-2
6.845000E-3	-1.171029E-2
6.850000E-3	-1.158828E-2
6.855000E-3	-1.135111E-2
6.860000E-3	-1.102346E-2
6.865000E-3	-1.058203E-2
6.870000E-3	-9.723842E-3
6.875000E-3	-8.894444E-3
6.880000E-3	-7.881343E-3
6.885000E-3	-6.617367E-3
6.890000E-3	-5.356133E-3
6.895000E-3	-3.945470E-3
6.900000E-3	-2.571821E-3
6.905000E-3	-1.263976E-3
6.910000E-3	-4.510283E-4
6.915000E-3	4.661083E-4
6.920000E-3	1.026809E-3
6.925000E-3	1.385987E-3
6.930000E-3	1.854837E-3
6.935000E-3	2.241433E-3
6.940000E-3	2.595127E-3
6.945000E-3	2.647221E-3
6.950000E-3	2.552629E-3
6.955000E-3	2.503276E-3
6.960000E-3	2.272964E-3
6.965000E-3	1.664281E-3
6.970000E-3	1.350343E-3
6.975000E-3	1.004875E-3
6.980000E-3	7.197261E-4
6.985000E-3	4.784465E-4
6.990000E-3	3.975630E-4
6.995000E-3	4.044175E-4
7.000000E-3	3.660321E-4
7.005000E-3	2.357960E-4
7.010000E-3	-2.878904E-5
7.015000E-3	-1.521707E-4
7.020000E-3	-3.207922E-4
7.025000E-3	-7.320642E-4
7.030000E-3	-8.568168E-4
7.035000E-3	-1.287282E-3
7.040000E-3	-2.139986E-3
7.045000E-3	-2.939224E-3
7.050000E-3	-3.823459E-3
7.055000E-3	-4.593909E-3
7.060000E-3	-5.315006E-3
7.065000E-3	-5.708456E-3
7.070000E-3	-5.627573E-3
7.075000E-3	-4.784465E-3
7.080000E-3	-3.523231E-3
7.085000E-3	-2.134502E-3
7.090000E-3	-6.635189E-4
7.095000E-3	6.539226E-4
7.100000E-3	1.545012E-3
7.105000E-3	2.308607E-3
7.110000E-3	2.534807E-3
7.115000E-3	2.987206E-3
7.120000E-3	3.094137E-3
7.125000E-3	2.915919E-3
7.130000E-3	2.654076E-3
7.135000E-3	2.586901E-3
7.140000E-3	2.260625E-3
7.145000E-3	1.610816E-3
7.150000E-3	6.498098E-4
7.155000E-3	-6.923079E-4
7.160000E-3	-1.787663E-3
7.165000E-3	-2.813101E-3
7.170000E-3	-3.986597E-3
7.175000E-3	-4.931152E-3
7.180000E-3	-5.522013E-3
7.185000E-3	-6.151259E-3
7.190000E-3	-6.658494E-3
7.195000E-3	-6.942272E-3
7.200000E-3	-7.169843E-3
7.205000E-3	-6.991625E-3
7.210000E-3	-6.838083E-3
7.215000E-3	-6.535113E-3
7.220000E-3	-6.334960E-3
7.225000E-3	-6.149888E-3
7.230000E-3	-5.711198E-3
7.235000E-3	-5.498707E-3
7.240000E-3	-5.276620E-3
7.245000E-3	-4.951715E-3
7.250000E-3	-4.499316E-3
7.255000E-3	-3.658950E-3
7.260000E-3	-3.127038E-3
7.265000E-3	-2.759635E-3
7.270000E-3	-2.601981E-3
7.275000E-3	-2.855599E-3
7.280000E-3	-3.462911E-3
7.285000E-3	-4.097641E-3
7.290000E-3	-4.562378E-3
7.295000E-3	-4.928410E-3
7.300000E-3	-5.005181E-3
7.305000E-3	-5.106628E-3
7.310000E-3	-5.005181E-3
7.315000E-3	-5.213559E-3
7.320000E-3	-5.582333E-3
7.325000E-3	-6.079972E-3
7.330000E-3	-6.487131E-3
7.335000E-3	-6.733894E-3
7.340000E-3	-6.521404E-3
7.345000E-3	-5.957961E-3
7.350000E-3	-4.988730E-3
7.355000E-3	-3.912568E-3
7.360000E-3	-2.748668E-3
7.365000E-3	-1.662910E-3
7.370000E-3	-7.951260E-4
7.375000E-3	-2.837777E-4
7.380000E-3	-2.481341E-4
7.385000E-3	-1.453161E-4
7.390000E-3	-6.100535E-4
7.395000E-3	-9.459257E-4
7.400000E-3	-1.247525E-3
7.405000E-3	-1.410663E-3
7.410000E-3	-1.565576E-3
7.415000E-3	-1.647830E-3
7.420000E-3	-1.894593E-3
7.425000E-3	-1.985073E-3
7.430000E-3	-1.732826E-3
7.435000E-3	-1.435339E-3
7.440000E-3	-1.041889E-3
7.445000E-3	-4.633665E-4
7.450000E-3	1.932979E-4
7.455000E-3	8.979440E-4
7.460000E-3	1.573801E-3
7.465000E-3	2.186596E-3
7.470000E-3	2.665043E-3
7.475000E-3	3.176391E-3
7.480000E-3	3.303885E-3
7.485000E-3	3.044784E-3
7.490000E-3	2.729475E-3
7.495000E-3	2.227724E-3
7.500000E-3	1.783550E-3
7.505000E-3	1.333892E-3
7.510000E-3	8.636713E-4
7.515000E-3	4.153848E-4
7.520000E-3	-1.837015E-4
7.525000E-3	-8.814931E-4
7.530000E-3	-1.587510E-3
7.535000E-3	-2.418280E-3
7.540000E-3	-3.017366E-3
7.545000E-3	-3.587663E-3
7.550000E-3	-4.074335E-3
7.555000E-3	-4.323840E-3
7.560000E-3	-4.470527E-3
7.565000E-3	-4.332066E-3
7.570000E-3	-3.907084E-3
7.575000E-3	-3.627419E-3
7.580000E-3	-3.761768E-3
7.585000E-3	-3.674030E-3
7.590000E-3	-3.797412E-3
7.595000E-3	-4.273117E-3
7.600000E-3	-4.449964E-3
7.605000E-3	-4.486978E-3
7.610000E-3	-4.669309E-3
7.615000E-3	-4.380047E-3
7.620000E-3	-4.048288E-3
7.625000E-3	-3.971517E-3
7.630000E-3	-3.804266E-3
7.635000E-3	-3.775477E-3
7.640000E-3	-3.772736E-3
7.645000E-3	-3.734350E-3
7.650000E-3	-3.353238E-3
7.655000E-3	-2.813101E-3
7.660000E-3	-1.802742E-3
7.665000E-3	-1.104951E-3
7.670000E-3	-6.415844E-4
7.675000E-3	-9.596348E-5
7.680000E-3	2.412796E-4
7.685000E-3	3.756285E-4
7.690000E-3	6.415844E-4
7.695000E-3	8.184314E-4
7.700000E-3	9.966493E-4
7.705000E-3	1.004875E-3
7.710000E-3	1.128256E-3
7.715000E-3	1.200914E-3
7.720000E-3	9.747148E-4
7.725000E-3	9.788275E-4
7.730000E-3	1.021326E-3
7.735000E-3	7.485151E-4
7.740000E-3	7.964969E-4
7.745000E-3	8.060932E-4
7.750000E-3	6.785989E-4
7.755000E-3	5.264282E-4
7.760000E-3	4.181266E-4
7.765000E-3	-1.507998E-5
7.770000E-3	-6.155372E-4
7.775000E-3	-1.354456E-3
7.780000E-3	-2.079666E-3
7.785000E-3	-2.560854E-3
7.790000E-3	-2.981722E-3
7.795000E-3	-3.687739E-3
7.800000E-3	-4.288197E-3
7.805000E-3	-5.049050E-3
7.810000E-3	-5.502820E-3
7.815000E-3	-6.014168E-3
7.820000E-3	-6.674945E-3
7.825000E-3	-6.912112E-3
7.830000E-3	-7.121861E-3
7.835000E-3	-7.213712E-3
7.840000E-3	-7.043719E-3
7.845000E-3	-6.762683E-3
7.850000E-3	-6.277382E-3
7.855000E-3	-5.925059E-3
7.860000E-3	-5.576849E-3
7.865000E-3	-5.246460E-3
7.870000E-3	-5.025744E-3
7.875000E-3	-4.695356E-3
7.880000E-3	-4.360855E-3
7.885000E-3	-3.631532E-3
7.890000E-3	-2.710283E-3
7.895000E-3	-1.477838E-3
7.900000E-3	-4.948974E-4
7.905000E-3	3.550649E-4
7.910000E-3	1.066566E-3
7.915000E-3	2.013862E-3
7.920000E-3	2.607465E-3
7.925000E-3	3.358722E-3
7.930000E-3	4.341662E-3
7.935000E-3	4.890025E-3
7.940000E-3	5.500078E-3
7.945000E-3	6.462455E-3
7.950000E-3	6.798327E-3
7.955000E-3	6.901145E-3
7.960000E-3	6.775022E-3
7.965000E-3	6.432295E-3
7.970000E-3	5.877078E-3
7.975000E-3	5.088806E-3
7.980000E-3	4.175782E-3
7.985000E-3	2.987206E-3
7.990000E-3	1.967251E-3
7.995000E-3	8.965731E-4
8.000000E-3	-1.124144E-4
8.005000E-3	-9.130239E-4
8.010000E-3	-1.427114E-3
8.015000E-3	-1.603961E-3
8.020000E-3	-1.969993E-3
8.025000E-3	-2.564967E-3
8.030000E-3	-3.206551E-3
8.035000E-3	-3.901601E-3
8.040000E-3	-4.375935E-3
8.045000E-3	-4.806399E-3
8.050000E-3	-5.506933E-3
8.055000E-3	-6.108761E-3
8.060000E-3	-6.503582E-3
8.065000E-3	-7.179439E-3
8.070000E-3	-7.459104E-3
8.075000E-3	-7.620871E-3
8.080000E-3	-7.587969E-3
8.085000E-3	-7.098556E-3
8.090000E-3	-6.647527E-3
8.095000E-3	-6.236255E-3
8.100000E-3	-5.696118E-3
8.105000E-3	-5.109370E-3
8.110000E-3	-4.622698E-3
8.115000E-3	-3.889263E-3
8.120000E-3	-3.187358E-3
8.125000E-3	-2.706170E-3
8.130000E-3	-2.560854E-3
8.135000E-3	-2.425134E-3
8.140000E-3	-2.207160E-3
8.145000E-3	-1.963139E-3
8.150000E-3	-1.856208E-3
8.155000E-3	-1.730084E-3
8.160000E-3	-1.723230E-3
8.165000E-3	-1.743793E-3
8.170000E-3	-2.041280E-3
8.175000E-3	-1.975477E-3
8.180000E-3	-1.856208E-3
8.185000E-3	-1.535416E-3
8.190000E-3	-1.237929E-3
8.195000E-3	-8.718967E-4
8.200000E-3	-9.555221E-4
8.205000E-3	-1.044631E-3
8.210000E-3	-1.102209E-3
8.215000E-3	-1.603961E-3
8.220000E-3	-1.734197E-3
8.225000E-3	-1.719117E-3
8.230000E-3	-1.348972E-3
8.235000E-3	-1.327038E-3
8.240000E-3	-1.126885E-3
8.245000E-3	-1.412034E-3
8.250000E-3	-1.868546E-3
8.255000E-3	-2.548516E-3
8.260000E-3	-3.217518E-3
8.265000E-3	-3.849506E-3
8.270000E-3	-4.459560E-3
8.275000E-3	-4.966795E-3
8.280000E-3	-5.705714E-3
8.285000E-3	-6.081343E-3
8.290000E-3	-6.470680E-3
8.295000E-3	-7.002592E-3
8.300000E-3	-7.119119E-3
8.305000E-3	-7.142425E-3
8.310000E-3	-6.958723E-3
8.315000E-3	-6.966949E-3
8.320000E-3	-6.525517E-3
8.325000E-3	-6.056666E-3
8.330000E-3	-5.453467E-3
8.335000E-3	-4.647374E-3
8.340000E-3	-4.212797E-3
8.345000E-3	-3.601372E-3
8.350000E-3	-3.003657E-3
8.355000E-3	-2.242804E-3
8.360000E-3	-1.614928E-3
8.365000E-3	-1.106322E-3
8.370000E-3	-4.647374E-4
8.375000E-3	-3.029704E-4
8.380000E-3	-1.795888E-4
8.385000E-3	1.932979E-4
8.390000E-3	2.316833E-4
8.395000E-3	2.878904E-4
8.400000E-3	2.824068E-4
8.405000E-3	1.823306E-4
8.410000E-3	3.550649E-4
8.415000E-3	4.249811E-4
8.420000E-3	4.565120E-4
8.425000E-3	5.798936E-4
8.430000E-3	4.757047E-4
8.435000E-3	5.360246E-4
8.440000E-3	5.497336E-4
8.445000E-3	5.305409E-4
8.450000E-3	5.360246E-4
8.455000E-3	5.702972E-4
8.460000E-3	3.029704E-4
8.465000E-3	2.001524E-4
8.470000E-3	1.535416E-4
8.475000E-3	2.632141E-4
8.480000E-3	3.221631E-4
8.485000E-3	4.455447E-4
8.490000E-3	8.801222E-4
8.495000E-3	8.952022E-4
8.500000E-3	1.121402E-3
8.505000E-3	1.126885E-3
8.510000E-3	8.403659E-4
8.515000E-3	5.936027E-4
8.520000E-3	4.715919E-4
8.525000E-3	7.265806E-5
8.530000E-3	-2.357960E-4
8.535000E-3	-6.621480E-4
8.540000E-3	-1.013100E-3
8.545000E-3	-1.687586E-3
8.550000E-3	-2.218127E-3
8.555000E-3	-2.689719E-3
8.560000E-3	-3.350496E-3
8.565000E-3	-3.823459E-3
8.570000E-3	-4.474640E-3
8.575000E-3	-4.613101E-3
8.580000E-3	-4.710436E-3
8.585000E-3	-4.674792E-3
8.590000E-3	-4.680276E-3
8.595000E-3	-4.770756E-3
8.600000E-3	-4.865348E-3
8.605000E-3	-4.939377E-3
8.610000E-3	-5.101144E-3
8.615000E-3	-5.410969E-3
8.620000E-3	-5.590558E-3
8.625000E-3	-5.469918E-3
8.630000E-3	-5.490482E-3
8.635000E-3	-5.397260E-3
8.640000E-3	-5.032599E-3
8.645000E-3	-5.076468E-3
8.650000E-3	-4.948974E-3
8.655000E-3	-4.776239E-3
8.660000E-3	-5.084693E-3
8.665000E-3	-4.933894E-3
8.670000E-3	-4.713178E-3
8.675000E-3	-4.408836E-3
8.680000E-3	-4.016757E-3
8.685000E-3	-3.889263E-3
8.690000E-3	-3.813863E-3
8.695000E-3	-3.473878E-3
8.700000E-3	-3.375173E-3
8.705000E-3	-3.523231E-3
8.710000E-3	-3.724754E-3
8.715000E-3	-3.643870E-3
8.720000E-3	-3.369689E-3
8.725000E-3	-3.303885E-3
8.730000E-3	-3.162682E-3
8.735000E-3	-2.784312E-3
8.740000E-3	-2.388120E-3
8.745000E-3	-2.189338E-3
8.750000E-3	-1.446307E-3
8.755000E-3	-9.185076E-4
8.760000E-3	-5.044937E-4
8.765000E-3	1.370907E-5
8.770000E-3	4.496574E-4
8.775000E-3	6.840825E-4
8.780000E-3	7.416606E-4
8.785000E-3	7.444024E-4
8.790000E-3	7.128716E-4
8.795000E-3	9.281039E-4
8.800000E-3	1.316071E-3
8.805000E-3	1.295507E-3
8.810000E-3	1.209140E-3
8.815000E-3	1.321554E-3
8.820000E-3	1.291394E-3
8.825000E-3	1.205027E-3
8.830000E-3	1.114547E-3
8.835000E-3	8.705258E-4
8.840000E-3	6.443262E-4
8.845000E-3	6.594062E-4
8.850000E-3	3.578067E-4
8.855000E-3	2.933741E-4
8.860000E-3	2.536178E-4
8.865000E-3	3.454685E-4
8.870000E-3	1.795888E-4
8.875000E-3	4.112720E-6
8.880000E-3	-2.933741E-4
8.885000E-3	-4.619956E-4
8.890000E-3	-7.156134E-4
8.895000E-3	-9.089112E-4
8.900000E-3	-1.192689E-3
8.905000E-3	-1.338005E-3
8.910000E-3	-9.788275E-4
8.915000E-3	-8.650422E-4
8.920000E-3	-7.553697E-4
8.925000E-3	-5.524755E-4
8.930000E-3	-6.936789E-4
8.935000E-3	-6.004572E-4
8.940000E-3	-6.155372E-4
8.945000E-3	-7.841587E-4
8.950000E-3	-5.319118E-4
8.955000E-3	-3.468394E-4
8.960000E-3	-5.003810E-4
8.965000E-3	-4.578829E-4
8.970000E-3	-5.127192E-4
8.975000E-3	-5.031228E-4
8.980000E-3	-6.031990E-4
8.985000E-3	-4.359484E-4
8.990000E-3	-3.125668E-4
8.995000E-3	-1.261234E-4
9.000000E-3	-6.443262E-5
9.005000E-3	-1.631379E-4
9.010000E-3	-6.265044E-4
9.015000E-3	-1.195431E-3
9.020000E-3	-1.649201E-3
9.025000E-3	-2.390862E-3
9.030000E-3	-2.835035E-3
9.035000E-3	-3.239453E-3
9.040000E-3	-3.494442E-3
9.045000E-3	-3.554761E-3
9.050000E-3	-3.512263E-3
9.055000E-3	-3.462911E-3
9.060000E-3	-3.480732E-3
9.065000E-3	-3.487587E-3
9.070000E-3	-3.515005E-3
9.075000E-3	-3.445089E-3
9.080000E-3	-3.616452E-3
9.085000E-3	-3.617823E-3
9.090000E-3	-3.761768E-3
9.095000E-3	-3.728867E-3
9.100000E-3	-3.483474E-3
9.105000E-3	-3.479362E-3
9.110000E-3	-3.632903E-3
9.115000E-3	-3.590405E-3
9.120000E-3	-4.063368E-3
9.125000E-3	-4.155219E-3
9.130000E-3	-4.385531E-3
9.135000E-3	-4.780352E-3
9.140000E-3	-4.821479E-3
9.145000E-3	-4.826963E-3
9.150000E-3	-4.599392E-3
9.155000E-3	-4.219651E-3
9.160000E-3	-4.134655E-3
9.165000E-3	-3.886521E-3
9.170000E-3	-3.486216E-3
9.175000E-3	-3.373802E-3
9.180000E-3	-3.617823E-3
9.185000E-3	-3.617823E-3
9.190000E-3	-3.672659E-3
9.195000E-3	-3.505409E-3
9.200000E-3	-3.155828E-3
9.205000E-3	-2.584159E-3
9.210000E-3	-2.057731E-3
9.215000E-3	-1.734197E-3
9.220000E-3	-1.273572E-3
9.225000E-3	-7.402897E-4
9.230000E-3	-5.675554E-4
9.235000E-3	-7.567406E-4
9.240000E-3	-6.758571E-4
9.245000E-3	-8.801222E-4
9.250000E-3	-1.104951E-3
9.255000E-3	-1.270831E-3
9.260000E-3	-1.183093E-3
9.265000E-3	-1.087129E-3
9.270000E-3	-1.106322E-3
9.275000E-3	-1.305103E-3
9.280000E-3	-1.470983E-3
9.285000E-3	-1.591623E-3
9.290000E-3	-1.971364E-3
9.295000E-3	-2.294898E-3
9.300000E-3	-2.582788E-3
9.305000E-3	-2.707541E-3
9.310000E-3	-2.654076E-3
9.315000E-3	-2.493680E-3
9.320000E-3	-2.001524E-3
9.325000E-3	-1.636863E-3
9.330000E-3	-1.680732E-3
9.335000E-3	-1.469612E-3
9.340000E-3	-1.298249E-3
9.345000E-3	-1.092613E-3
9.350000E-3	-8.828640E-4
9.355000E-3	-8.801222E-4
9.360000E-3	-6.127954E-4
9.365000E-3	-2.591014E-4
9.370000E-3	-3.701448E-5
9.375000E-3	1.274943E-4
9.380000E-3	2.536178E-4
9.385000E-3	2.549887E-4
9.390000E-3	2.604723E-5
9.395000E-3	-1.795888E-4
9.400000E-3	-6.361008E-4
9.405000E-3	-1.174867E-3
9.410000E-3	-1.492918E-3
9.415000E-3	-1.890481E-3
9.420000E-3	-2.278447E-3
9.425000E-3	-2.756894E-3
9.430000E-3	-2.630770E-3
9.435000E-3	-2.762377E-3
9.440000E-3	-3.169537E-3
9.445000E-3	-3.360093E-3
9.450000E-3	-3.580809E-3
9.455000E-3	-3.861845E-3
9.460000E-3	-3.998935E-3
9.465000E-3	-3.913939E-3
9.470000E-3	-3.854990E-3
9.475000E-3	-3.728867E-3
9.480000E-3	-3.428638E-3
9.485000E-3	-3.221631E-3
9.490000E-3	-3.239453E-3
9.495000E-3	-3.360093E-3
9.500000E-3	-3.761768E-3
9.505000E-3	-3.955066E-3
9.510000E-3	-3.993452E-3
9.515000E-3	-4.115462E-3
9.520000E-3	-4.035950E-3
9.525000E-3	-4.041433E-3
9.530000E-3	-4.146993E-3
9.535000E-3	-4.215539E-3
9.540000E-3	-3.989339E-3
9.545000E-3	-3.918052E-3
9.550000E-3	-3.937244E-3
9.555000E-3	-4.015386E-3
9.560000E-3	-4.063368E-3
9.565000E-3	-3.861845E-3
9.570000E-3	-3.892004E-3
9.575000E-3	-3.944099E-3
9.580000E-3	-4.153848E-3
9.585000E-3	-4.211426E-3
9.590000E-3	-4.369080E-3
9.595000E-3	-4.423916E-3
9.600000E-3	-4.295051E-3
9.605000E-3	-4.096270E-3
9.610000E-3	-4.218280E-3
9.615000E-3	-4.064739E-3
9.620000E-3	-3.815234E-3
9.625000E-3	-3.816605E-3
9.630000E-3	-3.594518E-3
9.635000E-3	-3.340900E-3
9.640000E-3	-3.005028E-3
9.645000E-3	-2.870679E-3
9.650000E-3	-2.516985E-3
9.655000E-3	-2.390862E-3
9.660000E-3	-2.447069E-3
9.665000E-3	-2.421021E-3
9.670000E-3	-2.658188E-3
9.675000E-3	-3.062606E-3
9.680000E-3	-3.353238E-3
9.685000E-3	-3.183246E-3
9.690000E-3	-2.840519E-3
9.695000E-3	-2.663672E-3
9.700000E-3	-2.419651E-3
9.705000E-3	-2.193451E-3
9.710000E-3	-2.108455E-3
9.715000E-3	-2.133131E-3
9.720000E-3	-2.234578E-3
9.725000E-3	-2.223611E-3
9.730000E-3	-2.179742E-3
9.735000E-3	-2.260625E-3
9.740000E-3	-2.204418E-3
9.745000E-3	-2.203047E-3
9.750000E-3	-2.326429E-3
9.755000E-3	-2.261996E-3
9.760000E-3	-2.007008E-3
9.765000E-3	-1.772583E-3
9.770000E-3	-1.853466E-3
9.775000E-3	-2.008379E-3
9.780000E-3	-2.079666E-3
9.785000E-3	-1.883626E-3
9.790000E-3	-1.536787E-3
9.795000E-3	-1.305103E-3
9.800000E-3	-1.069307E-3
9.805000E-3	-9.623766E-4
9.810000E-3	-1.062453E-3
9.815000E-3	-1.166642E-3
9.820000E-3	-1.568317E-3
9.825000E-3	-1.782179E-3
9.830000E-3	-2.045393E-3
9.835000E-3	-2.196193E-3
9.840000E-3	-2.356589E-3
9.845000E-3	-2.222240E-3
9.850000E-3	-2.226353E-3
9.855000E-3	-2.057731E-3
9.860000E-3	-2.007008E-3
9.865000E-3	-2.172887E-3
9.870000E-3	-2.166033E-3
9.875000E-3	-2.352476E-3
9.880000E-3	-2.286673E-3
9.885000E-3	-2.481341E-3
9.890000E-3	-2.630770E-3
9.895000E-3	-2.392232E-3
9.900000E-3	-2.516985E-3
9.905000E-3	-2.426505E-3
9.910000E-3	-2.205789E-3
9.915000E-3	-2.126276E-3
9.920000E-3	-2.150953E-3
9.925000E-3	-2.183855E-3
9.930000E-3	-2.183855E-3
9.935000E-3	-2.430618E-3
9.940000E-3	-2.588272E-3
9.945000E-3	-2.670527E-3
9.950000E-3	-2.529323E-3
9.955000E-3	-2.425134E-3
9.960000E-3	-2.183855E-3
9.965000E-3	-2.216756E-3
9.970000E-3	-2.377152E-3
9.975000E-3	-2.559483E-3
9.980000E-3	-2.575934E-3
9.985000E-3	-2.686977E-3
9.990000E-3	-2.766490E-3
9.995000E-3	-2.867937E-3
