0.000000E+0	-2.248973E-2
5.000000E-6	-2.248013E-2
1.000000E-5	-2.264327E-2
1.500000E-5	-2.246505E-2
2.000000E-5	-2.265561E-2
2.500000E-5	-2.265835E-2
3.000000E-5	-2.249247E-2
3.500000E-5	-2.248973E-2
4.000000E-5	-2.237868E-2
4.500000E-5	-2.266520E-2
5.000000E-5	-2.253360E-2
5.500000E-5	-2.253085E-2
6.000000E-5	-2.264327E-2
6.500000E-5	-2.252400E-2
7.000000E-5	-2.265286E-2
7.500000E-5	-2.260900E-2
8.000000E-5	-2.256513E-2
8.500000E-5	-2.239376E-2
9.000000E-5	-2.245408E-2
9.500000E-5	-2.237320E-2
1.000000E-4	-2.262682E-2
1.050000E-4	-2.249932E-2
1.100000E-4	-2.252948E-2
1.150000E-4	-2.248287E-2
1.200000E-4	-2.258843E-2
1.250000E-4	-2.251166E-2
1.300000E-4	-2.259940E-2
1.350000E-4	-2.276117E-2
1.400000E-4	-2.270496E-2
1.450000E-4	-2.255279E-2
1.500000E-4	-2.254182E-2
1.550000E-4	-2.255553E-2
1.600000E-4	-2.260900E-2
1.650000E-4	-2.271593E-2
1.700000E-4	-2.260900E-2
1.750000E-4	-2.273649E-2
1.800000E-4	-2.283520E-2
1.850000E-4	-2.276254E-2
1.900000E-4	-2.273649E-2
1.950000E-4	-2.268440E-2
2.000000E-4	-2.265972E-2
2.050000E-4	-2.264738E-2
2.100000E-4	-2.262956E-2
2.150000E-4	-2.254045E-2
2.200000E-4	-2.258295E-2
2.250000E-4	-2.275842E-2
2.300000E-4	-2.264327E-2
2.350000E-4	-2.261722E-2
2.400000E-4	-2.270907E-2
2.450000E-4	-2.274746E-2
2.500000E-4	-2.260900E-2
2.550000E-4	-2.251440E-2
2.600000E-4	-2.243763E-2
2.650000E-4	-2.237868E-2
2.700000E-4	-2.250892E-2
2.750000E-4	-2.268165E-2
2.800000E-4	-2.272964E-2
2.850000E-4	-2.264327E-2
2.900000E-4	-2.259940E-2
2.950000E-4	-2.267343E-2
3.000000E-4	-2.261585E-2
3.050000E-4	-2.257198E-2
3.100000E-4	-2.259940E-2
3.150000E-4	-2.249384E-2
3.200000E-4	-2.257061E-2
3.250000E-4	-2.254593E-2
3.300000E-4	-2.264190E-2
3.350000E-4	-2.257472E-2
3.400000E-4	-2.259940E-2
3.450000E-4	-2.248836E-2
3.500000E-4	-2.236634E-2
3.550000E-4	-2.253360E-2
3.600000E-4	-2.242666E-2
3.650000E-4	-2.250344E-2
3.700000E-4	-2.257746E-2
3.750000E-4	-2.266657E-2
3.800000E-4	-2.258980E-2
3.850000E-4	-2.250892E-2
3.900000E-4	-2.251303E-2
3.950000E-4	-2.244997E-2
4.000000E-4	-2.264464E-2
4.050000E-4	-2.276254E-2
4.100000E-4	-2.251029E-2
4.150000E-4	-2.257746E-2
4.200000E-4	-2.276391E-2
4.250000E-4	-2.266383E-2
4.300000E-4	-2.268028E-2
4.350000E-4	-2.269673E-2
4.400000E-4	-2.263504E-2
4.450000E-4	-2.259803E-2
4.500000E-4	-2.272689E-2
4.550000E-4	-2.265424E-2
4.600000E-4	-2.271730E-2
4.650000E-4	-2.267069E-2
4.700000E-4	-2.265698E-2
4.750000E-4	-2.245957E-2
4.800000E-4	-2.238142E-2
4.850000E-4	-2.259254E-2
4.900000E-4	-2.269262E-2
4.950000E-4	-2.258843E-2
5.000000E-4	-2.264464E-2
5.050000E-4	-2.276528E-2
5.100000E-4	-2.276391E-2
5.150000E-4	-2.265424E-2
5.200000E-4	-2.250618E-2
5.250000E-4	-2.250755E-2
5.300000E-4	-2.250481E-2
5.350000E-4	-2.261996E-2
5.400000E-4	-2.268577E-2
5.450000E-4	-2.285850E-2
5.500000E-4	-2.289003E-2
5.550000E-4	-2.276665E-2
5.600000E-4	-2.258432E-2
5.650000E-4	-2.271181E-2
5.700000E-4	-2.276254E-2
5.750000E-4	-2.255964E-2
5.800000E-4	-2.258295E-2
5.850000E-4	-2.255827E-2
5.900000E-4	-2.254868E-2
5.950000E-4	-2.270633E-2
6.000000E-4	-2.273238E-2
6.050000E-4	-2.256650E-2
6.100000E-4	-2.261311E-2
6.150000E-4	-2.255553E-2
6.200000E-4	-2.263367E-2
6.250000E-4	-2.280504E-2
6.300000E-4	-2.287495E-2
6.350000E-4	-2.258843E-2
6.400000E-4	-2.280229E-2
6.450000E-4	-2.274883E-2
6.500000E-4	-2.277350E-2
6.550000E-4	-2.275568E-2
6.600000E-4	-2.262270E-2
6.650000E-4	-2.256924E-2
6.700000E-4	-2.255964E-2
6.750000E-4	-2.255690E-2
6.800000E-4	-2.256238E-2
6.850000E-4	-2.281737E-2
6.900000E-4	-2.275431E-2
6.950000E-4	-2.271318E-2
7.000000E-4	-2.268028E-2
7.050000E-4	-2.277488E-2
7.100000E-4	-2.256787E-2
7.150000E-4	-2.234441E-2
7.200000E-4	-2.247190E-2
7.250000E-4	-2.267480E-2
7.300000E-4	-2.259392E-2
7.350000E-4	-2.273238E-2
7.400000E-4	-2.271044E-2
7.450000E-4	-2.270633E-2
7.500000E-4	-2.259529E-2
7.550000E-4	-2.263641E-2
7.600000E-4	-2.267891E-2
7.650000E-4	-2.274609E-2
7.700000E-4	-2.259392E-2
7.750000E-4	-2.260900E-2
7.800000E-4	-2.249384E-2
7.850000E-4	-2.274197E-2
7.900000E-4	-2.281326E-2
7.950000E-4	-2.261859E-2
8.000000E-4	-2.272004E-2
8.050000E-4	-2.260488E-2
8.100000E-4	-2.257061E-2
8.150000E-4	-2.272552E-2
8.200000E-4	-2.271181E-2
8.250000E-4	-2.261585E-2
8.300000E-4	-2.259117E-2
8.350000E-4	-2.277488E-2
8.400000E-4	-2.262408E-2
8.450000E-4	-2.256101E-2
8.500000E-4	-2.262956E-2
8.550000E-4	-2.263641E-2
8.600000E-4	-2.271181E-2
8.650000E-4	-2.263093E-2
8.700000E-4	-2.265012E-2
8.750000E-4	-2.257609E-2
8.800000E-4	-2.246642E-2
8.850000E-4	-2.252126E-2
8.900000E-4	-2.260762E-2
8.950000E-4	-2.252400E-2
9.000000E-4	-2.259803E-2
9.050000E-4	-2.264190E-2
9.100000E-4	-2.278310E-2
9.150000E-4	-2.268577E-2
9.200000E-4	-2.268302E-2
9.250000E-4	-2.266383E-2
9.300000E-4	-2.270770E-2
9.350000E-4	-2.275020E-2
9.400000E-4	-2.264875E-2
9.450000E-4	-2.250755E-2
9.500000E-4	-2.260900E-2
9.550000E-4	-2.254045E-2
9.600000E-4	-2.261448E-2
9.650000E-4	-2.249658E-2
9.700000E-4	-2.246505E-2
9.750000E-4	-2.268440E-2
9.800000E-4	-2.259803E-2
9.850000E-4	-2.272552E-2
9.900000E-4	-2.268851E-2
9.950000E-4	-2.260077E-2
1.000000E-3	-2.260351E-2
1.005000E-3	-2.252400E-2
1.010000E-3	-2.245271E-2
1.015000E-3	-2.253497E-2
1.020000E-3	-2.249795E-2
1.025000E-3	-2.248287E-2
1.030000E-3	-2.245957E-2
1.035000E-3	-2.267891E-2
1.040000E-3	-2.255964E-2
1.045000E-3	-2.261448E-2
1.050000E-3	-2.268714E-2
1.055000E-3	-2.252263E-2
1.060000E-3	-2.260077E-2
1.065000E-3	-2.256101E-2
1.070000E-3	-2.257746E-2
1.075000E-3	-2.265972E-2
1.080000E-3	-2.263230E-2
1.085000E-3	-2.258432E-2
1.090000E-3	-2.269536E-2
1.095000E-3	-2.267617E-2
1.100000E-3	-2.257198E-2
1.105000E-3	-2.260625E-2
1.110000E-3	-2.246779E-2
1.115000E-3	-2.248973E-2
1.120000E-3	-2.252400E-2
1.125000E-3	-2.261174E-2
1.130000E-3	-2.282286E-2
1.135000E-3	-2.261448E-2
1.140000E-3	-2.251303E-2
1.145000E-3	-2.264053E-2
1.150000E-3	-2.254456E-2
1.155000E-3	-2.253634E-2
1.160000E-3	-2.250069E-2
1.165000E-3	-2.258432E-2
1.170000E-3	-2.268851E-2
1.175000E-3	-2.261859E-2
1.180000E-3	-2.283657E-2
1.185000E-3	-2.270633E-2
1.190000E-3	-2.248013E-2
1.195000E-3	-2.258569E-2
1.200000E-3	-2.269262E-2
1.205000E-3	-2.255964E-2
1.210000E-3	-2.275294E-2
1.215000E-3	-2.272689E-2
1.220000E-3	-2.263230E-2
1.225000E-3	-2.259803E-2
1.230000E-3	-2.271318E-2
1.235000E-3	-2.271730E-2
1.240000E-3	-2.261448E-2
1.245000E-3	-2.278036E-2
1.250000E-3	-2.265286E-2
1.255000E-3	-2.266246E-2
1.260000E-3	-2.277488E-2
1.265000E-3	-2.286536E-2
1.270000E-3	-2.274060E-2
1.275000E-3	-2.280641E-2
1.280000E-3	-2.281874E-2
1.285000E-3	-2.269948E-2
1.290000E-3	-2.254593E-2
1.295000E-3	-2.255827E-2
1.300000E-3	-2.240199E-2
1.305000E-3	-2.259803E-2
1.310000E-3	-2.272689E-2
1.315000E-3	-2.273786E-2
1.320000E-3	-2.255553E-2
1.325000E-3	-2.254593E-2
1.330000E-3	-2.267343E-2
1.335000E-3	-2.262956E-2
1.340000E-3	-2.269262E-2
1.345000E-3	-2.257198E-2
1.350000E-3	-2.255416E-2
1.355000E-3	-2.280504E-2
1.360000E-3	-2.281600E-2
1.365000E-3	-2.267754E-2
1.370000E-3	-2.262956E-2
1.375000E-3	-2.260214E-2
1.380000E-3	-2.263093E-2
1.385000E-3	-2.262819E-2
1.390000E-3	-2.258980E-2
1.395000E-3	-2.270085E-2
1.400000E-3	-2.275842E-2
1.405000E-3	-2.272004E-2
1.410000E-3	-2.274609E-2
1.415000E-3	-2.264464E-2
1.420000E-3	-2.274197E-2
1.425000E-3	-2.273786E-2
1.430000E-3	-2.251440E-2
1.435000E-3	-2.249521E-2
1.440000E-3	-2.274746E-2
1.445000E-3	-2.282834E-2
1.450000E-3	-2.269262E-2
1.455000E-3	-2.254730E-2
1.460000E-3	-2.274609E-2
1.465000E-3	-2.267206E-2
1.470000E-3	-2.272415E-2
1.475000E-3	-2.271867E-2
1.480000E-3	-2.267206E-2
1.485000E-3	-2.276939E-2
1.490000E-3	-2.261722E-2
1.495000E-3	-2.266109E-2
1.500000E-3	-2.268577E-2
1.505000E-3	-2.275842E-2
1.510000E-3	-2.297503E-2
1.515000E-3	-2.275842E-2
1.520000E-3	-2.272415E-2
1.525000E-3	-2.272004E-2
1.530000E-3	-2.257609E-2
1.535000E-3	-2.267343E-2
1.540000E-3	-2.277076E-2
1.545000E-3	-2.276802E-2
1.550000E-3	-2.265424E-2
1.555000E-3	-2.272552E-2
1.560000E-3	-2.257198E-2
1.565000E-3	-2.273101E-2
1.570000E-3	-2.269125E-2
1.575000E-3	-2.277076E-2
1.580000E-3	-2.260900E-2
1.585000E-3	-2.261037E-2
1.590000E-3	-2.258569E-2
1.595000E-3	-2.260900E-2
1.600000E-3	-2.284479E-2
1.605000E-3	-2.310389E-2
1.610000E-3	-2.295309E-2
1.615000E-3	-2.292567E-2
1.620000E-3	-2.293253E-2
1.625000E-3	-2.262133E-2
1.630000E-3	-2.240336E-2
1.635000E-3	-2.251303E-2
1.640000E-3	-2.263093E-2
1.645000E-3	-2.263641E-2
1.650000E-3	-2.265561E-2
1.655000E-3	-2.263367E-2
1.660000E-3	-2.280504E-2
1.665000E-3	-2.291197E-2
1.670000E-3	-2.283931E-2
1.675000E-3	-2.281463E-2
1.680000E-3	-2.275842E-2
1.685000E-3	-2.259254E-2
1.690000E-3	-2.272004E-2
1.695000E-3	-2.262682E-2
1.700000E-3	-2.264875E-2
1.705000E-3	-2.281600E-2
1.710000E-3	-2.278721E-2
1.715000E-3	-2.278996E-2
1.720000E-3	-2.285713E-2
1.725000E-3	-2.278858E-2
1.730000E-3	-2.282560E-2
1.735000E-3	-2.282560E-2
1.740000E-3	-2.287358E-2
1.745000E-3	-2.274883E-2
1.750000E-3	-2.260214E-2
1.755000E-3	-2.266109E-2
1.760000E-3	-2.277350E-2
1.765000E-3	-2.269948E-2
1.770000E-3	-2.271181E-2
1.775000E-3	-2.284616E-2
1.780000E-3	-2.272278E-2
1.785000E-3	-2.269262E-2
1.790000E-3	-2.246505E-2
1.795000E-3	-2.252674E-2
1.800000E-3	-2.272141E-2
1.805000E-3	-2.282560E-2
1.810000E-3	-2.272964E-2
1.815000E-3	-2.266246E-2
1.820000E-3	-2.277488E-2
1.825000E-3	-2.273238E-2
1.830000E-3	-2.282423E-2
1.835000E-3	-2.283520E-2
1.840000E-3	-2.292293E-2
1.845000E-3	-2.269536E-2
1.850000E-3	-2.275705E-2
1.855000E-3	-2.272964E-2
1.860000E-3	-2.270496E-2
1.865000E-3	-2.274883E-2
1.870000E-3	-2.264053E-2
1.875000E-3	-2.253908E-2
1.880000E-3	-2.269262E-2
1.885000E-3	-2.265698E-2
1.890000E-3	-2.272689E-2
1.895000E-3	-2.261448E-2
1.900000E-3	-2.248561E-2
1.905000E-3	-2.264738E-2
1.910000E-3	-2.263916E-2
1.915000E-3	-2.267206E-2
1.920000E-3	-2.252948E-2
1.925000E-3	-2.252263E-2
1.930000E-3	-2.268165E-2
1.935000E-3	-2.268577E-2
1.940000E-3	-2.277899E-2
1.945000E-3	-2.269536E-2
1.950000E-3	-2.283108E-2
1.955000E-3	-2.276802E-2
1.960000E-3	-2.278996E-2
1.965000E-3	-2.266520E-2
1.970000E-3	-2.257061E-2
1.975000E-3	-2.275020E-2
1.980000E-3	-2.266383E-2
1.985000E-3	-2.274883E-2
1.990000E-3	-2.276528E-2
1.995000E-3	-2.268851E-2
2.000000E-3	-2.280229E-2
2.005000E-3	-2.276665E-2
2.010000E-3	-2.291471E-2
2.015000E-3	-2.273375E-2
2.020000E-3	-2.269673E-2
2.025000E-3	-2.263916E-2
2.030000E-3	-2.254045E-2
2.035000E-3	-2.262408E-2
2.040000E-3	-2.285439E-2
2.045000E-3	-2.291197E-2
2.050000E-3	-2.280229E-2
2.055000E-3	-2.271044E-2
2.060000E-3	-2.283520E-2
2.065000E-3	-2.268440E-2
2.070000E-3	-2.259940E-2
2.075000E-3	-2.279544E-2
2.080000E-3	-2.274334E-2
2.085000E-3	-2.275705E-2
2.090000E-3	-2.277076E-2
2.095000E-3	-2.287495E-2
2.100000E-3	-2.295446E-2
2.105000E-3	-2.280229E-2
2.110000E-3	-2.285713E-2
2.115000E-3	-2.288043E-2
2.120000E-3	-2.278996E-2
2.125000E-3	-2.275705E-2
2.130000E-3	-2.277762E-2
2.135000E-3	-2.287221E-2
2.140000E-3	-2.284890E-2
2.145000E-3	-2.292156E-2
2.150000E-3	-2.267754E-2
2.155000E-3	-2.256376E-2
2.160000E-3	-2.272141E-2
2.165000E-3	-2.269262E-2
2.170000E-3	-2.280504E-2
2.175000E-3	-2.266383E-2
2.180000E-3	-2.265561E-2
2.185000E-3	-2.275842E-2
2.190000E-3	-2.267891E-2
2.195000E-3	-2.276254E-2
2.200000E-3	-2.279818E-2
2.205000E-3	-2.285165E-2
2.210000E-3	-2.281052E-2
2.215000E-3	-2.283382E-2
2.220000E-3	-2.294213E-2
2.225000E-3	-2.289551E-2
2.230000E-3	-2.283657E-2
2.235000E-3	-2.273375E-2
2.240000E-3	-2.288455E-2
2.245000E-3	-2.283108E-2
2.250000E-3	-2.292293E-2
2.255000E-3	-2.292979E-2
2.260000E-3	-2.285987E-2
2.265000E-3	-2.275431E-2
2.270000E-3	-2.283382E-2
2.275000E-3	-2.282423E-2
2.280000E-3	-2.289689E-2
2.285000E-3	-2.279407E-2
2.290000E-3	-2.289414E-2
2.295000E-3	-2.285028E-2
2.300000E-3	-2.287632E-2
2.305000E-3	-2.288043E-2
2.310000E-3	-2.261585E-2
2.315000E-3	-2.265149E-2
2.320000E-3	-2.274060E-2
2.325000E-3	-2.292842E-2
2.330000E-3	-2.280641E-2
2.335000E-3	-2.273786E-2
2.340000E-3	-2.290648E-2
2.345000E-3	-2.297503E-2
2.350000E-3	-2.283382E-2
2.355000E-3	-2.294075E-2
2.360000E-3	-2.289826E-2
2.365000E-3	-2.266520E-2
2.370000E-3	-2.267343E-2
2.375000E-3	-2.278447E-2
2.380000E-3	-2.268714E-2
2.385000E-3	-2.286810E-2
2.390000E-3	-2.270496E-2
2.395000E-3	-2.288729E-2
2.400000E-3	-2.279681E-2
2.405000E-3	-2.300656E-2
2.410000E-3	-2.273375E-2
2.415000E-3	-2.314776E-2
2.420000E-3	-2.257335E-2
2.425000E-3	-2.319986E-2
2.430000E-3	-2.255142E-2
2.435000E-3	-2.339453E-2
2.440000E-3	-2.214700E-2
2.445000E-3	-2.324098E-2
2.450000E-3	-2.142590E-2
2.455000E-3	-2.294624E-2
2.460000E-3	-9.480232E-2
2.465000E-3	-2.195919E-1
2.470000E-3	-1.471120E-2
2.475000E-3	-1.572156E-1
2.480000E-3	-2.395070E-1
2.485000E-3	2.030176E-2
2.490000E-3	-3.895980E-2
2.495000E-3	-2.089015E-1
2.500000E-3	1.009111E-1
2.505000E-3	5.193543E-2
2.510000E-3	2.802271E-2
2.515000E-3	3.534102E-1
2.520000E-3	4.651144E-1
2.525000E-3	3.075643E-1
2.530000E-3	6.629431E-2
2.535000E-3	1.923273E-1
2.540000E-3	5.750817E-2
2.545000E-3	-2.706074E-1
2.550000E-3	-1.708945E-1
2.555000E-3	-1.082495E-1
2.560000E-3	-2.853611E-1
2.565000E-3	-2.454595E-1
2.570000E-3	-2.027489E-1
2.575000E-3	-1.505859E-1
2.580000E-3	-1.322623E-1
2.585000E-3	-1.782864E-1
2.590000E-3	-1.435737E-1
2.595000E-3	-3.311700E-2
2.600000E-3	-1.705271E-2
2.605000E-3	1.041752E-2
2.610000E-3	2.989125E-2
2.615000E-3	1.364614E-1
2.620000E-3	1.444730E-1
2.625000E-3	1.472943E-1
2.630000E-3	1.112642E-1
2.635000E-3	7.938784E-2
2.640000E-3	1.013128E-1
2.645000E-3	5.666506E-2
2.650000E-3	1.002818E-2
2.655000E-3	-6.323308E-2
2.660000E-3	-7.060993E-2
2.665000E-3	-7.342988E-2
2.670000E-3	-1.270625E-1
2.675000E-3	-2.151967E-1
2.680000E-3	-1.772678E-1
2.685000E-3	-1.315742E-1
2.690000E-3	-1.140512E-1
2.695000E-3	-1.100125E-1
2.700000E-3	-7.572889E-3
2.705000E-3	2.727419E-2
2.710000E-3	3.092766E-3
2.715000E-3	8.680582E-2
2.720000E-3	8.040643E-2
2.725000E-3	-3.057122E-3
2.730000E-3	8.467132E-2
2.735000E-3	8.884162E-2
2.740000E-3	-5.914092E-3
2.745000E-3	-2.450633E-2
2.750000E-3	3.782880E-2
2.755000E-3	-2.733588E-2
2.760000E-3	-8.389676E-2
2.765000E-3	-2.501905E-2
2.770000E-3	-4.489172E-2
2.775000E-3	-9.135997E-2
2.780000E-3	-4.991335E-2
2.785000E-3	-8.401603E-2
2.790000E-3	-6.814367E-2
2.795000E-3	-1.801372E-2
2.800000E-3	-3.362972E-2
2.805000E-3	-3.767389E-2
2.810000E-3	-5.323231E-3
2.815000E-3	-1.031059E-2
2.820000E-3	8.979440E-4
2.825000E-3	3.465927E-2
2.830000E-3	1.901448E-2
2.835000E-3	-8.765578E-3
2.840000E-3	3.030390E-2
2.845000E-3	-1.398599E-2
2.850000E-3	-6.671107E-2
2.855000E-3	-3.531867E-2
2.860000E-3	-2.379072E-2
2.865000E-3	-5.401647E-2
2.870000E-3	-3.936148E-2
2.875000E-3	-3.479910E-2
2.880000E-3	-5.791807E-2
2.885000E-3	-4.779392E-2
2.890000E-3	-2.395248E-2
2.895000E-3	-4.698235E-2
2.900000E-3	-1.844418E-2
2.905000E-3	2.100229E-3
2.910000E-3	-3.094411E-2
2.915000E-3	-4.777610E-3
2.920000E-3	1.207495E-2
2.925000E-3	-2.288729E-2
2.930000E-3	-6.097794E-3
2.935000E-3	1.258630E-2
2.940000E-3	-1.440549E-2
2.945000E-3	-1.115507E-2
2.950000E-3	-3.564358E-4
2.955000E-3	-3.693771E-2
2.960000E-3	-3.963977E-2
2.965000E-3	-3.538173E-2
2.970000E-3	-6.425029E-2
2.975000E-3	-4.738128E-2
2.980000E-3	-2.538097E-2
2.985000E-3	-4.834229E-2
2.990000E-3	-4.284221E-2
2.995000E-3	-3.190374E-2
3.000000E-3	-3.102911E-2
3.005000E-3	-1.939148E-2
3.010000E-3	-4.441738E-4
3.015000E-3	-7.593453E-3
3.020000E-3	-2.589643E-3
3.025000E-3	2.671623E-2
3.030000E-3	1.234502E-2
3.035000E-3	-4.312873E-3
3.040000E-3	2.248836E-2
3.045000E-3	-9.677231E-3
3.050000E-3	-3.301281E-2
3.055000E-3	-2.294898E-3
3.060000E-3	-3.953832E-2
3.065000E-3	-7.092386E-2
3.070000E-3	-3.463596E-2
3.075000E-3	-5.923551E-2
3.080000E-3	-8.205289E-2
3.085000E-3	-3.757244E-2
3.090000E-3	-4.147130E-2
3.095000E-3	-5.446476E-2
3.100000E-3	-1.991379E-2
3.105000E-3	-1.581752E-2
3.110000E-3	-2.438021E-2
3.115000E-3	7.263064E-3
3.120000E-3	1.496071E-2
3.125000E-3	-2.607465E-3
3.130000E-3	1.356786E-2
3.135000E-3	4.248440E-3
3.140000E-3	-3.189689E-2
3.145000E-3	-2.479833E-2
3.150000E-3	-2.273101E-2
3.155000E-3	-5.189979E-2
3.160000E-3	-3.126764E-2
3.165000E-3	-1.754898E-2
3.170000E-3	-4.498768E-2
3.175000E-3	-2.744281E-2
3.180000E-3	-1.634395E-2
3.185000E-3	-5.372995E-2
3.190000E-3	-3.569019E-2
3.195000E-3	3.856361E-3
3.200000E-3	-8.458495E-3
3.205000E-3	-1.755172E-2
3.210000E-3	-2.283931E-3
3.215000E-3	-1.322788E-2
3.220000E-3	-2.602530E-2
3.225000E-3	-1.412857E-2
3.230000E-3	-2.550435E-2
3.235000E-3	-3.961509E-2
3.240000E-3	-2.987343E-2
3.245000E-3	-3.032035E-2
3.250000E-3	-4.636818E-2
3.255000E-3	-3.998798E-2
3.260000E-3	-3.316635E-2
3.265000E-3	-3.026414E-2
3.270000E-3	-1.714867E-2
3.275000E-3	-7.692158E-3
3.280000E-3	-1.167601E-2
3.285000E-3	-7.768929E-3
3.290000E-3	-1.816726E-2
3.295000E-3	-2.760732E-2
3.300000E-3	-1.377076E-2
3.305000E-3	-1.290298E-2
3.310000E-3	-1.815492E-2
3.315000E-3	-1.345682E-2
3.320000E-3	-1.779848E-2
3.325000E-3	-3.072339E-2
3.330000E-3	-3.798920E-2
3.335000E-3	-3.305256E-2
3.340000E-3	-3.599864E-2
3.345000E-3	-3.895020E-2
3.350000E-3	-3.079742E-2
3.355000E-3	-3.028470E-2
3.360000E-3	-3.244662E-2
3.365000E-3	-3.267282E-2
3.370000E-3	-3.262621E-2
3.375000E-3	-2.493954E-2
3.380000E-3	-6.592691E-3
3.385000E-3	1.521707E-3
3.390000E-3	1.447678E-3
3.395000E-3	1.438081E-3
3.400000E-3	3.438234E-3
3.405000E-3	1.961768E-3
3.410000E-3	-3.109217E-3
3.415000E-3	-1.744753E-2
3.420000E-3	-1.957107E-2
3.425000E-3	-1.339650E-2
3.430000E-3	-2.592385E-2
3.435000E-3	-3.635919E-2
3.440000E-3	-3.841007E-2
3.445000E-3	-4.793650E-2
3.450000E-3	-5.308563E-2
3.455000E-3	-4.883718E-2
3.460000E-3	-4.965699E-2
3.465000E-3	-4.671228E-2
3.470000E-3	-3.805500E-2
3.475000E-3	-3.389430E-2
3.480000E-3	-3.572309E-2
3.485000E-3	-2.807069E-2
3.490000E-3	-1.917350E-2
3.495000E-3	-9.867787E-3
3.500000E-3	3.664434E-3
3.505000E-3	9.132981E-3
3.510000E-3	4.216909E-3
3.515000E-3	1.180351E-2
3.520000E-3	8.491397E-3
3.525000E-3	-4.959941E-3
3.530000E-3	-2.799392E-3
3.535000E-3	-6.891549E-3
3.540000E-3	-2.317792E-2
3.545000E-3	-2.355492E-2
3.550000E-3	-3.257823E-2
3.555000E-3	-5.338311E-2
3.560000E-3	-5.319804E-2
3.565000E-3	-5.476362E-2
3.570000E-3	-6.379789E-2
3.575000E-3	-5.215889E-2
3.580000E-3	-3.555036E-2
3.585000E-3	-3.446323E-2
3.590000E-3	-1.659209E-2
3.595000E-3	2.201676E-3
3.600000E-3	-2.315462E-3
3.605000E-3	-1.645088E-5
3.610000E-3	8.251488E-3
3.615000E-3	-6.147146E-3
3.620000E-3	-1.391333E-2
3.625000E-3	-7.186294E-3
3.630000E-3	-1.936132E-2
3.635000E-3	-2.944845E-2
3.640000E-3	-2.375233E-2
3.645000E-3	-3.014898E-2
3.650000E-3	-3.897351E-2
3.655000E-3	-3.217518E-2
3.660000E-3	-3.709811E-2
3.665000E-3	-4.404998E-2
3.670000E-3	-3.012705E-2
3.675000E-3	-2.809125E-2
3.680000E-3	-3.675950E-2
3.685000E-3	-2.529186E-2
3.690000E-3	-1.587510E-2
3.695000E-3	-1.818782E-2
3.700000E-3	-8.040369E-3
3.705000E-3	-5.339682E-3
3.710000E-3	-1.700336E-2
3.715000E-3	-9.518206E-3
3.720000E-3	-4.710436E-3
3.725000E-3	-2.047175E-2
3.730000E-3	-2.330405E-2
3.735000E-3	-1.955187E-2
3.740000E-3	-3.159529E-2
3.745000E-3	-3.264266E-2
3.750000E-3	-2.061981E-2
3.755000E-3	-2.843124E-2
3.760000E-3	-3.194624E-2
3.765000E-3	-2.151638E-2
3.770000E-3	-2.518082E-2
3.775000E-3	-2.711654E-2
3.780000E-3	-9.781420E-3
3.785000E-3	-1.483870E-2
3.790000E-3	-2.890009E-2
3.795000E-3	-2.261722E-2
3.800000E-3	-2.712339E-2
3.805000E-3	-4.134792E-2
3.810000E-3	-3.228897E-2
3.815000E-3	-2.803093E-2
3.820000E-3	-4.051167E-2
3.825000E-3	-3.082621E-2
3.830000E-3	-1.965469E-2
3.835000E-3	-2.754837E-2
3.840000E-3	-1.847982E-2
3.845000E-3	-6.328106E-3
3.850000E-3	-1.477426E-2
3.855000E-3	-1.236832E-2
3.860000E-3	-1.867175E-3
3.865000E-3	-9.034276E-3
3.870000E-3	-1.331973E-2
3.875000E-3	-7.357657E-3
3.880000E-3	-1.281250E-2
3.885000E-3	-2.153558E-2
3.890000E-3	-1.909947E-2
3.895000E-3	-2.811044E-2
3.900000E-3	-4.299438E-2
3.905000E-3	-4.100245E-2
3.910000E-3	-4.300535E-2
3.915000E-3	-5.007374E-2
3.920000E-3	-4.059529E-2
3.925000E-3	-3.430694E-2
3.930000E-3	-3.556269E-2
3.935000E-3	-2.429932E-2
3.940000E-3	-1.451653E-2
3.945000E-3	-1.531440E-2
3.950000E-3	-8.982182E-3
3.955000E-3	-3.199697E-3
3.960000E-3	-8.802593E-3
3.965000E-3	-8.647680E-3
3.970000E-3	-6.750345E-3
3.975000E-3	-1.708013E-2
3.980000E-3	-2.594715E-2
3.985000E-3	-2.576894E-2
3.990000E-3	-2.966231E-2
3.995000E-3	-3.146505E-2
4.000000E-3	-2.766353E-2
4.005000E-3	-2.628303E-2
4.010000E-3	-2.382362E-2
4.015000E-3	-1.953816E-2
4.020000E-3	-2.335614E-2
4.025000E-3	-3.014898E-2
4.030000E-3	-3.307998E-2
4.035000E-3	-3.494167E-2
4.040000E-3	-3.382850E-2
4.045000E-3	-3.147191E-2
4.050000E-3	-2.692598E-2
4.055000E-3	-1.875263E-2
4.060000E-3	-1.339376E-2
4.065000E-3	-1.277959E-2
4.070000E-3	-1.015705E-2
4.075000E-3	-5.443871E-3
4.080000E-3	-7.254839E-3
4.085000E-3	-9.418130E-3
4.090000E-3	-1.056284E-2
4.095000E-3	-1.638234E-2
4.100000E-3	-2.218401E-2
4.105000E-3	-2.426916E-2
4.110000E-3	-3.188729E-2
4.115000E-3	-3.870344E-2
4.120000E-3	-3.951228E-2
4.125000E-3	-4.206216E-2
4.130000E-3	-4.112583E-2
4.135000E-3	-3.434670E-2
4.140000E-3	-3.249872E-2
4.145000E-3	-3.262621E-2
4.150000E-3	-2.579498E-2
4.155000E-3	-2.234578E-2
4.160000E-3	-2.200717E-2
4.165000E-3	-1.445758E-2
4.170000E-3	-1.078492E-2
4.175000E-3	-1.132780E-2
4.180000E-3	-4.713178E-3
4.185000E-3	-3.852248E-3
4.190000E-3	-1.121539E-2
4.195000E-3	-1.282895E-2
4.200000E-3	-1.698279E-2
4.205000E-3	-2.763748E-2
4.210000E-3	-3.086185E-2
4.215000E-3	-3.339940E-2
4.220000E-3	-3.937930E-2
4.225000E-3	-3.647161E-2
4.230000E-3	-3.002149E-2
4.235000E-3	-2.777457E-2
4.240000E-3	-2.150816E-2
4.245000E-3	-1.526779E-2
4.250000E-3	-1.533222E-2
4.255000E-3	-1.355004E-2
4.260000E-3	-1.171440E-2
4.265000E-3	-1.684433E-2
4.270000E-3	-2.093923E-2
4.275000E-3	-2.230054E-2
4.280000E-3	-2.782118E-2
4.285000E-3	-3.067815E-2
4.290000E-3	-2.982408E-2
4.295000E-3	-3.824419E-2
4.300000E-3	-4.677397E-2
4.305000E-3	-4.305059E-2
4.310000E-3	-3.963566E-2
4.315000E-3	-4.122728E-2
4.320000E-3	-3.151578E-2
4.325000E-3	-2.127784E-2
4.330000E-3	-1.921600E-2
4.335000E-3	-1.420259E-2
4.340000E-3	-4.449964E-3
4.345000E-3	1.399696E-3
4.350000E-3	5.911350E-3
4.355000E-3	1.018995E-2
4.360000E-3	7.079363E-3
4.365000E-3	3.020108E-3
4.370000E-3	-3.975630E-3
4.375000E-3	-1.621234E-2
4.380000E-3	-2.636802E-2
4.385000E-3	-2.774715E-2
4.390000E-3	-3.257960E-2
4.395000E-3	-3.972888E-2
4.400000E-3	-4.138219E-2
4.405000E-3	-4.235828E-2
4.410000E-3	-4.698920E-2
4.415000E-3	-4.983658E-2
4.420000E-3	-4.788852E-2
4.425000E-3	-4.496711E-2
4.430000E-3	-3.575873E-2
4.435000E-3	-2.709186E-2
4.440000E-3	-1.885545E-2
4.445000E-3	-8.538008E-3
4.450000E-3	-2.081037E-3
4.455000E-3	1.746535E-3
4.460000E-3	4.836559E-3
4.465000E-3	3.329933E-3
4.470000E-3	-3.720641E-3
4.475000E-3	-1.019269E-2
4.480000E-3	-1.839072E-2
4.485000E-3	-2.750725E-2
4.490000E-3	-3.230679E-2
4.495000E-3	-3.711730E-2
4.500000E-3	-3.983170E-2
4.505000E-3	-3.581357E-2
4.510000E-3	-3.408211E-2
4.515000E-3	-3.342545E-2
4.520000E-3	-3.069323E-2
4.525000E-3	-2.922088E-2
4.530000E-3	-2.636117E-2
4.535000E-3	-2.013999E-2
4.540000E-3	-1.647693E-2
4.545000E-3	-1.161158E-2
4.550000E-3	-7.641435E-3
4.555000E-3	-9.078145E-3
4.560000E-3	-1.185149E-2
4.565000E-3	-1.188302E-2
4.570000E-3	-9.542882E-3
4.575000E-3	-1.239026E-2
4.580000E-3	-1.877731E-2
4.585000E-3	-2.050191E-2
4.590000E-3	-2.585530E-2
4.595000E-3	-3.367496E-2
4.600000E-3	-3.820717E-2
4.605000E-3	-4.142195E-2
4.610000E-3	-4.077625E-2
4.615000E-3	-3.881586E-2
4.620000E-3	-3.754365E-2
4.625000E-3	-3.099620E-2
4.630000E-3	-2.418828E-2
4.635000E-3	-1.718569E-2
4.640000E-3	-1.018173E-2
4.645000E-3	-8.178830E-3
4.650000E-3	-3.556132E-3
4.655000E-3	-5.894899E-3
4.660000E-3	-1.107281E-2
4.665000E-3	-1.483732E-2
4.670000E-3	-2.002072E-2
4.675000E-3	-2.811456E-2
4.680000E-3	-2.933878E-2
4.685000E-3	-3.043276E-2
4.690000E-3	-3.556269E-2
4.695000E-3	-3.241509E-2
4.700000E-3	-2.828729E-2
4.705000E-3	-3.025866E-2
4.710000E-3	-3.050953E-2
4.715000E-3	-2.472019E-2
4.720000E-3	-2.506155E-2
4.725000E-3	-2.461463E-2
4.730000E-3	-1.835233E-2
4.735000E-3	-1.650709E-2
4.740000E-3	-1.802468E-2
4.745000E-3	-1.603824E-2
4.750000E-3	-1.705134E-2
4.755000E-3	-2.053618E-2
4.760000E-3	-1.733512E-2
4.765000E-3	-1.645499E-2
4.770000E-3	-2.056223E-2
4.775000E-3	-1.971364E-2
4.780000E-3	-2.013451E-2
4.785000E-3	-2.382362E-2
4.790000E-3	-2.426779E-2
4.795000E-3	-2.638310E-2
4.800000E-3	-3.262758E-2
4.805000E-3	-3.432888E-2
4.810000E-3	-3.581220E-2
4.815000E-3	-3.875142E-2
4.820000E-3	-3.588486E-2
4.825000E-3	-2.993512E-2
4.830000E-3	-2.617472E-2
4.835000E-3	-1.911181E-2
4.840000E-3	-1.192003E-2
4.845000E-3	-1.089323E-2
4.850000E-3	-9.766340E-3
4.855000E-3	-6.219804E-3
4.860000E-3	-7.435799E-3
4.865000E-3	-1.067114E-2
4.870000E-3	-1.147038E-2
4.875000E-3	-1.753253E-2
4.880000E-3	-2.368516E-2
4.885000E-3	-2.702469E-2
4.890000E-3	-3.081387E-2
4.895000E-3	-3.341860E-2
4.900000E-3	-3.356665E-2
4.905000E-3	-3.362012E-2
4.910000E-3	-3.192294E-2
4.915000E-3	-2.924418E-2
4.920000E-3	-2.886581E-2
4.925000E-3	-2.881509E-2
4.930000E-3	-2.509034E-2
4.935000E-3	-2.154380E-2
4.940000E-3	-2.039498E-2
4.945000E-3	-1.818097E-2
4.950000E-3	-1.781082E-2
4.955000E-3	-2.013862E-2
4.960000E-3	-2.127510E-2
4.965000E-3	-2.136832E-2
4.970000E-3	-2.151090E-2
4.975000E-3	-2.000016E-2
4.980000E-3	-1.997137E-2
4.985000E-3	-2.342743E-2
4.990000E-3	-2.545089E-2
4.995000E-3	-2.757579E-2
5.000000E-3	-2.935934E-2
5.005000E-3	-2.623504E-2
5.010000E-3	-2.197152E-2
5.015000E-3	-1.979589E-2
5.020000E-3	-1.023108E-2
5.025000E-3	-1.590800E-2
5.030000E-3	-1.648790E-2
5.035000E-3	-1.273435E-2
5.040000E-3	-2.040046E-2
5.045000E-3	-2.132171E-2
5.050000E-3	-1.471943E-2
5.055000E-3	-2.039635E-2
5.060000E-3	-2.592796E-2
5.065000E-3	-2.695614E-2
5.070000E-3	-2.929217E-2
5.075000E-3	-2.876437E-2
5.080000E-3	-2.941555E-2
5.085000E-3	-2.358371E-2
5.090000E-3	-2.394289E-2
5.095000E-3	-2.540016E-2
5.100000E-3	-2.079803E-2
5.105000E-3	-2.590877E-2
5.110000E-3	-2.803504E-2
5.115000E-3	-2.403063E-2
5.120000E-3	-2.695203E-2
5.125000E-3	-2.555782E-2
5.130000E-3	-2.278584E-2
5.135000E-3	-2.241158E-2
5.140000E-3	-2.373725E-2
5.145000E-3	-2.052248E-2
5.150000E-3	-2.476132E-2
5.155000E-3	-2.936071E-2
5.160000E-3	-2.676970E-2
5.165000E-3	-2.731121E-2
5.170000E-3	-3.005028E-2
5.175000E-3	-2.310115E-2
5.180000E-3	-1.869917E-2
5.185000E-3	-1.908576E-2
5.190000E-3	-1.179940E-2
5.195000E-3	-9.833515E-3
5.200000E-3	-1.451653E-2
5.205000E-3	-1.532948E-2
5.210000E-3	-1.603961E-2
5.215000E-3	-2.180153E-2
5.220000E-3	-2.428973E-2
5.225000E-3	-2.249521E-2
5.230000E-3	-2.351654E-2
5.235000E-3	-2.410877E-2
5.240000E-3	-2.301341E-2
5.245000E-3	-2.461189E-2
5.250000E-3	-2.472705E-2
5.255000E-3	-2.510130E-2
5.260000E-3	-2.564555E-2
5.265000E-3	-2.179879E-2
5.270000E-3	-1.905423E-2
5.275000E-3	-2.367693E-2
5.280000E-3	-2.237731E-2
5.285000E-3	-2.387297E-2
5.290000E-3	-2.874517E-2
5.295000E-3	-3.177214E-2
5.300000E-3	-3.362697E-2
5.305000E-3	-3.757519E-2
5.310000E-3	-3.730649E-2
5.315000E-3	-3.466064E-2
5.320000E-3	-3.105789E-2
5.325000E-3	-2.514106E-2
5.330000E-3	-1.868546E-2
5.335000E-3	-1.216406E-2
5.340000E-3	-7.609904E-3
5.345000E-3	-3.763139E-3
5.350000E-3	-4.905105E-3
5.355000E-3	-7.914245E-3
5.360000E-3	-7.756591E-3
5.365000E-3	-1.315933E-2
5.370000E-3	-2.179331E-2
5.375000E-3	-2.131623E-2
5.380000E-3	-2.521372E-2
5.385000E-3	-3.154731E-2
5.390000E-3	-3.100717E-2
5.395000E-3	-3.293192E-2
5.400000E-3	-3.511304E-2
5.405000E-3	-3.097290E-2
5.410000E-3	-2.878767E-2
5.415000E-3	-3.035599E-2
5.420000E-3	-2.524114E-2
5.425000E-3	-2.054989E-2
5.430000E-3	-2.120382E-2
5.435000E-3	-1.750648E-2
5.440000E-3	-1.529247E-2
5.445000E-3	-1.735157E-2
5.450000E-3	-1.740640E-2
5.455000E-3	-1.819605E-2
5.460000E-3	-2.057320E-2
5.465000E-3	-2.211273E-2
5.470000E-3	-2.470100E-2
5.475000E-3	-2.733725E-2
5.480000E-3	-2.912492E-2
5.485000E-3	-3.022987E-2
5.490000E-3	-3.124571E-2
5.495000E-3	-2.992278E-2
5.500000E-3	-2.706581E-2
5.505000E-3	-2.590740E-2
5.510000E-3	-2.358371E-2
5.515000E-3	-2.084875E-2
5.520000E-3	-1.907480E-2
5.525000E-3	-1.534045E-2
5.530000E-3	-1.261097E-2
5.535000E-3	-1.202559E-2
5.540000E-3	-1.176238E-2
5.545000E-3	-1.339650E-2
5.550000E-3	-1.654959E-2
5.555000E-3	-1.997960E-2
5.560000E-3	-2.304769E-2
5.565000E-3	-2.737701E-2
5.570000E-3	-2.970481E-2
5.575000E-3	-3.069735E-2
5.580000E-3	-3.221768E-2
5.585000E-3	-3.136498E-2
5.590000E-3	-2.877396E-2
5.595000E-3	-2.820504E-2
5.600000E-3	-2.483672E-2
5.605000E-3	-2.063626E-2
5.610000E-3	-1.912826E-2
5.615000E-3	-1.766413E-2
5.620000E-3	-1.684707E-2
5.625000E-3	-1.861691E-2
5.630000E-3	-1.974106E-2
5.635000E-3	-2.141219E-2
5.640000E-3	-2.552080E-2
5.645000E-3	-2.742088E-2
5.650000E-3	-2.700961E-2
5.655000E-3	-2.856421E-2
5.660000E-3	-2.933878E-2
5.665000E-3	-2.772659E-2
5.670000E-3	-2.681905E-2
5.675000E-3	-2.463108E-2
5.680000E-3	-2.153146E-2
5.685000E-3	-2.047312E-2
5.690000E-3	-1.920092E-2
5.695000E-3	-1.755857E-2
5.700000E-3	-1.810557E-2
5.705000E-3	-1.929003E-2
5.710000E-3	-1.874030E-2
5.715000E-3	-1.890343E-2
5.720000E-3	-1.943672E-2
5.725000E-3	-1.803565E-2
5.730000E-3	-1.874852E-2
5.735000E-3	-2.138478E-2
5.740000E-3	-2.264053E-2
5.745000E-3	-2.544677E-2
5.750000E-3	-2.952659E-2
5.755000E-3	-3.117853E-2
5.760000E-3	-3.140885E-2
5.765000E-3	-3.198600E-2
5.770000E-3	-3.028196E-2
5.775000E-3	-2.687937E-2
5.780000E-3	-2.486414E-2
5.785000E-3	-2.196878E-2
5.790000E-3	-1.869917E-2
5.795000E-3	-1.696771E-2
5.800000E-3	-1.478112E-2
5.805000E-3	-1.256984E-2
5.810000E-3	-1.279193E-2
5.815000E-3	-1.407784E-2
5.820000E-3	-1.599163E-2
5.825000E-3	-1.962316E-2
5.830000E-3	-2.375096E-2
5.835000E-3	-2.535355E-2
5.840000E-3	-2.590054E-2
5.845000E-3	-2.606642E-2
5.850000E-3	-2.441448E-2
5.855000E-3	-2.392918E-2
5.860000E-3	-2.425683E-2
5.865000E-3	-2.317792E-2
5.870000E-3	-2.293527E-2
5.875000E-3	-2.336711E-2
5.880000E-3	-2.221280E-2
5.885000E-3	-2.152050E-2
5.890000E-3	-2.226216E-2
5.895000E-3	-2.183443E-2
5.900000E-3	-2.075416E-2
5.905000E-3	-2.072400E-2
5.910000E-3	-1.955324E-2
5.915000E-3	-1.827145E-2
5.920000E-3	-1.816726E-2
5.925000E-3	-1.830983E-2
5.930000E-3	-1.886094E-2
5.935000E-3	-2.110511E-2
5.940000E-3	-2.390862E-2
5.945000E-3	-2.687252E-2
5.950000E-3	-3.104281E-2
5.955000E-3	-3.457153E-2
5.960000E-3	-3.618234E-2
5.965000E-3	-3.664160E-2
5.970000E-3	-3.555173E-2
5.975000E-3	-3.222591E-2
5.980000E-3	-2.888775E-2
5.985000E-3	-2.524525E-2
5.990000E-3	-2.087069E-2
5.995000E-3	-1.712948E-2
6.000000E-3	-1.409978E-2
6.005000E-3	-1.116878E-2
6.010000E-3	-9.582639E-3
6.015000E-3	-9.420872E-3
6.020000E-3	-1.010633E-2
6.025000E-3	-1.160198E-2
6.030000E-3	-1.384479E-2
6.035000E-3	-1.653588E-2
6.040000E-3	-1.983702E-2
6.045000E-3	-2.383733E-2
6.050000E-3	-2.807069E-2
6.055000E-3	-3.162819E-2
6.060000E-3	-3.424937E-2
6.065000E-3	-3.513908E-2
6.070000E-3	-3.464967E-2
6.075000E-3	-3.329796E-2
6.080000E-3	-3.125942E-2
6.085000E-3	-2.914137E-2
6.090000E-3	-2.717000E-2
6.095000E-3	-2.471745E-2
6.100000E-3	-2.250755E-2
6.105000E-3	-2.080214E-2
6.110000E-3	-1.887739E-2
6.115000E-3	-1.844829E-2
6.120000E-3	-1.909536E-2
6.125000E-3	-1.972049E-2
6.130000E-3	-2.077198E-2
6.135000E-3	-2.220184E-2
6.140000E-3	-2.327389E-2
6.145000E-3	-2.430755E-2
6.150000E-3	-2.514106E-2
6.155000E-3	-2.587724E-2
6.160000E-3	-2.578950E-2
6.165000E-3	-2.516162E-2
6.170000E-3	-2.436650E-2
6.175000E-3	-2.323276E-2
6.180000E-3	-2.181113E-2
6.185000E-3	-2.027023E-2
6.190000E-3	-1.884174E-2
6.195000E-3	-1.789582E-2
6.200000E-3	-1.747906E-2
6.205000E-3	-1.769841E-2
6.210000E-3	-1.773268E-2
6.215000E-3	-1.792186E-2
6.220000E-3	-1.859772E-2
6.225000E-3	-1.921326E-2
6.230000E-3	-2.024692E-2
6.235000E-3	-2.124768E-2
6.240000E-3	-2.291059E-2
6.245000E-3	-2.453238E-2
6.250000E-3	-2.629262E-2
6.255000E-3	-2.729750E-2
6.260000E-3	-2.781570E-2
6.265000E-3	-2.805012E-2
6.270000E-3	-2.787465E-2
6.275000E-3	-2.735782E-2
6.280000E-3	-2.654761E-2
6.285000E-3	-2.483809E-2
6.290000E-3	-2.276939E-2
6.295000E-3	-2.090359E-2
6.300000E-3	-1.876497E-2
6.305000E-3	-1.740503E-2
6.310000E-3	-1.687586E-2
6.315000E-3	-1.686352E-2
6.320000E-3	-1.720762E-2
6.325000E-3	-1.837701E-2
6.330000E-3	-1.967251E-2
6.335000E-3	-2.160960E-2
6.340000E-3	-2.343154E-2
6.345000E-3	-2.525759E-2
6.350000E-3	-2.703840E-2
6.355000E-3	-2.843261E-2
6.360000E-3	-2.918249E-2
6.365000E-3	-2.974045E-2
6.370000E-3	-3.005302E-2
6.375000E-3	-2.936757E-2
6.380000E-3	-2.789110E-2
6.385000E-3	-2.585942E-2
6.390000E-3	-2.282697E-2
6.395000E-3	-1.915431E-2
6.400000E-3	-1.551867E-2
6.405000E-3	-1.230526E-2
6.410000E-3	-9.981573E-3
6.415000E-3	-9.311199E-3
6.420000E-3	-9.955525E-3
6.425000E-3	-1.193511E-2
6.430000E-3	-1.546657E-2
6.435000E-3	-1.928729E-2
6.440000E-3	-2.262545E-2
6.445000E-3	-2.531242E-2
6.450000E-3	-2.747023E-2
6.455000E-3	-2.856833E-2
6.460000E-3	-2.928942E-2
6.465000E-3	-2.998996E-2
6.470000E-3	-3.023398E-2
6.475000E-3	-3.041631E-2
6.480000E-3	-3.026825E-2
6.485000E-3	-2.984875E-2
6.490000E-3	-2.918661E-2
6.495000E-3	-2.760595E-2
6.500000E-3	-2.521920E-2
6.505000E-3	-2.285850E-2
6.510000E-3	-2.036208E-2
6.515000E-3	-1.774639E-2
6.520000E-3	-1.566398E-2
6.525000E-3	-1.442194E-2
6.530000E-3	-1.405317E-2
6.535000E-3	-1.454669E-2
6.540000E-3	-1.614106E-2
6.545000E-3	-1.864707E-2
6.550000E-3	-2.171516E-2
6.555000E-3	-2.509171E-2
6.560000E-3	-2.773207E-2
6.565000E-3	-2.923322E-2
6.570000E-3	-2.970755E-2
6.575000E-3	-2.935934E-2
6.580000E-3	-2.867937E-2
6.585000E-3	-2.753878E-2
6.590000E-3	-2.638310E-2
6.595000E-3	-2.522194E-2
6.600000E-3	-2.362210E-2
6.605000E-3	-2.186596E-2
6.610000E-3	-2.036893E-2
6.615000E-3	-1.930511E-2
6.620000E-3	-1.900077E-2
6.625000E-3	-1.983565E-2
6.630000E-3	-2.095979E-2
6.635000E-3	-2.228409E-2
6.640000E-3	-2.371806E-2
6.645000E-3	-2.540839E-2
6.650000E-3	-2.657914E-2
6.655000E-3	-2.739072E-2
6.660000E-3	-2.741951E-2
6.665000E-3	-2.632964E-2
6.670000E-3	-2.493131E-2
6.675000E-3	-2.339041E-2
6.680000E-3	-2.090222E-2
6.685000E-3	-1.839483E-2
6.690000E-3	-1.635903E-2
6.695000E-3	-1.507175E-2
6.700000E-3	-1.479894E-2
6.705000E-3	-1.571745E-2
6.710000E-3	-1.768333E-2
6.715000E-3	-2.001798E-2
6.720000E-3	-2.286536E-2
6.725000E-3	-2.537000E-2
6.730000E-3	-2.725911E-2
6.735000E-3	-2.914137E-2
6.740000E-3	-3.061372E-2
6.745000E-3	-3.128272E-2
6.750000E-3	-3.153908E-2
6.755000E-3	-3.066993E-2
6.760000E-3	-2.842301E-2
6.765000E-3	-2.557015E-2
6.770000E-3	-2.224296E-2
6.775000E-3	-1.892537E-2
6.780000E-3	-1.686627E-2
6.785000E-3	-1.610678E-2
6.790000E-3	-1.675659E-2
6.795000E-3	-1.841128E-2
6.800000E-3	-2.013862E-2
6.805000E-3	-2.207708E-2
6.810000E-3	-2.388120E-2
6.815000E-3	-2.494639E-2
6.820000E-3	-2.520823E-2
6.825000E-3	-2.519453E-2
6.830000E-3	-2.511090E-2
6.835000E-3	-2.469003E-2
6.840000E-3	-2.458996E-2
6.845000E-3	-2.413481E-2
6.850000E-3	-2.358371E-2
6.855000E-3	-2.285713E-2
6.860000E-3	-2.186733E-2
6.865000E-3	-2.127510E-2
6.870000E-3	-2.092826E-2
6.875000E-3	-2.083641E-2
6.880000E-3	-2.036619E-2
6.885000E-3	-2.022636E-2
6.890000E-3	-2.005088E-2
6.895000E-3	-1.999331E-2
6.900000E-3	-2.054715E-2
6.905000E-3	-2.181935E-2
6.910000E-3	-2.303809E-2
6.915000E-3	-2.429110E-2
6.920000E-3	-2.521920E-2
6.925000E-3	-2.593344E-2
6.930000E-3	-2.642560E-2
6.935000E-3	-2.677244E-2
6.940000E-3	-2.665043E-2
6.945000E-3	-2.665317E-2
6.950000E-3	-2.649826E-2
6.955000E-3	-2.592659E-2
6.960000E-3	-2.536863E-2
6.965000E-3	-2.457488E-2
6.970000E-3	-2.398264E-2
6.975000E-3	-2.341783E-2
6.980000E-3	-2.314228E-2
6.985000E-3	-2.303398E-2
6.990000E-3	-2.278447E-2
6.995000E-3	-2.270359E-2
7.000000E-3	-2.241158E-2
7.005000E-3	-2.166718E-2
7.010000E-3	-2.098447E-2
7.015000E-3	-2.067465E-2
7.020000E-3	-2.088165E-2
7.025000E-3	-2.166718E-2
7.030000E-3	-2.236909E-2
7.035000E-3	-2.290922E-2
7.040000E-3	-2.272964E-2
7.045000E-3	-2.202362E-2
7.050000E-3	-2.116406E-2
7.055000E-3	-2.065545E-2
7.060000E-3	-2.058005E-2
7.065000E-3	-2.065134E-2
7.070000E-3	-2.142727E-2
7.075000E-3	-2.233481E-2
7.080000E-3	-2.328622E-2
7.085000E-3	-2.413207E-2
7.090000E-3	-2.508348E-2
7.095000E-3	-2.562088E-2
7.100000E-3	-2.581829E-2
7.105000E-3	-2.615142E-2
7.110000E-3	-2.630222E-2
7.115000E-3	-2.639818E-2
7.120000E-3	-2.643794E-2
7.125000E-3	-2.645165E-2
7.130000E-3	-2.600199E-2
7.135000E-3	-2.498478E-2
7.140000E-3	-2.359879E-2
7.145000E-3	-2.167404E-2
7.150000E-3	-2.036482E-2
7.155000E-3	-1.940656E-2
7.160000E-3	-1.863611E-2
7.165000E-3	-1.857990E-2
7.170000E-3	-1.882803E-2
7.175000E-3	-1.943672E-2
7.180000E-3	-2.022636E-2
7.185000E-3	-2.115446E-2
7.190000E-3	-2.192217E-2
7.195000E-3	-2.273238E-2
7.200000E-3	-2.325606E-2
7.205000E-3	-2.356726E-2
7.210000E-3	-2.362347E-2
7.215000E-3	-2.339178E-2
7.220000E-3	-2.296817E-2
7.225000E-3	-2.236497E-2
7.230000E-3	-2.185225E-2
7.235000E-3	-2.158356E-2
7.240000E-3	-2.163291E-2
7.245000E-3	-2.184266E-2
7.250000E-3	-2.233756E-2
7.255000E-3	-2.264053E-2
7.260000E-3	-2.302986E-2
7.265000E-3	-2.299422E-2
7.270000E-3	-2.311623E-2
7.275000E-3	-2.292156E-2
7.280000E-3	-2.287084E-2
7.285000E-3	-2.302438E-2
7.290000E-3	-2.309567E-2
7.295000E-3	-2.318615E-2
7.300000E-3	-2.350831E-2
7.305000E-3	-2.408409E-2
7.310000E-3	-2.489841E-2
7.315000E-3	-2.574974E-2
7.320000E-3	-2.643245E-2
7.325000E-3	-2.665728E-2
7.330000E-3	-2.656543E-2
7.335000E-3	-2.597868E-2
7.340000E-3	-2.500671E-2
7.345000E-3	-2.375233E-2
7.350000E-3	-2.253771E-2
7.355000E-3	-2.101463E-2
7.360000E-3	-1.941341E-2
7.365000E-3	-1.846063E-2
7.370000E-3	-1.812887E-2
7.375000E-3	-1.833862E-2
7.380000E-3	-1.924616E-2
7.385000E-3	-2.013314E-2
7.390000E-3	-2.105027E-2
7.395000E-3	-2.196193E-2
7.400000E-3	-2.256101E-2
7.405000E-3	-2.287084E-2
7.410000E-3	-2.310801E-2
7.415000E-3	-2.302849E-2
7.420000E-3	-2.284068E-2
7.425000E-3	-2.258432E-2
7.430000E-3	-2.282560E-2
7.435000E-3	-2.300793E-2
7.440000E-3	-2.363580E-2
7.445000E-3	-2.452004E-2
7.450000E-3	-2.487648E-2
7.455000E-3	-2.494502E-2
7.460000E-3	-2.448303E-2
7.465000E-3	-2.400184E-2
7.470000E-3	-2.345347E-2
7.475000E-3	-2.296680E-2
7.480000E-3	-2.292705E-2
7.485000E-3	-2.340961E-2
7.490000E-3	-2.387708E-2
7.495000E-3	-2.430755E-2
7.500000E-3	-2.465439E-2
7.505000E-3	-2.521098E-2
7.510000E-3	-2.530968E-2
7.515000E-3	-2.510816E-2
7.520000E-3	-2.479559E-2
7.525000E-3	-2.408135E-2
7.530000E-3	-2.328074E-2
7.535000E-3	-2.268851E-2
7.540000E-3	-2.227998E-2
7.545000E-3	-2.204144E-2
7.550000E-3	-2.222103E-2
7.555000E-3	-2.258432E-2
7.560000E-3	-2.292567E-2
7.565000E-3	-2.329445E-2
7.570000E-3	-2.357823E-2
7.575000E-3	-2.357686E-2
7.580000E-3	-2.373862E-2
7.585000E-3	-2.366322E-2
7.590000E-3	-2.343702E-2
7.595000E-3	-2.303123E-2
7.600000E-3	-2.263093E-2
7.605000E-3	-2.200580E-2
7.610000E-3	-2.160686E-2
7.615000E-3	-2.128744E-2
7.620000E-3	-2.110100E-2
7.625000E-3	-2.101463E-2
7.630000E-3	-2.075005E-2
7.635000E-3	-2.116543E-2
7.640000E-3	-2.156299E-2
7.645000E-3	-2.207160E-2
7.650000E-3	-2.313268E-2
7.655000E-3	-2.403748E-2
7.660000E-3	-2.455294E-2
7.665000E-3	-2.499574E-2
7.670000E-3	-2.491349E-2
7.675000E-3	-2.424449E-2
7.680000E-3	-2.288181E-2
7.685000E-3	-2.108729E-2
7.690000E-3	-1.939970E-2
7.695000E-3	-1.809734E-2
7.700000E-3	-1.737213E-2
7.705000E-3	-1.749414E-2
7.710000E-3	-1.818782E-2
7.715000E-3	-1.920092E-2
7.720000E-3	-2.074319E-2
7.725000E-3	-2.226764E-2
7.730000E-3	-2.364403E-2
7.735000E-3	-2.472293E-2
7.740000E-3	-2.553999E-2
7.745000E-3	-2.618843E-2
7.750000E-3	-2.658874E-2
7.755000E-3	-2.653116E-2
7.760000E-3	-2.603626E-2
7.765000E-3	-2.508348E-2
7.770000E-3	-2.407861E-2
7.775000E-3	-2.317244E-2
7.780000E-3	-2.223337E-2
7.785000E-3	-2.130526E-2
7.790000E-3	-2.091867E-2
7.795000E-3	-2.106261E-2
7.800000E-3	-2.161372E-2
7.805000E-3	-2.255279E-2
7.810000E-3	-2.361798E-2
7.815000E-3	-2.441448E-2
7.820000E-3	-2.472842E-2
7.825000E-3	-2.461600E-2
7.830000E-3	-2.409780E-2
7.835000E-3	-2.354807E-2
7.840000E-3	-2.287221E-2
7.845000E-3	-2.231836E-2
7.850000E-3	-2.190298E-2
7.855000E-3	-2.164388E-2
7.860000E-3	-2.193862E-2
7.865000E-3	-2.223200E-2
7.870000E-3	-2.269399E-2
7.875000E-3	-2.290374E-2
7.880000E-3	-2.294213E-2
7.885000E-3	-2.261311E-2
7.890000E-3	-2.238280E-2
7.895000E-3	-2.200168E-2
7.900000E-3	-2.168638E-2
7.905000E-3	-2.146977E-2
7.910000E-3	-2.131623E-2
7.915000E-3	-2.139986E-2
7.920000E-3	-2.183443E-2
7.925000E-3	-2.233344E-2
7.930000E-3	-2.293116E-2
7.935000E-3	-2.380031E-2
7.940000E-3	-2.443367E-2
7.945000E-3	-2.450907E-2
7.950000E-3	-2.471745E-2
7.955000E-3	-2.454472E-2
7.960000E-3	-2.413481E-2
7.965000E-3	-2.387571E-2
7.970000E-3	-2.352613E-2
7.975000E-3	-2.317107E-2
7.980000E-3	-2.250344E-2
7.985000E-3	-2.201402E-2
7.990000E-3	-2.152872E-2
7.995000E-3	-2.114898E-2
8.000000E-3	-2.099133E-2
8.005000E-3	-2.116406E-2
8.010000E-3	-2.150816E-2
8.015000E-3	-2.184129E-2
8.020000E-3	-2.233618E-2
8.025000E-3	-2.267480E-2
8.030000E-3	-2.283382E-2
8.035000E-3	-2.289003E-2
8.040000E-3	-2.246231E-2
8.045000E-3	-2.205378E-2
8.050000E-3	-2.170420E-2
8.055000E-3	-2.165622E-2
8.060000E-3	-2.153009E-2
8.065000E-3	-2.161509E-2
8.070000E-3	-2.181798E-2
8.075000E-3	-2.231836E-2
8.080000E-3	-2.287358E-2
8.085000E-3	-2.324098E-2
8.090000E-3	-2.391547E-2
8.095000E-3	-2.438569E-2
8.100000E-3	-2.454197E-2
8.105000E-3	-2.458584E-2
8.110000E-3	-2.440077E-2
8.115000E-3	-2.380031E-2
8.120000E-3	-2.332735E-2
8.125000E-3	-2.277899E-2
8.130000E-3	-2.202910E-2
8.135000E-3	-2.133405E-2
8.140000E-3	-2.117914E-2
8.145000E-3	-2.120930E-2
8.150000E-3	-2.151227E-2
8.155000E-3	-2.187008E-2
8.160000E-3	-2.225941E-2
8.165000E-3	-2.237731E-2
8.170000E-3	-2.200305E-2
8.175000E-3	-2.172613E-2
8.180000E-3	-2.144784E-2
8.185000E-3	-2.137381E-2
8.190000E-3	-2.171654E-2
8.195000E-3	-2.233070E-2
8.200000E-3	-2.296132E-2
8.205000E-3	-2.371806E-2
8.210000E-3	-2.447069E-2
8.215000E-3	-2.502179E-2
8.220000E-3	-2.540290E-2
8.225000E-3	-2.512872E-2
8.230000E-3	-2.471471E-2
8.235000E-3	-2.429658E-2
8.240000E-3	-2.308470E-2
8.245000E-3	-2.199894E-2
8.250000E-3	-2.049643E-2
8.255000E-3	-1.908028E-2
8.260000E-3	-1.777244E-2
8.265000E-3	-1.690602E-2
8.270000E-3	-1.662499E-2
8.275000E-3	-1.736939E-2
8.280000E-3	-1.854426E-2
8.285000E-3	-2.023047E-2
8.290000E-3	-2.232111E-2
8.295000E-3	-2.449125E-2
8.300000E-3	-2.667373E-2
8.305000E-3	-2.854639E-2
8.310000E-3	-3.010511E-2
8.315000E-3	-3.133619E-2
8.320000E-3	-3.182834E-2
8.325000E-3	-3.131425E-2
8.330000E-3	-2.996665E-2
8.335000E-3	-2.811182E-2
8.340000E-3	-2.567297E-2
8.345000E-3	-2.291197E-2
8.350000E-3	-2.048135E-2
8.355000E-3	-1.844281E-2
8.360000E-3	-1.701295E-2
8.365000E-3	-1.618630E-2
8.370000E-3	-1.642209E-2
8.375000E-3	-1.744890E-2
8.380000E-3	-1.925576E-2
8.385000E-3	-2.146977E-2
8.390000E-3	-2.401006E-2
8.395000E-3	-2.636528E-2
8.400000E-3	-2.821326E-2
8.405000E-3	-2.909201E-2
8.410000E-3	-2.940869E-2
8.415000E-3	-2.884251E-2
8.420000E-3	-2.771425E-2
8.425000E-3	-2.626246E-2
8.430000E-3	-2.468044E-2
8.435000E-3	-2.285165E-2
8.440000E-3	-2.091181E-2
8.445000E-3	-1.952034E-2
8.450000E-3	-1.856756E-2
8.455000E-3	-1.814395E-2
8.460000E-3	-1.861554E-2
8.465000E-3	-1.938736E-2
8.470000E-3	-2.047724E-2
8.475000E-3	-2.163565E-2
8.480000E-3	-2.278310E-2
8.485000E-3	-2.393055E-2
8.490000E-3	-2.483809E-2
8.495000E-3	-2.545911E-2
8.500000E-3	-2.629673E-2
8.505000E-3	-2.673542E-2
8.510000E-3	-2.686155E-2
8.515000E-3	-2.670389E-2
8.520000E-3	-2.621311E-2
8.525000E-3	-2.560580E-2
8.530000E-3	-2.471060E-2
8.535000E-3	-2.353436E-2
8.540000E-3	-2.198797E-2
8.545000E-3	-2.059788E-2
8.550000E-3	-1.955187E-2
8.555000E-3	-1.871973E-2
8.560000E-3	-1.860732E-2
8.565000E-3	-1.893359E-2
8.570000E-3	-1.967114E-2
8.575000E-3	-2.105165E-2
8.580000E-3	-2.205652E-2
8.585000E-3	-2.319711E-2
8.590000E-3	-2.388394E-2
8.595000E-3	-2.463520E-2
8.600000E-3	-2.512872E-2
8.605000E-3	-2.537960E-2
8.610000E-3	-2.580184E-2
8.615000E-3	-2.640367E-2
8.620000E-3	-2.672309E-2
8.625000E-3	-2.678478E-2
8.630000E-3	-2.667922E-2
8.635000E-3	-2.628851E-2
8.640000E-3	-2.546459E-2
8.645000E-3	-2.455157E-2
8.650000E-3	-2.320945E-2
8.655000E-3	-2.198935E-2
8.660000E-3	-2.110785E-2
8.665000E-3	-2.029902E-2
8.670000E-3	-1.994395E-2
8.675000E-3	-1.969171E-2
8.680000E-3	-1.962042E-2
8.685000E-3	-1.970953E-2
8.690000E-3	-2.013999E-2
8.695000E-3	-2.057594E-2
8.700000E-3	-2.106398E-2
8.705000E-3	-2.206475E-2
8.710000E-3	-2.301478E-2
8.715000E-3	-2.404571E-2
8.720000E-3	-2.488607E-2
8.725000E-3	-2.525210E-2
8.730000E-3	-2.547282E-2
8.735000E-3	-2.534944E-2
8.740000E-3	-2.492309E-2
8.745000E-3	-2.436924E-2
8.750000E-3	-2.379483E-2
8.755000E-3	-2.301615E-2
8.760000E-3	-2.219087E-2
8.765000E-3	-2.155477E-2
8.770000E-3	-2.133542E-2
8.775000E-3	-2.157259E-2
8.780000E-3	-2.195096E-2
8.785000E-3	-2.216619E-2
8.790000E-3	-2.269673E-2
8.795000E-3	-2.284616E-2
8.800000E-3	-2.310663E-2
8.805000E-3	-2.342194E-2
8.810000E-3	-2.356726E-2
8.815000E-3	-2.376467E-2
8.820000E-3	-2.371395E-2
8.825000E-3	-2.361524E-2
8.830000E-3	-2.360427E-2
8.835000E-3	-2.317381E-2
8.840000E-3	-2.258021E-2
8.845000E-3	-2.199346E-2
8.850000E-3	-2.113116E-2
8.855000E-3	-2.056086E-2
8.860000E-3	-2.026200E-2
8.865000E-3	-2.019072E-2
8.870000E-3	-2.046490E-2
8.875000E-3	-2.100915E-2
8.880000E-3	-2.158219E-2
8.885000E-3	-2.230328E-2
8.890000E-3	-2.323276E-2
8.895000E-3	-2.392644E-2
8.900000E-3	-2.443230E-2
8.905000E-3	-2.496147E-2
8.910000E-3	-2.552629E-2
8.915000E-3	-2.596772E-2
8.920000E-3	-2.624738E-2
8.925000E-3	-2.642149E-2
8.930000E-3	-2.635843E-2
8.935000E-3	-2.579224E-2
8.940000E-3	-2.539057E-2
8.945000E-3	-2.479833E-2
8.950000E-3	-2.383733E-2
8.955000E-3	-2.301204E-2
8.960000E-3	-2.231699E-2
8.965000E-3	-2.156848E-2
8.970000E-3	-2.109689E-2
8.975000E-3	-2.082819E-2
8.980000E-3	-2.061158E-2
8.985000E-3	-2.076924E-2
8.990000E-3	-2.120793E-2
8.995000E-3	-2.194959E-2
9.000000E-3	-2.272689E-2
9.005000E-3	-2.340961E-2
9.010000E-3	-2.417868E-2
9.015000E-3	-2.476817E-2
9.020000E-3	-2.489156E-2
9.025000E-3	-2.490389E-2
9.030000E-3	-2.468318E-2
9.035000E-3	-2.428150E-2
9.040000E-3	-2.367967E-2
9.045000E-3	-2.274060E-2
9.050000E-3	-2.199757E-2
9.055000E-3	-2.149034E-2
9.060000E-3	-2.120519E-2
9.065000E-3	-2.075279E-2
9.070000E-3	-2.068013E-2
9.075000E-3	-2.084875E-2
9.080000E-3	-2.111334E-2
9.085000E-3	-2.156711E-2
9.090000E-3	-2.207571E-2
9.095000E-3	-2.263367E-2
9.100000E-3	-2.309841E-2
9.105000E-3	-2.346992E-2
9.110000E-3	-2.409917E-2
9.115000E-3	-2.410740E-2
9.120000E-3	-2.383596E-2
9.125000E-3	-2.377701E-2
9.130000E-3	-2.334243E-2
9.135000E-3	-2.302438E-2
9.140000E-3	-2.297777E-2
9.145000E-3	-2.282834E-2
9.150000E-3	-2.241021E-2
9.155000E-3	-2.248698E-2
9.160000E-3	-2.241021E-2
9.165000E-3	-2.214289E-2
9.170000E-3	-2.235675E-2
9.175000E-3	-2.263641E-2
9.180000E-3	-2.284205E-2
9.185000E-3	-2.337533E-2
9.190000E-3	-2.388805E-2
9.195000E-3	-2.421021E-2
9.200000E-3	-2.460504E-2
9.205000E-3	-2.472842E-2
9.210000E-3	-2.466536E-2
9.215000E-3	-2.435827E-2
9.220000E-3	-2.392232E-2
9.225000E-3	-2.322042E-2
9.230000E-3	-2.278310E-2
9.235000E-3	-2.227998E-2
9.240000E-3	-2.198386E-2
9.245000E-3	-2.173024E-2
9.250000E-3	-2.162743E-2
9.255000E-3	-2.157259E-2
9.260000E-3	-2.143961E-2
9.265000E-3	-2.144921E-2
9.270000E-3	-2.159590E-2
9.275000E-3	-2.153283E-2
9.280000E-3	-2.172476E-2
9.285000E-3	-2.239513E-2
9.290000E-3	-2.303535E-2
9.295000E-3	-2.393740E-2
9.300000E-3	-2.450633E-2
9.305000E-3	-2.484357E-2
9.310000E-3	-2.490526E-2
9.315000E-3	-2.491897E-2
9.320000E-3	-2.446657E-2
9.325000E-3	-2.385652E-2
9.330000E-3	-2.348500E-2
9.335000E-3	-2.285302E-2
9.340000E-3	-2.252400E-2
9.345000E-3	-2.243215E-2
9.350000E-3	-2.209491E-2
9.355000E-3	-2.196741E-2
9.360000E-3	-2.204692E-2
9.365000E-3	-2.243763E-2
9.370000E-3	-2.287221E-2
9.375000E-3	-2.345896E-2
9.380000E-3	-2.434868E-2
9.385000E-3	-2.501768E-2
9.390000E-3	-2.552217E-2
9.395000E-3	-2.592111E-2
9.400000E-3	-2.594030E-2
9.405000E-3	-2.560854E-2
9.410000E-3	-2.513695E-2
9.415000E-3	-2.417868E-2
9.420000E-3	-2.313954E-2
9.425000E-3	-2.219224E-2
9.430000E-3	-2.110374E-2
9.435000E-3	-2.017975E-2
9.440000E-3	-1.970130E-2
9.445000E-3	-1.926947E-2
9.450000E-3	-1.918584E-2
9.455000E-3	-1.931882E-2
9.460000E-3	-2.012080E-2
9.465000E-3	-2.100503E-2
9.470000E-3	-2.216071E-2
9.475000E-3	-2.339590E-2
9.480000E-3	-2.459407E-2
9.485000E-3	-2.546871E-2
9.490000E-3	-2.608562E-2
9.495000E-3	-2.617884E-2
9.500000E-3	-2.598143E-2
9.505000E-3	-2.550435E-2
9.510000E-3	-2.466398E-2
9.515000E-3	-2.370298E-2
9.520000E-3	-2.251303E-2
9.525000E-3	-2.153969E-2
9.530000E-3	-2.083641E-2
9.535000E-3	-2.025926E-2
9.540000E-3	-1.986033E-2
9.545000E-3	-1.959163E-2
9.550000E-3	-1.959985E-2
9.555000E-3	-1.955324E-2
9.560000E-3	-1.971912E-2
9.565000E-3	-1.998097E-2
9.570000E-3	-2.025652E-2
9.575000E-3	-2.071989E-2
9.580000E-3	-2.128470E-2
9.585000E-3	-2.192903E-2
9.590000E-3	-2.229917E-2
9.595000E-3	-2.267754E-2
9.600000E-3	-2.296543E-2
9.605000E-3	-2.320534E-2
9.610000E-3	-2.302986E-2
9.615000E-3	-2.291608E-2
9.620000E-3	-2.264738E-2
9.625000E-3	-2.247328E-2
9.630000E-3	-2.233344E-2
9.635000E-3	-2.215797E-2
9.640000E-3	-2.232933E-2
9.645000E-3	-2.267480E-2
9.650000E-3	-2.315325E-2
9.655000E-3	-2.374548E-2
9.660000E-3	-2.441585E-2
9.665000E-3	-2.499026E-2
9.670000E-3	-2.527952E-2
9.675000E-3	-2.521509E-2
9.680000E-3	-2.471745E-2
9.685000E-3	-2.407175E-2
9.690000E-3	-2.304906E-2
9.695000E-3	-2.206063E-2
9.700000E-3	-2.103382E-2
9.705000E-3	-2.006733E-2
9.710000E-3	-1.976299E-2
9.715000E-3	-1.967525E-2
9.720000E-3	-1.996452E-2
9.725000E-3	-2.070206E-2
9.730000E-3	-2.172339E-2
9.735000E-3	-2.288455E-2
9.740000E-3	-2.403885E-2
9.745000E-3	-2.491212E-2
9.750000E-3	-2.552080E-2
9.755000E-3	-2.575934E-2
9.760000E-3	-2.589917E-2
9.765000E-3	-2.527952E-2
9.770000E-3	-2.475309E-2
9.775000E-3	-2.417731E-2
9.780000E-3	-2.338767E-2
9.785000E-3	-2.269262E-2
9.790000E-3	-2.218676E-2
9.795000E-3	-2.179331E-2
9.800000E-3	-2.161783E-2
9.805000E-3	-2.160138E-2
9.810000E-3	-2.168775E-2
9.815000E-3	-2.171791E-2
9.820000E-3	-2.169186E-2
9.825000E-3	-2.190983E-2
9.830000E-3	-2.204692E-2
9.835000E-3	-2.212095E-2
9.840000E-3	-2.235675E-2
9.845000E-3	-2.289003E-2
9.850000E-3	-2.319574E-2
9.855000E-3	-2.375370E-2
9.860000E-3	-2.385652E-2
9.865000E-3	-2.450633E-2
9.870000E-3	-2.479148E-2
9.875000E-3	-2.475172E-2
9.880000E-3	-2.437609E-2
9.885000E-3	-2.387434E-2
9.890000E-3	-2.335340E-2
9.895000E-3	-2.262819E-2
9.900000E-3	-2.194273E-2
9.905000E-3	-2.140534E-2
9.910000E-3	-2.126551E-2
9.915000E-3	-2.120245E-2
9.920000E-3	-2.148896E-2
9.925000E-3	-2.190435E-2
9.930000E-3	-2.249247E-2
9.935000E-3	-2.304083E-2
9.940000E-3	-2.401143E-2
9.945000E-3	-2.462560E-2
9.950000E-3	-2.496970E-2
9.955000E-3	-2.534944E-2
9.960000E-3	-2.535766E-2
9.965000E-3	-2.504098E-2
9.970000E-3	-2.459544E-2
9.975000E-3	-2.391136E-2
9.980000E-3	-2.314639E-2
9.985000E-3	-2.234989E-2
9.990000E-3	-2.173710E-2
9.995000E-3	-2.122164E-2
