0.000000E+0	2.389491E-3
5.000000E-6	2.382636E-3
1.000000E-5	2.318203E-3
1.500000E-5	2.141356E-3
2.000000E-5	2.308607E-3
2.500000E-5	2.375782E-3
3.000000E-5	2.253771E-3
3.500000E-5	2.189338E-3
4.000000E-5	2.274334E-3
4.500000E-5	2.216756E-3
5.000000E-5	2.097487E-3
5.500000E-5	2.263367E-3
6.000000E-5	2.187967E-3
6.500000E-5	2.030313E-3
7.000000E-5	2.148211E-3
7.500000E-5	2.338767E-3
8.000000E-5	2.338767E-3
8.500000E-5	2.463520E-3
9.000000E-5	2.488196E-3
9.500000E-5	2.367556E-3
1.000000E-4	2.367556E-3
1.050000E-4	2.197564E-3
1.100000E-4	2.104342E-3
1.150000E-4	2.100229E-3
1.200000E-4	2.107084E-3
1.250000E-4	2.235949E-3
1.300000E-4	2.231836E-3
1.350000E-4	2.281189E-3
1.400000E-4	2.325058E-3
1.450000E-4	2.445698E-3
1.500000E-4	2.410054E-3
1.550000E-4	2.425134E-3
1.600000E-4	2.389491E-3
1.650000E-4	2.400458E-3
1.700000E-4	2.244174E-3
1.750000E-4	2.201676E-3
1.800000E-4	2.307236E-3
1.850000E-4	2.473116E-3
1.900000E-4	2.422392E-3
1.950000E-4	2.257884E-3
2.000000E-4	2.240062E-3
2.050000E-4	2.133131E-3
2.100000E-4	2.222240E-3
2.150000E-4	2.170146E-3
2.200000E-4	2.382636E-3
2.250000E-4	2.397716E-3
2.300000E-4	2.267480E-3
2.350000E-4	2.389491E-3
2.400000E-4	2.377152E-3
2.450000E-4	2.371669E-3
2.500000E-4	2.589643E-3
2.550000E-4	2.253771E-3
2.600000E-4	2.338767E-3
2.650000E-4	2.371669E-3
2.700000E-4	2.336025E-3
2.750000E-4	2.229095E-3
2.800000E-4	2.278447E-3
2.850000E-4	2.315462E-3
2.900000E-4	2.333283E-3
2.950000E-4	2.318203E-3
3.000000E-4	2.196193E-3
3.050000E-4	2.205789E-3
3.100000E-4	2.138615E-3
3.150000E-4	2.141356E-3
3.200000E-4	2.209902E-3
3.250000E-4	2.266109E-3
3.300000E-4	2.349734E-3
3.350000E-4	2.445698E-3
3.400000E-4	2.346992E-3
3.450000E-4	2.327800E-3
3.500000E-4	2.356589E-3
3.550000E-4	2.233207E-3
3.600000E-4	2.288043E-3
3.650000E-4	2.401829E-3
3.700000E-4	2.481341E-3
3.750000E-4	2.408683E-3
3.800000E-4	2.171516E-3
3.850000E-4	2.107084E-3
3.900000E-4	2.086520E-3
3.950000E-4	2.101600E-3
4.000000E-4	2.002895E-3
4.050000E-4	2.159178E-3
4.100000E-4	2.145469E-3
4.150000E-4	2.466261E-3
4.200000E-4	2.455294E-3
4.250000E-4	2.421021E-3
4.300000E-4	2.282560E-3
4.350000E-4	2.282560E-3
4.400000E-4	2.292156E-3
4.450000E-4	2.342880E-3
4.500000E-4	2.257884E-3
4.550000E-4	2.246916E-3
4.600000E-4	2.207160E-3
4.650000E-4	2.185225E-3
4.700000E-4	2.189338E-3
4.750000E-4	2.405941E-3
4.800000E-4	2.469003E-3
4.850000E-4	2.396345E-3
4.900000E-4	2.379894E-3
4.950000E-4	2.438843E-3
5.000000E-4	2.437472E-3
5.050000E-4	2.330542E-3
5.100000E-4	2.177000E-3
5.150000E-4	2.192080E-3
5.200000E-4	2.485454E-3
5.250000E-4	2.511501E-3
5.300000E-4	2.290785E-3
5.350000E-4	2.260625E-3
5.400000E-4	2.293527E-3
5.450000E-4	2.292156E-3
5.500000E-4	2.289414E-3
5.550000E-4	2.294898E-3
5.600000E-4	2.294898E-3
5.650000E-4	2.403200E-3
5.700000E-4	2.238691E-3
5.750000E-4	2.185225E-3
5.800000E-4	2.312720E-3
5.850000E-4	2.377152E-3
5.900000E-4	2.370298E-3
5.950000E-4	2.308607E-3
6.000000E-4	2.238691E-3
6.050000E-4	2.208531E-3
6.100000E-4	2.226353E-3
6.150000E-4	2.277076E-3
6.200000E-4	2.309978E-3
6.250000E-4	2.109826E-3
6.300000E-4	2.196193E-3
6.350000E-4	2.266109E-3
6.400000E-4	2.237320E-3
6.450000E-4	2.263367E-3
6.500000E-4	2.309978E-3
6.550000E-4	2.078295E-3
6.600000E-4	1.861691E-3
6.650000E-4	1.972735E-3
6.700000E-4	1.956284E-3
6.750000E-4	2.134502E-3
6.800000E-4	2.272964E-3
6.850000E-4	2.200305E-3
6.900000E-4	2.229095E-3
6.950000E-4	2.056360E-3
7.000000E-4	2.170146E-3
7.050000E-4	2.333283E-3
7.100000E-4	2.279818E-3
7.150000E-4	2.240062E-3
7.200000E-4	2.138615E-3
7.250000E-4	2.028942E-3
7.300000E-4	2.023458E-3
7.350000E-4	2.277076E-3
7.400000E-4	2.222240E-3
7.450000E-4	2.129018E-3
7.500000E-4	2.044022E-3
7.550000E-4	2.234578E-3
7.600000E-4	2.208531E-3
7.650000E-4	2.030313E-3
7.700000E-4	2.163291E-3
7.750000E-4	2.271593E-3
7.800000E-4	2.256513E-3
7.850000E-4	2.203047E-3
7.900000E-4	2.337396E-3
7.950000E-4	2.356589E-3
8.000000E-4	2.305865E-3
8.050000E-4	2.357960E-3
8.100000E-4	2.314091E-3
8.150000E-4	2.305865E-3
8.200000E-4	2.307236E-3
8.250000E-4	2.187967E-3
8.300000E-4	2.382636E-3
8.350000E-4	2.304494E-3
8.400000E-4	2.231836E-3
8.450000E-4	2.160549E-3
8.500000E-4	2.294898E-3
8.550000E-4	2.172887E-3
8.600000E-4	2.314091E-3
8.650000E-4	2.473116E-3
8.700000E-4	2.226353E-3
8.750000E-4	2.052248E-3
8.800000E-4	2.002895E-3
8.850000E-4	2.076924E-3
8.900000E-4	2.223611E-3
8.950000E-4	2.263367E-3
9.000000E-4	2.157807E-3
9.050000E-4	2.307236E-3
9.100000E-4	2.197564E-3
9.150000E-4	2.064586E-3
9.200000E-4	1.946688E-3
9.250000E-4	2.064586E-3
9.300000E-4	2.112567E-3
9.350000E-4	2.304494E-3
9.400000E-4	2.197564E-3
9.450000E-4	2.149582E-3
9.500000E-4	2.149582E-3
9.550000E-4	2.200305E-3
9.600000E-4	2.379894E-3
9.650000E-4	2.497792E-3
9.700000E-4	2.459407E-3
9.750000E-4	2.230465E-3
9.800000E-4	2.223611E-3
9.850000E-4	2.373040E-3
9.900000E-4	2.293527E-3
9.950000E-4	2.111197E-3
1.000000E-3	2.194822E-3
1.005000E-3	2.237320E-3
1.010000E-3	2.397716E-3
1.015000E-3	2.407312E-3
1.020000E-3	2.353847E-3
1.025000E-3	2.301753E-3
1.030000E-3	2.448440E-3
1.035000E-3	2.351105E-3
1.040000E-3	2.189338E-3
1.045000E-3	2.174258E-3
1.050000E-3	2.141356E-3
1.055000E-3	2.034426E-3
1.060000E-3	2.286673E-3
1.065000E-3	2.146840E-3
1.070000E-3	2.249658E-3
1.075000E-3	2.251029E-3
1.080000E-3	2.474487E-3
1.085000E-3	2.264738E-3
1.090000E-3	2.170146E-3
1.095000E-3	2.190709E-3
1.100000E-3	2.272964E-3
1.105000E-3	2.207160E-3
1.110000E-3	2.101600E-3
1.115000E-3	2.150953E-3
1.120000E-3	2.253771E-3
1.125000E-3	2.418280E-3
1.130000E-3	2.248287E-3
1.135000E-3	2.201676E-3
1.140000E-3	2.300382E-3
1.145000E-3	2.301753E-3
1.150000E-3	2.279818E-3
1.155000E-3	2.105713E-3
1.160000E-3	2.072811E-3
1.165000E-3	2.082407E-3
1.170000E-3	2.144098E-3
1.175000E-3	2.296269E-3
1.180000E-3	2.248287E-3
1.185000E-3	2.299011E-3
1.190000E-3	2.277076E-3
1.195000E-3	2.283931E-3
1.200000E-3	2.194822E-3
1.205000E-3	2.279818E-3
1.210000E-3	2.504647E-3
1.215000E-3	2.197564E-3
1.220000E-3	2.041280E-3
1.225000E-3	2.366185E-3
1.230000E-3	2.267480E-3
1.235000E-3	2.163291E-3
1.240000E-3	2.160549E-3
1.245000E-3	2.304494E-3
1.250000E-3	2.390862E-3
1.255000E-3	2.314091E-3
1.260000E-3	2.157807E-3
1.265000E-3	2.226353E-3
1.270000E-3	2.272964E-3
1.275000E-3	2.201676E-3
1.280000E-3	2.060473E-3
1.285000E-3	2.076924E-3
1.290000E-3	2.141356E-3
1.295000E-3	2.060473E-3
1.300000E-3	2.112567E-3
1.305000E-3	2.166033E-3
1.310000E-3	2.138615E-3
1.315000E-3	1.904190E-3
1.320000E-3	2.023458E-3
1.325000E-3	2.200305E-3
1.330000E-3	2.290785E-3
1.335000E-3	2.260625E-3
1.340000E-3	2.371669E-3
1.345000E-3	2.337396E-3
1.350000E-3	2.200305E-3
1.355000E-3	2.261996E-3
1.360000E-3	2.351105E-3
1.365000E-3	2.252400E-3
1.370000E-3	2.351105E-3
1.375000E-3	2.469003E-3
1.380000E-3	2.360702E-3
1.385000E-3	2.282560E-3
1.390000E-3	2.305865E-3
1.395000E-3	2.244174E-3
1.400000E-3	2.182484E-3
1.405000E-3	2.107084E-3
1.410000E-3	2.190709E-3
1.415000E-3	2.296269E-3
1.420000E-3	2.308607E-3
1.425000E-3	2.259254E-3
1.430000E-3	2.356589E-3
1.435000E-3	2.378523E-3
1.440000E-3	2.270222E-3
1.445000E-3	2.116680E-3
1.450000E-3	2.163291E-3
1.455000E-3	2.371669E-3
1.460000E-3	2.336025E-3
1.465000E-3	2.126276E-3
1.470000E-3	2.144098E-3
1.475000E-3	2.272964E-3
1.480000E-3	2.205789E-3
1.485000E-3	2.226353E-3
1.490000E-3	2.142727E-3
1.495000E-3	2.111197E-3
1.500000E-3	2.163291E-3
1.505000E-3	2.130389E-3
1.510000E-3	2.089262E-3
1.515000E-3	2.186596E-3
1.520000E-3	2.296269E-3
1.525000E-3	2.266109E-3
1.530000E-3	2.340138E-3
1.535000E-3	2.319574E-3
1.540000E-3	2.342880E-3
1.545000E-3	2.309978E-3
1.550000E-3	2.230465E-3
1.555000E-3	2.208531E-3
1.560000E-3	2.315462E-3
1.565000E-3	2.327800E-3
1.570000E-3	2.316833E-3
1.575000E-3	2.330542E-3
1.580000E-3	2.233207E-3
1.585000E-3	2.233207E-3
1.590000E-3	2.119422E-3
1.595000E-3	2.183855E-3
1.600000E-3	2.245545E-3
1.605000E-3	2.293527E-3
1.610000E-3	2.281189E-3
1.615000E-3	2.331913E-3
1.620000E-3	2.303123E-3
1.625000E-3	2.235949E-3
1.630000E-3	2.327800E-3
1.635000E-3	2.299011E-3
1.640000E-3	2.248287E-3
1.645000E-3	2.204418E-3
1.650000E-3	2.060473E-3
1.655000E-3	2.208531E-3
1.660000E-3	2.240062E-3
1.665000E-3	2.200305E-3
1.670000E-3	2.220869E-3
1.675000E-3	2.123535E-3
1.680000E-3	2.240062E-3
1.685000E-3	2.185225E-3
1.690000E-3	2.214015E-3
1.695000E-3	2.441585E-3
1.700000E-3	2.304494E-3
1.705000E-3	2.286673E-3
1.710000E-3	2.245545E-3
1.715000E-3	2.288043E-3
1.720000E-3	2.296269E-3
1.725000E-3	2.323687E-3
1.730000E-3	2.314091E-3
1.735000E-3	2.282560E-3
1.740000E-3	2.194822E-3
1.745000E-3	2.286673E-3
1.750000E-3	2.146840E-3
1.755000E-3	2.277076E-3
1.760000E-3	2.281189E-3
1.765000E-3	2.159178E-3
1.770000E-3	2.146840E-3
1.775000E-3	2.150953E-3
1.780000E-3	2.257884E-3
1.785000E-3	2.245545E-3
1.790000E-3	2.360702E-3
1.795000E-3	2.200305E-3
1.800000E-3	2.039909E-3
1.805000E-3	1.945317E-3
1.810000E-3	2.050877E-3
1.815000E-3	2.177000E-3
1.820000E-3	2.304494E-3
1.825000E-3	2.586901E-3
1.830000E-3	2.473116E-3
1.835000E-3	2.363443E-3
1.840000E-3	2.312720E-3
1.845000E-3	2.415538E-3
1.850000E-3	2.329171E-3
1.855000E-3	2.308607E-3
1.860000E-3	2.399087E-3
1.865000E-3	2.212644E-3
1.870000E-3	2.212644E-3
1.875000E-3	2.205789E-3
1.880000E-3	2.304494E-3
1.885000E-3	2.252400E-3
1.890000E-3	2.164662E-3
1.895000E-3	2.226353E-3
1.900000E-3	2.325058E-3
1.905000E-3	2.423763E-3
1.910000E-3	2.396345E-3
1.915000E-3	2.374411E-3
1.920000E-3	2.441585E-3
1.925000E-3	2.384007E-3
1.930000E-3	2.192080E-3
1.935000E-3	2.168775E-3
1.940000E-3	2.150953E-3
1.945000E-3	2.102971E-3
1.950000E-3	2.274334E-3
1.955000E-3	2.389491E-3
1.960000E-3	2.282560E-3
1.965000E-3	2.127647E-3
1.970000E-3	2.137244E-3
1.975000E-3	2.159178E-3
1.980000E-3	2.008379E-3
1.985000E-3	2.208531E-3
1.990000E-3	2.282560E-3
1.995000E-3	2.353847E-3
2.000000E-3	2.330542E-3
2.005000E-3	2.275705E-3
2.010000E-3	2.215385E-3
2.015000E-3	2.289414E-3
2.020000E-3	2.423763E-3
2.025000E-3	2.296269E-3
2.030000E-3	2.292156E-3
2.035000E-3	2.340138E-3
2.040000E-3	2.171516E-3
2.045000E-3	2.220869E-3
2.050000E-3	2.235949E-3
2.055000E-3	2.278447E-3
2.060000E-3	2.442956E-3
2.065000E-3	2.523839E-3
2.070000E-3	2.392232E-3
2.075000E-3	2.397716E-3
2.080000E-3	2.422392E-3
2.085000E-3	2.390862E-3
2.090000E-3	2.430618E-3
2.095000E-3	2.415538E-3
2.100000E-3	2.412796E-3
2.105000E-3	2.404571E-3
2.110000E-3	2.414167E-3
2.115000E-3	2.512872E-3
2.120000E-3	2.463520E-3
2.125000E-3	2.122164E-3
2.130000E-3	2.049506E-3
2.135000E-3	2.157807E-3
2.140000E-3	2.345622E-3
2.145000E-3	2.330542E-3
2.150000E-3	2.309978E-3
2.155000E-3	2.223611E-3
2.160000E-3	2.200305E-3
2.165000E-3	2.164662E-3
2.170000E-3	2.187967E-3
2.175000E-3	2.329171E-3
2.180000E-3	2.334654E-3
2.185000E-3	2.360702E-3
2.190000E-3	2.294898E-3
2.195000E-3	2.285302E-3
2.200000E-3	2.220869E-3
2.205000E-3	2.400458E-3
2.210000E-3	2.415538E-3
2.215000E-3	2.362072E-3
2.220000E-3	2.455294E-3
2.225000E-3	2.536178E-3
2.230000E-3	2.445698E-3
2.235000E-3	2.286673E-3
2.240000E-3	2.337396E-3
2.245000E-3	2.311349E-3
2.250000E-3	2.253771E-3
2.255000E-3	2.397716E-3
2.260000E-3	2.301753E-3
2.265000E-3	2.345622E-3
2.270000E-3	2.329171E-3
2.275000E-3	2.357960E-3
2.280000E-3	2.283931E-3
2.285000E-3	2.277076E-3
2.290000E-3	2.168775E-3
2.295000E-3	2.061844E-3
2.300000E-3	2.159178E-3
2.305000E-3	2.240062E-3
2.310000E-3	2.166033E-3
2.315000E-3	2.326429E-3
2.320000E-3	2.482712E-3
2.325000E-3	2.416909E-3
2.330000E-3	2.259254E-3
2.335000E-3	2.249658E-3
2.340000E-3	2.266109E-3
2.345000E-3	2.193451E-3
2.350000E-3	2.303123E-3
2.355000E-3	2.285302E-3
2.360000E-3	2.377152E-3
2.365000E-3	2.263367E-3
2.370000E-3	2.385378E-3
2.375000E-3	2.105713E-3
2.380000E-3	2.201676E-3
2.385000E-3	2.175629E-3
2.390000E-3	2.346992E-3
2.395000E-3	2.193451E-3
2.400000E-3	2.359331E-3
2.405000E-3	2.178371E-3
2.410000E-3	2.401829E-3
2.415000E-3	2.230465E-3
2.420000E-3	2.596498E-3
2.425000E-3	2.172887E-3
2.430000E-3	2.503276E-3
2.435000E-3	2.112567E-3
2.440000E-3	2.547145E-3
2.445000E-3	2.972126E-3
2.450000E-3	-2.279818E-3
2.455000E-3	-1.816040E-2
2.460000E-3	6.850421E-3
2.465000E-3	-3.664708E-2
2.470000E-3	-1.002969E-1
2.475000E-3	-6.504679E-2
2.480000E-3	-8.477962E-2
2.485000E-3	-8.538282E-2
2.490000E-3	-2.491760E-2
2.495000E-3	3.155828E-2
2.500000E-3	1.549934E-1
2.505000E-3	1.073996E-1
2.510000E-3	-3.491563E-2
2.515000E-3	4.776239E-2
2.520000E-3	5.132538E-2
2.525000E-3	-1.664692E-2
2.530000E-3	4.599392E-2
2.535000E-3	2.105302E-2
2.540000E-3	2.495325E-2
2.545000E-3	5.112386E-2
2.550000E-3	3.222179E-2
2.555000E-3	6.332219E-3
2.560000E-3	-1.802742E-3
2.565000E-3	-1.609856E-2
2.570000E-3	-5.827039E-2
2.575000E-3	1.107830E-2
2.580000E-3	3.735858E-2
2.585000E-3	-3.640306E-2
2.590000E-3	1.775324E-2
2.595000E-3	3.224784E-2
2.600000E-3	-4.083109E-2
2.605000E-3	1.033252E-2
2.610000E-3	2.665180E-2
2.615000E-3	-2.111059E-2
2.620000E-3	2.110237E-2
2.625000E-3	5.233574E-2
2.630000E-3	1.873893E-2
2.635000E-3	1.085210E-2
2.640000E-3	3.084403E-2
2.645000E-3	-1.082742E-2
2.650000E-3	-6.498098E-3
2.655000E-3	1.671958E-2
2.660000E-3	-4.744846E-2
2.665000E-3	-3.789324E-2
2.670000E-3	3.972203E-2
2.675000E-3	-1.302224E-2
2.680000E-3	-3.817838E-2
2.685000E-3	1.359665E-2
2.690000E-3	-2.834487E-2
2.695000E-3	-1.903504E-2
2.700000E-3	2.869993E-2
2.705000E-3	7.194519E-3
2.710000E-3	-1.240534E-2
2.715000E-3	2.456939E-2
2.720000E-3	-9.589493E-3
2.725000E-3	-3.658265E-2
2.730000E-3	3.539544E-2
2.735000E-3	1.704723E-2
2.740000E-3	-4.336590E-2
2.745000E-3	1.920503E-2
2.750000E-3	3.065348E-2
2.755000E-3	-4.203063E-2
2.760000E-3	-1.230663E-2
2.765000E-3	2.225119E-2
2.770000E-3	-1.536787E-2
2.775000E-3	1.457274E-3
2.780000E-3	3.663200E-2
2.785000E-3	-2.242804E-2
2.790000E-3	-1.316345E-2
2.795000E-3	3.181052E-2
2.800000E-3	-1.937091E-2
2.805000E-3	-3.968775E-3
2.810000E-3	4.147404E-2
2.815000E-3	-4.776239E-3
2.820000E-3	-4.636407E-3
2.825000E-3	2.038813E-2
2.830000E-3	-5.105257E-3
2.835000E-3	-9.434581E-3
2.840000E-3	2.172202E-2
2.845000E-3	1.282758E-2
2.850000E-3	-7.707238E-3
2.855000E-3	1.036268E-2
2.860000E-3	9.292006E-3
2.865000E-3	2.903581E-3
2.870000E-3	2.024281E-2
2.875000E-3	8.840978E-3
2.880000E-3	-8.816302E-3
2.885000E-3	-1.495659E-3
2.890000E-3	1.370907E-3
2.895000E-3	3.314853E-3
2.900000E-3	4.637778E-3
2.905000E-3	9.996653E-3
2.910000E-3	1.347327E-2
2.915000E-3	1.013786E-2
2.920000E-3	6.976545E-3
2.925000E-3	3.664434E-3
2.930000E-3	6.947756E-3
2.935000E-3	1.074928E-2
2.940000E-3	-4.866719E-4
2.945000E-3	-1.865804E-3
2.950000E-3	4.452705E-3
2.955000E-3	-7.986903E-3
2.960000E-3	-8.511961E-3
2.965000E-3	-3.109217E-3
2.970000E-3	-1.227921E-2
2.975000E-3	-4.330695E-3
2.980000E-3	-5.223155E-4
2.985000E-3	-9.821177E-3
2.990000E-3	1.333892E-3
2.995000E-3	2.299011E-3
3.000000E-3	-9.109676E-3
3.005000E-3	4.835188E-3
3.010000E-3	5.277991E-3
3.015000E-3	-1.804113E-3
3.020000E-3	6.115615E-3
3.025000E-3	8.697033E-3
3.030000E-3	-2.113938E-3
3.035000E-3	-5.755067E-3
3.040000E-3	1.063275E-2
3.045000E-3	6.428182E-3
3.050000E-3	-7.749736E-3
3.055000E-3	3.022850E-3
3.060000E-3	9.475708E-3
3.065000E-3	-7.593453E-3
3.070000E-3	-2.795279E-3
3.075000E-3	9.970605E-3
3.080000E-3	-3.390253E-3
3.085000E-3	-6.271899E-3
3.090000E-3	1.036406E-2
3.095000E-3	-5.867481E-4
3.100000E-3	-7.531762E-3
3.105000E-3	1.403672E-2
3.110000E-3	6.869614E-3
3.115000E-3	-6.100535E-3
3.120000E-3	1.414913E-2
3.125000E-3	1.215446E-2
3.130000E-3	-9.235799E-3
3.135000E-3	6.387055E-3
3.140000E-3	1.266307E-2
3.145000E-3	-1.135659E-2
3.150000E-3	3.913939E-3
3.155000E-3	1.536101E-2
3.160000E-3	-1.080823E-2
3.165000E-3	2.002895E-3
3.170000E-3	1.763535E-2
3.175000E-3	-5.526125E-3
3.180000E-3	-9.130239E-4
3.185000E-3	2.062392E-2
3.190000E-3	4.046917E-3
3.195000E-3	1.990557E-3
3.200000E-3	2.020305E-2
3.205000E-3	1.454532E-3
3.210000E-3	-8.842349E-3
3.215000E-3	1.137853E-2
3.220000E-3	3.615081E-3
3.225000E-3	-7.471442E-3
3.230000E-3	3.717899E-3
3.235000E-3	-2.911806E-3
3.240000E-3	-5.994976E-3
3.245000E-3	7.335722E-3
3.250000E-3	2.736330E-3
3.255000E-3	-1.669765E-3
3.260000E-3	1.092339E-2
3.265000E-3	8.025289E-3
3.270000E-3	-7.416606E-4
3.275000E-3	7.629097E-3
3.280000E-3	5.146384E-3
3.285000E-3	-1.952171E-3
3.290000E-3	6.942272E-3
3.295000E-3	3.904343E-3
3.300000E-3	-7.158875E-3
3.305000E-3	7.964969E-4
3.310000E-3	3.783703E-4
3.315000E-3	-1.178432E-2
3.320000E-3	-6.838083E-3
3.325000E-3	-7.169843E-4
3.330000E-3	-3.628790E-3
3.335000E-3	4.750192E-3
3.340000E-3	9.319425E-3
3.345000E-3	3.564358E-4
3.350000E-3	2.933741E-3
3.355000E-3	9.002745E-3
3.360000E-3	-4.057884E-4
3.365000E-3	-3.098249E-4
3.370000E-3	6.366491E-3
3.375000E-3	-8.225441E-5
3.380000E-3	-8.746386E-4
3.385000E-3	8.085608E-3
3.390000E-3	6.702363E-3
3.395000E-3	3.438234E-3
3.400000E-3	7.997870E-3
3.405000E-3	2.597868E-3
3.410000E-3	-3.262758E-3
3.415000E-3	1.961768E-3
3.420000E-3	-1.394212E-3
3.425000E-3	-5.633056E-3
3.430000E-3	-3.536940E-4
3.435000E-3	2.138615E-3
3.440000E-3	1.879513E-3
3.445000E-3	7.578373E-3
3.450000E-3	1.150876E-2
3.455000E-3	8.262455E-3
3.460000E-3	1.026672E-2
3.465000E-3	1.313055E-2
3.470000E-3	5.871594E-3
3.475000E-3	2.713025E-3
3.480000E-3	3.493071E-3
3.485000E-3	6.265044E-4
3.490000E-3	-1.835644E-3
3.495000E-3	-1.791775E-3
3.500000E-3	-1.157045E-3
3.505000E-3	-3.515005E-3
3.510000E-3	-2.999544E-3
3.515000E-3	-5.593300E-4
3.520000E-3	7.444024E-4
3.525000E-3	3.861845E-3
3.530000E-3	4.533589E-3
3.535000E-3	2.212644E-3
3.540000E-3	1.524448E-3
3.545000E-3	-2.714396E-4
3.550000E-3	1.712263E-3
3.555000E-3	2.788424E-3
3.560000E-3	-9.185076E-4
3.565000E-3	-1.841128E-3
3.570000E-3	-2.286673E-3
3.575000E-3	-2.918661E-3
3.580000E-3	-1.187205E-3
3.585000E-3	3.674030E-4
3.590000E-3	4.290938E-4
3.595000E-3	2.097487E-3
3.600000E-3	2.793908E-3
3.605000E-3	-2.763748E-3
3.610000E-3	-3.609598E-3
3.615000E-3	3.209293E-3
3.620000E-3	4.704952E-3
3.625000E-3	7.940292E-3
3.630000E-3	1.034212E-2
3.635000E-3	6.868243E-3
3.640000E-3	4.300535E-3
3.645000E-3	3.413558E-3
3.650000E-3	3.424525E-3
3.655000E-3	4.005790E-3
3.660000E-3	4.506171E-3
3.665000E-3	6.369233E-3
3.670000E-3	5.925059E-3
3.675000E-3	4.879057E-3
3.680000E-3	4.407465E-3
3.685000E-3	2.614319E-3
3.690000E-3	4.515767E-3
3.695000E-3	6.026506E-3
3.700000E-3	3.390253E-3
3.705000E-3	4.562378E-3
3.710000E-3	2.179742E-3
3.715000E-3	-5.324602E-3
3.720000E-3	-1.884997E-3
3.725000E-3	1.340747E-3
3.730000E-3	-2.692461E-3
3.735000E-3	1.396954E-3
3.740000E-3	6.473422E-3
3.745000E-3	2.824068E-3
3.750000E-3	4.995584E-3
3.755000E-3	9.012341E-3
3.760000E-3	4.418433E-3
3.765000E-3	2.046764E-3
3.770000E-3	3.686368E-3
3.775000E-3	4.345775E-4
3.780000E-3	-2.175629E-3
3.785000E-3	-4.743338E-4
3.790000E-3	-3.043413E-4
3.795000E-3	-1.247525E-4
3.800000E-3	1.176238E-3
3.805000E-3	7.115006E-4
3.810000E-3	4.003048E-4
3.815000E-3	1.295507E-3
3.820000E-3	-1.096725E-3
3.825000E-3	-2.796650E-4
3.830000E-3	1.996040E-3
3.835000E-3	-1.575172E-3
3.840000E-3	-3.260016E-3
3.845000E-3	-8.444786E-4
3.850000E-3	3.989339E-4
3.855000E-3	3.536940E-4
3.860000E-3	2.496421E-3
3.865000E-3	3.421783E-3
3.870000E-3	1.221478E-3
3.875000E-3	2.112567E-3
3.880000E-3	2.787054E-3
3.885000E-3	-1.198173E-3
3.890000E-3	6.594062E-4
3.895000E-3	3.902972E-3
3.900000E-3	3.192842E-3
3.905000E-3	5.909979E-3
3.910000E-3	5.851030E-3
3.915000E-3	7.882714E-4
3.920000E-3	-1.782179E-3
3.925000E-3	8.362532E-5
3.930000E-3	1.713634E-3
3.935000E-3	4.381418E-3
3.940000E-3	1.050937E-2
3.945000E-3	1.213115E-2
3.950000E-3	8.344710E-3
3.955000E-3	6.185532E-3
3.960000E-3	4.123688E-3
3.965000E-3	2.118051E-3
3.970000E-3	3.299773E-3
3.975000E-3	3.594518E-3
3.980000E-3	3.153086E-3
3.985000E-3	4.045546E-3
3.990000E-3	2.851486E-3
3.995000E-3	9.226203E-4
4.000000E-3	2.118051E-3
4.005000E-3	1.978219E-3
4.010000E-3	-2.207160E-4
4.015000E-3	-2.741814E-5
4.020000E-3	2.070069E-4
4.025000E-3	9.472966E-4
4.030000E-3	4.242957E-3
4.035000E-3	3.967404E-3
4.040000E-3	2.050877E-3
4.045000E-3	2.523839E-3
4.050000E-3	1.364052E-3
4.055000E-3	1.531303E-3
4.060000E-3	5.934656E-3
4.065000E-3	7.527649E-3
4.070000E-3	5.047679E-3
4.075000E-3	5.298555E-3
4.080000E-3	4.027724E-3
4.085000E-3	-4.619956E-4
4.090000E-3	4.743338E-4
4.095000E-3	2.700686E-3
4.100000E-3	3.207922E-4
4.105000E-3	6.909370E-4
4.110000E-3	1.379132E-3
4.115000E-3	-1.125515E-3
4.120000E-3	4.359484E-4
4.125000E-3	3.148973E-3
4.130000E-3	6.936789E-4
4.135000E-3	3.372431E-4
4.140000E-3	3.775477E-3
4.145000E-3	3.025591E-3
4.150000E-3	1.369536E-3
4.155000E-3	4.780352E-3
4.160000E-3	5.068243E-3
4.165000E-3	2.770603E-3
4.170000E-3	4.964054E-3
4.175000E-3	4.412949E-3
4.180000E-3	9.829402E-4
4.185000E-3	3.002286E-4
4.190000E-3	-1.177609E-3
4.195000E-3	-3.874183E-3
4.200000E-3	-2.305865E-3
4.205000E-3	-8.952022E-4
4.210000E-3	-2.251029E-3
4.215000E-3	5.387664E-4
4.220000E-3	3.837168E-3
4.225000E-3	3.997564E-3
4.230000E-3	6.185532E-3
4.235000E-3	6.827116E-3
4.240000E-3	3.926277E-3
4.245000E-3	4.837930E-3
4.250000E-3	6.385684E-3
4.255000E-3	4.466414E-3
4.260000E-3	4.595280E-3
4.265000E-3	6.138921E-3
4.270000E-3	3.941357E-3
4.275000E-3	2.264738E-3
4.280000E-3	3.364205E-3
4.285000E-3	1.702666E-3
4.290000E-3	-1.878142E-4
4.295000E-3	1.013100E-3
4.300000E-3	1.442194E-3
4.305000E-3	-2.659559E-4
4.310000E-3	-3.852248E-4
4.315000E-3	1.468241E-3
4.320000E-3	1.927495E-3
4.325000E-3	2.710283E-3
4.330000E-3	3.711045E-3
4.335000E-3	3.726125E-3
4.340000E-3	4.533589E-3
4.345000E-3	5.380809E-3
4.350000E-3	4.950345E-3
4.355000E-3	5.288959E-3
4.360000E-3	4.870832E-3
4.365000E-3	2.113938E-3
4.370000E-3	2.549887E-4
4.375000E-3	-8.883476E-4
4.380000E-3	-2.821326E-3
4.385000E-3	-4.218280E-3
4.390000E-3	-4.403353E-3
4.395000E-3	-4.839301E-3
4.400000E-3	-2.892613E-3
4.405000E-3	7.827878E-4
4.410000E-3	2.113938E-3
4.415000E-3	2.638996E-3
4.420000E-3	3.650725E-3
4.425000E-3	4.223764E-3
4.430000E-3	5.450726E-3
4.435000E-3	6.303430E-3
4.440000E-3	4.958570E-3
4.445000E-3	2.936482E-3
4.450000E-3	2.888501E-3
4.455000E-3	3.072202E-3
4.460000E-3	1.912415E-3
4.465000E-3	1.174867E-3
4.470000E-3	2.893984E-3
4.475000E-3	4.355371E-3
4.480000E-3	3.684998E-3
4.485000E-3	2.530694E-3
4.490000E-3	1.780808E-3
4.495000E-3	9.706020E-4
4.500000E-3	9.130239E-4
4.505000E-3	2.292156E-3
4.510000E-3	3.264129E-3
4.515000E-3	5.116224E-3
4.520000E-3	6.314397E-3
4.525000E-3	7.045090E-3
4.530000E-3	5.975783E-3
4.535000E-3	4.574716E-3
4.540000E-3	4.573345E-3
4.545000E-3	4.262149E-3
4.550000E-3	4.297793E-3
4.555000E-3	4.251182E-3
4.560000E-3	3.817976E-3
4.565000E-3	4.340291E-3
4.570000E-3	2.998173E-3
4.575000E-3	2.604723E-3
4.580000E-3	1.573801E-3
4.585000E-3	1.630008E-3
4.590000E-3	3.276467E-3
4.595000E-3	3.239453E-3
4.600000E-3	4.684389E-3
4.605000E-3	5.378067E-3
4.610000E-3	3.541052E-3
4.615000E-3	2.278447E-3
4.620000E-3	1.226962E-3
4.625000E-3	1.466870E-4
4.630000E-3	7.060170E-4
4.635000E-3	7.142425E-4
4.640000E-3	-1.137853E-4
4.645000E-3	-6.731153E-4
4.650000E-3	-5.456209E-4
4.655000E-3	-1.195431E-3
4.660000E-3	-1.435339E-3
4.665000E-3	-6.758571E-4
4.670000E-3	-1.235187E-3
4.675000E-3	-7.389188E-4
4.680000E-3	1.406550E-3
4.685000E-3	2.092004E-3
4.690000E-3	3.162682E-3
4.695000E-3	4.304647E-3
4.700000E-3	3.660321E-3
4.705000E-3	3.099620E-3
4.710000E-3	2.023458E-3
4.715000E-3	5.086064E-4
4.720000E-3	1.316071E-4
4.725000E-3	9.404421E-4
4.730000E-3	8.979440E-4
4.735000E-3	1.568317E-3
4.740000E-3	2.917290E-3
4.745000E-3	2.009749E-3
4.750000E-3	9.980202E-4
4.755000E-3	2.474487E-3
4.760000E-3	1.756132E-3
4.765000E-3	4.482865E-4
4.770000E-3	1.191318E-3
4.775000E-3	1.251638E-3
4.780000E-3	4.496574E-4
4.785000E-3	1.377761E-3
4.790000E-3	2.157807E-3
4.795000E-3	6.045699E-4
4.800000E-3	1.333892E-3
4.805000E-3	3.388882E-3
4.810000E-3	2.093375E-3
4.815000E-3	2.930999E-3
4.820000E-3	5.419195E-3
4.825000E-3	4.633665E-3
4.830000E-3	4.323840E-3
4.835000E-3	5.616605E-3
4.840000E-3	4.160702E-3
4.845000E-3	2.171516E-3
4.850000E-3	2.966642E-3
4.855000E-3	1.168013E-3
4.860000E-3	-1.566947E-3
4.865000E-3	-1.974106E-4
4.870000E-3	-7.526278E-4
4.875000E-3	-2.969384E-3
4.880000E-3	1.357198E-3
4.885000E-3	3.587663E-3
4.890000E-3	1.757503E-3
4.895000E-3	5.497336E-3
4.900000E-3	6.011426E-3
4.905000E-3	3.532827E-3
4.910000E-3	5.210817E-3
4.915000E-3	5.102515E-3
4.920000E-3	2.368927E-3
4.925000E-3	4.290938E-3
4.930000E-3	5.445242E-3
4.935000E-3	3.036559E-3
4.940000E-3	3.637016E-3
4.945000E-3	4.880428E-3
4.950000E-3	1.916528E-3
4.955000E-3	1.222849E-3
4.960000E-3	3.564358E-3
4.965000E-3	3.290176E-5
4.970000E-3	-1.370907E-4
4.975000E-3	3.512263E-3
4.980000E-3	6.196499E-4
4.985000E-3	-2.755523E-4
4.990000E-3	2.608836E-3
4.995000E-3	2.086520E-3
5.000000E-3	-5.593300E-4
5.005000E-3	1.239300E-3
5.010000E-3	7.800460E-4
5.015000E-3	-2.421021E-3
5.020000E-3	2.814472E-3
5.025000E-3	5.249202E-3
5.030000E-3	2.920032E-3
5.035000E-3	7.257581E-3
5.040000E-3	7.494748E-3
5.045000E-3	2.574563E-3
5.050000E-3	4.445851E-3
5.055000E-3	4.104495E-3
5.060000E-3	1.398325E-4
5.065000E-3	2.041280E-3
5.070000E-3	3.094137E-3
5.075000E-3	-4.016757E-4
5.080000E-3	4.866719E-4
5.085000E-3	2.495050E-3
5.090000E-3	-1.136482E-3
5.095000E-3	2.097487E-4
5.100000E-3	4.258037E-3
5.105000E-3	1.565576E-3
5.110000E-3	1.505256E-3
5.115000E-3	5.360246E-3
5.120000E-3	3.120184E-3
5.125000E-3	1.072049E-3
5.130000E-3	3.658950E-3
5.135000E-3	1.457274E-3
5.140000E-3	-1.254380E-3
5.145000E-3	3.286064E-3
5.150000E-3	3.573954E-3
5.155000E-3	1.880884E-3
5.160000E-3	5.574107E-3
5.165000E-3	4.504800E-3
5.170000E-3	-1.891851E-4
5.175000E-3	1.413405E-3
5.180000E-3	7.937551E-4
5.185000E-3	-1.498401E-3
5.190000E-3	1.521707E-4
5.195000E-3	1.805484E-3
5.200000E-3	1.791775E-3
5.205000E-3	3.236711E-3
5.210000E-3	5.550802E-3
5.215000E-3	3.720641E-3
5.220000E-3	2.304494E-3
5.225000E-3	3.549278E-3
5.230000E-3	1.401067E-3
5.235000E-3	1.798630E-3
5.240000E-3	5.145013E-3
5.245000E-3	4.173040E-3
5.250000E-3	3.127038E-3
5.255000E-3	3.335416E-3
5.260000E-3	1.235187E-3
5.265000E-3	-5.319118E-4
5.270000E-3	-2.357960E-4
5.275000E-3	-5.072355E-4
5.280000E-3	-1.418889E-3
5.285000E-3	6.717443E-4
5.290000E-3	1.801372E-3
5.295000E-3	2.234578E-4
5.300000E-3	2.026200E-3
5.305000E-3	2.545774E-3
5.310000E-3	9.897947E-4
5.315000E-3	2.373040E-3
5.320000E-3	2.510130E-3
5.325000E-3	1.364052E-3
5.330000E-3	1.110435E-3
5.335000E-3	2.597868E-3
5.340000E-3	1.945317E-3
5.345000E-3	1.868546E-3
5.350000E-3	4.123688E-3
5.355000E-3	3.106475E-3
5.360000E-3	1.619041E-3
5.365000E-3	3.269613E-3
5.370000E-3	2.389491E-3
5.375000E-3	2.053618E-3
5.380000E-3	4.157960E-3
5.385000E-3	4.162073E-3
5.390000E-3	4.056513E-3
5.395000E-3	4.641891E-3
5.400000E-3	4.482865E-3
5.405000E-3	2.570450E-3
5.410000E-3	2.133131E-3
5.415000E-3	2.459407E-3
5.420000E-3	5.483627E-4
5.425000E-3	1.757503E-3
5.430000E-3	2.666414E-3
5.435000E-3	1.942575E-3
5.440000E-3	3.102362E-3
5.445000E-3	3.258646E-3
5.450000E-3	2.511501E-3
5.455000E-3	2.870679E-3
5.460000E-3	3.706932E-3
5.465000E-3	3.026962E-3
5.470000E-3	2.308607E-3
5.475000E-3	2.940595E-3
5.480000E-3	1.429856E-3
5.485000E-3	1.051486E-3
5.490000E-3	1.971364E-3
5.495000E-3	1.206398E-3
5.500000E-3	1.423001E-3
5.505000E-3	1.837015E-3
5.510000E-3	6.182790E-4
5.515000E-3	6.854534E-5
5.520000E-3	6.141663E-4
5.525000E-3	7.786751E-4
5.530000E-3	9.801984E-4
5.535000E-3	2.906322E-3
5.540000E-3	4.178524E-3
5.545000E-3	4.229248E-3
5.550000E-3	5.328715E-3
5.555000E-3	5.574107E-3
5.560000E-3	4.311502E-3
5.565000E-3	3.590405E-3
5.570000E-3	2.507389E-3
5.575000E-3	1.746535E-3
5.580000E-3	1.963139E-3
5.585000E-3	1.843870E-3
5.590000E-3	8.842349E-4
5.595000E-3	9.404421E-4
5.600000E-3	1.144707E-3
5.605000E-3	5.853772E-4
5.610000E-3	1.189947E-3
5.615000E-3	1.954913E-3
5.620000E-3	1.802742E-3
5.625000E-3	2.096117E-3
5.630000E-3	2.427876E-3
5.635000E-3	1.993299E-3
5.640000E-3	2.320945E-3
5.645000E-3	3.133893E-3
5.650000E-3	2.928257E-3
5.655000E-3	2.815843E-3
5.660000E-3	2.692461E-3
5.665000E-3	1.440823E-3
5.670000E-3	1.011729E-3
5.675000E-3	1.385987E-3
5.680000E-3	9.377003E-4
5.685000E-3	1.194060E-3
5.690000E-3	2.061844E-3
5.695000E-3	1.731455E-3
5.700000E-3	1.048744E-3
5.705000E-3	1.884997E-3
5.710000E-3	1.768470E-3
5.715000E-3	9.692311E-4
5.720000E-3	1.771212E-3
5.725000E-3	2.431989E-3
5.730000E-3	2.271593E-3
5.735000E-3	3.036559E-3
5.740000E-3	3.521860E-3
5.745000E-3	2.948821E-3
5.750000E-3	3.472507E-3
5.755000E-3	4.351258E-3
5.760000E-3	3.918052E-3
5.765000E-3	3.750801E-3
5.770000E-3	3.682256E-3
5.775000E-3	2.748668E-3
5.780000E-3	2.349734E-3
5.785000E-3	2.421021E-3
5.790000E-3	1.269460E-3
5.795000E-3	2.810359E-4
5.800000E-3	3.865957E-4
5.805000E-3	1.041889E-4
5.810000E-3	-9.596348E-5
5.815000E-3	5.250573E-4
5.820000E-3	1.151562E-3
5.825000E-3	1.817822E-3
5.830000E-3	3.014624E-3
5.835000E-3	3.807008E-3
5.840000E-3	4.497945E-3
5.845000E-3	4.761159E-3
5.850000E-3	4.476011E-3
5.855000E-3	4.677534E-3
5.860000E-3	5.242348E-3
5.865000E-3	5.759180E-3
5.870000E-3	6.188273E-3
5.875000E-3	5.933285E-3
5.880000E-3	5.216300E-3
5.885000E-3	4.259408E-3
5.890000E-3	3.545165E-3
5.895000E-3	2.758265E-3
5.900000E-3	2.301753E-3
5.905000E-3	2.271593E-3
5.910000E-3	2.378523E-3
5.915000E-3	2.338767E-3
5.920000E-3	2.259254E-3
5.925000E-3	1.668394E-3
5.930000E-3	1.191318E-3
5.935000E-3	1.464128E-3
5.940000E-3	2.205789E-3
5.945000E-3	2.818584E-3
5.950000E-3	3.831685E-3
5.955000E-3	4.709065E-3
5.960000E-3	4.563749E-3
5.965000E-3	3.811121E-3
5.970000E-3	3.247678E-3
5.975000E-3	2.996802E-3
5.980000E-3	3.270984E-3
5.985000E-3	3.715158E-3
5.990000E-3	4.171669E-3
5.995000E-3	4.234731E-3
6.000000E-3	3.299773E-3
6.005000E-3	1.753390E-3
6.010000E-3	2.097487E-4
6.015000E-3	-7.279515E-4
6.020000E-3	-1.388729E-3
6.025000E-3	-1.878142E-3
6.030000E-3	-1.943946E-3
6.035000E-3	-1.532674E-3
6.040000E-3	-7.827878E-4
6.045000E-3	5.209446E-4
6.050000E-3	1.310587E-3
6.055000E-3	1.601219E-3
6.060000E-3	1.997411E-3
6.065000E-3	2.312720E-3
6.070000E-3	2.181113E-3
6.075000E-3	2.309978E-3
6.080000E-3	2.157807E-3
6.085000E-3	2.013862E-3
6.090000E-3	1.793146E-3
6.095000E-3	1.462758E-3
6.100000E-3	1.087129E-3
6.105000E-3	7.786751E-4
6.110000E-3	6.031990E-4
6.115000E-3	4.044175E-4
6.120000E-3	3.646612E-4
6.125000E-3	3.879666E-4
6.130000E-3	8.033514E-4
6.135000E-3	1.237929E-3
6.140000E-3	1.683474E-3
6.145000E-3	1.524448E-3
6.150000E-3	1.147449E-3
6.155000E-3	8.156896E-4
6.160000E-3	4.277229E-4
6.165000E-3	4.565120E-4
6.170000E-3	1.087129E-3
6.175000E-3	1.776695E-3
6.180000E-3	2.299011E-3
6.185000E-3	2.474487E-3
6.190000E-3	2.427876E-3
6.195000E-3	2.389491E-3
6.200000E-3	2.536178E-3
6.205000E-3	2.514243E-3
6.210000E-3	2.275705E-3
6.215000E-3	2.039909E-3
6.220000E-3	1.789033E-3
6.225000E-3	1.461387E-3
6.230000E-3	1.247525E-3
6.235000E-3	1.155674E-3
6.240000E-3	1.096725E-3
6.245000E-3	1.506627E-3
6.250000E-3	1.932979E-3
6.255000E-3	2.104342E-3
6.260000E-3	1.994669E-3
6.265000E-3	1.924753E-3
6.270000E-3	1.704037E-3
6.275000E-3	1.475096E-3
6.280000E-3	1.451790E-3
6.285000E-3	1.725972E-3
6.290000E-3	2.363443E-3
6.295000E-3	3.063977E-3
6.300000E-3	3.702819E-3
6.305000E-3	3.807008E-3
6.310000E-3	3.782332E-3
6.315000E-3	3.465652E-3
6.320000E-3	3.299773E-3
6.325000E-3	2.959788E-3
6.330000E-3	2.818584E-3
6.335000E-3	2.500534E-3
6.340000E-3	2.004266E-3
6.345000E-3	1.627266E-3
6.350000E-3	1.594365E-3
6.355000E-3	1.438081E-3
6.360000E-3	1.392841E-3
6.365000E-3	1.660168E-3
6.370000E-3	1.912415E-3
6.375000E-3	2.251029E-3
6.380000E-3	2.837777E-3
6.385000E-3	3.158569E-3
6.390000E-3	3.276467E-3
6.395000E-3	3.324449E-3
6.400000E-3	3.591776E-3
6.405000E-3	3.653467E-3
6.410000E-3	3.946841E-3
6.415000E-3	4.003048E-3
6.420000E-3	4.185379E-3
6.425000E-3	4.060626E-3
6.430000E-3	3.754914E-3
6.435000E-3	3.719270E-3
6.440000E-3	3.701448E-3
6.445000E-3	3.960550E-3
6.450000E-3	4.423916E-3
6.455000E-3	4.550040E-3
6.460000E-3	4.778981E-3
6.465000E-3	4.730999E-3
6.470000E-3	4.414320E-3
6.475000E-3	4.269004E-3
6.480000E-3	4.048288E-3
6.485000E-3	4.142880E-3
6.490000E-3	4.351258E-3
6.495000E-3	4.526734E-3
6.500000E-3	4.118204E-3
6.505000E-3	3.626049E-3
6.510000E-3	2.991319E-3
6.515000E-3	2.181113E-3
6.520000E-3	1.603961E-3
6.525000E-3	1.534045E-3
6.530000E-3	1.321554E-3
6.535000E-3	1.192689E-3
6.540000E-3	1.206398E-3
6.545000E-3	1.645088E-3
6.550000E-3	2.090633E-3
6.555000E-3	2.741814E-3
6.560000E-3	3.312111E-3
6.565000E-3	3.495812E-3
6.570000E-3	3.509521E-3
6.575000E-3	3.469765E-3
6.580000E-3	3.121555E-3
6.585000E-3	2.998173E-3
6.590000E-3	2.847373E-3
6.595000E-3	2.680123E-3
6.600000E-3	2.506018E-3
6.605000E-3	2.514243E-3
6.610000E-3	2.466261E-3
6.615000E-3	2.440214E-3
6.620000E-3	2.404571E-3
6.625000E-3	2.079666E-3
6.630000E-3	1.906931E-3
6.635000E-3	1.819193E-3
6.640000E-3	1.734197E-3
6.645000E-3	1.842499E-3
6.650000E-3	1.723230E-3
6.655000E-3	1.013100E-3
6.660000E-3	6.114244E-4
6.665000E-3	4.990101E-4
6.670000E-3	5.771518E-4
6.675000E-3	4.729629E-4
6.680000E-3	3.509521E-4
6.685000E-3	-5.620718E-5
6.690000E-3	-1.288652E-4
6.695000E-3	-7.539988E-5
6.700000E-3	1.782179E-5
6.705000E-3	3.084540E-4
6.710000E-3	8.431077E-4
6.715000E-3	1.450419E-3
6.720000E-3	1.702666E-3
6.725000E-3	1.771212E-3
6.730000E-3	1.963139E-3
6.735000E-3	2.156436E-3
6.740000E-3	2.139986E-3
6.745000E-3	2.320945E-3
6.750000E-3	2.496421E-3
6.755000E-3	2.713025E-3
6.760000E-3	2.750039E-3
6.765000E-3	2.776086E-3
6.770000E-3	2.511501E-3
6.775000E-3	2.385378E-3
6.780000E-3	2.408683E-3
6.785000E-3	2.234578E-3
6.790000E-3	1.931608E-3
6.795000E-3	1.646459E-3
6.800000E-3	1.713634E-3
6.805000E-3	1.416147E-3
6.810000E-3	1.635492E-3
6.815000E-3	2.153695E-3
6.820000E-3	2.711654E-3
6.825000E-3	3.493071E-3
6.830000E-3	3.922164E-3
6.835000E-3	4.162073E-3
6.840000E-3	3.601372E-3
6.845000E-3	3.040671E-3
6.850000E-3	2.390862E-3
6.855000E-3	1.795888E-3
6.860000E-3	1.361310E-3
6.865000E-3	1.338005E-3
6.870000E-3	1.052856E-3
6.875000E-3	9.870529E-4
6.880000E-3	9.075403E-4
6.885000E-3	8.033514E-4
6.890000E-3	9.843111E-4
6.895000E-3	1.342118E-3
6.900000E-3	1.882255E-3
6.905000E-3	2.231836E-3
6.910000E-3	2.559483E-3
6.915000E-3	2.750039E-3
6.920000E-3	2.437472E-3
6.925000E-3	2.108455E-3
6.930000E-3	2.023458E-3
6.935000E-3	2.152324E-3
6.940000E-3	2.193451E-3
6.945000E-3	2.640367E-3
6.950000E-3	3.047526E-3
6.955000E-3	3.401220E-3
6.960000E-3	3.754914E-3
6.965000E-3	3.800154E-3
6.970000E-3	3.536940E-3
6.975000E-3	3.203809E-3
6.980000E-3	2.782941E-3
6.985000E-3	2.192080E-3
6.990000E-3	1.673877E-3
6.995000E-3	1.329780E-3
7.000000E-3	1.539528E-3
7.005000E-3	1.863062E-3
7.010000E-3	2.348363E-3
7.015000E-3	2.519727E-3
7.020000E-3	2.389491E-3
7.025000E-3	1.978219E-3
7.030000E-3	1.462758E-3
7.035000E-3	8.883476E-4
7.040000E-3	6.950498E-4
7.045000E-3	8.965731E-4
7.050000E-3	1.509368E-3
7.055000E-3	2.072811E-3
7.060000E-3	2.666414E-3
7.065000E-3	2.887130E-3
7.070000E-3	2.959788E-3
7.075000E-3	3.144860E-3
7.080000E-3	2.948821E-3
7.085000E-3	2.815843E-3
7.090000E-3	2.452552E-3
7.095000E-3	2.059102E-3
7.100000E-3	1.484692E-3
7.105000E-3	1.229703E-3
7.110000E-3	8.156896E-4
7.115000E-3	7.841587E-4
7.120000E-3	9.253621E-4
7.125000E-3	9.993911E-4
7.130000E-3	1.329780E-3
7.135000E-3	1.608074E-3
7.140000E-3	1.614928E-3
7.145000E-3	1.683474E-3
7.150000E-3	1.767099E-3
7.155000E-3	1.982331E-3
7.160000E-3	2.030313E-3
7.165000E-3	2.226353E-3
7.170000E-3	2.292156E-3
7.175000E-3	2.518356E-3
7.180000E-3	2.667785E-3
7.185000E-3	2.981722E-3
7.190000E-3	3.442347E-3
7.195000E-3	3.653467E-3
7.200000E-3	3.948212E-3
7.205000E-3	3.926277E-3
7.210000E-3	3.985226E-3
7.215000E-3	4.078448E-3
7.220000E-3	4.182637E-3
7.225000E-3	3.907084E-3
7.230000E-3	3.446460E-3
7.235000E-3	3.120184E-3
7.240000E-3	2.754152E-3
7.245000E-3	2.268851E-3
7.250000E-3	1.939833E-3
7.255000E-3	2.067327E-3
7.260000E-3	2.079666E-3
7.265000E-3	2.152324E-3
7.270000E-3	2.161920E-3
7.275000E-3	2.163291E-3
7.280000E-3	2.108455E-3
7.285000E-3	1.976848E-3
7.290000E-3	1.978219E-3
7.295000E-3	1.721859E-3
7.300000E-3	1.417518E-3
7.305000E-3	1.377761E-3
7.310000E-3	1.269460E-3
7.315000E-3	9.047985E-4
7.320000E-3	9.472966E-4
7.325000E-3	9.514093E-4
7.330000E-3	1.056969E-3
7.335000E-3	1.269460E-3
7.340000E-3	1.432598E-3
7.345000E-3	1.630008E-3
7.350000E-3	1.871288E-3
7.355000E-3	2.159178E-3
7.360000E-3	2.248287E-3
7.365000E-3	2.112567E-3
7.370000E-3	2.220869E-3
7.375000E-3	2.368927E-3
7.380000E-3	2.456665E-3
7.385000E-3	2.379894E-3
7.390000E-3	2.135873E-3
7.395000E-3	1.828790E-3
7.400000E-3	1.405180E-3
7.405000E-3	1.191318E-3
7.410000E-3	1.120031E-3
7.415000E-3	1.348972E-3
7.420000E-3	1.635492E-3
7.425000E-3	1.861691E-3
7.430000E-3	2.281189E-3
7.435000E-3	2.872050E-3
7.440000E-3	3.361464E-3
7.445000E-3	3.768623E-3
7.450000E-3	3.896117E-3
7.455000E-3	3.783703E-3
7.460000E-3	3.767252E-3
7.465000E-3	3.767252E-3
7.470000E-3	3.701448E-3
7.475000E-3	3.434122E-3
7.480000E-3	3.412187E-3
7.485000E-3	3.092766E-3
7.490000E-3	3.077686E-3
7.495000E-3	2.878904E-3
7.500000E-3	2.415538E-3
7.505000E-3	1.846611E-3
7.510000E-3	1.543641E-3
7.515000E-3	1.546383E-3
7.520000E-3	1.612186E-3
7.525000E-3	1.680732E-3
7.530000E-3	1.558721E-3
7.535000E-3	1.653314E-3
7.540000E-3	1.534045E-3
7.545000E-3	1.299620E-3
7.550000E-3	1.321554E-3
7.555000E-3	1.368165E-3
7.560000E-3	1.784921E-3
7.565000E-3	2.352476E-3
7.570000E-3	2.649963E-3
7.575000E-3	2.887130E-3
7.580000E-3	3.087282E-3
7.585000E-3	2.774715E-3
7.590000E-3	2.268851E-3
7.595000E-3	1.627266E-3
7.600000E-3	1.155674E-3
7.605000E-3	7.238388E-4
7.610000E-3	1.919270E-4
7.615000E-3	-2.933741E-4
7.620000E-3	-3.961921E-4
7.625000E-3	-4.222393E-4
7.630000E-3	-1.425743E-4
7.635000E-3	5.154610E-4
7.640000E-3	9.801984E-4
7.645000E-3	1.586139E-3
7.650000E-3	2.277076E-3
7.655000E-3	2.981722E-3
7.660000E-3	3.161311E-3
7.665000E-3	3.519118E-3
7.670000E-3	3.955066E-3
7.675000E-3	4.221022E-3
7.680000E-3	4.252553E-3
7.685000E-3	4.458189E-3
7.690000E-3	4.497945E-3
7.695000E-3	4.279971E-3
7.700000E-3	3.946841E-3
7.705000E-3	3.641129E-3
7.710000E-3	3.331304E-3
7.715000E-3	2.917290E-3
7.720000E-3	2.473116E-3
7.725000E-3	1.948059E-3
7.730000E-3	1.424372E-3
7.735000E-3	1.518965E-3
7.740000E-3	1.705408E-3
7.745000E-3	2.011120E-3
7.750000E-3	2.537549E-3
7.755000E-3	2.843261E-3
7.760000E-3	3.194213E-3
7.765000E-3	3.343642E-3
7.770000E-3	3.377914E-3
7.775000E-3	3.316224E-3
7.780000E-3	3.436863E-3
7.785000E-3	3.257275E-3
7.790000E-3	3.276467E-3
7.795000E-3	3.227115E-3
7.800000E-3	3.114700E-3
7.805000E-3	2.976239E-3
7.810000E-3	2.965271E-3
7.815000E-3	2.682865E-3
7.820000E-3	2.591014E-3
7.825000E-3	2.445698E-3
7.830000E-3	2.312720E-3
7.835000E-3	2.177000E-3
7.840000E-3	2.101600E-3
7.845000E-3	1.786292E-3
7.850000E-3	1.534045E-3
7.855000E-3	1.236558E-3
7.860000E-3	1.566947E-3
7.865000E-3	1.983702E-3
7.870000E-3	2.122164E-3
7.875000E-3	2.293527E-3
7.880000E-3	2.596498E-3
7.885000E-3	2.968013E-3
7.890000E-3	3.220260E-3
7.895000E-3	3.083169E-3
7.900000E-3	2.741814E-3
7.905000E-3	2.390862E-3
7.910000E-3	1.854837E-3
7.915000E-3	1.473725E-3
7.920000E-3	1.291394E-3
7.925000E-3	1.150191E-3
7.930000E-3	1.056969E-3
7.935000E-3	1.024067E-3
7.940000E-3	1.213253E-3
7.945000E-3	1.344860E-3
7.950000E-3	1.346231E-3
7.955000E-3	1.469612E-3
7.960000E-3	1.495659E-3
7.965000E-3	1.795888E-3
7.970000E-3	2.122164E-3
7.975000E-3	2.558112E-3
7.980000E-3	2.499163E-3
7.985000E-3	2.325058E-3
7.990000E-3	2.315462E-3
7.995000E-3	2.130389E-3
8.000000E-3	1.963139E-3
8.005000E-3	1.677990E-3
8.010000E-3	1.566947E-3
8.015000E-3	1.476467E-3
8.020000E-3	1.573801E-3
8.025000E-3	1.891851E-3
8.030000E-3	1.960397E-3
8.035000E-3	2.065957E-3
8.040000E-3	2.466261E-3
8.045000E-3	2.540290E-3
8.050000E-3	2.453923E-3
8.055000E-3	2.219498E-3
8.060000E-3	2.137244E-3
8.065000E-3	2.020717E-3
8.070000E-3	1.886368E-3
8.075000E-3	2.087891E-3
8.080000E-3	2.164662E-3
8.085000E-3	2.160549E-3
8.090000E-3	2.366185E-3
8.095000E-3	2.054989E-3
8.100000E-3	1.819193E-3
8.105000E-3	1.595736E-3
8.110000E-3	1.321554E-3
8.115000E-3	1.024067E-3
8.120000E-3	1.085758E-3
8.125000E-3	1.277685E-3
8.130000E-3	1.672506E-3
8.135000E-3	1.878142E-3
8.140000E-3	2.120793E-3
8.145000E-3	2.277076E-3
8.150000E-3	2.356589E-3
8.155000E-3	2.356589E-3
8.160000E-3	2.263367E-3
8.165000E-3	2.489567E-3
8.170000E-3	2.652705E-3
8.175000E-3	2.566338E-3
8.180000E-3	2.569079E-3
8.185000E-3	2.799392E-3
8.190000E-3	2.959788E-3
8.195000E-3	2.939224E-3
8.200000E-3	2.680123E-3
8.205000E-3	2.431989E-3
8.210000E-3	2.224982E-3
8.215000E-3	2.331913E-3
8.220000E-3	2.220869E-3
8.225000E-3	2.289414E-3
8.230000E-3	2.490938E-3
8.235000E-3	2.522469E-3
8.240000E-3	2.589643E-3
8.245000E-3	2.798021E-3
8.250000E-3	2.814472E-3
8.255000E-3	2.972126E-3
8.260000E-3	3.269613E-3
8.265000E-3	3.682256E-3
8.270000E-3	3.487587E-3
8.275000E-3	3.440976E-3
8.280000E-3	3.281951E-3
8.285000E-3	2.965271E-3
8.290000E-3	2.920032E-3
8.295000E-3	2.972126E-3
8.300000E-3	3.068089E-3
8.305000E-3	3.161311E-3
8.310000E-3	3.054380E-3
8.315000E-3	2.851486E-3
8.320000E-3	2.636254E-3
8.325000E-3	2.279818E-3
8.330000E-3	1.919270E-3
8.335000E-3	1.619041E-3
8.340000E-3	1.385987E-3
8.345000E-3	9.239912E-4
8.350000E-3	7.841587E-4
8.355000E-3	7.115006E-4
8.360000E-3	1.132369E-3
8.365000E-3	1.336634E-3
8.370000E-3	1.443565E-3
8.375000E-3	1.665652E-3
8.380000E-3	1.787663E-3
8.385000E-3	1.932979E-3
8.390000E-3	1.911044E-3
8.395000E-3	1.874030E-3
8.400000E-3	1.617670E-3
8.405000E-3	1.373649E-3
8.410000E-3	1.051486E-3
8.415000E-3	7.306933E-4
8.420000E-3	3.427267E-4
8.425000E-3	-2.056360E-5
8.430000E-3	-9.596348E-6
8.435000E-3	2.289414E-4
8.440000E-3	4.167557E-4
8.445000E-3	8.993149E-4
8.450000E-3	1.465499E-3
8.455000E-3	2.235949E-3
8.460000E-3	3.013253E-3
8.465000E-3	3.504038E-3
8.470000E-3	3.964663E-3
8.475000E-3	3.959179E-3
8.480000E-3	3.728867E-3
8.485000E-3	3.719270E-3
8.490000E-3	3.368318E-3
8.495000E-3	3.065348E-3
8.500000E-3	3.095508E-3
8.505000E-3	2.771974E-3
8.510000E-3	2.667785E-3
8.515000E-3	2.643108E-3
8.520000E-3	2.469003E-3
8.525000E-3	2.401829E-3
8.530000E-3	2.305865E-3
8.535000E-3	2.044022E-3
8.540000E-3	1.797259E-3
8.545000E-3	1.708150E-3
8.550000E-3	1.531303E-3
8.555000E-3	1.524448E-3
8.560000E-3	1.728714E-3
8.565000E-3	2.072811E-3
8.570000E-3	2.220869E-3
8.575000E-3	2.377152E-3
8.580000E-3	2.333283E-3
8.585000E-3	2.149582E-3
8.590000E-3	2.189338E-3
8.595000E-3	1.932979E-3
8.600000E-3	1.580656E-3
8.605000E-3	1.206398E-3
8.610000E-3	9.719729E-4
8.615000E-3	1.002133E-3
8.620000E-3	1.194060E-3
8.625000E-3	1.188576E-3
8.630000E-3	1.139224E-3
8.635000E-3	1.055598E-3
8.640000E-3	1.113176E-3
8.645000E-3	1.047373E-3
8.650000E-3	1.140594E-3
8.655000E-3	1.409292E-3
8.660000E-3	1.438081E-3
8.665000E-3	1.416147E-3
8.670000E-3	1.499772E-3
8.675000E-3	1.598477E-3
8.680000E-3	1.699924E-3
8.685000E-3	1.793146E-3
8.690000E-3	2.122164E-3
8.695000E-3	2.253771E-3
8.700000E-3	2.756894E-3
8.705000E-3	2.920032E-3
8.710000E-3	2.649963E-3
8.715000E-3	2.422392E-3
8.720000E-3	2.079666E-3
8.725000E-3	1.784921E-3
8.730000E-3	1.688957E-3
8.735000E-3	1.658797E-3
8.740000E-3	1.734197E-3
8.745000E-3	1.917899E-3
8.750000E-3	2.201676E-3
8.755000E-3	2.455294E-3
8.760000E-3	2.538919E-3
8.765000E-3	2.723992E-3
8.770000E-3	2.917290E-3
8.775000E-3	3.003657E-3
8.780000E-3	2.980351E-3
8.785000E-3	3.268242E-3
8.790000E-3	3.307998E-3
8.795000E-3	3.288805E-3
8.800000E-3	3.438234E-3
8.805000E-3	3.394365E-3
8.810000E-3	3.402591E-3
8.815000E-3	3.450572E-3
8.820000E-3	3.702819E-3
8.825000E-3	3.830314E-3
8.830000E-3	3.956437E-3
8.835000E-3	3.794670E-3
8.840000E-3	3.430009E-3
8.845000E-3	3.369689E-3
8.850000E-3	3.122926E-3
8.855000E-3	2.911806E-3
8.860000E-3	2.826810E-3
8.865000E-3	2.830923E-3
8.870000E-3	2.874792E-3
8.875000E-3	2.781570E-3
8.880000E-3	2.972126E-3
8.885000E-3	3.013253E-3
8.890000E-3	3.195584E-3
8.895000E-3	3.111959E-3
8.900000E-3	3.055751E-3
8.905000E-3	2.839148E-3
8.910000E-3	2.667785E-3
8.915000E-3	2.322316E-3
8.920000E-3	2.028942E-3
8.925000E-3	1.539528E-3
8.930000E-3	1.129627E-3
8.935000E-3	1.058340E-3
8.940000E-3	1.011729E-3
8.945000E-3	8.787513E-4
8.950000E-3	7.567406E-4
8.955000E-3	8.074641E-4
8.960000E-3	1.109064E-3
8.965000E-3	1.276314E-3
8.970000E-3	1.357198E-3
8.975000E-3	1.449049E-3
8.980000E-3	1.512110E-3
8.985000E-3	1.590252E-3
8.990000E-3	1.656055E-3
8.995000E-3	1.536787E-3
9.000000E-3	1.058340E-3
9.005000E-3	9.637475E-4
9.010000E-3	6.977916E-4
9.015000E-3	2.810359E-4
9.020000E-3	2.316833E-4
9.025000E-3	3.249049E-4
9.030000E-3	1.919270E-4
9.035000E-3	2.138615E-4
9.040000E-3	9.185076E-5
9.045000E-3	7.539988E-5
9.050000E-3	4.853010E-4
9.055000E-3	9.267330E-4
9.060000E-3	1.497030E-3
9.065000E-3	1.865804E-3
9.070000E-3	2.192080E-3
9.075000E-3	2.429247E-3
9.080000E-3	2.787054E-3
9.085000E-3	2.946079E-3
9.090000E-3	3.059864E-3
9.095000E-3	2.773345E-3
9.100000E-3	2.697945E-3
9.105000E-3	2.781570E-3
9.110000E-3	2.612948E-3
9.115000E-3	2.814472E-3
9.120000E-3	3.076315E-3
9.125000E-3	2.848744E-3
9.130000E-3	2.902210E-3
9.135000E-3	2.917290E-3
9.140000E-3	2.741814E-3
9.145000E-3	2.826810E-3
9.150000E-3	2.955675E-3
9.155000E-3	2.884388E-3
9.160000E-3	2.732217E-3
9.165000E-3	2.615690E-3
9.170000E-3	2.803504E-3
9.175000E-3	2.774715E-3
9.180000E-3	2.867937E-3
9.185000E-3	2.862453E-3
9.190000E-3	2.991319E-3
9.195000E-3	2.904952E-3
9.200000E-3	3.013253E-3
9.205000E-3	2.918661E-3
9.210000E-3	2.818584E-3
9.215000E-3	2.870679E-3
9.220000E-3	2.913177E-3
9.225000E-3	2.930999E-3
9.230000E-3	2.706170E-3
9.235000E-3	2.412796E-3
9.240000E-3	2.175629E-3
9.245000E-3	2.257884E-3
9.250000E-3	2.075553E-3
9.255000E-3	1.931608E-3
9.260000E-3	1.948059E-3
9.265000E-3	1.806855E-3
9.270000E-3	1.686215E-3
9.275000E-3	1.528561E-3
9.280000E-3	1.274943E-3
9.285000E-3	1.217365E-3
9.290000E-3	1.366794E-3
9.295000E-3	1.473725E-3
9.300000E-3	1.745164E-3
9.305000E-3	1.976848E-3
9.310000E-3	2.311349E-3
9.315000E-3	2.559483E-3
9.320000E-3	2.615690E-3
9.325000E-3	2.854228E-3
9.330000E-3	2.980351E-3
9.335000E-3	2.992690E-3
9.340000E-3	2.870679E-3
9.345000E-3	2.843261E-3
9.350000E-3	2.743185E-3
9.355000E-3	2.643108E-3
9.360000E-3	2.634883E-3
9.365000E-3	2.669156E-3
9.370000E-3	2.599239E-3
9.375000E-3	2.501905E-3
9.380000E-3	2.541661E-3
9.385000E-3	2.507389E-3
9.390000E-3	2.392232E-3
9.395000E-3	2.593756E-3
9.400000E-3	2.928257E-3
9.405000E-3	3.181875E-3
9.410000E-3	3.168166E-3
9.415000E-3	3.176391E-3
9.420000E-3	3.165424E-3
9.425000E-3	3.020108E-3
9.430000E-3	2.841890E-3
9.435000E-3	2.508759E-3
9.440000E-3	2.150953E-3
9.445000E-3	1.789033E-3
9.450000E-3	1.727343E-3
9.455000E-3	1.665652E-3
9.460000E-3	1.403809E-3
9.465000E-3	1.152933E-3
9.470000E-3	8.060932E-4
9.475000E-3	5.428791E-4
9.480000E-3	5.223155E-4
9.485000E-3	2.824068E-4
9.490000E-3	3.358722E-4
9.495000E-3	5.277991E-4
9.500000E-3	1.011729E-3
9.505000E-3	1.538157E-3
9.510000E-3	2.023458E-3
9.515000E-3	2.309978E-3
9.520000E-3	2.504647E-3
9.525000E-3	2.813101E-3
9.530000E-3	3.091395E-3
9.535000E-3	3.068089E-3
9.540000E-3	2.989948E-3
9.545000E-3	2.958417E-3
9.550000E-3	3.005028E-3
9.555000E-3	2.843261E-3
9.560000E-3	2.601981E-3
9.565000E-3	2.543032E-3
9.570000E-3	2.652705E-3
9.575000E-3	2.571821E-3
9.580000E-3	2.516985E-3
9.585000E-3	2.700686E-3
9.590000E-3	2.896726E-3
9.595000E-3	3.114700E-3
9.600000E-3	3.233969E-3
9.605000E-3	3.353238E-3
9.610000E-3	3.630161E-3
9.615000E-3	4.001677E-3
9.620000E-3	4.046917E-3
9.625000E-3	3.967404E-3
9.630000E-3	3.790557E-3
9.635000E-3	3.617823E-3
9.640000E-3	3.462911E-3
9.645000E-3	3.258646E-3
9.650000E-3	3.164053E-3
9.655000E-3	3.151715E-3
9.660000E-3	2.962530E-3
9.665000E-3	2.766490E-3
9.670000E-3	2.527952E-3
9.675000E-3	2.304494E-3
9.680000E-3	2.031684E-3
9.685000E-3	1.728714E-3
9.690000E-3	1.808226E-3
9.695000E-3	1.614928E-3
9.700000E-3	1.569688E-3
9.705000E-3	1.547754E-3
9.710000E-3	1.727343E-3
9.715000E-3	1.773953E-3
9.720000E-3	1.884997E-3
9.725000E-3	1.959026E-3
9.730000E-3	2.209902E-3
9.735000E-3	2.277076E-3
9.740000E-3	2.219498E-3
9.745000E-3	2.204418E-3
9.750000E-3	2.403200E-3
9.755000E-3	2.404571E-3
9.760000E-3	2.146840E-3
9.765000E-3	1.949430E-3
9.770000E-3	1.736939E-3
9.775000E-3	1.554608E-3
9.780000E-3	1.294136E-3
9.785000E-3	9.116530E-4
9.790000E-3	9.486675E-4
9.795000E-3	1.046002E-3
9.800000E-3	1.011729E-3
9.805000E-3	1.244783E-3
9.810000E-3	1.388729E-3
9.815000E-3	1.572430E-3
9.820000E-3	1.480579E-3
9.825000E-3	1.704037E-3
9.830000E-3	2.097487E-3
9.835000E-3	2.360702E-3
9.840000E-3	2.423763E-3
9.845000E-3	2.519727E-3
9.850000E-3	2.496421E-3
9.855000E-3	2.584159E-3
9.860000E-3	2.504647E-3
9.865000E-3	2.526581E-3
9.870000E-3	2.486825E-3
9.875000E-3	2.474487E-3
9.880000E-3	2.227724E-3
9.885000E-3	2.079666E-3
9.890000E-3	1.852095E-3
9.895000E-3	1.756132E-3
9.900000E-3	1.838386E-3
9.905000E-3	1.945317E-3
9.910000E-3	1.941204E-3
9.915000E-3	1.890481E-3
9.920000E-3	1.906931E-3
9.925000E-3	1.660168E-3
9.930000E-3	1.638234E-3
9.935000E-3	1.583397E-3
9.940000E-3	1.853466E-3
9.945000E-3	1.786292E-3
9.950000E-3	1.880884E-3
9.955000E-3	1.963139E-3
9.960000E-3	1.832902E-3
9.965000E-3	1.625896E-3
9.970000E-3	1.329780E-3
9.975000E-3	1.416147E-3
9.980000E-3	1.268089E-3
9.985000E-3	7.992387E-4
9.990000E-3	5.442500E-4
9.995000E-3	3.317595E-4
