0.000000E+0	-1.178980E-3
5.000000E-6	-1.047373E-3
1.000000E-5	-1.177609E-3
1.500000E-5	-1.173496E-3
2.000000E-5	-1.115918E-3
2.500000E-5	-1.147449E-3
3.000000E-5	-1.052856E-3
3.500000E-5	-9.637475E-4
4.000000E-5	-1.109064E-3
4.500000E-5	-1.214623E-3
5.000000E-5	-1.083016E-3
5.500000E-5	-1.092613E-3
6.000000E-5	-1.273572E-3
6.500000E-5	-1.361310E-3
7.000000E-5	-1.280427E-3
7.500000E-5	-1.262605E-3
8.000000E-5	-1.217365E-3
8.500000E-5	-1.098096E-3
9.000000E-5	-1.080275E-3
9.500000E-5	-1.189947E-3
1.000000E-4	-1.089871E-3
1.050000E-4	-1.235187E-3
1.100000E-4	-1.196802E-3
1.150000E-4	-1.233816E-3
1.200000E-4	-1.085758E-3
1.250000E-4	-1.100838E-3
1.300000E-4	-1.048744E-3
1.350000E-4	-1.058340E-3
1.400000E-4	-1.058340E-3
1.450000E-4	-1.125515E-3
1.500000E-4	-1.132369E-3
1.550000E-4	-1.214623E-3
1.600000E-4	-1.088500E-3
1.650000E-4	-9.966493E-4
1.700000E-4	-1.096725E-3
1.750000E-4	-1.173496E-3
1.800000E-4	-1.253009E-3
1.850000E-4	-1.107693E-3
1.900000E-4	-1.080275E-3
1.950000E-4	-9.226203E-4
2.000000E-4	-1.025438E-3
2.050000E-4	-1.114547E-3
2.100000E-4	-1.206398E-3
2.150000E-4	-1.198173E-3
2.200000E-4	-1.072049E-3
2.250000E-4	-9.719729E-4
2.300000E-4	-1.025438E-3
2.350000E-4	-1.125515E-3
2.400000E-4	-1.254380E-3
2.450000E-4	-1.243412E-3
2.500000E-4	-1.290023E-3
2.550000E-4	-1.276314E-3
2.600000E-4	-1.124144E-3
2.650000E-4	-1.076162E-3
2.700000E-4	-1.144707E-3
2.750000E-4	-1.150191E-3
2.800000E-4	-1.152933E-3
2.850000E-4	-1.152933E-3
2.900000E-4	-1.069307E-3
2.950000E-4	-1.026809E-3
3.000000E-4	-1.185834E-3
3.050000E-4	-1.199543E-3
3.100000E-4	-1.136482E-3
3.150000E-4	-1.188576E-3
3.200000E-4	-1.343489E-3
3.250000E-4	-1.361310E-3
3.300000E-4	-1.270831E-3
3.350000E-4	-1.084387E-3
3.400000E-4	-1.110435E-3
3.450000E-4	-1.176238E-3
3.500000E-4	-1.174867E-3
3.550000E-4	-1.109064E-3
3.600000E-4	-1.081645E-3
3.650000E-4	-1.232445E-3
3.700000E-4	-1.129627E-3
3.750000E-4	-1.092613E-3
3.800000E-4	-9.610057E-4
3.850000E-4	-1.196802E-3
3.900000E-4	-1.364052E-3
3.950000E-4	-1.317441E-3
4.000000E-4	-1.063824E-3
4.050000E-4	-9.829402E-4
4.100000E-4	-1.032293E-3
4.150000E-4	-1.140594E-3
4.200000E-4	-1.135111E-3
4.250000E-4	-1.087129E-3
4.300000E-4	-1.117289E-3
4.350000E-4	-1.113176E-3
4.400000E-4	-1.261234E-3
4.450000E-4	-1.292765E-3
4.500000E-4	-1.270831E-3
4.550000E-4	-1.135111E-3
4.600000E-4	-1.030922E-3
4.650000E-4	-1.061082E-3
4.700000E-4	-1.207769E-3
4.750000E-4	-1.050115E-3
4.800000E-4	-1.069307E-3
4.850000E-4	-1.107693E-3
4.900000E-4	-1.059711E-3
4.950000E-4	-1.040518E-3
5.000000E-4	-1.026809E-3
5.050000E-4	-9.911656E-4
5.100000E-4	-1.076162E-3
5.150000E-4	-1.135111E-3
5.200000E-4	-1.205027E-3
5.250000E-4	-1.018584E-3
5.300000E-4	-9.308457E-4
5.350000E-4	-1.030922E-3
5.400000E-4	-1.074791E-3
5.450000E-4	-1.172125E-3
5.500000E-4	-1.202285E-3
5.550000E-4	-1.180351E-3
5.600000E-4	-1.054227E-3
5.650000E-4	-9.500384E-4
5.700000E-4	-9.568930E-4
5.750000E-4	-9.486675E-4
5.800000E-4	-9.733438E-4
5.850000E-4	-1.125515E-3
5.900000E-4	-9.815693E-4
5.950000E-4	-1.081645E-3
6.000000E-4	-1.006246E-3
6.050000E-4	-1.080275E-3
6.100000E-4	-1.163900E-3
6.150000E-4	-1.044631E-3
6.200000E-4	-1.147449E-3
6.250000E-4	-1.205027E-3
6.300000E-4	-1.047373E-3
6.350000E-4	-1.146078E-3
6.400000E-4	-9.829402E-4
6.450000E-4	-7.951260E-4
6.500000E-4	-1.044631E-3
6.550000E-4	-1.146078E-3
6.600000E-4	-1.161158E-3
6.650000E-4	-1.263976E-3
6.700000E-4	-1.155674E-3
6.750000E-4	-1.076162E-3
6.800000E-4	-1.085758E-3
6.850000E-4	-9.623766E-4
6.900000E-4	-1.072049E-3
6.950000E-4	-1.050115E-3
7.000000E-4	-1.192689E-3
7.050000E-4	-1.217365E-3
7.100000E-4	-1.165271E-3
7.150000E-4	-1.235187E-3
7.200000E-4	-1.262605E-3
7.250000E-4	-1.181722E-3
7.300000E-4	-9.815693E-4
7.350000E-4	-9.555221E-4
7.400000E-4	-9.788275E-4
7.450000E-4	-9.980202E-4
7.500000E-4	-1.089871E-3
7.550000E-4	-1.298249E-3
7.600000E-4	-1.159787E-3
7.650000E-4	-9.966493E-4
7.700000E-4	-1.055598E-3
7.750000E-4	-1.029551E-3
7.800000E-4	-1.213253E-3
7.850000E-4	-1.122773E-3
7.900000E-4	-1.141965E-3
7.950000E-4	-1.163900E-3
8.000000E-4	-1.085758E-3
8.050000E-4	-1.093984E-3
8.100000E-4	-1.137853E-3
8.150000E-4	-1.163900E-3
8.200000E-4	-1.072049E-3
8.250000E-4	-9.623766E-4
8.300000E-4	-9.322166E-4
8.350000E-4	-9.130239E-4
8.400000E-4	-1.021326E-3
8.450000E-4	-1.172125E-3
8.500000E-4	-1.070678E-3
8.550000E-4	-1.084387E-3
8.600000E-4	-1.088500E-3
8.650000E-4	-1.069307E-3
8.700000E-4	-1.063824E-3
8.750000E-4	-1.173496E-3
8.800000E-4	-1.121402E-3
8.850000E-4	-9.952784E-4
8.900000E-4	-1.095355E-3
8.950000E-4	-1.299620E-3
9.000000E-4	-1.274943E-3
9.050000E-4	-1.136482E-3
9.100000E-4	-1.103580E-3
9.150000E-4	-1.103580E-3
9.200000E-4	-8.554459E-4
9.250000E-4	-9.253621E-4
9.300000E-4	-1.107693E-3
9.350000E-4	-1.166642E-3
9.400000E-4	-1.041889E-3
9.450000E-4	-1.050115E-3
9.500000E-4	-1.026809E-3
9.550000E-4	-1.161158E-3
9.600000E-4	-1.150191E-3
9.650000E-4	-1.103580E-3
9.700000E-4	-1.254380E-3
9.750000E-4	-1.390100E-3
9.800000E-4	-1.215994E-3
9.850000E-4	-1.051486E-3
9.900000E-4	-1.258492E-3
9.950000E-4	-1.170754E-3
1.000000E-3	-1.050115E-3
1.005000E-3	-8.691549E-4
1.010000E-3	-8.540750E-4
1.015000E-3	-8.472204E-4
1.020000E-3	-1.063824E-3
1.025000E-3	-1.018584E-3
1.030000E-3	-9.651184E-4
1.035000E-3	-9.116530E-4
1.040000E-3	-1.000762E-3
1.045000E-3	-9.459257E-4
1.050000E-3	-1.008987E-3
1.055000E-3	-9.843111E-4
1.060000E-3	-9.843111E-4
1.065000E-3	-8.746386E-4
1.070000E-3	-1.059711E-3
1.075000E-3	-1.200914E-3
1.080000E-3	-1.095355E-3
1.085000E-3	-9.966493E-4
1.090000E-3	-1.288652E-3
1.095000E-3	-1.054227E-3
1.100000E-3	-9.281039E-4
1.105000E-3	-9.335876E-4
1.110000E-3	-8.198023E-4
1.115000E-3	-9.157658E-4
1.120000E-3	-9.582639E-4
1.125000E-3	-9.706020E-4
1.130000E-3	-9.884238E-4
1.135000E-3	-9.706020E-4
1.140000E-3	-8.691549E-4
1.145000E-3	-1.019955E-3
1.150000E-3	-1.006246E-3
1.155000E-3	-1.102209E-3
1.160000E-3	-1.209140E-3
1.165000E-3	-1.089871E-3
1.170000E-3	-7.512569E-4
1.175000E-3	-9.706020E-4
1.180000E-3	-1.000762E-3
1.185000E-3	-1.109064E-3
1.190000E-3	-1.054227E-3
1.195000E-3	-1.200914E-3
1.200000E-3	-1.047373E-3
1.205000E-3	-9.281039E-4
1.210000E-3	-9.253621E-4
1.215000E-3	-9.143949E-4
1.220000E-3	-9.281039E-4
1.225000E-3	-7.910132E-4
1.230000E-3	-8.746386E-4
1.235000E-3	-1.008987E-3
1.240000E-3	-1.043260E-3
1.245000E-3	-1.055598E-3
1.250000E-3	-1.062453E-3
1.255000E-3	-1.047373E-3
1.260000E-3	-1.181722E-3
1.265000E-3	-1.147449E-3
1.270000E-3	-1.058340E-3
1.275000E-3	-9.089112E-4
1.280000E-3	-8.033514E-4
1.285000E-3	-6.909370E-4
1.290000E-3	-7.827878E-4
1.295000E-3	-9.719729E-4
1.300000E-3	-1.078904E-3
1.305000E-3	-1.083016E-3
1.310000E-3	-1.181722E-3
1.315000E-3	-1.126885E-3
1.320000E-3	-1.102209E-3
1.325000E-3	-9.239912E-4
1.330000E-3	-9.294748E-4
1.335000E-3	-9.966493E-4
1.340000E-3	-1.040518E-3
1.345000E-3	-1.255751E-3
1.350000E-3	-1.431227E-3
1.355000E-3	-1.173496E-3
1.360000E-3	-1.062453E-3
1.365000E-3	-9.692311E-4
1.370000E-3	-7.718205E-4
1.375000E-3	-8.842349E-4
1.380000E-3	-8.252859E-4
1.385000E-3	-7.882714E-4
1.390000E-3	-9.801984E-4
1.395000E-3	-1.187205E-3
1.400000E-3	-1.018584E-3
1.405000E-3	-1.070678E-3
1.410000E-3	-1.077533E-3
1.415000E-3	-1.103580E-3
1.420000E-3	-9.870529E-4
1.425000E-3	-1.013100E-3
1.430000E-3	-1.054227E-3
1.435000E-3	-1.037776E-3
1.440000E-3	-1.026809E-3
1.445000E-3	-1.048744E-3
1.450000E-3	-1.029551E-3
1.455000E-3	-9.788275E-4
1.460000E-3	-1.104951E-3
1.465000E-3	-1.259863E-3
1.470000E-3	-1.217365E-3
1.475000E-3	-1.069307E-3
1.480000E-3	-9.596348E-4
1.485000E-3	-1.015842E-3
1.490000E-3	-1.184464E-3
1.495000E-3	-1.124144E-3
1.500000E-3	-1.117289E-3
1.505000E-3	-1.110435E-3
1.510000E-3	-1.121402E-3
1.515000E-3	-1.232445E-3
1.520000E-3	-1.176238E-3
1.525000E-3	-9.774566E-4
1.530000E-3	-1.017213E-3
1.535000E-3	-1.018584E-3
1.540000E-3	-1.069307E-3
1.545000E-3	-9.363294E-4
1.550000E-3	-8.691549E-4
1.555000E-3	-8.842349E-4
1.560000E-3	-1.008987E-3
1.565000E-3	-1.063824E-3
1.570000E-3	-1.069307E-3
1.575000E-3	-1.044631E-3
1.580000E-3	-1.152933E-3
1.585000E-3	-1.084387E-3
1.590000E-3	-1.161158E-3
1.595000E-3	-1.096725E-3
1.600000E-3	-1.183093E-3
1.605000E-3	-9.925365E-4
1.610000E-3	-8.568168E-4
1.615000E-3	-1.089871E-3
1.620000E-3	-8.760095E-4
1.625000E-3	-9.034276E-4
1.630000E-3	-1.062453E-3
1.635000E-3	-1.237929E-3
1.640000E-3	-1.176238E-3
1.645000E-3	-1.287282E-3
1.650000E-3	-1.139224E-3
1.655000E-3	-1.040518E-3
1.660000E-3	-1.040518E-3
1.665000E-3	-1.046002E-3
1.670000E-3	-1.044631E-3
1.675000E-3	-1.039147E-3
1.680000E-3	-1.062453E-3
1.685000E-3	-1.152933E-3
1.690000E-3	-8.883476E-4
1.695000E-3	-9.047985E-4
1.700000E-3	-1.096725E-3
1.705000E-3	-1.051486E-3
1.710000E-3	-1.277685E-3
1.715000E-3	-1.226962E-3
1.720000E-3	-1.196802E-3
1.725000E-3	-1.033664E-3
1.730000E-3	-8.760095E-4
1.735000E-3	-1.126885E-3
1.740000E-3	-1.096725E-3
1.745000E-3	-1.087129E-3
1.750000E-3	-1.110435E-3
1.755000E-3	-1.095355E-3
1.760000E-3	-1.061082E-3
1.765000E-3	-1.036406E-3
1.770000E-3	-9.884238E-4
1.775000E-3	-1.239300E-3
1.780000E-3	-1.151562E-3
1.785000E-3	-1.158416E-3
1.790000E-3	-1.155674E-3
1.795000E-3	-1.181722E-3
1.800000E-3	-1.030922E-3
1.805000E-3	-8.705258E-4
1.810000E-3	-8.184314E-4
1.815000E-3	-8.718967E-4
1.820000E-3	-1.035035E-3
1.825000E-3	-8.924603E-4
1.830000E-3	-9.980202E-4
1.835000E-3	-1.036406E-3
1.840000E-3	-1.209140E-3
1.845000E-3	-1.054227E-3
1.850000E-3	-1.036406E-3
1.855000E-3	-1.154304E-3
1.860000E-3	-1.191318E-3
1.865000E-3	-1.015842E-3
1.870000E-3	-9.431839E-4
1.875000E-3	-9.281039E-4
1.880000E-3	-9.459257E-4
1.885000E-3	-1.207769E-3
1.890000E-3	-1.148820E-3
1.895000E-3	-1.021326E-3
1.900000E-3	-9.171367E-4
1.905000E-3	-9.390712E-4
1.910000E-3	-9.939075E-4
1.915000E-3	-8.993149E-4
1.920000E-3	-1.006246E-3
1.925000E-3	-1.254380E-3
1.930000E-3	-1.125515E-3
1.935000E-3	-1.063824E-3
1.940000E-3	-9.253621E-4
1.945000E-3	-9.568930E-4
1.950000E-3	-1.155674E-3
1.955000E-3	-1.229703E-3
1.960000E-3	-1.018584E-3
1.965000E-3	-9.774566E-4
1.970000E-3	-1.144707E-3
1.975000E-3	-1.102209E-3
1.980000E-3	-1.083016E-3
1.985000E-3	-1.017213E-3
1.990000E-3	-1.169384E-3
1.995000E-3	-1.100838E-3
2.000000E-3	-1.081645E-3
2.005000E-3	-1.062453E-3
2.010000E-3	-1.024067E-3
2.015000E-3	-9.459257E-4
2.020000E-3	-9.719729E-4
2.025000E-3	-8.664131E-4
2.030000E-3	-8.869767E-4
2.035000E-3	-9.198785E-4
2.040000E-3	-9.020567E-4
2.045000E-3	-1.025438E-3
2.050000E-3	-1.024067E-3
2.055000E-3	-9.130239E-4
2.060000E-3	-1.180351E-3
2.065000E-3	-1.181722E-3
2.070000E-3	-1.347601E-3
2.075000E-3	-1.158416E-3
2.080000E-3	-1.140594E-3
2.085000E-3	-1.194060E-3
2.090000E-3	-1.087129E-3
2.095000E-3	-1.128256E-3
2.100000E-3	-8.952022E-4
2.105000E-3	-9.500384E-4
2.110000E-3	-9.706020E-4
2.115000E-3	-1.003504E-3
2.120000E-3	-1.043260E-3
2.125000E-3	-9.952784E-4
2.130000E-3	-1.018584E-3
2.135000E-3	-1.187205E-3
2.140000E-3	-1.014471E-3
2.145000E-3	-1.024067E-3
2.150000E-3	-1.124144E-3
2.155000E-3	-1.083016E-3
2.160000E-3	-1.054227E-3
2.165000E-3	-1.013100E-3
2.170000E-3	-1.013100E-3
2.175000E-3	-1.058340E-3
2.180000E-3	-1.206398E-3
2.185000E-3	-1.203656E-3
2.190000E-3	-1.113176E-3
2.195000E-3	-1.087129E-3
2.200000E-3	-1.058340E-3
2.205000E-3	-1.018584E-3
2.210000E-3	-1.266718E-3
2.215000E-3	-1.291394E-3
2.220000E-3	-9.568930E-4
2.225000E-3	-9.253621E-4
2.230000E-3	-1.040518E-3
2.235000E-3	-9.500384E-4
2.240000E-3	-1.040518E-3
2.245000E-3	-1.013100E-3
2.250000E-3	-1.130998E-3
2.255000E-3	-1.104951E-3
2.260000E-3	-1.132369E-3
2.265000E-3	-1.141965E-3
2.270000E-3	-1.217365E-3
2.275000E-3	-1.137853E-3
2.280000E-3	-1.104951E-3
2.285000E-3	-1.217365E-3
2.290000E-3	-9.801984E-4
2.295000E-3	-8.746386E-4
2.300000E-3	-9.143949E-4
2.305000E-3	-1.024067E-3
2.310000E-3	-1.229703E-3
2.315000E-3	-1.018584E-3
2.320000E-3	-9.075403E-4
2.325000E-3	-8.718967E-4
2.330000E-3	-1.091242E-3
2.335000E-3	-9.020567E-4
2.340000E-3	-1.117289E-3
2.345000E-3	-9.363294E-4
2.350000E-3	-1.091242E-3
2.355000E-3	-8.527040E-4
2.360000E-3	-1.222849E-3
2.365000E-3	-7.512569E-4
2.370000E-3	-1.322925E-3
2.375000E-3	-8.115768E-4
2.380000E-3	-1.561463E-3
2.385000E-3	-4.770756E-4
2.390000E-3	-1.667023E-3
2.395000E-3	-3.948212E-4
2.400000E-3	-2.057731E-3
2.405000E-3	-2.207160E-4
2.410000E-3	-2.260625E-3
2.415000E-3	3.852248E-4
2.420000E-3	-2.802134E-3
2.425000E-3	7.046461E-4
2.430000E-3	-3.627419E-3
2.435000E-3	1.717746E-3
2.440000E-3	-4.774868E-3
2.445000E-3	4.129171E-3
2.450000E-3	-7.423460E-3
2.455000E-3	9.947300E-3
2.460000E-3	-1.050745E-1
2.465000E-3	-1.377419E-1
2.470000E-3	-2.841890E-3
2.475000E-3	-1.194649E-1
2.480000E-3	-1.740394E-1
2.485000E-3	-5.433589E-2
2.490000E-3	-5.051655E-2
2.495000E-3	-5.848700E-2
2.500000E-3	1.190221E-1
2.505000E-3	2.956032E-1
2.510000E-3	1.699088E-1
2.515000E-3	4.195523E-2
2.520000E-3	1.947017E-1
2.525000E-3	7.413453E-2
2.530000E-3	-3.222454E-2
2.535000E-3	7.186019E-2
2.540000E-3	5.612630E-2
2.545000E-3	-3.499925E-3
2.550000E-3	8.494002E-2
2.555000E-3	3.849781E-2
2.560000E-3	-6.186217E-2
2.565000E-3	-4.086947E-2
2.570000E-3	-4.200047E-2
2.575000E-3	-1.552977E-1
2.580000E-3	-1.266416E-1
2.585000E-3	-4.690284E-2
2.590000E-3	-4.814076E-2
2.595000E-3	-2.418280E-2
2.600000E-3	3.736132E-2
2.605000E-3	-2.007008E-3
2.610000E-3	-6.434762E-2
2.615000E-3	2.680945E-2
2.620000E-3	-1.303732E-3
2.625000E-3	-4.030055E-2
2.630000E-3	6.852478E-2
2.635000E-3	2.411836E-2
2.640000E-3	-2.660519E-2
2.645000E-3	4.257762E-2
2.650000E-3	1.576680E-2
2.655000E-3	-4.241586E-3
2.660000E-3	-4.327542E-2
2.665000E-3	-1.566124E-2
2.670000E-3	-2.584434E-2
2.675000E-3	-5.076605E-2
2.680000E-3	5.029857E-3
2.685000E-3	8.592844E-3
2.690000E-3	-2.555919E-2
2.695000E-3	1.658523E-2
2.700000E-3	3.981525E-2
2.705000E-3	1.573390E-2
2.710000E-3	1.976711E-2
2.715000E-3	5.050969E-2
2.720000E-3	1.844418E-2
2.725000E-3	-6.241739E-3
2.730000E-3	4.307663E-2
2.735000E-3	2.078158E-2
2.740000E-3	-2.847373E-3
2.745000E-3	2.344251E-2
2.750000E-3	6.402135E-3
2.755000E-3	-2.164662E-2
2.760000E-3	-2.651608E-2
2.765000E-3	-2.130938E-2
2.770000E-3	-2.144235E-2
2.775000E-3	-1.271105E-2
2.780000E-3	2.693832E-3
2.785000E-3	-2.734411E-2
2.790000E-3	-2.254319E-2
2.795000E-3	-8.166492E-3
2.800000E-3	-4.011273E-3
2.805000E-3	8.968472E-3
2.810000E-3	-1.435339E-3
2.815000E-3	-8.407772E-3
2.820000E-3	2.105713E-3
2.825000E-3	-9.766340E-3
2.830000E-3	2.096117E-3
2.835000E-3	1.223123E-2
2.840000E-3	-5.072355E-5
2.845000E-3	-8.814931E-3
2.850000E-3	1.148134E-2
2.855000E-3	5.220413E-3
2.860000E-3	-1.594502E-2
2.865000E-3	4.003048E-3
2.870000E-3	1.294547E-2
2.875000E-3	-1.774365E-2
2.880000E-3	8.421481E-3
2.885000E-3	2.653801E-2
2.890000E-3	-1.034212E-2
2.895000E-3	-2.147937E-2
2.900000E-3	-3.748059E-3
2.905000E-3	-1.846337E-2
2.910000E-3	-2.282423E-2
2.915000E-3	6.968319E-3
2.920000E-3	2.156436E-3
2.925000E-3	-1.455766E-2
2.930000E-3	2.244312E-2
2.935000E-3	3.273314E-2
2.940000E-3	1.511973E-2
2.945000E-3	1.930922E-2
2.950000E-3	2.175492E-2
2.955000E-3	-8.204877E-3
2.960000E-3	-2.017426E-2
2.965000E-3	-1.088500E-2
2.970000E-3	-1.590389E-2
2.975000E-3	-2.183580E-2
2.980000E-3	-1.301539E-2
2.985000E-3	-9.922624E-3
2.990000E-3	-5.866110E-3
2.995000E-3	1.767099E-3
3.000000E-3	1.117289E-3
3.005000E-3	7.019043E-3
3.010000E-3	2.079666E-3
3.015000E-3	7.465959E-3
3.020000E-3	8.930087E-3
3.025000E-3	-1.070267E-2
3.030000E-3	-3.033817E-3
3.035000E-3	1.050800E-2
3.040000E-3	-6.939530E-3
3.045000E-3	-2.892613E-3
3.050000E-3	-3.774107E-3
3.055000E-3	-5.704343E-3
3.060000E-3	1.032293E-3
3.065000E-3	2.185225E-3
3.070000E-3	-7.142425E-4
3.075000E-3	-7.915616E-3
3.080000E-3	-1.076984E-2
3.085000E-3	-5.016148E-3
3.090000E-3	-1.152933E-2
3.095000E-3	-4.455447E-4
3.100000E-3	6.182790E-4
3.105000E-3	-2.651334E-3
3.110000E-3	1.504296E-2
3.115000E-3	1.507998E-2
3.120000E-3	9.305716E-3
3.125000E-3	2.012354E-2
3.130000E-3	8.801222E-3
3.135000E-3	-5.849659E-3
3.140000E-3	-1.782179E-3
3.145000E-3	3.057122E-4
3.150000E-3	-1.706094E-2
3.155000E-3	-6.447375E-3
3.160000E-3	6.757200E-3
3.165000E-3	-1.982331E-2
3.170000E-3	-1.748592E-2
3.175000E-3	-1.067936E-3
3.180000E-3	-2.162468E-2
3.185000E-3	-1.724190E-2
3.190000E-3	1.050937E-2
3.195000E-3	5.254686E-3
3.200000E-3	1.934350E-3
3.205000E-3	2.285987E-2
3.210000E-3	1.211196E-2
3.215000E-3	-2.285302E-3
3.220000E-3	2.066916E-2
3.225000E-3	1.244646E-2
3.230000E-3	-3.931761E-3
3.235000E-3	5.250573E-3
3.240000E-3	-8.070529E-3
3.245000E-3	-1.937366E-2
3.250000E-3	-7.633209E-3
3.255000E-3	-7.417977E-3
3.260000E-3	-1.813847E-2
3.265000E-3	-3.504038E-3
3.270000E-3	1.189399E-2
3.275000E-3	-7.607162E-3
3.280000E-3	-1.808226E-3
3.285000E-3	1.548302E-2
3.290000E-3	-5.042195E-3
3.295000E-3	-6.817520E-3
3.300000E-3	8.632600E-3
3.305000E-3	1.486063E-3
3.310000E-3	4.561007E-3
3.315000E-3	1.259726E-2
3.320000E-3	-1.274943E-4
3.325000E-3	-5.532980E-3
3.330000E-3	-2.796650E-4
3.335000E-3	-5.205333E-3
3.340000E-3	-1.630008E-3
3.345000E-3	7.300079E-3
3.350000E-3	-5.264282E-3
3.355000E-3	-8.605182E-3
3.360000E-3	-1.021326E-3
3.365000E-3	-8.033514E-3
3.370000E-3	-1.075751E-2
3.375000E-3	4.606247E-4
3.380000E-3	-6.014168E-3
3.385000E-3	-1.251364E-2
3.390000E-3	2.388120E-3
3.395000E-3	2.591014E-3
3.400000E-3	-9.821177E-3
3.405000E-3	1.816452E-3
3.410000E-3	5.327344E-3
3.415000E-3	-3.860474E-3
3.420000E-3	4.985988E-3
3.425000E-3	7.084846E-3
3.430000E-3	-4.497945E-3
3.435000E-3	-2.667785E-3
3.440000E-3	3.694594E-3
3.445000E-3	-3.812492E-3
3.450000E-3	-8.485913E-4
3.455000E-3	8.414626E-3
3.460000E-3	-2.872050E-3
3.465000E-3	-7.932067E-3
3.470000E-3	5.524755E-4
3.475000E-3	-9.320796E-3
3.480000E-3	-1.343077E-2
3.485000E-3	-2.390862E-3
3.490000E-3	-1.396954E-3
3.495000E-3	-4.208684E-4
3.500000E-3	6.865501E-3
3.505000E-3	5.528867E-3
3.510000E-3	-5.936027E-4
3.515000E-3	2.363443E-3
3.520000E-3	4.935265E-5
3.525000E-3	-4.401982E-3
3.530000E-3	1.676619E-3
3.535000E-3	2.536178E-4
3.540000E-3	-6.950498E-3
3.545000E-3	-2.229095E-3
3.550000E-3	-2.567708E-3
3.555000E-3	-9.128869E-3
3.560000E-3	-4.698098E-3
3.565000E-3	2.943337E-3
3.570000E-3	-4.851639E-3
3.575000E-3	-2.177000E-3
3.580000E-3	6.821632E-3
3.585000E-3	-3.882408E-3
3.590000E-3	-4.859865E-3
3.595000E-3	9.611428E-3
3.600000E-3	7.572889E-3
3.605000E-3	5.885303E-3
3.610000E-3	1.353633E-2
3.615000E-3	8.206248E-3
3.620000E-3	-1.477838E-3
3.625000E-3	1.498401E-3
3.630000E-3	1.490176E-3
3.635000E-3	-9.072661E-3
3.640000E-3	-9.995282E-3
3.645000E-3	-8.915007E-3
3.650000E-3	-1.562834E-2
3.655000E-3	-1.533908E-2
3.660000E-3	-1.028454E-2
3.665000E-3	-8.199394E-3
3.670000E-3	-4.962683E-3
3.675000E-3	-4.619956E-4
3.680000E-3	8.252859E-4
3.685000E-3	4.866719E-4
3.690000E-3	2.596498E-3
3.695000E-3	2.747297E-3
3.700000E-3	3.860474E-3
3.705000E-3	7.143795E-3
3.710000E-3	7.343948E-3
3.715000E-3	8.993149E-3
3.720000E-3	8.942425E-3
3.725000E-3	3.157198E-3
3.730000E-3	-3.262758E-4
3.735000E-3	-5.901754E-3
3.740000E-3	-1.097548E-2
3.745000E-3	-1.183230E-2
3.750000E-3	-1.249444E-2
3.755000E-3	-1.445621E-2
3.760000E-3	-1.143199E-2
3.765000E-3	-4.566491E-3
3.770000E-3	-3.658950E-3
3.775000E-3	2.961159E-4
3.780000E-3	7.008076E-3
3.785000E-3	5.934656E-3
3.790000E-3	7.470071E-3
3.795000E-3	9.348214E-3
3.800000E-3	8.325517E-3
3.805000E-3	9.169996E-3
3.810000E-3	7.474184E-3
3.815000E-3	3.796041E-3
3.820000E-3	6.621480E-4
3.825000E-3	9.500384E-4
3.830000E-3	3.290176E-5
3.835000E-3	-7.405639E-3
3.840000E-3	-1.006931E-2
3.845000E-3	-1.112765E-2
3.850000E-3	-1.515126E-2
3.855000E-3	-1.282209E-2
3.860000E-3	-5.357504E-3
3.865000E-3	-2.604723E-5
3.870000E-3	2.729475E-3
3.875000E-3	8.347452E-3
3.880000E-3	1.054227E-2
3.885000E-3	6.661236E-3
3.890000E-3	7.245243E-3
3.895000E-3	5.739987E-3
3.900000E-3	1.388729E-3
3.905000E-3	1.900077E-3
3.910000E-3	2.874792E-3
3.915000E-3	-1.055598E-3
3.920000E-3	-5.427420E-3
3.925000E-3	-5.705714E-3
3.930000E-3	-1.106185E-2
3.935000E-3	-1.803565E-2
3.940000E-3	-1.500732E-2
3.945000E-3	-1.434243E-2
3.950000E-3	-1.500320E-2
3.955000E-3	-7.079363E-3
3.960000E-3	2.042651E-4
3.965000E-3	3.091395E-3
3.970000E-3	6.983399E-3
3.975000E-3	1.014060E-2
3.980000E-3	7.313788E-3
3.985000E-3	6.127954E-3
3.990000E-3	6.916225E-3
3.995000E-3	2.012491E-3
4.000000E-3	8.924603E-4
4.005000E-3	2.044022E-3
4.010000E-3	-3.912568E-3
4.015000E-3	-7.280886E-3
4.020000E-3	-7.714093E-3
4.025000E-3	-9.562075E-3
4.030000E-3	-7.884085E-3
4.035000E-3	-2.500534E-3
4.040000E-3	1.295507E-3
4.045000E-3	2.548516E-3
4.050000E-3	5.855143E-3
4.055000E-3	6.354153E-3
4.060000E-3	5.021632E-3
4.065000E-3	7.079363E-3
4.070000E-3	5.867481E-3
4.075000E-3	3.465652E-3
4.080000E-3	3.128409E-3
4.085000E-3	-2.741814E-4
4.090000E-3	-3.650725E-3
4.095000E-3	-4.400611E-3
4.100000E-3	-6.018281E-3
4.105000E-3	-7.597566E-3
4.110000E-3	-5.301297E-3
4.115000E-3	-4.245698E-3
4.120000E-3	-6.180048E-3
4.125000E-3	-5.572736E-3
4.130000E-3	-3.209293E-3
4.135000E-3	-2.120793E-3
4.140000E-3	3.838539E-4
4.145000E-3	1.699924E-3
4.150000E-3	5.826354E-4
4.155000E-3	8.897185E-4
4.160000E-3	4.118204E-3
4.165000E-3	3.423154E-3
4.170000E-3	5.319118E-4
4.175000E-3	-6.361008E-4
4.180000E-3	-1.837015E-3
4.185000E-3	-2.028942E-3
4.190000E-3	-1.132369E-3
4.195000E-3	-8.019805E-4
4.200000E-3	1.151562E-4
4.205000E-3	6.086826E-4
4.210000E-3	5.620718E-4
4.215000E-3	-2.083778E-4
4.220000E-3	-1.952171E-3
4.225000E-3	-2.929628E-3
4.230000E-3	-5.186141E-3
4.235000E-3	-6.650269E-3
4.240000E-3	-6.196499E-3
4.245000E-3	-4.119575E-3
4.250000E-3	-1.180351E-3
4.255000E-3	6.717443E-5
4.260000E-3	1.394212E-3
4.265000E-3	1.002133E-3
4.270000E-3	2.289414E-4
4.275000E-3	1.148820E-3
4.280000E-3	-4.935265E-5
4.285000E-3	-1.233816E-3
4.290000E-3	-1.376390E-3
4.295000E-3	-1.392841E-3
4.300000E-3	-3.288805E-3
4.305000E-3	-5.112112E-3
4.310000E-3	-3.114700E-3
4.315000E-3	-1.878142E-3
4.320000E-3	-2.758265E-3
4.325000E-3	-1.667023E-3
4.330000E-3	-2.377152E-3
4.335000E-3	-5.073726E-3
4.340000E-3	-5.369842E-3
4.345000E-3	-2.340138E-3
4.350000E-3	-3.249049E-4
4.355000E-3	9.596348E-5
4.360000E-3	1.270831E-3
4.365000E-3	-5.483627E-4
4.370000E-3	-1.743793E-3
4.375000E-3	5.894899E-4
4.380000E-3	2.277076E-3
4.385000E-3	3.760397E-3
4.390000E-3	5.512416E-3
4.395000E-3	5.700231E-3
4.400000E-3	3.780961E-3
4.405000E-3	1.942575E-3
4.410000E-3	4.455447E-4
4.415000E-3	-4.962683E-4
4.420000E-3	5.620718E-4
4.425000E-3	-1.288652E-4
4.430000E-3	-2.581418E-3
4.435000E-3	-1.860321E-3
4.440000E-3	-1.658797E-3
4.445000E-3	-3.824830E-3
4.450000E-3	-3.785074E-3
4.455000E-3	-2.272964E-3
4.460000E-3	-3.684998E-3
4.465000E-3	-4.600763E-3
4.470000E-3	-2.895355E-3
4.475000E-3	-1.924753E-3
4.480000E-3	-1.860321E-3
4.485000E-3	-2.929628E-3
4.490000E-3	-1.050663E-2
4.495000E-3	-1.664692E-2
4.500000E-3	-1.397640E-2
4.505000E-3	-1.310176E-2
4.510000E-3	-2.084053E-2
4.515000E-3	-1.334715E-2
4.520000E-3	-2.921402E-3
4.525000E-3	-5.550802E-3
4.530000E-3	3.597260E-3
4.535000E-3	1.793969E-2
4.540000E-3	1.671958E-2
4.545000E-3	1.997000E-2
4.550000E-3	2.526993E-2
4.555000E-3	1.408333E-2
4.560000E-3	1.005971E-2
4.565000E-3	1.548165E-2
4.570000E-3	8.646309E-3
4.575000E-3	4.011273E-3
4.580000E-3	1.128119E-2
4.585000E-3	3.861845E-3
4.590000E-3	-4.393756E-3
4.595000E-3	8.842349E-4
4.600000E-3	-6.721556E-3
4.605000E-3	-1.695675E-2
4.610000E-3	-1.119208E-2
4.615000E-3	-1.064098E-2
4.620000E-3	-1.742560E-2
4.625000E-3	-9.792387E-3
4.630000E-3	-3.177762E-3
4.635000E-3	-9.562075E-3
4.640000E-3	-6.657124E-3
4.645000E-3	-7.320642E-4
4.650000E-3	-5.083323E-3
4.655000E-3	-5.371213E-3
4.660000E-3	1.021326E-3
4.665000E-3	-1.871288E-3
4.670000E-3	-4.297793E-3
4.675000E-3	1.517594E-3
4.680000E-3	-1.837015E-4
4.685000E-3	-3.121555E-3
4.690000E-3	7.402897E-4
4.695000E-3	2.632141E-4
4.700000E-3	-2.008379E-3
4.705000E-3	7.512569E-4
4.710000E-3	6.415844E-4
4.715000E-3	-2.272964E-3
4.720000E-3	-3.103733E-3
4.725000E-3	-3.233969E-3
4.730000E-3	-3.129780E-3
4.735000E-3	-6.127954E-4
4.740000E-3	4.000306E-3
4.745000E-3	7.065654E-3
4.750000E-3	8.976698E-3
4.755000E-3	9.600461E-3
4.760000E-3	8.302212E-3
4.765000E-3	7.186294E-3
4.770000E-3	5.578220E-3
4.775000E-3	4.880428E-3
4.780000E-3	2.204418E-3
4.785000E-3	-2.059102E-3
4.790000E-3	-4.973650E-3
4.795000E-3	-8.030772E-3
4.800000E-3	-1.074791E-2
4.805000E-3	-1.205164E-2
4.810000E-3	-1.171988E-2
4.815000E-3	-1.202559E-2
4.820000E-3	-1.291806E-2
4.825000E-3	-1.475507E-2
4.830000E-3	-1.289201E-2
4.835000E-3	-8.215845E-3
4.840000E-3	-9.786904E-3
4.845000E-3	-4.699469E-3
4.850000E-3	-1.008987E-3
4.855000E-3	8.732677E-4
4.860000E-3	3.239453E-3
4.865000E-3	1.028728E-2
4.870000E-3	9.814322E-3
4.875000E-3	9.891093E-3
4.880000E-3	1.144159E-2
4.885000E-3	8.612037E-3
4.890000E-3	1.429856E-3
4.895000E-3	7.019043E-4
4.900000E-3	-1.897335E-3
4.905000E-3	-8.132219E-3
4.910000E-3	-7.269919E-3
4.915000E-3	-5.565882E-3
4.920000E-3	-8.998632E-3
4.925000E-3	-5.999088E-3
4.930000E-3	-2.098858E-3
4.935000E-3	-2.999544E-3
4.940000E-3	-7.800460E-4
4.945000E-3	5.361617E-3
4.950000E-3	3.735721E-3
4.955000E-3	3.645241E-3
4.960000E-3	5.350649E-3
4.965000E-3	4.020870E-3
4.970000E-3	1.922011E-3
4.975000E-3	3.519118E-3
4.980000E-3	2.713025E-3
4.985000E-3	-2.914548E-3
4.990000E-3	-1.239300E-3
4.995000E-3	-1.957655E-3
5.000000E-3	-6.130695E-3
5.005000E-3	-5.523384E-3
5.010000E-3	-3.063977E-3
5.015000E-3	-6.143034E-3
5.020000E-3	-4.900992E-3
5.025000E-3	-2.024829E-3
5.030000E-3	-2.841890E-3
5.035000E-3	-2.514243E-3
5.040000E-3	1.128256E-3
5.045000E-3	7.375479E-4
5.050000E-3	7.882714E-4
5.055000E-3	3.342271E-3
5.060000E-3	1.461387E-3
5.065000E-3	-3.536940E-4
5.070000E-3	7.869005E-4
5.075000E-3	-7.252097E-4
5.080000E-3	-2.599239E-3
5.085000E-3	-1.953542E-3
5.090000E-3	-2.027571E-3
5.095000E-3	-2.728105E-3
5.100000E-3	-1.980960E-3
5.105000E-3	-1.887739E-3
5.110000E-3	-3.051639E-3
5.115000E-3	-2.182484E-3
5.120000E-3	-2.050877E-3
5.125000E-3	-1.405180E-3
5.130000E-3	-1.713634E-4
5.135000E-3	-5.990863E-4
5.140000E-3	-1.695812E-3
5.145000E-3	-1.838386E-3
5.150000E-3	-2.437472E-3
5.155000E-3	-1.967251E-3
5.160000E-3	-8.650422E-4
5.165000E-3	-8.664131E-4
5.170000E-3	-5.483627E-5
5.175000E-3	1.965880E-3
5.180000E-3	1.824677E-3
5.185000E-3	1.332521E-3
5.190000E-3	1.787663E-3
5.195000E-3	4.085302E-4
5.200000E-3	-1.989186E-3
5.205000E-3	-2.352476E-3
5.210000E-3	-2.588272E-3
5.215000E-3	-2.357960E-3
5.220000E-3	-8.115768E-4
5.225000E-3	-8.156896E-4
5.230000E-3	-1.886368E-3
5.235000E-3	-1.747906E-3
5.240000E-3	-2.098858E-3
5.245000E-3	-2.732217E-3
5.250000E-3	-2.704799E-3
5.255000E-3	-2.547145E-3
5.260000E-3	-3.297031E-3
5.265000E-3	-1.904190E-3
5.270000E-3	-1.488805E-3
5.275000E-3	-2.955675E-3
5.280000E-3	-2.231836E-3
5.285000E-3	-1.344860E-3
5.290000E-3	-3.096879E-3
5.295000E-3	-2.836406E-3
5.300000E-3	-1.494288E-3
5.305000E-3	-1.361310E-3
5.310000E-3	-7.526278E-4
5.315000E-3	6.731153E-4
5.320000E-3	5.593300E-4
5.325000E-3	6.690025E-4
5.330000E-3	1.943946E-3
5.335000E-3	8.787513E-4
5.340000E-3	1.384616E-4
5.345000E-3	6.059408E-4
5.350000E-3	7.073879E-4
5.355000E-3	4.496574E-4
5.360000E-3	1.698554E-3
5.365000E-3	2.248287E-3
5.370000E-3	8.965731E-4
5.375000E-3	-5.099773E-4
5.380000E-3	-1.761615E-3
5.385000E-3	-4.033208E-3
5.390000E-3	-4.532218E-3
5.395000E-3	-5.212188E-3
5.400000E-3	-6.949127E-3
5.405000E-3	-6.617367E-3
5.410000E-3	-5.054533E-3
5.415000E-3	-3.790557E-3
5.420000E-3	-1.603961E-3
5.425000E-3	8.952022E-4
5.430000E-3	1.523077E-3
5.435000E-3	1.590252E-3
5.440000E-3	2.100229E-3
5.445000E-3	1.827419E-3
5.450000E-3	2.205789E-3
5.455000E-3	2.547145E-3
5.460000E-3	2.074182E-3
5.465000E-3	2.193451E-4
5.470000E-3	-1.701295E-3
5.475000E-3	-3.495812E-3
5.480000E-3	-4.810512E-3
5.485000E-3	-4.515767E-3
5.490000E-3	-3.628790E-3
5.495000E-3	-3.812492E-3
5.500000E-3	-3.142118E-3
5.505000E-3	-2.418280E-3
5.510000E-3	-2.723992E-3
5.515000E-3	-2.027571E-3
5.520000E-3	-5.483627E-4
5.525000E-3	-5.469918E-4
5.530000E-3	9.226203E-4
5.535000E-3	3.124297E-3
5.540000E-3	3.600001E-3
5.545000E-3	3.578067E-3
5.550000E-3	3.704190E-3
5.555000E-3	2.126276E-3
5.560000E-3	-4.661083E-5
5.565000E-3	-1.339376E-3
5.570000E-3	-2.968013E-3
5.575000E-3	-4.141510E-3
5.580000E-3	-4.630923E-3
5.585000E-3	-5.568624E-3
5.590000E-3	-6.402135E-3
5.595000E-3	-5.095661E-3
5.600000E-3	-4.523993E-3
5.605000E-3	-3.816605E-3
5.610000E-3	-7.361770E-4
5.615000E-3	7.773042E-4
5.620000E-3	1.294136E-3
5.625000E-3	3.318965E-3
5.630000E-3	3.908455E-3
5.635000E-3	3.579438E-3
5.640000E-3	4.619956E-3
5.645000E-3	3.737092E-3
5.650000E-3	1.686215E-3
5.655000E-3	6.648898E-4
5.660000E-3	-1.229703E-3
5.665000E-3	-3.416300E-3
5.670000E-3	-4.417062E-3
5.675000E-3	-4.966795E-3
5.680000E-3	-6.056666E-3
5.685000E-3	-5.749583E-3
5.690000E-3	-4.241586E-3
5.695000E-3	-3.663063E-3
5.700000E-3	-3.635645E-3
5.705000E-3	-3.675401E-3
5.710000E-3	-4.108608E-3
5.715000E-3	-4.204571E-3
5.720000E-3	-3.726125E-3
5.725000E-3	-3.199697E-3
5.730000E-3	-2.024829E-3
5.735000E-3	-3.920794E-4
5.740000E-3	6.580353E-4
5.745000E-3	9.253621E-4
5.750000E-3	1.572430E-3
5.755000E-3	1.288652E-3
5.760000E-3	8.225441E-4
5.765000E-3	2.412796E-4
5.770000E-3	-8.156896E-4
5.775000E-3	-1.669765E-3
5.780000E-3	-1.743793E-3
5.785000E-3	-2.174258E-3
5.790000E-3	-2.155066E-3
5.795000E-3	-7.457733E-4
5.800000E-3	4.194975E-4
5.805000E-3	5.456209E-4
5.810000E-3	1.185834E-3
5.815000E-3	1.558721E-3
5.820000E-3	1.309216E-3
5.825000E-3	1.554608E-3
5.830000E-3	1.983702E-3
5.835000E-3	9.377003E-4
5.840000E-3	-2.248287E-4
5.845000E-3	-3.221631E-4
5.850000E-3	-7.896423E-4
5.855000E-3	-9.884238E-4
5.860000E-3	-4.647374E-4
5.865000E-3	-6.018281E-4
5.870000E-3	-1.409292E-3
5.875000E-3	-1.518965E-3
5.880000E-3	-1.931608E-3
5.885000E-3	-1.911044E-3
5.890000E-3	-1.178980E-3
5.895000E-3	-5.415082E-4
5.900000E-3	-3.975630E-4
5.905000E-3	2.275705E-4
5.910000E-3	8.102059E-4
5.915000E-3	5.250573E-4
5.920000E-3	9.596348E-4
5.925000E-3	1.300991E-3
5.930000E-3	4.935265E-5
5.935000E-3	-1.209140E-3
5.940000E-3	-1.283169E-3
5.945000E-3	-1.466870E-3
5.950000E-3	-1.047373E-3
5.955000E-3	3.166795E-4
5.960000E-3	8.170605E-4
5.965000E-3	3.632903E-4
5.970000E-3	2.563596E-4
5.975000E-3	-7.169843E-4
5.980000E-3	-1.969993E-3
5.985000E-3	-2.543032E-3
5.990000E-3	-3.461540E-3
5.995000E-3	-4.407465E-3
6.000000E-3	-4.297793E-3
6.005000E-3	-4.009902E-3
6.010000E-3	-3.763139E-3
6.015000E-3	-2.442956E-3
6.020000E-3	-1.050115E-3
6.025000E-3	1.507998E-5
6.030000E-3	8.033514E-4
6.035000E-3	8.787513E-4
6.040000E-3	1.837015E-4
6.045000E-3	-7.252097E-4
6.050000E-3	-1.521707E-3
6.055000E-3	-2.955675E-3
6.060000E-3	-3.845394E-3
6.065000E-3	-3.960550E-3
6.070000E-3	-4.023612E-3
6.075000E-3	-3.745317E-3
6.080000E-3	-2.902210E-3
6.085000E-3	-2.082407E-3
6.090000E-3	-1.675248E-3
6.095000E-3	-9.637475E-4
6.100000E-3	-3.249049E-4
6.105000E-3	1.233816E-5
6.110000E-3	2.124906E-4
6.115000E-3	4.112720E-6
6.120000E-3	-3.043413E-4
6.125000E-3	-5.963445E-4
6.130000E-3	-1.161158E-3
6.135000E-3	-1.704037E-3
6.140000E-3	-2.337396E-3
6.145000E-3	-2.921402E-3
6.150000E-3	-3.595889E-3
6.155000E-3	-3.613710E-3
6.160000E-3	-3.419042E-3
6.165000E-3	-3.615081E-3
6.170000E-3	-3.483474E-3
6.175000E-3	-3.325820E-3
6.180000E-3	-3.353238E-3
6.185000E-3	-3.177762E-3
6.190000E-3	-2.725363E-3
6.195000E-3	-1.786292E-3
6.200000E-3	-6.319880E-4
6.205000E-3	6.306171E-4
6.210000E-3	1.847982E-3
6.215000E-3	2.755523E-3
6.220000E-3	3.687739E-3
6.225000E-3	4.156590E-3
6.230000E-3	4.115462E-3
6.235000E-3	4.085302E-3
6.240000E-3	3.406703E-3
6.245000E-3	1.839757E-3
6.250000E-3	-4.386902E-5
6.255000E-3	-1.828790E-3
6.260000E-3	-3.258646E-3
6.265000E-3	-4.103124E-3
6.270000E-3	-4.419804E-3
6.275000E-3	-4.847527E-3
6.280000E-3	-5.265653E-3
6.285000E-3	-5.165577E-3
6.290000E-3	-4.492462E-3
6.295000E-3	-3.506780E-3
6.300000E-3	-2.585530E-3
6.305000E-3	-1.433969E-3
6.310000E-3	-2.961159E-4
6.315000E-3	1.946688E-4
6.320000E-3	2.673268E-4
6.325000E-3	1.083016E-4
6.330000E-3	6.169081E-5
6.335000E-3	-2.659559E-4
6.340000E-3	-9.472966E-4
6.345000E-3	-2.309978E-3
6.350000E-3	-3.505409E-3
6.355000E-3	-4.122317E-3
6.360000E-3	-4.042804E-3
6.365000E-3	-3.791928E-3
6.370000E-3	-2.991319E-3
6.375000E-3	-1.564205E-3
6.380000E-3	-1.672506E-4
6.385000E-3	1.477838E-3
6.390000E-3	3.057122E-3
6.395000E-3	4.200459E-3
6.400000E-3	4.950345E-3
6.405000E-3	5.042195E-3
6.410000E-3	4.436255E-3
6.415000E-3	3.430009E-3
6.420000E-3	2.048135E-3
6.425000E-3	1.823306E-4
6.430000E-3	-1.444936E-3
6.435000E-3	-2.541661E-3
6.440000E-3	-3.638387E-3
6.445000E-3	-4.769385E-3
6.450000E-3	-4.826963E-3
6.455000E-3	-4.349887E-3
6.460000E-3	-3.768623E-3
6.465000E-3	-2.756894E-3
6.470000E-3	-1.512110E-3
6.475000E-3	-8.156896E-4
6.480000E-3	-1.165271E-4
6.485000E-3	4.400611E-4
6.490000E-3	4.332066E-4
6.495000E-3	5.963445E-4
6.500000E-3	9.719729E-4
6.505000E-3	4.044175E-4
6.510000E-3	-1.878142E-4
6.515000E-3	-5.113482E-4
6.520000E-3	-1.218736E-3
6.525000E-3	-2.362072E-3
6.530000E-3	-3.325820E-3
6.535000E-3	-4.194975E-3
6.540000E-3	-4.807770E-3
6.545000E-3	-4.460931E-3
6.550000E-3	-3.966033E-3
6.555000E-3	-3.499925E-3
6.560000E-3	-2.656817E-3
6.565000E-3	-1.789033E-3
6.570000E-3	-8.527040E-4
6.575000E-3	1.699924E-4
6.580000E-3	1.517594E-3
6.585000E-3	2.500534E-3
6.590000E-3	3.294289E-3
6.595000E-3	3.435493E-3
6.600000E-3	2.893984E-3
6.605000E-3	2.270222E-3
6.610000E-3	1.269460E-3
6.615000E-3	-7.402897E-5
6.620000E-3	-1.220107E-3
6.625000E-3	-1.913786E-3
6.630000E-3	-2.320945E-3
6.635000E-3	-2.386749E-3
6.640000E-3	-1.986444E-3
6.645000E-3	-1.628637E-3
6.650000E-3	-1.580656E-3
6.655000E-3	-1.842499E-3
6.660000E-3	-2.401829E-3
6.665000E-3	-2.883017E-3
6.670000E-3	-3.253162E-3
6.675000E-3	-3.165424E-3
6.680000E-3	-3.554761E-3
6.685000E-3	-3.517747E-3
6.690000E-3	-3.926277E-3
6.695000E-3	-4.186749E-3
6.700000E-3	-4.071593E-3
6.705000E-3	-3.567100E-3
6.710000E-3	-3.091395E-3
6.715000E-3	-2.471745E-3
6.720000E-3	-1.601219E-3
6.725000E-3	-7.855296E-4
6.730000E-3	-5.894899E-5
6.735000E-3	6.881952E-4
6.740000E-3	9.952784E-4
6.745000E-3	8.910894E-4
6.750000E-3	5.579591E-4
6.755000E-3	-8.362532E-5
6.760000E-3	-1.040518E-3
6.765000E-3	-1.377761E-3
6.770000E-3	-1.506627E-3
6.775000E-3	-1.120031E-3
6.780000E-3	-4.126430E-4
6.785000E-3	3.084540E-4
6.790000E-3	7.361770E-4
6.795000E-3	8.458495E-4
6.800000E-3	6.196499E-4
6.805000E-3	3.125668E-4
6.810000E-3	-5.757809E-5
6.815000E-3	-6.525517E-4
6.820000E-3	-1.007617E-3
6.825000E-3	-1.377761E-3
6.830000E-3	-1.791775E-3
6.835000E-3	-2.496421E-3
6.840000E-3	-3.002286E-3
6.845000E-3	-3.270984E-3
6.850000E-3	-3.488958E-3
6.855000E-3	-3.743947E-3
6.860000E-3	-3.691852E-3
6.865000E-3	-3.854990E-3
6.870000E-3	-3.757656E-3
6.875000E-3	-3.767252E-3
6.880000E-3	-3.472507E-3
6.885000E-3	-2.932370E-3
6.890000E-3	-2.527952E-3
6.895000E-3	-1.879513E-3
6.900000E-3	-1.211882E-3
6.905000E-3	-2.303123E-4
6.910000E-3	6.594062E-4
6.915000E-3	1.329780E-3
6.920000E-3	1.287282E-3
6.925000E-3	8.335114E-4
6.930000E-3	-3.989339E-4
6.935000E-3	-1.706779E-3
6.940000E-3	-2.872050E-3
6.945000E-3	-3.728867E-3
6.950000E-3	-3.978372E-3
6.955000E-3	-3.693223E-3
6.960000E-3	-2.728105E-3
6.965000E-3	-1.723230E-3
6.970000E-3	-5.867481E-4
6.975000E-3	4.770756E-4
6.980000E-3	1.014471E-3
6.985000E-3	1.189947E-3
6.990000E-3	8.705258E-4
6.995000E-3	6.690025E-4
7.000000E-3	8.143187E-4
7.005000E-3	1.412034E-3
7.010000E-3	1.591623E-3
7.015000E-3	1.401067E-3
7.020000E-3	5.168319E-4
7.025000E-3	-6.772280E-4
7.030000E-3	-2.054989E-3
7.035000E-3	-2.933741E-3
7.040000E-3	-3.627419E-3
7.045000E-3	-3.915310E-3
7.050000E-3	-3.635645E-3
7.055000E-3	-3.254533E-3
7.060000E-3	-2.574563E-3
7.065000E-3	-1.798630E-3
7.070000E-3	-1.246154E-3
7.075000E-3	-8.403659E-4
7.080000E-3	-3.811121E-4
7.085000E-3	8.499622E-5
7.090000E-3	3.509521E-4
7.095000E-3	4.715919E-4
7.100000E-3	6.237626E-4
7.105000E-3	5.319118E-4
7.110000E-3	-1.096725E-5
7.115000E-3	-3.043413E-4
7.120000E-3	-6.635189E-4
7.125000E-3	-1.054227E-3
7.130000E-3	-1.040518E-3
7.135000E-3	-9.294748E-4
7.140000E-3	-7.896423E-4
7.145000E-3	-7.361770E-4
7.150000E-3	-6.059408E-4
7.155000E-3	-3.249049E-4
7.160000E-3	3.015995E-5
7.165000E-3	8.362532E-5
7.170000E-3	6.031990E-5
7.175000E-3	-2.604723E-5
7.180000E-3	-8.225441E-5
7.185000E-3	2.645850E-4
7.190000E-3	7.498860E-4
7.195000E-3	1.095355E-3
7.200000E-3	1.091242E-3
7.205000E-3	7.210970E-4
7.210000E-3	-1.919270E-5
7.215000E-3	-9.089112E-4
7.220000E-3	-1.632750E-3
7.225000E-3	-2.311349E-3
7.230000E-3	-3.091395E-3
7.235000E-3	-3.414929E-3
7.240000E-3	-3.572583E-3
7.245000E-3	-3.539681E-3
7.250000E-3	-3.105104E-3
7.255000E-3	-2.559483E-3
7.260000E-3	-2.142727E-3
7.265000E-3	-1.270831E-3
7.270000E-3	-7.156134E-4
7.275000E-3	-2.632141E-4
7.280000E-3	-1.754761E-4
7.285000E-3	-1.412034E-4
7.290000E-3	-1.809597E-4
7.295000E-3	-5.894899E-4
7.300000E-3	-7.032752E-4
7.305000E-3	-1.099467E-3
7.310000E-3	-1.687586E-3
7.315000E-3	-2.471745E-3
7.320000E-3	-2.935112E-3
7.325000E-3	-3.532827E-3
7.330000E-3	-4.030466E-3
7.335000E-3	-3.989339E-3
7.340000E-3	-3.808379E-3
7.345000E-3	-3.412187E-3
7.350000E-3	-3.020108E-3
7.355000E-3	-2.601981E-3
7.360000E-3	-2.079666E-3
7.365000E-3	-1.719117E-3
7.370000E-3	-1.560092E-3
7.375000E-3	-1.480579E-3
7.380000E-3	-1.377761E-3
7.385000E-3	-1.140594E-3
7.390000E-3	-1.010358E-3
7.395000E-3	-6.868243E-4
7.400000E-3	-1.425743E-4
7.405000E-3	2.522469E-4
7.410000E-3	5.949736E-4
7.415000E-3	3.180504E-4
7.420000E-3	-1.919270E-5
7.425000E-3	-2.316833E-4
7.430000E-3	-5.373955E-4
7.435000E-3	-8.006096E-4
7.440000E-3	-9.157658E-4
7.445000E-3	-9.281039E-4
7.450000E-3	-8.595586E-4
7.455000E-3	-8.198023E-4
7.460000E-3	-5.250573E-4
7.465000E-3	-4.016757E-4
7.470000E-3	-7.375479E-4
7.475000E-3	-8.156896E-4
7.480000E-3	-7.731915E-4
7.485000E-3	-4.798174E-4
7.490000E-3	-3.536940E-4
7.495000E-3	4.798174E-5
7.500000E-3	2.632141E-4
7.505000E-3	3.660321E-4
7.510000E-3	2.728105E-4
7.515000E-3	-9.870529E-5
7.520000E-3	-6.319880E-4
7.525000E-3	-1.513481E-3
7.530000E-3	-2.641737E-3
7.535000E-3	-3.761768E-3
7.540000E-3	-4.477382E-3
7.545000E-3	-4.573345E-3
7.550000E-3	-4.259408E-3
7.555000E-3	-3.727496E-3
7.560000E-3	-2.767861E-3
7.565000E-3	-1.569688E-3
7.570000E-3	-3.591776E-4
7.575000E-3	6.484389E-4
7.580000E-3	1.137853E-3
7.585000E-3	1.228333E-3
7.590000E-3	9.445548E-4
7.595000E-3	2.741814E-4
7.600000E-3	-5.648136E-4
7.605000E-3	-1.368165E-3
7.610000E-3	-2.056360E-3
7.615000E-3	-2.286673E-3
7.620000E-3	-2.118051E-3
7.625000E-3	-2.304494E-3
7.630000E-3	-2.296269E-3
7.635000E-3	-2.415538E-3
7.640000E-3	-2.525210E-3
7.645000E-3	-2.611578E-3
7.650000E-3	-2.204418E-3
7.655000E-3	-1.690328E-3
7.660000E-3	-8.019805E-4
7.665000E-3	2.837777E-4
7.670000E-3	1.263976E-3
7.675000E-3	1.876771E-3
7.680000E-3	2.186596E-3
7.685000E-3	1.922011E-3
7.690000E-3	1.324296E-3
7.695000E-3	2.618432E-4
7.700000E-3	-1.266718E-3
7.705000E-3	-2.807617E-3
7.710000E-3	-3.946841E-3
7.715000E-3	-4.199088E-3
7.720000E-3	-3.881037E-3
7.725000E-3	-3.262758E-3
7.730000E-3	-2.492309E-3
7.735000E-3	-2.017975E-3
7.740000E-3	-1.761615E-3
7.745000E-3	-1.276314E-3
7.750000E-3	-9.075403E-4
7.755000E-3	-4.592538E-4
7.760000E-3	1.233816E-4
7.765000E-3	6.703734E-4
7.770000E-3	1.387358E-3
7.775000E-3	1.884997E-3
7.780000E-3	2.190709E-3
7.785000E-3	1.943946E-3
7.790000E-3	1.402438E-3
7.795000E-3	8.417368E-4
7.800000E-3	6.580353E-5
7.805000E-3	-3.948212E-4
7.810000E-3	-6.292462E-4
7.815000E-3	-8.417368E-4
7.820000E-3	-9.377003E-4
7.825000E-3	-9.500384E-4
7.830000E-3	-9.829402E-4
7.835000E-3	-8.883476E-4
7.840000E-3	-9.829402E-4
7.845000E-3	-1.261234E-3
7.850000E-3	-1.254380E-3
7.855000E-3	-1.067936E-3
7.860000E-3	-7.910132E-4
7.865000E-3	-8.239150E-4
7.870000E-3	-8.006096E-4
7.875000E-3	-1.130998E-3
7.880000E-3	-1.603961E-3
7.885000E-3	-1.847982E-3
7.890000E-3	-2.101600E-3
7.895000E-3	-2.592385E-3
7.900000E-3	-2.711654E-3
7.905000E-3	-2.758265E-3
7.910000E-3	-2.399087E-3
7.915000E-3	-2.039909E-3
7.920000E-3	-1.686215E-3
7.925000E-3	-1.203656E-3
7.930000E-3	-8.198023E-4
7.935000E-3	-7.306933E-4
7.940000E-3	-1.051486E-3
7.945000E-3	-1.509368E-3
7.950000E-3	-1.941204E-3
7.955000E-3	-2.791166E-3
7.960000E-3	-3.547907E-3
7.965000E-3	-4.103124E-3
7.970000E-3	-4.248440E-3
7.975000E-3	-4.003048E-3
7.980000E-3	-3.413558E-3
7.985000E-3	-2.766490E-3
7.990000E-3	-1.911044E-3
7.995000E-3	-8.170605E-4
8.000000E-3	1.507998E-4
8.005000E-3	9.747148E-4
8.010000E-3	1.316071E-3
8.015000E-3	1.721859E-3
8.020000E-3	1.350343E-3
8.025000E-3	6.045699E-4
8.030000E-3	3.427267E-5
8.035000E-3	-6.936789E-4
8.040000E-3	-1.532674E-3
8.045000E-3	-1.911044E-3
8.050000E-3	-2.081037E-3
8.055000E-3	-2.004266E-3
8.060000E-3	-1.623154E-3
8.065000E-3	-1.353085E-3
8.070000E-3	-1.165271E-3
8.075000E-3	-1.144707E-3
8.080000E-3	-1.384616E-3
8.085000E-3	-1.417518E-3
8.090000E-3	-1.769841E-3
8.095000E-3	-1.909673E-3
8.100000E-3	-1.569688E-3
8.105000E-3	-1.146078E-3
8.110000E-3	-6.004572E-4
8.115000E-3	-1.370907E-4
8.120000E-3	3.235340E-4
8.125000E-3	5.881190E-4
8.130000E-3	8.705258E-4
8.135000E-3	6.799698E-4
8.140000E-3	6.141663E-4
8.145000E-3	1.987815E-4
8.150000E-3	-2.741814E-6
8.155000E-3	-3.701448E-4
8.160000E-3	-9.061694E-4
8.165000E-3	-1.342118E-3
8.170000E-3	-1.517594E-3
8.175000E-3	-1.765728E-3
8.180000E-3	-2.044022E-3
8.185000E-3	-2.193451E-3
8.190000E-3	-2.164662E-3
8.195000E-3	-2.129018E-3
8.200000E-3	-2.342880E-3
8.205000E-3	-2.223611E-3
8.210000E-3	-1.967251E-3
8.215000E-3	-1.968622E-3
8.220000E-3	-1.794517E-3
8.225000E-3	-1.358569E-3
8.230000E-3	-6.662607E-4
8.235000E-3	-1.850724E-4
8.240000E-3	3.852248E-4
8.245000E-3	6.648898E-4
8.250000E-3	6.361008E-4
8.255000E-3	5.634427E-4
8.260000E-3	4.030466E-4
8.265000E-3	4.400611E-4
8.270000E-3	3.838539E-5
8.275000E-3	2.193451E-4
8.280000E-3	-4.386902E-5
8.285000E-3	-4.496574E-4
8.290000E-3	-8.307695E-4
8.295000E-3	-1.113176E-3
8.300000E-3	-1.543641E-3
8.305000E-3	-1.727343E-3
8.310000E-3	-2.064586E-3
8.315000E-3	-2.552629E-3
8.320000E-3	-2.822697E-3
8.325000E-3	-2.918661E-3
8.330000E-3	-2.920032E-3
8.335000E-3	-2.872050E-3
8.340000E-3	-2.592385E-3
8.345000E-3	-2.149582E-3
8.350000E-3	-1.764357E-3
8.355000E-3	-1.421630E-3
8.360000E-3	-1.296878E-3
8.365000E-3	-1.627266E-3
8.370000E-3	-2.050877E-3
8.375000E-3	-2.455294E-3
8.380000E-3	-2.946079E-3
8.385000E-3	-3.312111E-3
8.390000E-3	-3.458798E-3
8.395000E-3	-3.382027E-3
8.400000E-3	-2.969384E-3
8.405000E-3	-2.241433E-3
8.410000E-3	-1.421630E-3
8.415000E-3	-5.716681E-4
8.420000E-3	3.125668E-4
8.425000E-3	1.056969E-3
8.430000E-3	1.728714E-3
8.435000E-3	1.882255E-3
8.440000E-3	1.932979E-3
8.445000E-3	1.894593E-3
8.450000E-3	1.716375E-3
8.455000E-3	1.261234E-3
8.460000E-3	3.715158E-4
8.465000E-3	-3.317595E-4
8.470000E-3	-1.077533E-3
8.475000E-3	-1.969993E-3
8.480000E-3	-2.744555E-3
8.485000E-3	-3.413558E-3
8.490000E-3	-3.813863E-3
8.495000E-3	-3.617823E-3
8.500000E-3	-3.195584E-3
8.505000E-3	-3.065348E-3
8.510000E-3	-2.619803E-3
8.515000E-3	-2.111197E-3
8.520000E-3	-1.968622E-3
8.525000E-3	-2.056360E-3
8.530000E-3	-2.115309E-3
8.535000E-3	-1.913786E-3
8.540000E-3	-2.013862E-3
8.545000E-3	-1.941204E-3
8.550000E-3	-1.980960E-3
8.555000E-3	-2.100229E-3
8.560000E-3	-2.155066E-3
8.565000E-3	-2.242804E-3
8.570000E-3	-2.207160E-3
8.575000E-3	-1.941204E-3
8.580000E-3	-1.976848E-3
8.585000E-3	-1.887739E-3
8.590000E-3	-1.824677E-3
8.595000E-3	-1.750648E-3
8.600000E-3	-1.754761E-3
8.605000E-3	-1.602590E-3
8.610000E-3	-1.435339E-3
8.615000E-3	-1.189947E-3
8.620000E-3	-9.171367E-4
8.625000E-3	-5.579591E-4
8.630000E-3	-3.632903E-4
8.635000E-3	-2.316833E-4
8.640000E-3	-2.097487E-4
8.645000E-3	-4.003048E-4
8.650000E-3	-5.003810E-4
8.655000E-3	-8.266568E-4
8.660000E-3	-9.047985E-4
8.665000E-3	-8.060932E-4
8.670000E-3	-5.702972E-4
8.675000E-3	-6.182790E-4
8.680000E-3	-3.098249E-4
8.685000E-3	-1.453161E-4
8.690000E-3	-4.112720E-5
8.695000E-3	-2.604723E-4
8.700000E-3	-3.632903E-4
8.705000E-3	-7.320642E-4
8.710000E-3	-1.140594E-3
8.715000E-3	-1.067936E-3
8.720000E-3	-1.135111E-3
8.725000E-3	-1.196802E-3
8.730000E-3	-9.747148E-4
8.735000E-3	-7.951260E-4
8.740000E-3	-4.907846E-4
8.745000E-3	-4.770756E-4
8.750000E-3	-7.224679E-4
8.755000E-3	-1.085758E-3
8.760000E-3	-1.347601E-3
8.765000E-3	-1.503885E-3
8.770000E-3	-1.761615E-3
8.775000E-3	-1.743793E-3
8.780000E-3	-1.842499E-3
8.785000E-3	-1.724601E-3
8.790000E-3	-1.630008E-3
8.795000E-3	-1.420259E-3
8.800000E-3	-1.306474E-3
8.805000E-3	-1.130998E-3
8.810000E-3	-1.114547E-3
8.815000E-3	-1.237929E-3
8.820000E-3	-1.481950E-3
8.825000E-3	-1.546383E-3
8.830000E-3	-1.572430E-3
8.835000E-3	-1.513481E-3
8.840000E-3	-1.466870E-3
8.845000E-3	-1.265347E-3
8.850000E-3	-1.483321E-3
8.855000E-3	-1.450419E-3
8.860000E-3	-1.465499E-3
8.865000E-3	-1.780808E-3
8.870000E-3	-1.688957E-3
8.875000E-3	-1.575172E-3
8.880000E-3	-1.416147E-3
8.885000E-3	-1.109064E-3
8.890000E-3	-1.095355E-3
8.895000E-3	-1.346231E-3
8.900000E-3	-1.350343E-3
8.905000E-3	-1.379132E-3
8.910000E-3	-1.599848E-3
8.915000E-3	-1.769841E-3
8.920000E-3	-1.694441E-3
8.925000E-3	-1.735568E-3
8.930000E-3	-1.828790E-3
8.935000E-3	-1.812339E-3
8.940000E-3	-1.730084E-3
8.945000E-3	-1.945317E-3
8.950000E-3	-1.872659E-3
8.955000E-3	-1.640975E-3
8.960000E-3	-1.590252E-3
8.965000E-3	-1.638234E-3
8.970000E-3	-1.672506E-3
8.975000E-3	-1.993299E-3
8.980000E-3	-2.282560E-3
8.985000E-3	-2.486825E-3
8.990000E-3	-2.796650E-3
8.995000E-3	-3.028333E-3
9.000000E-3	-3.155828E-3
9.005000E-3	-2.918661E-3
9.010000E-3	-2.522469E-3
9.015000E-3	-1.874030E-3
9.020000E-3	-1.331151E-3
9.025000E-3	-9.925365E-4
9.030000E-3	-2.618432E-4
9.035000E-3	3.865957E-4
9.040000E-3	7.197261E-4
9.045000E-3	9.404421E-4
9.050000E-3	1.007617E-3
9.055000E-3	1.014471E-3
9.060000E-3	7.471442E-4
9.065000E-3	3.207922E-4
9.070000E-3	-2.769232E-4
9.075000E-3	-9.047985E-4
9.080000E-3	-1.564205E-3
9.085000E-3	-2.371669E-3
9.090000E-3	-3.068089E-3
9.095000E-3	-3.232598E-3
9.100000E-3	-3.623307E-3
9.105000E-3	-3.616452E-3
9.110000E-3	-3.327191E-3
9.115000E-3	-2.752781E-3
9.120000E-3	-2.189338E-3
9.125000E-3	-1.603961E-3
9.130000E-3	-1.172125E-3
9.135000E-3	-6.470680E-4
9.140000E-3	-2.015233E-4
9.145000E-3	1.960397E-4
9.150000E-3	6.265044E-4
9.155000E-3	8.376241E-4
9.160000E-3	9.966493E-4
9.165000E-3	9.582639E-4
9.170000E-3	8.883476E-4
9.175000E-3	6.100535E-4
9.180000E-3	3.591776E-4
9.185000E-3	4.112720E-6
9.190000E-3	-7.594824E-4
9.195000E-3	-9.363294E-4
9.200000E-3	-1.220107E-3
9.205000E-3	-1.465499E-3
9.210000E-3	-1.429856E-3
9.215000E-3	-1.462758E-3
9.220000E-3	-1.649201E-3
9.225000E-3	-1.857579E-3
9.230000E-3	-1.922011E-3
9.235000E-3	-2.076924E-3
9.240000E-3	-2.211273E-3
9.245000E-3	-2.255142E-3
9.250000E-3	-2.127647E-3
9.255000E-3	-2.189338E-3
9.260000E-3	-1.900077E-3
9.265000E-3	-1.747906E-3
9.270000E-3	-1.610816E-3
9.275000E-3	-1.481950E-3
9.280000E-3	-1.202285E-3
9.285000E-3	-9.390712E-4
9.290000E-3	-9.198785E-4
9.295000E-3	-9.089112E-4
9.300000E-3	-1.121402E-3
9.305000E-3	-1.348972E-3
9.310000E-3	-1.620412E-3
9.315000E-3	-1.610816E-3
9.320000E-3	-1.619041E-3
9.325000E-3	-1.383245E-3
9.330000E-3	-1.435339E-3
9.335000E-3	-1.054227E-3
9.340000E-3	-8.636713E-4
9.345000E-3	-6.319880E-4
9.350000E-3	-6.799698E-4
9.355000E-3	-6.511807E-4
9.360000E-3	-8.554459E-4
9.365000E-3	-1.273572E-3
9.370000E-3	-1.457274E-3
9.375000E-3	-1.853466E-3
9.380000E-3	-2.233207E-3
9.385000E-3	-2.447069E-3
9.390000E-3	-2.702057E-3
9.395000E-3	-3.026962E-3
9.400000E-3	-3.173649E-3
9.405000E-3	-3.290176E-3
9.410000E-3	-3.085911E-3
9.415000E-3	-2.815843E-3
9.420000E-3	-2.571821E-3
9.425000E-3	-2.240062E-3
9.430000E-3	-1.806855E-3
9.435000E-3	-1.294136E-3
9.440000E-3	-8.088350E-4
9.445000E-3	-2.577305E-4
9.450000E-3	3.331304E-4
9.455000E-3	5.469918E-4
9.460000E-3	5.840063E-4
9.465000E-3	3.098249E-4
9.470000E-3	1.069307E-4
9.475000E-3	-3.084540E-4
9.480000E-3	-6.785989E-4
9.485000E-3	-1.342118E-3
9.490000E-3	-1.649201E-3
9.495000E-3	-1.780808E-3
9.500000E-3	-1.972735E-3
9.505000E-3	-1.938462E-3
9.510000E-3	-1.800001E-3
9.515000E-3	-1.727343E-3
9.520000E-3	-1.525819E-3
9.525000E-3	-1.232445E-3
9.530000E-3	-1.376390E-3
9.535000E-3	-1.449049E-3
9.540000E-3	-1.440823E-3
9.545000E-3	-1.099467E-3
9.550000E-3	-1.169384E-3
9.555000E-3	-1.135111E-3
9.560000E-3	-1.115918E-3
9.565000E-3	-8.910894E-4
9.570000E-3	-8.650422E-4
9.575000E-3	-6.868243E-4
9.580000E-3	-6.895661E-4
9.585000E-3	-5.497336E-4
9.590000E-3	-4.688501E-4
9.595000E-3	-4.099011E-4
9.600000E-3	-4.661083E-4
9.605000E-3	-4.510283E-4
9.610000E-3	-4.428029E-4
9.615000E-3	-1.576543E-4
9.620000E-3	-2.193451E-5
9.625000E-3	-2.467632E-5
9.630000E-3	-1.919270E-4
9.635000E-3	-5.620718E-4
9.640000E-3	-7.553697E-4
9.645000E-3	-1.161158E-3
9.650000E-3	-1.454532E-3
9.655000E-3	-1.757503E-3
9.660000E-3	-2.067327E-3
9.665000E-3	-2.378523E-3
9.670000E-3	-2.722621E-3
9.675000E-3	-2.725363E-3
9.680000E-3	-2.540290E-3
9.685000E-3	-2.238691E-3
9.690000E-3	-1.964509E-3
9.695000E-3	-1.886368E-3
9.700000E-3	-1.354456E-3
9.705000E-3	-8.965731E-4
9.710000E-3	-7.718205E-4
9.715000E-3	-8.472204E-4
9.720000E-3	-9.157658E-4
9.725000E-3	-1.159787E-3
9.730000E-3	-1.178980E-3
9.735000E-3	-1.189947E-3
9.740000E-3	-1.594365E-3
9.745000E-3	-1.660168E-3
9.750000E-3	-1.671135E-3
9.755000E-3	-1.464128E-3
9.760000E-3	-1.322925E-3
9.765000E-3	-9.733438E-4
9.770000E-3	-4.428029E-4
9.775000E-3	-5.785227E-4
9.780000E-3	-7.334352E-4
9.785000E-3	-4.373193E-4
9.790000E-3	-5.977154E-4
9.795000E-3	-8.472204E-4
9.800000E-3	-1.083016E-3
9.805000E-3	-1.115918E-3
9.810000E-3	-1.209140E-3
9.815000E-3	-1.451790E-3
9.820000E-3	-1.582026E-3
9.825000E-3	-1.609445E-3
9.830000E-3	-1.332521E-3
9.835000E-3	-1.232445E-3
9.840000E-3	-1.157045E-3
9.845000E-3	-1.096725E-3
9.850000E-3	-6.840825E-4
9.855000E-3	-3.194213E-4
9.860000E-3	-3.345013E-4
9.865000E-3	-4.044175E-4
9.870000E-3	-5.908608E-4
9.875000E-3	-8.444786E-4
9.880000E-3	-9.431839E-4
9.885000E-3	-1.067936E-3
9.890000E-3	-1.572430E-3
9.895000E-3	-1.746535E-3
9.900000E-3	-1.813710E-3
9.905000E-3	-2.090633E-3
9.910000E-3	-2.246916E-3
9.915000E-3	-2.145469E-3
9.920000E-3	-2.166033E-3
9.925000E-3	-2.082407E-3
9.930000E-3	-1.980960E-3
9.935000E-3	-1.938462E-3
9.940000E-3	-1.746535E-3
9.945000E-3	-1.545012E-3
9.950000E-3	-1.188576E-3
9.955000E-3	-1.019955E-3
9.960000E-3	-8.006096E-4
9.965000E-3	-6.525517E-4
9.970000E-3	-6.456971E-4
9.975000E-3	-7.101297E-4
9.980000E-3	-1.076162E-3
9.985000E-3	-1.281798E-3
9.990000E-3	-1.662910E-3
9.995000E-3	-2.046764E-3
